36 12
-0,004430 0,052032 3,355039 0,330752 1,509312 3,260719 -0,376485 1,502197 3,270751 0,014478 0,841777 3,420045
-0,003308 0,052611 3,350924 0,330568 1,486031 3,188866 -0,402568 1,472192 3,202994 0,010178 0,838892 3,407273
0,001161 0,051185 3,354582 0,328235 1,491273 3,226869 -0,486033 1,502457 3,297621 0,010447 0,842550 3,407384
-0,000943 0,051184 3,359133 0,329876 1,503571 3,252120 -0,548534 1,490428 3,310980 0,010951 0,835252 3,407161
0,005993 0,049017 3,363508 0,339051 1,464329 3,203580 -0,686302 1,218200 2,920485 0,014460 0,834479 3,419945
0,003488 0,045292 3,359228 0,333947 1,466358 3,180908 -0,926629 1,047728 3,126344 -0,000380 0,834477 3,419811
0,004878 0,044175 3,364205 0,335348 1,491708 3,215011 -0,966627 0,844694 2,986164 -0,011778 0,833659 3,432415
0,003005 0,041893 3,358359 0,362505 1,479232 3,189984 -0,999326 0,472793 2,885327 -0,012030 0,818752 3,381690
0,000857 0,041679 3,361551 0,364540 1,506791 3,275187 -0,791849 0,189449 2,671825 -0,015426 0,819600 3,369257
-0,004476 0,036623 3,355429 0,349583 1,488857 3,238659 -0,694347 0,109305 2,684907 -0,022942 0,810496 3,344388
-0,007465 0,041702 3,350605 0,344694 1,491283 3,201489 -0,538758 0,047951 3,095023 -0,019327 0,813231 3,356745
-0,011848 0,041786 3,354231 0,341923 1,496328 3,235248 -0,378371 0,088531 2,977671 -0,019570 0,823943 3,356766
-0,008989 0,040540 3,349244 0,338019 1,497149 3,263325 -0,367312 0,097648 3,129352 -0,026716 0,825921 3,381473
-0,009898 0,036691 3,363825 0,356433 1,491733 3,241890 -0,436487 0,066063 3,058367 -0,019327 0,813231 3,356745
-0,001560 0,041465 3,344591 0,344443 1,489809 3,228363 -0,661029 0,031123 3,316176 -0,019064 0,816835 3,356819
0,000128 0,034514 3,358520 0,337275 1,472736 3,179514 -0,740695 0,023816 3,244193 -0,026021 0,807798 3,332072
0,001010 0,038296 3,365720 0,372350 1,507208 3,271009 -0,789155 0,037710 3,006216 -0,026534 0,807778 3,332107
-0,003061 0,040462 3,377155 0,349882 1,497020 3,213901 -0,675287 0,038802 2,852073 -0,026534 0,807778 3,332107
-0,008862 0,040678 3,370471 0,375968 1,509637 3,271219 -0,602108 0,042748 2,811575 -0,026524 0,814897 3,332189
-0,017537 0,039470 3,350992 0,345606 1,463879 3,178745 -0,488424 0,067489 3,036141 -0,019316 0,820399 3,356833
-0,021542 0,041746 3,355624 0,322190 1,495152 3,167805 -0,406716 0,090750 2,997163 -0,023259 0,826708 3,369052
-0,020128 0,043040 3,358693 0,353027 1,484304 3,183304 -0,420702 0,086030 3,088178 -0,019064 0,816835 3,356819
-0,012683 0,037377 3,364223 0,331854 1,459457 3,133315 -0,491014 0,055132 3,006400 -0,019316 0,820399 3,356833
-0,006248 0,038393 3,345317 0,338898 1,472035 3,205527 -0,667115 0,039036 3,206424 -0,019327 0,813231 3,356745
-0,001891 0,044574 3,357006 0,311465 1,524007 3,254914 -0,723504 0,041035 3,170258 -0,026008 0,814917 3,332155
0,002810 0,039098 3,365195 0,377436 1,512335 3,282304 -0,779307 0,047620 3,011714 -0,026534 0,807778 3,332107
0,003062 0,037863 3,363635 0,341829 1,509875 3,262187 -0,849511 0,088653 3,071345 -0,026272 0,811357 3,332170
0,003590 0,045187 3,356417 0,355310 1,515098 3,283587 -0,877266 0,122401 3,054278 -0,015413 0,826795 3,369348
0,005709 0,036251 3,355066 0,320231 1,520694 3,240268 -0,912923 0,248701 2,916153 -0,015426 0,819600 3,369257
0,013564 0,036469 3,355676 0,337889 1,495997 3,216450 -0,917215 0,489619 2,791846 -0,026716 0,825921 3,381473
0,017829 0,037633 3,350427 0,326112 1,517567 3,286315 -0,900001 0,625444 2,707056 -0,004539 0,806042 3,308459
0,021097 0,045543 3,357860 0,336962 1,508257 3,269722 -0,860419 1,008689 2,913763 0,010431 0,835277 3,407288
0,013579 0,038949 3,363694 0,353578 1,509052 3,273800 -0,676887 1,143021 2,749960 0,010431 0,835277 3,407288
0,009671 0,046623 3,374634 0,344901 1,474945 3,182249 -0,596105 1,230254 2,816794 0,010178 0,838892 3,407273
0,001119 0,048008 3,356756 0,341685 1,486969 3,234596 -0,460695 1,479665 3,227532 0,007308 0,838107 3,419832
-0,009471 0,042046 3,358117 0,353842 1,478948 3,228656 -0,358328 1,489398 3,233786 0,003374 0,837341 3,432648
