23 12
0,065975 0,056170 3,299644 0,401371 1,480196 3,148392 -0,458744 1,395063 2,972449 0,118230 0,845630 3,282802
0,067355 0,057887 3,296617 0,389700 1,479187 3,160325 -0,779895 1,300126 3,246641 0,114750 0,844986 3,294877
0,066033 0,061013 3,312922 0,391830 1,477579 3,161494 -0,882694 0,982758 3,031223 0,115801 0,854117 3,318823
0,053685 0,061712 3,289918 0,402106 1,479993 3,157755 -0,981175 0,314314 2,690220 0,085727 0,841813 3,296026
0,038451 0,067177 3,305238 0,422769 1,458733 3,114183 -0,787835 -0,154630 2,549022 0,081035 0,837078 3,260718
0,027425 0,074385 3,301548 0,423194 1,466452 3,127354 -0,673493 -0,304788 2,602716 0,081316 0,840572 3,260801
0,009588 0,077392 3,260556 0,414981 1,449268 3,105284 -0,443525 -0,513105 3,204856 0,089384 0,863621 3,284233
0,003108 0,080870 3,261497 0,398016 1,467892 3,150748 -0,153715 -0,411156 2,929801 0,093284 0,866439 3,295990
-0,001760 0,088529 3,256953 0,390836 1,468688 3,146387 -0,116401 -0,425202 3,101483 0,089447 0,869374 3,308030
0,009921 0,084214 3,288707 0,384265 1,475688 3,145795 -0,247679 -0,472828 2,924925 0,093284 0,866439 3,295990
0,026264 0,076997 3,260174 0,385279 1,453539 3,072939 -0,494329 -0,549898 3,199497 0,105125 0,874992 3,331683
0,026162 0,078288 3,291469 0,391796 1,463914 3,109549 -0,494610 -0,503737 3,032477 0,104417 0,869186 3,307520
0,009557 0,070408 3,279140 0,396641 1,464385 3,111081 -0,389686 -0,493972 3,105038 0,105347 0,864243 3,331497
-0,001549 0,080656 3,285415 0,400268 1,463573 3,116392 -0,225730 -0,428621 2,940218 0,094307 0,881660 3,344374
0,000596 0,074674 3,274671 0,401909 1,454911 3,121643 -0,249849 -0,460086 3,083993 0,089709 0,865828 3,308061
0,018597 0,076047 3,292530 0,391493 1,459638 3,117690 -0,410930 -0,470469 2,863685 0,105125 0,874992 3,331683
0,053748 0,069371 3,229436 0,389692 1,471663 3,120622 -0,703031 -0,439098 3,202733 0,101528 0,867248 3,343929
0,068749 0,071410 3,240368 0,388350 1,484587 3,145470 -0,785206 -0,323242 3,107913 0,107598 0,852139 3,295274
0,086341 0,078141 3,282408 0,395356 1,482944 3,137587 -0,851704 0,049818 2,767515 0,107315 0,848630 3,295236
0,095858 0,064255 3,289053 0,396168 1,491686 3,142710 -0,821946 0,547197 2,540480 0,101344 0,854301 3,319458
0,097570 0,063197 3,284686 0,398505 1,486563 3,147072 -0,758332 0,775133 2,517674 0,119278 0,856981 3,330800
0,086925 0,060746 3,275128 0,410695 1,485095 3,158677 -0,601846 1,400756 3,140942 0,119297 0,854714 3,306515
0,072656 0,058099 3,313713 0,409329 1,491920 3,168893 -0,341470 1,420899 3,022164 0,124849 0,843428 3,258840
