35 12
0,006646 0,043386 3,382384 0,377647 1,538696 3,390948 -0,398763 1,517193 3,290242 0,010669 0,832069 3,458426
0,015549 0,040341 3,377389 0,378606 1,503658 3,346582 -0,424819 1,521357 3,279597 0,010664 0,824371 3,407122
0,016898 0,030323 3,389181 0,375922 1,497825 3,325055 -0,439322 1,487733 3,232347 0,010136 0,817084 3,406984
0,018509 0,042053 3,401589 0,351741 1,517022 3,290843 -0,506166 1,284687 2,924723 0,010513 0,811580 3,381885
0,015225 0,036246 3,410984 0,361104 1,485860 3,260715 -0,535961 1,031900 2,838435 0,014159 0,816249 3,419715
0,011318 0,030807 3,403399 0,363444 1,508762 3,330127 -0,545276 0,822095 2,710116 0,021330 0,819865 3,419705
0,005539 0,036057 3,393567 0,347239 1,492022 3,300235 -0,582865 0,452877 2,739929 0,013600 0,808824 3,369419
0,011846 0,035150 3,387972 0,377237 1,525127 3,336790 -0,585775 0,199143 2,807734 0,017598 0,807968 3,381893
0,009714 0,036577 3,380949 0,374176 1,511122 3,318833 -0,574041 0,135110 2,912716 0,013600 0,808824 3,369419
0,016131 0,029232 3,395463 0,372597 1,495958 3,315807 -0,520823 0,108056 3,209828 -0,004445 0,807964 3,381708
0,017637 0,034793 3,405485 0,370326 1,508711 3,317616 -0,480440 0,146237 3,218490 0,002741 0,817083 3,406929
0,021204 0,033098 3,397685 0,374149 1,504618 3,288912 -0,484601 0,166003 3,267766 -0,001051 0,808821 3,369312
0,009690 0,034763 3,385732 0,372251 1,536760 3,356582 -0,505546 0,163699 3,234553 0,006384 0,814313 3,394347
0,007261 0,034779 3,398026 0,362478 1,510662 3,297857 -0,520454 0,165041 3,213477 0,002902 0,807972 3,381799
0,002594 0,040410 3,384013 0,365374 1,513788 3,299422 -0,519124 0,162931 3,211218 0,002902 0,807972 3,381799
0,002842 0,038708 3,384797 0,358965 1,490031 3,268756 -0,518084 0,167446 3,211657 -0,004734 0,806100 3,356909
0,002924 0,037890 3,380703 0,365402 1,511609 3,329105 -0,514274 0,168805 3,196341 -0,000867 0,799858 3,344687
0,005831 0,030933 3,379732 0,351194 1,527392 3,315274 -0,514469 0,170394 3,195967 -0,000988 0,814308 3,394280
0,005391 0,035778 3,379527 0,362661 1,500937 3,290728 -0,517171 0,169118 3,198216 -0,000803 0,805247 3,369317
0,004766 0,037690 3,387664 0,368108 1,516552 3,340451 -0,509870 0,171165 3,186971 -0,000542 0,808841 3,369329
0,005214 0,038233 3,375588 0,365135 1,518432 3,300272 -0,509049 0,166365 3,191788 0,006384 0,814313 3,394347
0,008237 0,033310 3,389780 0,358891 1,533689 3,332805 -0,508885 0,170722 3,192529 -0,001051 0,808821 3,369312
0,008603 0,032866 3,383320 0,372938 1,504100 3,286482 -0,505410 0,169198 3,185973 0,006384 0,814313 3,394347
0,008745 0,033423 3,388110 0,377363 1,523006 3,315372 -0,508365 0,166628 3,193506 0,010383 0,813473 3,406997
0,002269 0,035834 3,384160 0,358736 1,543017 3,346217 -0,519947 0,167521 3,116993 0,002655 0,811558 3,381791
0,003978 0,039827 3,395693 0,362463 1,502156 3,319546 -0,515396 0,215993 3,037902 0,009754 0,815126 3,381745
0,003765 0,034185 3,394701 0,357232 1,497654 3,309238 -0,515838 0,276896 2,937859 0,006275 0,808825 3,369380
0,009099 0,034946 3,389998 0,365949 1,525503 3,315294 -0,526925 0,482689 2,755646 0,017352 0,811555 3,381869
0,013871 0,037115 3,371790 0,372119 1,527774 3,355955 -0,511131 0,784527 2,606810 0,010495 0,804367 3,381794
0,018988 0,039561 3,387148 0,359688 1,487653 3,300463 -0,537347 0,950534 2,648423 0,014667 0,816226 3,419594
0,024486 0,034697 3,382946 0,378334 1,522625 3,335159 -0,516053 1,257237 2,878957 0,025172 0,813456 3,407032
0,024502 0,041123 3,387050 0,370153 1,511315 3,346501 -0,520877 1,380035 3,004366 0,017711 0,822679 3,432491
0,022586 0,032784 3,372035 0,369728 1,500804 3,342422 -0,509693 1,432130 3,092969 0,017711 0,822679 3,432491
0,014607 0,043536 3,361529 0,371477 1,512610 3,346271 -0,452429 1,525305 3,346198 0,018242 0,830017 3,432651
0,009179 0,045410 3,365480 0,399318 1,498801 3,335484 -0,404277 1,491583 3,325946 0,014688 0,823516 3,419693
