37 12
-0,045076 0,053904 3,395091 0,374612 1,538492 3,272258 -0,473245 1,512946 3,244129 -0,030672 0,862170 3,445226
-0,044413 0,051828 3,402281 0,374435 1,547939 3,295733 -0,488216 1,466781 3,175219 -0,041448 0,857724 3,457678
-0,045124 0,051957 3,404538 0,370872 1,536506 3,277080 -0,546103 1,460542 3,217636 -0,030681 0,854815 3,445117
-0,046594 0,052889 3,403913 0,375261 1,534159 3,283803 -0,566797 1,431659 3,186542 -0,033960 0,857767 3,457928
-0,045427 0,054816 3,410879 0,363700 1,531732 3,263004 -0,606952 1,231001 2,976979 -0,033948 0,865147 3,458040
-0,053786 0,053942 3,420554 0,370708 1,554559 3,290835 -0,590882 0,965120 2,906159 -0,030139 0,862187 3,445176
-0,050394 0,054372 3,418522 0,382547 1,535660 3,286948 -0,570198 0,801978 2,844283 -0,045131 0,845255 3,418926
-0,058175 0,061490 3,417352 0,365541 1,528219 3,258443 -0,537678 0,559664 2,992166 -0,026515 0,857031 3,406993
-0,053396 0,060374 3,397984 0,381210 1,534656 3,270282 -0,467029 0,441551 3,039504 -0,023310 0,854073 3,394321
-0,051498 0,059068 3,394210 0,371785 1,557008 3,295547 -0,442303 0,435060 3,140846 -0,022964 0,851955 3,369479
-0,047643 0,054916 3,400117 0,370467 1,549116 3,285330 -0,426264 0,458603 3,209515 -0,027204 0,861951 3,381651
-0,041959 0,058968 3,401915 0,365835 1,558394 3,296697 -0,469822 0,546119 3,198877 -0,019117 0,857060 3,407170
-0,041804 0,050387 3,408166 0,372062 1,531640 3,286473 -0,507066 0,606202 3,146869 -0,033960 0,857767 3,457928
-0,039289 0,053866 3,415575 0,369571 1,530856 3,307393 -0,577524 0,750094 2,896950 -0,030152 0,854833 3,445068
-0,035347 0,056465 3,412674 0,362204 1,537536 3,274976 -0,641684 0,937305 2,933961 -0,034230 0,854081 3,457945
-0,032522 0,051559 3,419264 0,374320 1,543592 3,282183 -0,652879 0,991143 2,906256 -0,030152 0,854833 3,445068
-0,035811 0,056950 3,432905 0,372987 1,543538 3,297699 -0,649627 1,046184 2,903852 -0,026368 0,851918 3,432288
-0,039734 0,057991 3,434639 0,381665 1,524019 3,282853 -0,617625 0,943940 2,890603 -0,033412 0,865071 3,457629
-0,043376 0,057548 3,444725 0,388352 1,531051 3,301521 -0,598231 0,848050 2,854637 -0,034230 0,854081 3,457945
-0,054103 0,059163 3,420265 0,373360 1,512095 3,262482 -0,564574 0,641097 2,942710 -0,041240 0,859167 3,431930
-0,056401 0,056102 3,420703 0,396903 1,530340 3,319870 -0,494823 0,441929 2,949673 -0,011984 0,847644 3,382062
-0,058557 0,054073 3,414320 0,383672 1,559331 3,338543 -0,462214 0,413156 3,076076 -0,026677 0,854824 3,381850
-0,050980 0,055491 3,405169 0,379469 1,528113 3,285071 -0,422003 0,436722 3,287241 -0,026940 0,858398 3,381792
-0,049230 0,055903 3,405710 0,378727 1,539055 3,335316 -0,442069 0,442708 3,301987 -0,023310 0,854073 3,394321
-0,047438 0,052256 3,407264 0,364993 1,537495 3,285761 -0,451585 0,441362 3,278552 -0,023310 0,854073 3,394321
-0,046097 0,054866 3,420824 0,375661 1,529079 3,282398 -0,464040 0,449719 3,236598 -0,019650 0,856997 3,407024
-0,045836 0,052616 3,411273 0,374380 1,540626 3,284529 -0,470939 0,470283 3,228741 -0,027315 0,853264 3,406622
-0,047395 0,058606 3,421195 0,367626 1,548080 3,291342 -0,483697 0,486771 3,224063 -0,023126 0,856305 3,419722
-0,045090 0,058168 3,416752 0,364065 1,514955 3,253614 -0,522764 0,541819 3,058867 -0,030546 0,856273 3,419538
-0,044979 0,048902 3,406845 0,366024 1,511184 3,248227 -0,621650 0,740244 3,053008 -0,026906 0,844573 3,432221
-0,036386 0,054238 3,417663 0,368825 1,552717 3,282975 -0,662867 0,857544 3,001591 -0,033960 0,857767 3,457928
-0,035847 0,053066 3,424830 0,362627 1,573663 3,313081 -0,697195 1,092560 2,969178 -0,030152 0,854833 3,445068
-0,034978 0,048132 3,417950 0,378726 1,547138 3,308664 -0,646516 1,237882 2,898000 -0,026638 0,848256 3,432298
-0,035288 0,052171 3,421828 0,376054 1,558382 3,314191 -0,607741 1,310147 2,937024 -0,034220 0,861460 3,458057
-0,035247 0,051577 3,423638 0,376586 1,544754 3,295844 -0,520027 1,513404 3,265862 -0,034230 0,854081 3,457945
-0,038766 0,049242 3,421507 0,381884 1,547021 3,335923 -0,451284 1,506652 3,247013 -0,030279 0,860759 3,471105
-0,040527 0,055304 3,407581 0,377922 1,516425 3,254510 -0,443922 1,523779 3,305511 -0,034750 0,861397 3,457939
