22 12
0,035677 0,070257 3,307543 0,391282 1,486154 3,201267 -0,349360 1,531147 3,208417 0,079086 0,847482 3,320253
0,034109 0,069091 3,309214 0,387789 1,489597 3,209486 -0,401994 1,318652 2,921356 0,074925 0,841162 3,308236
0,033257 0,063707 3,308142 0,386403 1,494751 3,217754 -0,353196 0,897258 2,731672 0,068242 0,841198 3,308436
0,030637 0,067058 3,304042 0,385542 1,496252 3,201931 -0,354194 0,716228 2,708949 0,067734 0,848304 3,308501
0,029151 0,074170 3,310360 0,391994 1,486681 3,192302 -0,338454 0,463501 2,890632 0,066450 0,846110 3,284109
0,030420 0,072888 3,321906 0,379958 1,508339 3,220276 -0,276077 0,382362 2,828743 0,066400 0,865706 3,307299
0,032196 0,068329 3,320367 0,377513 1,493160 3,211240 -0,261259 0,375170 2,799737 0,058753 0,860054 3,283672
0,028418 0,066495 3,319998 0,377301 1,491827 3,205532 -0,302437 0,363499 2,580512 0,082523 0,870229 3,356176
0,033424 0,067926 3,313506 0,376654 1,485727 3,197027 -0,304150 0,348029 2,566238 0,068223 0,881209 3,357068
0,034208 0,066493 3,320616 0,379078 1,486933 3,199647 -0,291228 0,346437 2,616201 0,078045 0,874311 3,343269
0,039478 0,071678 3,321975 0,377445 1,504252 3,221103 -0,259190 0,373399 2,755652 0,070780 0,881540 3,343601
0,026351 0,062629 3,323919 0,380209 1,489853 3,216330 -0,267653 0,374215 2,707791 0,060184 0,871737 3,332444
0,030060 0,066028 3,328266 0,378482 1,491241 3,221832 -0,286263 0,371223 2,640567 0,074431 0,875105 3,331691
0,024281 0,069858 3,317409 0,383658 1,501710 3,215178 -0,309673 0,365948 2,527130 0,078897 0,883927 3,368408
0,025233 0,066792 3,316507 0,384816 1,494794 3,210793 -0,305917 0,357083 2,573294 0,066883 0,871486 3,331447
0,025541 0,067333 3,314639 0,372693 1,491197 3,200087 -0,298068 0,374020 2,613106 0,063486 0,874434 3,343754
0,019330 0,068677 3,301359 0,366816 1,494553 3,191592 -0,304498 0,442769 2,570319 0,060435 0,861094 3,332606
0,020351 0,059473 3,292565 0,370578 1,494864 3,191750 -0,320913 0,630528 2,506963 0,078789 0,838329 3,296197
0,018234 0,059307 3,296203 0,372354 1,502315 3,192147 -0,341162 0,777100 2,514635 0,075901 0,821250 3,283410
0,017260 0,059943 3,282875 0,370154 1,501088 3,207785 -0,324765 1,125822 2,652777 0,083160 0,833891 3,307700
0,014543 0,067820 3,294011 0,369519 1,505736 3,230230 -0,370638 1,365721 2,841502 0,078537 0,841880 3,296255
0,015907 0,061834 3,290213 0,371450 1,496369 3,220043 -0,356431 1,450608 2,965493 0,074681 0,839138 3,284479
