43 12
0,011224 0,052680 3,415103 0,364468 1,520980 3,334885 -0,352725 1,501476 3,337457 0,033955 0,845212 3,484652
0,013786 0,053847 3,416176 0,366573 1,523919 3,367131 -0,355545 1,476636 3,302209 0,041162 0,839351 3,458402
0,014998 0,056083 3,423429 0,352672 1,507782 3,317659 -0,374859 1,391243 3,177676 0,040646 0,839376 3,458468
0,012714 0,048091 3,423423 0,372092 1,515452 3,350980 -0,376436 1,251917 3,128379 0,037588 0,836999 3,497782
0,015141 0,044014 3,429466 0,374205 1,520119 3,326255 -0,398736 1,151989 3,071460 0,033666 0,834103 3,484569
0,012198 0,050945 3,418950 0,392013 1,537353 3,382406 -0,453864 0,929235 2,954443 0,036976 0,825486 3,445387
0,010897 0,049723 3,414140 0,376829 1,504514 3,333210 -0,536527 0,855738 3,035026 0,037281 0,831202 3,471402
0,011420 0,049734 3,425892 0,384014 1,511470 3,326105 -0,552447 0,830863 3,027384 0,040872 0,828320 3,458319
0,011557 0,047160 3,431366 0,373609 1,512887 3,356432 -0,566529 0,848944 2,907055 0,041115 0,824614 3,458188
0,013040 0,053671 3,430270 0,376826 1,502488 3,338689 -0,431134 0,896453 2,690127 0,037524 0,827482 3,471264
0,015161 0,044840 3,431878 0,362958 1,547855 3,399947 -0,339917 0,907354 2,613117 0,042055 0,809581 3,456780
0,010608 0,035193 3,428876 0,377410 1,504978 3,347869 -0,147512 1,069240 2,921674 0,039067 0,786126 3,467575
0,007221 0,041235 3,436374 0,391805 1,547153 3,409739 0,019659 0,965883 2,809534 0,034157 0,815775 3,537575
0,004494 0,031931 3,431774 0,391246 1,538933 3,399690 0,073866 0,971593 2,921208 0,042626 0,821461 3,564549
-0,000677 0,036372 3,438360 0,346741 1,500293 3,337121 0,126453 0,957270 3,066921 0,043000 0,834954 3,592372
0,002852 0,036366 3,429947 0,357661 1,515033 3,363612 0,092392 0,914294 3,154185 0,034178 0,823292 3,537700
0,003819 0,035746 3,424768 0,369137 1,494805 3,349400 0,039690 0,887217 3,154117 0,030995 0,826140 3,551030
0,006023 0,040953 3,434846 0,355757 1,497490 3,338490 -0,106920 0,767987 2,928334 0,038236 0,816197 3,470315
0,010575 0,048523 3,425181 0,368317 1,520891 3,392745 -0,292535 0,793787 3,151844 0,040872 0,828320 3,458319
0,011665 0,048586 3,418285 0,380389 1,503344 3,335702 -0,388262 0,787105 3,121569 0,056973 0,843552 3,510868
0,012478 0,045112 3,422413 0,375683 1,506079 3,340094 -0,490044 0,789460 2,910749 0,033666 0,834103 3,484569
0,011396 0,048426 3,428425 0,374895 1,524166 3,388986 -0,506020 0,891206 2,866885 0,044792 0,831173 3,471333
0,009525 0,044462 3,424698 0,378889 1,529034 3,392520 -0,466158 0,923114 2,788177 0,029996 0,818101 3,445055
0,007850 0,053039 3,418429 0,378441 1,520192 3,370942 -0,351638 1,045229 2,911413 0,041619 0,824501 3,457769
0,003489 0,034204 3,426360 0,363630 1,496862 3,342666 -0,136957 0,967436 2,654757 0,040617 0,767891 3,487251
0,004027 0,043945 3,427315 0,366866 1,523019 3,375884 -0,049985 0,983706 2,733536 0,035404 0,819184 3,536233
0,001886 0,031658 3,427974 0,380959 1,512396 3,345227 0,097421 1,001814 3,048434 0,042390 0,825294 3,564797
0,000510 0,038108 3,429527 0,373563 1,500595 3,305516 0,130647 0,930608 3,070876 0,034677 0,823220 3,537421
0,002705 0,041016 3,438664 0,377619 1,524974 3,387042 0,134525 0,917254 3,112205 0,034178 0,823292 3,537700
0,004475 0,039618 3,437548 0,371838 1,504427 3,332526 0,110258 0,864551 3,078437 0,035028 0,838845 3,592679
0,004738 0,041417 3,437061 0,372397 1,509347 3,332963 0,057781 0,876383 3,146735 0,038597 0,823996 3,523689
0,003253 0,036886 3,436462 0,369838 1,516276 3,367923 0,023571 0,877694 3,123271 0,042414 0,832867 3,564929
0,006231 0,042196 3,419864 0,361577 1,503090 3,348857 -0,063762 0,864913 2,970847 0,042493 0,824741 3,509962
0,003936 0,031765 3,422276 0,358309 1,500581 3,276503 -0,158392 0,955683 3,080636 0,038257 0,810819 3,496848
0,002416 0,033164 3,405861 0,362932 1,507554 3,335265 -0,213184 0,983583 3,066435 0,038257 0,810819 3,496848
0,003733 0,045042 3,422966 0,354210 1,503179 3,316410 -0,306514 0,996729 2,898287 0,030756 0,823606 3,470431
0,006198 0,050362 3,408542 0,356696 1,520712 3,359349 -0,426108 1,145160 3,036049 0,033933 0,837789 3,484539
0,003547 0,046980 3,411186 0,360564 1,507154 3,317710 -0,458022 1,182501 3,050388 0,041202 0,834077 3,484515
0,003790 0,051895 3,406716 0,376719 1,512654 3,350889 -0,479950 1,291703 3,069740 0,037778 0,836364 3,445040
0,007620 0,047224 3,413207 0,357395 1,501535 3,311172 -0,466094 1,349354 3,075042 0,036785 0,838577 3,471409
0,008328 0,045773 3,411496 0,375245 1,520706 3,343147 -0,445567 1,388074 3,102840 0,040646 0,839376 3,458468
0,004807 0,056783 3,400716 0,365919 1,527496 3,366127 -0,378874 1,489473 3,302443 0,033156 0,839402 3,458531
-0,000994 0,046585 3,399163 0,337328 1,498684 3,310241 -0,330631 1,508710 3,318320 0,033687 0,841525 3,484683
