32 12
-0,022291 0,050033 3,385621 0,334650 1,528714 3,331012 -0,377488 1,492244 3,262810 -0,000554 0,851246 3,445677
-0,021877 0,057545 3,403633 0,340208 1,540108 3,334177 -0,388538 1,452114 3,199806 -0,000810 0,854902 3,445678
-0,019522 0,055803 3,397117 0,317099 1,496692 3,306308 -0,379930 1,335001 3,124498 -0,000299 0,847569 3,445590
-0,021998 0,050774 3,395984 0,340216 1,547007 3,321391 -0,384890 1,208491 3,054194 -0,011497 0,844642 3,432527
-0,020519 0,051507 3,386780 0,342813 1,548802 3,327933 -0,414798 0,923113 2,949685 -0,004094 0,838902 3,407151
-0,017895 0,049396 3,393604 0,330170 1,547064 3,330369 -0,382231 0,687793 2,899687 -0,004644 0,840431 3,382077
-0,014299 0,053108 3,403516 0,334587 1,510007 3,267062 -0,372704 0,616834 2,894518 0,023744 0,830998 3,356646
-0,010227 0,058907 3,414847 0,334499 1,530214 3,299385 -0,361086 0,524602 2,852042 0,013296 0,850437 3,394468
-0,011280 0,051655 3,408236 0,346223 1,552614 3,328838 -0,318557 0,486228 2,692829 0,010192 0,846167 3,407370
-0,010888 0,054319 3,421246 0,344580 1,522505 3,322412 -0,322789 0,473038 2,595177 0,006180 0,846878 3,394628
-0,007941 0,051720 3,420851 0,320853 1,495293 3,309089 -0,362093 0,473521 2,436625 0,002983 0,887287 3,538515
0,003285 0,052209 3,409829 0,332508 1,554295 3,338824 -0,360610 0,452494 2,438852 0,029061 0,864462 3,471671
0,007281 0,053219 3,418193 0,345089 1,543922 3,328135 -0,356306 0,453103 2,475221 0,021338 0,858527 3,445668
0,013296 0,051795 3,415739 0,341830 1,522146 3,289994 -0,326214 0,472812 2,628331 0,017862 0,849821 3,407510
0,020252 0,040672 3,418062 0,357183 1,526906 3,326683 -0,334235 0,503808 2,726643 0,031856 0,846021 3,406913
0,016625 0,049459 3,419169 0,359093 1,532302 3,341481 -0,326077 0,523656 2,785188 0,021460 0,846930 3,394888
0,015936 0,047770 3,411161 0,366356 1,518375 3,308786 -0,308727 0,548071 2,853118 0,024198 0,849591 3,406682
0,011390 0,054138 3,420772 0,366040 1,542394 3,353522 -0,299198 0,516930 2,812506 0,024506 0,843994 3,382107
0,006380 0,051361 3,419422 0,368266 1,538058 3,334599 -0,301996 0,488497 2,753953 0,013462 0,863558 3,419899
0,002012 0,047941 3,427935 0,363808 1,537825 3,327214 -0,341838 0,422204 2,546905 0,023943 0,860398 3,406407
0,003598 0,047416 3,434646 0,344872 1,546854 3,363434 -0,334028 0,416433 2,446104 0,007009 0,880455 3,525098
0,003226 0,047347 3,430339 0,352184 1,535537 3,339265 -0,337616 0,413607 2,404346 0,011026 0,889843 3,566016
0,006937 0,046226 3,429744 0,332857 1,527578 3,420483 -0,343703 0,433730 2,394975 0,011026 0,889843 3,566016
0,008745 0,049369 3,425177 0,351070 1,529799 3,310844 -0,356021 0,453507 2,434780 0,040122 0,859237 3,432875
0,011650 0,054452 3,419977 0,361317 1,523445 3,304238 -0,363162 0,474741 2,465828 0,028829 0,856336 3,420171
0,010090 0,046023 3,409156 0,354935 1,521787 3,299221 -0,349388 0,528452 2,551896 0,036250 0,856313 3,420116
0,015731 0,044167 3,412237 0,372725 1,543547 3,341629 -0,382213 0,651440 2,630248 0,033439 0,848268 3,432806
0,011602 0,040537 3,420464 0,366921 1,526385 3,309720 -0,390059 0,745480 2,681194 0,018168 0,829597 3,382056
0,011674 0,043314 3,395410 0,360062 1,527177 3,322196 -0,388212 0,991345 2,795619 0,022214 0,835986 3,394471
0,011825 0,048717 3,401584 0,357987 1,518247 3,277605 -0,420877 1,200187 2,898438 0,018026 0,848325 3,432920
0,013780 0,047510 3,390709 0,326606 1,470654 3,250498 -0,406384 1,291820 2,981118 0,018026 0,848325 3,432920
0,006123 0,049032 3,386546 0,362131 1,521394 3,289949 -0,351303 1,474411 3,262035 0,014496 0,849078 3,420145
