22 12
0,003182 0,043264 3,349110 0,357751 1,451301 3,216552 -0,430889 1,360567 2,966447 0,047387 0,854823 3,382320
0,005292 0,044487 3,366674 0,356186 1,455867 3,225905 -0,517167 1,195118 2,909481 0,054585 0,845424 3,357290
-0,002408 0,034084 3,379507 0,357281 1,464615 3,242960 -0,567866 0,948743 2,716464 0,054614 0,860588 3,407232
-0,005566 0,068271 3,337723 0,363191 1,470422 3,256357 -0,620387 0,324626 2,514354 0,039836 0,867945 3,407555
-0,009843 0,076973 3,330298 0,355709 1,468078 3,230227 -0,548145 -0,165856 2,547942 0,040418 0,870257 3,433124
-0,012139 0,059510 3,339379 0,355195 1,470988 3,237893 -0,498784 -0,319108 2,698969 0,040312 0,858448 3,382375
-0,013407 0,054005 3,308414 0,355101 1,462368 3,229620 -0,380413 -0,499801 3,223225 0,043708 0,870897 3,420224
-0,013392 0,060021 3,308832 0,347764 1,467063 3,223347 -0,329547 -0,481422 3,261990 0,040607 0,857018 3,407450
-0,011610 0,058084 3,297430 0,348531 1,469978 3,235846 -0,314771 -0,488504 3,336723 0,051925 0,867202 3,420134
-0,007999 0,043557 3,324260 0,340015 1,464500 3,209987 -0,330117 -0,480780 3,320449 0,051647 0,863572 3,420146
-0,003978 0,056003 3,318172 0,341110 1,466203 3,203722 -0,350953 -0,471921 3,307887 0,047387 0,854823 3,382320
-0,002787 0,052279 3,300109 0,344607 1,460149 3,199332 -0,360141 -0,472358 3,293392 0,047843 0,862890 3,432930
0,005412 0,052558 3,312962 0,348419 1,456096 3,187711 -0,368352 -0,440631 3,210828 0,051647 0,863572 3,420146
0,006804 0,054808 3,324693 0,351058 1,462520 3,201763 -0,381792 -0,400783 3,153849 0,047752 0,860649 3,407487
0,016769 0,034226 3,305434 0,354744 1,470618 3,204957 -0,393894 -0,337992 3,072384 0,055150 0,860609 3,407374
0,027413 0,060997 3,337828 0,349597 1,474215 3,206862 -0,452852 -0,074659 2,705564 0,051647 0,863572 3,420146
0,035338 0,050508 3,372900 0,345729 1,472930 3,225006 -0,472478 0,393294 2,568862 0,062137 0,869203 3,382243
0,040259 0,031569 3,362791 0,347155 1,471353 3,225898 -0,501470 0,666402 2,485268 0,073351 0,844504 3,369120
0,041552 0,034071 3,368103 0,353937 1,465026 3,236747 -0,467070 1,232664 2,858621 0,069161 0,851070 3,381814
0,034626 0,037811 3,378768 0,362339 1,459566 3,239885 -0,454809 1,419550 3,019896 0,061834 0,858353 3,382077
0,028560 0,039918 3,367589 0,366649 1,452620 3,232812 -0,408311 1,442854 3,135225 0,054739 0,854783 3,382210
0,018797 0,033887 3,359063 0,388299 1,454359 3,275347 -0,366711 1,457577 3,267102 0,046923 0,839818 3,332900
