36 12
-0,045905 0,039851 3,338932 0,408262 1,451180 3,190496 -0,478614 1,536664 3,329181 -0,022814 0,832383 3,394168
-0,046073 0,037422 3,328823 0,440840 1,387915 3,097771 -0,512955 1,539049 3,363561 -0,022546 0,836005 3,394160
-0,044813 0,043576 3,341372 0,584723 1,425540 3,221528 -0,601444 1,407152 3,160555 -0,019154 0,835231 3,406872
-0,040336 0,041528 3,333876 0,731605 1,094295 2,796062 -0,884096 1,428210 3,502836 -0,022826 0,825138 3,394071
-0,036152 0,031962 3,341635 0,835355 0,991903 2,755283 -1,024131 1,332629 3,515057 -0,011001 0,818707 3,381347
-0,034661 0,031909 3,357016 1,145221 0,777987 3,110910 -1,143559 0,898534 3,102963 -0,022850 0,810656 3,393878
-0,032142 0,025702 3,342278 1,172323 0,354166 2,997200 -1,256237 0,552664 3,146451 -0,025747 0,797026 3,380693
-0,033281 0,031337 3,339202 1,203873 0,209032 3,183940 -1,267854 0,388120 3,118458 -0,033231 0,802414 3,405574
-0,037588 0,027472 3,325620 1,125272 -0,040991 3,183888 -1,292582 0,134242 3,330803 -0,034016 0,784340 3,405784
-0,039467 0,027811 3,332525 1,092230 -0,073589 3,204185 -1,212496 0,018038 3,251686 -0,037384 0,778053 3,392949
-0,037784 0,026188 3,330798 1,089859 -0,040850 3,131027 -1,237620 0,022987 3,366816 -0,037131 0,781646 3,392843
-0,041675 0,031755 3,334369 1,184986 0,121576 3,209673 -1,267782 0,118167 3,300407 -0,037372 0,785278 3,393047
-0,046531 0,031198 3,342921 1,190851 0,388752 3,039376 -1,312006 0,337415 3,286725 -0,022616 0,799803 3,393677
-0,047306 0,027248 3,354309 1,187039 0,574406 3,094440 -1,285827 0,461354 3,187695 -0,022716 0,792669 3,344201
-0,044915 0,030939 3,349090 1,074529 0,885466 3,013463 -1,278460 0,745643 3,209013 -0,011531 0,811556 3,381591
-0,042193 0,035134 3,350166 0,999781 1,232621 3,334350 -1,103148 0,920880 2,993415 -0,015399 0,814112 3,344618
-0,043453 0,037478 3,352129 0,914899 1,321734 3,344932 -1,059950 1,022783 3,021883 -0,019166 0,827960 3,406772
-0,038133 0,035578 3,364000 0,738612 1,341008 3,163235 -1,011254 1,204460 3,248546 -0,019064 0,816835 3,356819
-0,040903 0,042138 3,361509 0,741158 1,257966 3,062631 -1,032993 1,204350 3,307716 -0,015426 0,819600 3,369257
-0,041091 0,036632 3,366170 0,779401 1,189128 2,984010 -1,092162 1,191536 3,374135 -0,014910 0,819578 3,369081
-0,036630 0,038985 3,357251 0,990466 1,121008 3,202713 -1,141831 0,977678 3,151728 -0,018814 0,813251 3,356725
-0,037303 0,027358 3,342142 1,052187 0,761522 2,902724 -1,254991 0,791938 3,254036 -0,018681 0,813406 3,406384
-0,033580 0,030274 3,337731 1,113909 0,618258 2,900523 -1,271276 0,646992 3,235945 -0,033725 0,809736 3,406066
-0,032759 0,029491 3,334064 1,213843 0,291272 3,108194 -1,299952 0,368702 3,188062 -0,022543 0,794417 3,368722
-0,032519 0,033997 3,325583 1,196919 0,020627 3,386214 -1,253701 0,125880 3,167994 -0,025958 0,800637 3,431164
-0,030154 0,032062 3,320020 1,147868 -0,042334 3,340214 -1,229261 0,044891 3,198741 -0,026473 0,793395 3,431443
-0,034648 0,032726 3,322988 1,120636 -0,023547 3,266629 -1,230977 0,016960 3,336306 -0,022462 0,794321 3,418677
-0,037393 0,026959 3,333779 1,123605 0,185579 3,025682 -1,324671 0,198298 3,423524 -0,026007 0,793463 3,380870
-0,037271 0,028681 3,328992 1,156286 0,319836 3,047910 -1,305957 0,311677 3,281552 -0,018958 0,802537 3,406373
-0,040497 0,028259 3,319393 1,179288 0,667563 3,072185 -1,314480 0,627413 3,285486 -0,015233 0,807062 3,393946
-0,040249 0,040542 3,334144 1,151691 1,097891 3,416111 -1,095760 0,873188 2,982176 -0,011771 0,804287 3,332410
-0,037358 0,038301 3,349381 1,034391 1,261548 3,458762 -0,991743 0,999322 2,940837 -0,004250 0,807860 3,332533
-0,035574 0,042370 3,351259 0,689167 1,331352 3,118859 -0,850622 1,419569 3,416448 -0,004443 0,824041 3,357171
-0,034913 0,046521 3,349926 0,491862 1,634669 3,643030 -0,506290 1,358870 3,017557 -0,004192 0,820455 3,357092
-0,031669 0,040092 3,354200 0,388830 1,574711 3,488273 -0,418770 1,409782 3,106440 -0,008083 0,825180 3,394368
-0,037553 0,041346 3,343511 0,321096 1,508171 3,324208 -0,383846 1,512578 3,298150 -0,000647 0,830830 3,419794
