23 12
-0,039332 0,060067 3,297112 0,339544 1,483655 3,225947 -0,416288 1,530569 3,232430 -0,025966 0,836291 3,332404
-0,034084 0,061799 3,293523 0,334164 1,493980 3,241712 -0,441105 1,493987 3,090067 -0,015618 0,839114 3,344882
-0,030023 0,058551 3,305810 0,335152 1,490548 3,235887 -0,484446 1,410887 3,001680 -0,004159 0,834801 3,357267
-0,026355 0,059389 3,300404 0,338690 1,494091 3,220028 -0,521337 1,259412 2,839198 0,009811 0,821828 3,284989
-0,024693 0,057322 3,335928 0,340574 1,486198 3,196942 -0,611020 0,774799 2,375488 0,013472 0,824542 3,296891
-0,022166 0,058535 3,334539 0,328928 1,495649 3,198336 -0,572469 0,397865 2,308102 -0,027680 0,862697 3,431900
-0,017711 0,061104 3,335292 0,334311 1,494829 3,230112 -0,565531 0,284343 2,308579 -0,019912 0,860573 3,406874
-0,014572 0,067102 3,333228 0,335794 1,510002 3,244015 -0,553092 0,158903 2,319177 -0,023459 0,873198 3,445459
-0,009895 0,071425 3,324760 0,333160 1,506335 3,251265 -0,532574 0,133624 2,313377 -0,019961 0,873815 3,432492
-0,008659 0,070105 3,331130 0,337325 1,522750 3,245508 -0,530849 0,133804 2,319863 -0,012250 0,870235 3,432773
-0,006815 0,068695 3,340538 0,334673 1,510794 3,250235 -0,523731 0,131097 2,312834 -0,016254 0,876837 3,445447
-0,004454 0,064842 3,343546 0,338777 1,519904 3,254279 -0,523513 0,138530 2,322719 -0,008525 0,874578 3,420125
-0,008283 0,069995 3,337178 0,337801 1,513322 3,250821 -0,517026 0,141831 2,316883 -0,008525 0,874578 3,420125
-0,006192 0,070787 3,337344 0,333801 1,526773 3,281245 -0,521048 0,165410 2,332150 -0,027032 0,871536 3,407063
-0,000192 0,060636 3,323899 0,342706 1,527555 3,245367 -0,528940 0,261589 2,325385 -0,015715 0,876948 3,445783
0,000838 0,064877 3,325220 0,342594 1,518721 3,259708 -0,526911 0,345407 2,306732 -0,015726 0,869586 3,445673
0,003916 0,062704 3,345456 0,335090 1,523508 3,263003 -0,540988 0,601865 2,344731 0,020804 0,839138 3,345207
0,008639 0,058815 3,341907 0,341075 1,515003 3,246396 -0,598020 0,871194 2,394360 0,035341 0,829985 3,320859
0,008869 0,062271 3,336874 0,339290 1,500928 3,231174 -0,596280 0,986589 2,449939 0,032377 0,832745 3,332932
0,007536 0,059939 3,322138 0,354936 1,513530 3,249599 -0,550791 1,271666 2,757293 0,024626 0,823722 3,308827
0,000950 0,055919 3,325470 0,353687 1,502203 3,255526 -0,537107 1,376467 2,868683 0,013775 0,835590 3,345222
-0,002735 0,055656 3,316024 0,361635 1,495017 3,230869 -0,511358 1,443256 3,002949 0,010471 0,841988 3,357514
-0,017955 0,061186 3,296981 0,372018 1,515160 3,258908 -0,455317 1,553594 3,296295 -0,004496 0,827268 3,308688
