21 12
-0,013028 0,053055 3,223861 0,276543 1,095837 2,799854 -0,390567 1,326333 2,819413 0,016391 0,814586 3,238233
-0,010180 0,053890 3,226332 0,130519 0,819808 2,682631 -0,349016 1,212966 2,786144 0,021408 0,837104 3,320895
-0,010243 0,047590 3,219276 0,021233 0,814362 2,890811 -0,189076 0,939975 2,552988 0,014791 0,827863 3,296084
-0,012837 0,052772 3,230374 -0,097260 0,833978 2,933089 -0,140472 0,864132 2,576470 0,014342 0,849877 3,345277
-0,010348 0,050987 3,242680 -0,095731 0,826527 2,850407 -0,131722 0,865788 2,673075 0,017640 0,850625 3,333217
-0,010105 0,052635 3,214371 -0,063831 0,730967 2,739288 -0,198951 0,965863 2,727073 0,025217 0,844904 3,308808
-0,007599 0,056431 3,224286 -0,048313 0,719041 2,814545 -0,210280 0,973627 2,702838 0,021510 0,842117 3,296834
-0,007332 0,040972 3,214368 -0,111678 0,723507 2,668006 -0,152138 0,921859 2,757664 0,025170 0,830739 3,308660
-0,006371 0,047444 3,219811 -0,163877 0,783840 2,687760 -0,113402 0,893249 2,744034 0,024665 0,837884 3,308975
-0,003773 0,057957 3,212622 -0,095249 0,795302 2,761012 -0,129658 0,917874 2,745266 0,024685 0,844969 3,309048
-0,007207 0,058454 3,216165 -0,076291 0,744033 2,829322 -0,180881 0,927307 2,641372 0,021510 0,842117 3,296834
-0,001653 0,042339 3,210602 -0,077420 0,748230 2,866697 -0,174050 0,899770 2,633690 0,025995 0,841108 3,307829
-0,005294 0,051876 3,219715 -0,129792 0,798223 2,900577 -0,132889 0,840397 2,598989 0,024963 0,848490 3,309004
-0,009847 0,055887 3,208974 -0,162343 0,815053 2,803967 -0,117585 0,870254 2,713100 0,009991 0,833918 3,261601
-0,005378 0,049526 3,213841 -0,080084 0,833603 2,755047 -0,147388 0,963482 2,738833 0,024685 0,844969 3,309048
-0,007654 0,047985 3,220599 -0,059218 0,818165 2,731287 -0,173587 1,014219 2,736781 0,017549 0,835870 3,285061
-0,008597 0,049268 3,213898 -0,024237 0,816975 2,789911 -0,229614 1,142828 2,700704 0,025663 0,823516 3,308034
-0,002679 0,049631 3,225721 0,017024 0,885625 2,762460 -0,340220 1,334618 2,846925 0,025217 0,844904 3,308808
-0,006163 0,048405 3,218187 0,052090 0,969691 2,716233 -0,382575 1,398111 2,919845 0,022064 0,825825 3,272115
-0,009485 0,049841 3,215956 0,240029 1,280056 2,876681 -0,422382 1,464251 3,002607 0,021019 0,826108 3,273197
-0,006527 0,054684 3,202680 0,338252 1,355773 2,886606 -0,450308 1,471771 3,101415 0,016992 0,842382 3,238522
