41 12
-0,048313 0,044756 3,350795 0,351044 1,471288 3,269454 -0,447358 1,546097 3,339858 -0,030441 0,835954 3,394006
-0,047192 0,052033 3,331669 0,380320 1,488575 3,292167 -0,471574 1,517323 3,285241 -0,034199 0,838784 3,406521
-0,046905 0,048888 3,338389 0,423004 1,406017 3,130370 -0,530430 1,515567 3,352945 -0,030441 0,835955 3,394006
-0,048856 0,042849 3,332430 0,465821 1,345699 3,055425 -0,576204 1,531287 3,401467 -0,033943 0,835168 3,406486
-0,049377 0,050309 3,342278 0,628841 1,347604 3,203399 -0,674376 1,346577 3,185202 -0,034463 0,835105 3,406371
-0,046297 0,044828 3,336887 0,749935 1,087214 2,841084 -0,918608 1,345716 3,482938 -0,041155 0,822257 3,381006
-0,045148 0,041714 3,342207 0,832208 1,006174 2,837690 -1,013386 1,233356 3,457696 -0,033165 0,809587 3,356136
-0,044356 0,030477 3,330326 1,042497 0,894079 3,094001 -1,092480 0,917969 3,141971 -0,026238 0,804296 3,381154
-0,042592 0,027112 3,338560 1,078430 0,596723 2,905809 -1,243004 0,685229 3,270398 -0,044243 0,797880 3,367919
-0,046713 0,032174 3,328967 1,125277 0,489728 2,919860 -1,239180 0,530207 3,162106 -0,037089 0,803333 3,393135
-0,046943 0,026394 3,334515 1,184194 0,253930 3,029154 -1,261375 0,290506 3,163605 -0,037117 0,788872 3,392940
-0,043291 0,039410 3,319795 1,178422 0,081943 3,182191 -1,240134 0,109378 3,143312 -0,025782 0,782619 3,380506
-0,043474 0,036209 3,321996 1,153618 0,057254 3,197508 -1,233175 0,049242 3,156620 -0,030383 0,787033 3,418577
-0,041981 0,026732 3,328772 1,137635 0,090071 3,142203 -1,218011 0,005092 3,254498 -0,036874 0,785219 3,392653
-0,049584 0,027556 3,330922 1,156329 0,238466 3,051462 -1,286240 0,121360 3,333555 -0,033750 0,795220 3,405865
-0,048694 0,026748 3,330378 1,175737 0,338910 3,069509 -1,283235 0,194436 3,254619 -0,033710 0,788125 3,356082
-0,045223 0,019976 3,337152 1,162555 0,568588 3,031578 -1,277401 0,363582 3,125036 -0,037336 0,806971 3,393339
-0,054637 0,033278 3,349861 1,159109 0,805564 3,114163 -1,249367 0,550485 3,092348 -0,030468 0,814224 3,393713
-0,053667 0,029765 3,354037 1,109717 0,907805 3,135680 -1,240922 0,623886 3,051810 -0,033678 0,809607 3,356349
-0,057060 0,033329 3,363214 0,998829 1,029767 2,984963 -1,229537 0,769418 3,107298 -0,033678 0,809607 3,356349
-0,054078 0,029853 3,349843 0,976343 1,016449 3,018350 -1,207934 0,806541 3,081553 -0,044468 0,815868 3,368311
-0,050238 0,033866 3,361744 0,982747 0,977753 2,968035 -1,215387 0,810498 3,135107 -0,040384 0,818584 3,380485
-0,050610 0,026496 3,358783 1,093255 0,893411 3,095839 -1,215915 0,736226 3,110920 -0,040913 0,811434 3,380788
-0,044157 0,026153 3,334763 1,115088 0,662142 2,954603 -1,251148 0,621041 3,173006 -0,029851 0,801571 3,368613
-0,044373 0,023840 3,331156 1,132644 0,552480 2,979107 -1,251455 0,540977 3,139438 -0,037089 0,803333 3,393135
-0,042530 0,027294 3,321940 1,191498 0,344950 3,059034 -1,256462 0,383868 3,155251 -0,033492 0,798827 3,405761
-0,037449 0,024196 3,314761 1,196586 0,147119 3,162071 -1,243436 0,229462 3,149235 -0,033619 0,782645 3,380655
-0,039157 0,020494 3,315472 1,204126 0,086929 3,253914 -1,260898 0,156938 3,189534 -0,033619 0,782645 3,380655
-0,040133 0,022018 3,313968 1,147593 0,053953 3,187309 -1,261752 0,055962 3,270839 -0,033762 0,787967 3,405765
-0,040672 0,028290 3,329736 1,164164 0,147289 3,077167 -1,258123 0,089053 3,301105 -0,037605 0,796120 3,393265
-0,041078 0,020963 3,329155 1,181089 0,233330 3,072541 -1,277367 0,155523 3,308088 -0,029983 0,799773 3,393474
-0,041031 0,016169 3,331827 1,209190 0,449558 3,078788 -1,281427 0,329754 3,150235 -0,033582 0,804263 3,380938
-0,039156 0,026109 3,335290 1,202691 0,682730 3,114516 -1,252501 0,522033 3,073070 -0,019089 0,802504 3,356644
-0,039595 0,027279 3,340593 1,174041 0,809229 3,116911 -1,222512 0,610911 3,028501 -0,019077 0,809668 3,356732
-0,031821 0,041789 3,340652 1,027392 1,005432 2,998361 -1,205403 0,846594 3,142724 -0,025945 0,822310 3,381246
-0,033069 0,037539 3,335429 0,942872 1,311490 3,276212 -1,023280 0,986665 2,929852 -0,019051 0,824005 3,356907
-0,029361 0,037048 3,335064 0,861881 1,421549 3,349370 -0,957944 1,082926 2,937329 -0,011485 0,833212 3,381870
-0,023614 0,039042 3,345883 0,606312 1,396011 3,099142 -0,847235 1,376595 3,296072 -0,007819 0,830411 3,369487
-0,024188 0,038415 3,338262 0,460047 1,612264 3,513061 -0,592567 1,341065 3,017461 -0,000759 0,826824 3,369584
-0,021175 0,042503 3,342418 0,383987 1,565156 3,440622 -0,504758 1,381719 3,045177 -0,000491 0,830422 3,369597
-0,021656 0,044420 3,328357 0,314393 1,481914 3,300780 -0,379272 1,511595 3,297048 -0,004443 0,824041 3,357171
