46 12
-0,001594 0,042370 3,256007 0,343953 1,176299 3,070227 -0,329073 1,244115 3,013483 0,032101 0,818218 3,284746
-0,005757 0,034632 3,261161 0,296358 1,057820 3,026968 -0,301100 1,117313 2,931366 0,032309 0,811375 3,332696
0,003362 0,040138 3,278301 0,200802 0,734408 2,832046 -0,283839 0,858870 2,860724 0,036425 0,839055 3,345005
0,000023 0,057161 3,288512 0,180951 0,547521 2,772365 -0,195898 0,618930 2,699877 0,024984 0,855579 3,309078
-0,004425 0,062432 3,300340 0,150988 0,468500 2,694415 -0,180913 0,537198 2,640911 0,017070 0,857016 3,285366
-0,002001 0,083931 3,335105 0,066805 0,302141 2,475832 -0,168170 0,414619 2,528735 0,018631 0,915896 3,311056
0,000896 0,060793 3,334841 0,069411 0,230487 2,374905 -0,124405 0,317535 2,376172 0,008116 0,985689 3,371052
0,004281 0,045937 3,305074 0,060124 0,197389 2,334550 -0,151895 0,283556 2,348423 0,004231 0,969271 3,309739
0,001893 0,020963 3,344717 0,119022 0,176576 2,391617 -0,233175 0,232099 2,219386 0,007406 0,979188 3,346730
0,014813 0,029668 3,306252 0,238356 0,179806 2,260808 -0,370691 0,240933 2,377060 0,019411 0,961185 3,333243
0,007671 0,031125 3,271115 0,319621 0,179885 2,259475 -0,488219 0,247512 2,423186 0,012082 0,946842 3,333009
0,019399 0,077895 3,314897 0,625189 0,208853 2,547587 -0,656961 0,235797 2,274872 -0,004837 0,910246 3,358040
0,014660 0,059195 3,313453 0,774600 0,211172 2,440085 -1,003199 0,296167 2,663065 0,020934 0,825738 3,226678
0,015912 0,060983 3,333736 0,890686 0,215818 2,515455 -1,093749 0,325856 2,731817 0,024762 0,826852 3,261355
0,010372 0,037042 3,293251 1,159996 0,336362 2,867462 -1,157319 0,394778 2,836013 0,020726 0,815617 3,273181
0,017344 0,018734 3,274277 1,210777 0,455819 3,056892 -1,226764 0,493769 2,977694 0,013556 0,808619 3,273088
0,010959 0,028360 3,243608 1,220096 0,526716 3,137357 -1,214005 0,543537 3,043067 0,027608 0,812100 3,273146
0,010846 0,015362 3,241949 1,143784 0,627089 3,113243 -1,193054 0,665002 3,347135 0,031561 0,811251 3,284901
0,009620 0,021678 3,226687 1,109694 0,793106 3,367684 -1,031993 0,722224 3,178662 0,031834 0,825641 3,332926
0,008552 0,022349 3,221973 1,029009 0,841910 3,387232 -0,940493 0,754379 3,122077 0,039058 0,823681 3,308763
0,011705 0,024829 3,242964 0,692340 0,827823 2,956746 -0,811727 0,886681 3,244760 0,032105 0,829203 3,332968
0,004836 0,023322 3,255518 0,515776 0,910912 3,266280 -0,471789 0,762257 2,775252 0,021835 0,831940 3,344932
0,010835 0,027862 3,261955 0,400532 0,834243 3,162727 -0,384721 0,727946 2,776037 0,006277 0,824544 3,296845
0,017803 0,034794 3,277874 0,245545 0,639331 2,937951 -0,278560 0,676686 2,981369 0,046947 0,846949 3,332978
0,011643 0,058179 3,320117 0,221539 0,545198 2,956020 -0,174205 0,563419 2,819747 0,036275 0,873617 3,370233
0,007215 0,048949 3,327625 0,207931 0,489461 2,882785 -0,142560 0,528550 2,773473 0,031944 0,849920 3,285203
0,017657 0,052423 3,339464 0,167330 0,410875 2,709810 -0,133092 0,469680 2,693122 0,013818 0,856319 3,297201
0,013026 0,065743 3,360559 0,177948 0,364971 2,583703 -0,078574 0,406610 2,529285 0,003492 0,888668 3,433372
0,009278 0,090987 3,365090 0,148604 0,351611 2,543307 -0,070520 0,386979 2,494547 0,003033 0,929356 3,363817
0,012962 0,083359 3,343057 0,094493 0,290515 2,421004 -0,124923 0,351553 2,327423 0,014706 0,979186 3,346779
0,022603 0,064998 3,362646 0,123980 0,264317 2,330223 -0,188474 0,341683 2,324943 0,018603 0,986625 3,334492
0,022963 0,057206 3,359748 0,153424 0,249040 2,309024 -0,226758 0,336630 2,294431 0,022121 0,976159 3,322247
0,022159 0,022719 3,367066 0,240357 0,219422 2,432036 -0,295923 0,305022 2,194074 0,021191 0,965500 3,322370
0,012586 0,026476 3,296727 0,361198 0,159236 2,279647 -0,500419 0,295226 2,428104 0,022836 0,941305 3,395582
0,017689 0,065876 3,324292 0,458890 0,147419 2,298548 -0,619829 0,287796 2,490857 0,026674 0,909941 3,357148
0,009719 0,057440 3,330913 0,815406 0,153430 2,706464 -0,759912 0,250865 2,397067 0,030834 0,835803 3,284899
0,019995 0,031316 3,302258 0,954899 0,170309 2,602903 -1,076629 0,285024 2,772167 0,035522 0,808518 3,272870
0,018568 0,038202 3,299315 1,081924 0,211400 2,742754 -1,155948 0,302237 2,858766 0,035210 0,794534 3,226212
0,019948 0,015537 3,263705 1,245431 0,350653 2,996039 -1,212616 0,389482 3,021899 0,042402 0,805030 3,272932
0,020429 0,006062 3,238563 1,289611 0,543073 3,309152 -1,207962 0,522152 3,103038 0,017638 0,813099 3,308615
0,028292 0,014177 3,237107 1,262161 0,641255 3,358150 -1,163577 0,599564 3,155037 0,038184 0,809411 3,261358
0,027274 0,026324 3,221120 1,118735 0,826581 3,238070 -1,119217 0,865345 3,490932 0,053761 0,827131 3,308570
0,030488 0,021386 3,229840 1,030646 1,153334 3,542164 -0,854086 1,006685 3,169031 0,050068 0,826372 3,320679
0,034545 0,023828 3,231123 0,919713 1,278942 3,521614 -0,747997 1,114799 3,171513 0,057577 0,829861 3,320549
0,032811 0,042022 3,236372 0,605559 1,304607 3,143818 -0,606518 1,427611 3,525349 0,054116 0,851879 3,308693
0,027428 0,048513 3,275290 0,464027 1,505677 3,391528 -0,377806 1,377969 3,158242 0,061495 0,853999 3,332829
