20 12
-0,001036 0,053040 3,217732 0,324180 1,492671 3,085546 -0,401813 1,511867 3,099086 0,024295 0,847890 3,261776
-0,001609 0,050438 3,219293 0,321202 1,485609 3,068883 -0,456458 1,331508 2,740235 0,038540 0,840853 3,261649
-0,000018 0,043045 3,231494 0,316531 1,483286 3,076808 -0,304229 0,967064 2,350781 0,037325 0,813193 3,294047
-0,004250 0,055098 3,236278 0,315412 1,493355 3,100244 -0,226493 0,742061 2,171609 0,017573 0,867128 3,357861
-0,011940 0,057891 3,232356 0,301038 1,490989 3,068730 -0,095118 0,417042 2,261723 0,017324 0,877894 3,357917
-0,018068 0,060497 3,227686 0,301906 1,490633 3,060075 0,051851 0,192182 2,114459 0,031180 0,928249 3,289724
-0,016813 0,056481 3,220472 0,295879 1,481716 3,057552 0,101306 0,147544 2,160255 0,020584 0,929080 3,279200
-0,005805 0,051972 3,253904 0,301272 1,488789 3,071826 0,157301 0,127889 2,227078 0,027804 0,926774 3,256602
-0,001185 0,056031 3,249970 0,297817 1,493331 3,066934 0,174447 0,134238 2,212136 0,023515 0,930156 3,243114
0,003309 0,053683 3,245104 0,307972 1,485377 3,076178 0,177174 0,136072 2,217183 0,027486 0,944025 3,255784
0,002331 0,058103 3,254878 0,312807 1,501894 3,102783 0,155078 0,148200 2,200342 0,031164 0,942412 3,289859
-0,001001 0,067882 3,235068 0,319450 1,488270 3,074035 0,120309 0,182054 2,227021 0,033694 0,939463 3,252225
-0,005608 0,060329 3,219218 0,310707 1,484475 3,058730 0,103313 0,221822 2,235098 0,040843 0,941678 3,274078
-0,000619 0,067801 3,227098 0,325305 1,500205 3,075936 0,018989 0,359758 2,123681 0,038144 0,894466 3,308969
0,010321 0,051703 3,222665 0,324739 1,479322 3,067552 -0,140917 0,658837 2,277350 0,061945 0,845844 3,283493
0,012798 0,028161 3,205098 0,330687 1,467910 3,047953 -0,241626 0,839330 2,359871 0,064068 0,794409 3,274601
0,019929 0,043909 3,243787 0,345105 1,487979 3,074840 -0,308091 1,142804 2,458041 0,060979 0,814035 3,236603
0,016878 0,050413 3,212970 0,341771 1,470068 3,066516 -0,447855 1,387067 2,780293 0,052803 0,840785 3,261476
0,020100 0,051802 3,222620 0,352716 1,482086 3,076238 -0,443692 1,445265 2,892410 0,055528 0,842974 3,226732
0,012857 0,051660 3,205209 0,352718 1,485353 3,084521 -0,403872 1,540775 3,178808 0,045694 0,847817 3,261638
