35 12
0,045132 0,042660 3,327601 0,415044 1,500546 3,287765 -0,406693 1,480167 3,167840 0,073452 0,879333 3,394605
0,049188 0,054524 3,351768 0,399962 1,488210 3,272645 -0,439939 1,429446 3,044265 0,077121 0,872683 3,381886
0,050984 0,067658 3,345686 0,408186 1,484872 3,278171 -0,478238 1,347106 2,903050 0,077121 0,872683 3,381886
0,053610 0,043129 3,342058 0,407470 1,496046 3,275886 -0,517122 1,197340 2,734331 0,084442 0,865381 3,381580
0,054003 0,047241 3,335369 0,405299 1,488538 3,278329 -0,552999 1,008292 2,582500 0,085038 0,871278 3,406738
0,049816 0,068579 3,332163 0,404371 1,484142 3,268950 -0,577061 0,789212 2,468449 0,094749 0,882675 3,393434
0,049093 0,056244 3,327125 0,405592 1,494924 3,283151 -0,584786 0,570932 2,370221 0,084886 0,895601 3,432289
0,045750 0,080013 3,345520 0,415395 1,499322 3,286180 -0,578850 0,376473 2,337046 0,074847 0,916191 3,471915
0,040783 0,092937 3,346801 0,405154 1,502012 3,277463 -0,562305 0,233323 2,332778 0,059538 0,919999 3,472228
0,043625 0,079986 3,314900 0,413084 1,511469 3,304161 -0,543251 0,134866 2,354303 0,068068 0,932898 3,525293
0,041870 0,084312 3,328674 0,410288 1,497035 3,292011 -0,524608 0,072039 2,365239 0,074852 0,929999 3,498073
0,047049 0,083478 3,327051 0,409979 1,514849 3,320997 -0,511783 0,041830 2,382276 0,055145 0,910540 3,433328
0,045665 0,085230 3,329503 0,404353 1,507144 3,298077 -0,509837 0,032545 2,392268 0,063536 0,923177 3,485314
0,044281 0,089420 3,322986 0,404984 1,498118 3,312177 -0,506727 0,038829 2,401261 0,078622 0,923048 3,484871
0,048260 0,080966 3,323881 0,409129 1,514223 3,317393 -0,512994 0,048814 2,389246 0,081229 0,917104 3,445321
0,050673 0,082391 3,320823 0,403914 1,506474 3,307796 -0,514077 0,058374 2,379304 0,070283 0,920380 3,458679
0,051477 0,088081 3,335838 0,406139 1,514759 3,307877 -0,516562 0,065968 2,378825 0,085269 0,920237 3,458166
0,051849 0,074520 3,321049 0,409550 1,506319 3,307663 -0,515510 0,070557 2,390108 0,085248 0,912838 3,458066
0,050830 0,085494 3,312914 0,410070 1,493062 3,293436 -0,514224 0,077564 2,409225 0,082094 0,919807 3,471573
0,049510 0,078204 3,331993 0,417795 1,511915 3,299549 -0,519616 0,075807 2,389627 0,067560 0,926375 3,498481
0,049905 0,079734 3,319742 0,407674 1,502188 3,294837 -0,521739 0,077466 2,388454 0,088970 0,913388 3,445234
0,048425 0,092985 3,327469 0,409196 1,498907 3,294993 -0,517555 0,085679 2,383523 0,070851 0,920455 3,459045
0,050016 0,086087 3,316113 0,410282 1,510874 3,305029 -0,514947 0,089250 2,379706 0,078622 0,923048 3,484871
0,045690 0,083044 3,328816 0,416618 1,503157 3,291666 -0,512005 0,108548 2,381300 0,078622 0,923048 3,484871
0,049310 0,090405 3,318374 0,413259 1,500173 3,291542 -0,506075 0,141268 2,373147 0,081502 0,913466 3,445509
0,052843 0,080288 3,335646 0,415907 1,515529 3,304267 -0,491993 0,200321 2,391776 0,082094 0,919807 3,471573
0,052231 0,074558 3,332535 0,408541 1,494247 3,276904 -0,497198 0,290985 2,372865 0,085838 0,920314 3,458567
0,057631 0,063981 3,334961 0,410818 1,495246 3,278473 -0,492308 0,409252 2,380301 0,091158 0,921407 3,524513
0,056903 0,072300 3,351363 0,413037 1,491848 3,277591 -0,485532 0,559393 2,410345 0,065361 0,884279 3,369872
0,057952 0,052160 3,343904 0,409087 1,494588 3,278430 -0,473233 0,729791 2,438940 0,117151 0,876490 3,367943
0,058184 0,046590 3,326939 0,410042 1,492273 3,273398 -0,472554 0,915329 2,518573 0,095131 0,862348 3,368746
0,056062 0,045887 3,326684 0,410475 1,511968 3,279003 -0,460963 1,101852 2,640019 0,098734 0,862957 3,356194
0,057876 0,049312 3,335773 0,415473 1,490697 3,276133 -0,457273 1,260546 2,773286 0,091817 0,872540 3,381415
0,049744 0,052167 3,328886 0,415603 1,508844 3,293787 -0,454142 1,383185 2,928200 0,085067 0,878563 3,406830
0,052434 0,055603 3,337036 0,417810 1,491387 3,280464 -0,431409 1,452541 3,052209 0,077404 0,876256 3,381818
