40 12
0,061683 0,060844 3,372386 0,370836 1,537165 3,256897 -0,319585 1,505432 3,198835 0,092932 0,840547 3,431506
0,059943 0,057242 3,373483 0,397787 1,536551 3,251957 -0,295983 1,476812 3,109720 0,085135 0,831220 3,406128
0,056427 0,058785 3,375662 0,404204 1,530191 3,276687 -0,267996 1,421516 2,979474 0,093173 0,836843 3,431354
0,055209 0,056562 3,377348 0,412464 1,520107 3,293358 -0,216092 1,342622 2,877058 0,081699 0,826800 3,418837
0,053308 0,053362 3,369117 0,396075 1,508242 3,276587 -0,145385 1,246928 2,757163 0,102187 0,820044 3,455309
0,051462 0,047556 3,373302 0,390843 1,495061 3,266604 -0,057474 1,126304 2,683990 0,094795 0,784599 3,426709
0,045860 0,035752 3,383569 0,401450 1,543629 3,328818 0,040789 0,995975 2,618710 0,083118 0,818092 3,496575
0,043225 0,044898 3,376920 0,407946 1,523416 3,313614 0,128434 0,860275 2,608218 0,076179 0,838883 3,523752
0,041246 0,050201 3,379945 0,382619 1,495166 3,236386 0,214496 0,728332 2,627398 0,067837 0,850192 3,523993
0,041242 0,065324 3,376790 0,394724 1,514268 3,283595 0,277805 0,616424 2,682928 0,060754 0,878943 3,551684
0,036951 0,064934 3,370389 0,400814 1,542396 3,330849 0,320924 0,528781 2,726352 0,064921 0,890924 3,538391
0,036041 0,060116 3,375497 0,418826 1,537333 3,315184 0,350199 0,476238 2,774954 0,065415 0,897257 3,565747
0,034780 0,064876 3,372149 0,404130 1,513858 3,335758 0,362863 0,443151 2,816704 0,054374 0,904321 3,579804
0,038394 0,063366 3,366280 0,401600 1,529199 3,334178 0,368779 0,425113 2,823971 0,050435 0,903779 3,593793
0,035920 0,065108 3,365865 0,396569 1,508637 3,285387 0,376492 0,424160 2,841246 0,042974 0,907618 3,593880
0,036106 0,062526 3,356904 0,419567 1,516198 3,305484 0,376618 0,431316 2,823876 0,050435 0,903779 3,593793
0,035694 0,065833 3,374082 0,399706 1,521017 3,316601 0,376896 0,444604 2,823905 0,057726 0,897309 3,565908
0,034494 0,058637 3,365253 0,399157 1,515574 3,290962 0,369158 0,449682 2,812099 0,054800 0,910820 3,607761
0,035566 0,059891 3,370457 0,384646 1,533907 3,302214 0,365478 0,457513 2,821704 0,054093 0,900533 3,579804
0,031661 0,057758 3,363348 0,417724 1,503566 3,300928 0,360233 0,459128 2,800463 0,050971 0,903699 3,593548
0,033765 0,060405 3,359146 0,407830 1,505143 3,291605 0,354331 0,456919 2,779155 0,054093 0,900533 3,579804
0,030907 0,062733 3,359970 0,402695 1,517675 3,315609 0,344688 0,469269 2,791211 0,054093 0,900533 3,579804
0,032850 0,060762 3,365601 0,400422 1,514338 3,289615 0,334096 0,482834 2,770387 0,057982 0,893483 3,565780
0,030735 0,065733 3,368958 0,421174 1,522568 3,314049 0,321855 0,499122 2,752410 0,069520 0,900429 3,579479
0,032241 0,057588 3,360407 0,407225 1,520893 3,265597 0,307340 0,530779 2,738003 0,064921 0,890924 3,538391
0,033758 0,059428 3,364027 0,393829 1,529619 3,284419 0,284128 0,571276 2,715523 0,064921 0,890924 3,538391
0,037920 0,058631 3,364757 0,398879 1,513766 3,284579 0,248447 0,632146 2,705127 0,052402 0,869009 3,524421
0,038418 0,044277 3,351447 0,410535 1,482337 3,251369 0,196127 0,707656 2,668033 0,068351 0,856206 3,551117
0,043708 0,039914 3,371074 0,401170 1,488613 3,233096 0,133668 0,798714 2,644068 0,072110 0,835978 3,510436
0,045930 0,048615 3,373839 0,395296 1,507442 3,268652 0,053453 0,911904 2,640056 0,079347 0,826358 3,483505
0,053982 0,041182 3,361156 0,403492 1,521272 3,321442 -0,031122 1,041905 2,680029 0,095074 0,762282 3,424548
0,054898 0,058098 3,362474 0,417582 1,525442 3,325556 -0,125416 1,151194 2,703645 0,090240 0,807981 3,416549
0,055267 0,064683 3,365450 0,411012 1,508768 3,295761 -0,217033 1,267093 2,779552 0,089838 0,822825 3,417725
0,057651 0,054052 3,363794 0,409445 1,512007 3,298864 -0,291896 1,349591 2,873486 0,093173 0,836843 3,431354
0,056598 0,060239 3,367313 0,392563 1,528237 3,301913 -0,352816 1,406350 2,974250 0,092932 0,840547 3,431506
0,060599 0,053272 3,370831 0,389869 1,527443 3,277131 -0,395664 1,464749 3,072007 0,088628 0,834090 3,418831
0,060510 0,059163 3,372310 0,405142 1,501414 3,263708 -0,411319 1,493371 3,139092 0,092687 0,844230 3,431571
0,059874 0,054532 3,355784 0,398136 1,534977 3,279485 -0,413652 1,508743 3,217434 0,078303 0,836982 3,431816
0,058577 0,059471 3,349012 0,408731 1,544652 3,313498 -0,393731 1,518943 3,290200 0,077815 0,844370 3,432067
0,057577 0,055056 3,349086 0,383172 1,509223 3,226198 -0,367219 1,525791 3,340466 0,073555 0,837869 3,419292
