22 12
0,012993 0,063444 3,230982 0,364099 1,492192 3,119684 -0,455698 1,496944 3,054857 0,059812 0,845673 3,238162
0,013174 0,056039 3,247066 0,357410 1,484681 3,108852 -0,579883 1,081072 2,447200 0,073679 0,835168 3,237786
0,007385 0,061417 3,246014 0,370352 1,476623 3,118535 -0,572286 0,646724 2,298518 0,056072 0,857544 3,273138
0,011184 0,054628 3,240959 0,375540 1,479178 3,120893 -0,563839 0,436408 2,215168 0,042147 0,872563 3,320970
0,003932 0,070597 3,230019 0,379826 1,486413 3,134111 -0,547474 0,153359 2,265389 0,034930 0,875233 3,273694
0,007078 0,080166 3,236187 0,371007 1,510162 3,143769 -0,496199 0,040656 2,227395 0,027486 0,871721 3,273626
0,007983 0,082443 3,223414 0,361791 1,505536 3,146207 -0,479230 0,024748 2,233695 0,031453 0,880397 3,309307
0,007396 0,085294 3,220907 0,353937 1,501617 3,143088 -0,470724 0,030099 2,271767 0,021270 0,883376 3,321479
0,012846 0,085443 3,227402 0,367493 1,487931 3,132945 -0,471539 0,053508 2,259342 0,031480 0,878133 3,285542
0,015810 0,075703 3,234492 0,367515 1,488322 3,124771 -0,470928 0,064673 2,253615 0,031480 0,878133 3,285542
0,014762 0,080061 3,219443 0,380163 1,495995 3,147130 -0,473373 0,075352 2,262776 0,035210 0,881029 3,297419
0,014204 0,080614 3,224543 0,373743 1,501101 3,139956 -0,468232 0,076335 2,249953 0,034923 0,877470 3,297298
0,014194 0,084931 3,220212 0,377216 1,494250 3,125685 -0,462038 0,078093 2,253525 0,038404 0,883877 3,309107
0,014729 0,076634 3,210199 0,374597 1,500873 3,150284 -0,458266 0,085120 2,244456 0,038675 0,880370 3,309239
0,012060 0,075377 3,224386 0,370242 1,492331 3,128531 -0,462757 0,136176 2,247879 0,038693 0,887471 3,309312
0,008529 0,074421 3,246905 0,362586 1,489758 3,120480 -0,476277 0,191721 2,252326 0,046557 0,896971 3,333557
0,019276 0,063103 3,252505 0,366053 1,488121 3,127394 -0,480538 0,392922 2,247334 0,046872 0,888614 3,357927
0,021325 0,061509 3,242960 0,369194 1,484186 3,111673 -0,520698 0,745150 2,236425 0,079392 0,853576 3,271861
0,020830 0,057644 3,247112 0,376348 1,495943 3,123140 -0,531726 0,912398 2,325045 0,079096 0,848877 3,296196
0,023935 0,062367 3,239209 0,374110 1,493899 3,133328 -0,469502 1,390815 2,826834 0,063862 0,851854 3,249590
0,019318 0,061971 3,234114 0,373648 1,478001 3,119540 -0,466065 1,459904 2,986226 0,049615 0,844969 3,249757
0,016454 0,068816 3,220876 0,376426 1,496112 3,127932 -0,421010 1,498596 3,104392 0,042188 0,839523 3,226743
