55 12
0,015878 0,048127 3,243373 0,403322 1,446337 3,275103 -0,342998 1,494325 3,239840 0,027898 0,822610 3,273244
0,016677 0,058789 3,235320 0,436628 1,332125 3,136464 -0,343101 1,392078 3,195623 0,038749 0,823358 3,261430
0,018585 0,051686 3,242352 0,442506 1,248288 3,122487 -0,335706 1,267432 3,094836 0,028115 0,820992 3,296861
0,021727 0,044958 3,248652 0,352410 1,037961 2,982074 -0,326767 1,037253 2,993127 0,038932 0,793649 3,284622
0,018221 0,048170 3,250093 0,260180 0,823329 3,075139 -0,181452 0,746945 2,755317 0,035052 0,819314 3,320661
0,022505 0,059670 3,261307 0,230640 0,710883 3,010381 -0,131550 0,671444 2,761863 0,027608 0,828028 3,296856
0,025993 0,058281 3,294790 0,136127 0,550003 2,763041 -0,076670 0,591048 2,780627 0,028193 0,833106 3,273267
0,024374 0,057512 3,301814 0,136399 0,486417 2,584536 -0,032737 0,535844 2,613990 0,010745 0,845555 3,357457
0,027473 0,057278 3,308861 0,124152 0,463112 2,493585 -0,035023 0,521130 2,529945 0,010745 0,845555 3,357457
0,030884 0,059570 3,318665 0,083223 0,460085 2,407781 -0,076751 0,492704 2,371645 0,014863 0,843244 3,394527
0,033080 0,062921 3,305476 0,074084 0,426208 2,407051 -0,073283 0,491943 2,310948 0,010817 0,829602 3,382010
0,027212 0,067756 3,312487 0,080441 0,426093 2,357955 -0,093989 0,477140 2,267440 0,010447 0,842550 3,407384
0,024084 0,063012 3,301570 0,132487 0,413980 2,367625 -0,167450 0,461482 2,162484 0,025974 0,857860 3,458824
0,028985 0,058274 3,300465 0,285906 0,394411 2,149238 -0,340966 0,495210 2,338781 0,007236 0,846916 3,394698
0,026541 0,057000 3,299227 0,368428 0,397507 2,136852 -0,464072 0,514519 2,395176 0,018188 0,836820 3,382147
0,025879 0,059039 3,273413 0,663645 0,448972 2,441451 -0,643762 0,483347 2,235177 0,028869 0,835544 3,345144
0,024885 0,052143 3,263940 0,809843 0,452114 2,393388 -1,009592 0,584054 2,622655 0,024666 0,798924 3,261099
0,025778 0,042284 3,259660 0,942419 0,477728 2,523154 -1,079441 0,602116 2,655453 0,013582 0,779228 3,203543
0,018784 0,038567 3,229583 1,181816 0,588205 2,820419 -1,129825 0,661889 2,758639 0,009628 0,781797 3,215101
0,024602 0,033988 3,225446 1,206175 0,739305 3,147259 -1,123714 0,718261 2,808365 0,016505 0,776780 3,192533
0,022046 0,033498 3,206355 1,157048 0,785139 3,197376 -1,085309 0,755312 2,844508 0,027141 0,786122 3,203866
0,021867 0,032072 3,196066 1,019010 0,848369 3,090343 -1,037928 0,900060 3,106038 0,030793 0,786994 3,192543
0,022455 0,032504 3,199476 0,952944 1,022586 3,351925 -0,812638 0,914669 2,863374 0,038062 0,785168 3,215071
0,019312 0,035041 3,193233 0,880658 1,066736 3,357496 -0,722218 0,941858 2,848045 0,041741 0,787696 3,226459
0,027006 0,035778 3,203546 0,643984 1,004361 3,053095 -0,591378 1,069684 3,091693 0,031029 0,793774 3,238107
0,018344 0,027961 3,211892 0,542967 1,004263 3,213394 -0,373547 0,944961 2,820321 0,018166 0,790016 3,283888
0,019609 0,028729 3,228269 0,451054 0,919768 3,169322 -0,307228 0,914818 2,823127 0,017664 0,790151 3,284445
0,016598 0,031898 3,230078 0,307879 0,756235 2,991290 -0,209290 0,846258 2,931483 0,021566 0,805114 3,320382
0,016243 0,038848 3,237795 0,230629 0,704549 3,040738 -0,098989 0,710947 2,788816 0,016967 0,814793 3,284951
0,016881 0,047157 3,259952 0,204639 0,660480 2,940271 -0,065800 0,683642 2,812999 0,028135 0,828047 3,296932
0,023106 0,053681 3,283241 0,140878 0,602558 2,786556 -0,048115 0,660273 2,807959 0,031899 0,835841 3,285066
0,021448 0,057078 3,278907 0,147846 0,585411 2,651438 -0,018554 0,647770 2,655031 0,018252 0,841309 3,308503
0,019646 0,061467 3,284179 0,133436 0,572388 2,576541 -0,024533 0,645470 2,578194 0,017803 0,832311 3,284863
0,021705 0,062980 3,300002 0,087897 0,558410 2,399176 -0,090069 0,622989 2,367957 0,018230 0,851274 3,382329
0,020482 0,057127 3,307213 0,108265 0,516109 2,290302 -0,111012 0,597813 2,317344 0,003425 0,859321 3,432958
0,021365 0,056408 3,303623 0,138195 0,506230 2,238993 -0,157959 0,577563 2,329211 0,010736 0,853465 3,407509
0,018072 0,060076 3,304709 0,267480 0,506383 2,350341 -0,284698 0,489789 2,146828 0,010463 0,849827 3,407481
0,022574 0,057986 3,292588 0,418726 0,437165 2,159546 -0,526733 0,496391 2,402748 0,028344 0,835567 3,345225
0,019622 0,058415 3,302800 0,484383 0,443365 2,218797 -0,631621 0,484556 2,429556 0,010346 0,851304 3,382408
0,017989 0,058320 3,271804 0,719168 0,469131 2,446540 -0,751452 0,450473 2,326737 0,007181 0,833518 3,320585
0,012959 0,048123 3,268225 0,824020 0,457649 2,432331 -1,007059 0,501018 2,614372 0,009917 0,805975 3,261341
0,010264 0,055155 3,266240 0,918266 0,474919 2,515759 -1,078506 0,508189 2,652908 0,020572 0,794661 3,226573
0,006888 0,040040 3,248422 1,167609 0,512879 2,807979 -1,134337 0,524366 2,706494 0,013487 0,787761 3,226482
0,012410 0,037348 3,227172 1,241416 0,540857 2,953022 -1,229385 0,573866 2,840350 0,013487 0,787761 3,226482
0,013722 0,035322 3,223591 1,272147 0,573007 3,093017 -1,226850 0,605523 2,870205 0,024135 0,792006 3,261267
0,007796 0,031454 3,207311 1,234207 0,642812 3,120532 -1,223999 0,712638 3,102204 0,013466 0,780856 3,226425
0,012989 0,033212 3,186619 1,193528 0,807678 3,378137 -1,075469 0,800776 2,981770 0,016839 0,786871 3,238047
0,014364 0,030856 3,188935 1,150674 0,885218 3,423832 -1,012897 0,862796 3,004708 0,017103 0,790317 3,237993
0,011081 0,028754 3,177081 0,976338 1,004061 3,282975 -0,951040 1,084593 3,300795 0,017081 0,783389 3,237933
0,016365 0,037328 3,200646 0,878544 1,298757 3,576919 -0,743049 1,146098 3,040349 0,023734 0,788666 3,215211
0,018072 0,037392 3,189435 0,789582 1,392192 3,592511 -0,662487 1,226794 3,059088 0,009400 0,805955 3,261303
0,014965 0,047851 3,205199 0,569896 1,404164 3,278421 -0,541065 1,488979 3,368111 0,024044 0,805868 3,215271
0,015211 0,048431 3,211033 0,493485 1,506922 3,377469 -0,402541 1,459450 3,180929 0,016916 0,814605 3,238284
0,015644 0,053704 3,217579 0,445044 1,490847 3,323998 -0,361645 1,475897 3,179701 0,016916 0,814605 3,238284
0,022230 0,057056 3,233832 0,386336 1,453142 3,202119 -0,332512 1,496726 3,220541 0,020555 0,817258 3,249868
