19 12
0,107636 0,065789 3,272412 0,447307 1,492356 3,174489 -0,306167 1,543616 3,199764 0,140260 0,833254 3,305302
0,109975 0,062898 3,271340 0,446334 1,489585 3,178942 -0,182412 1,405644 2,859238 0,165811 0,815679 3,291003
0,109867 0,053782 3,281900 0,443563 1,484150 3,174971 -0,106157 1,278849 2,645879 0,162297 0,795120 3,278065
0,100285 0,058734 3,276585 0,436818 1,479899 3,130559 -0,026945 0,999954 2,485837 0,158618 0,827944 3,376765
0,094319 0,080949 3,287095 0,417798 1,494585 3,173848 0,149684 0,522894 2,168594 0,145277 0,886178 3,454791
0,089888 0,092339 3,282158 0,415726 1,479217 3,155216 0,190859 0,385434 2,218546 0,136167 0,933749 3,338552
0,091917 0,064329 3,287239 0,413020 1,477603 3,147239 0,228543 0,218477 2,314234 0,131506 0,938502 3,370783
0,090413 0,059683 3,302960 0,421850 1,474455 3,139389 0,236318 0,193491 2,314905 0,145155 0,915881 3,323821
0,095404 0,064632 3,292098 0,430319 1,480618 3,150250 0,229674 0,196665 2,306887 0,135089 0,922968 3,337758
0,091465 0,063817 3,286344 0,443931 1,481781 3,182009 0,221404 0,208046 2,299464 0,134444 0,922470 3,335840
0,084172 0,070002 3,297886 0,442939 1,495969 3,188197 0,214177 0,220741 2,302788 0,130610 0,932216 3,346145
0,083638 0,071301 3,291978 0,441762 1,476309 3,162317 0,208083 0,236274 2,301197 0,137547 0,935333 3,344348
0,081661 0,083063 3,288241 0,438578 1,481285 3,173209 0,179190 0,292343 2,277288 0,134369 0,938544 3,356907
0,087395 0,076041 3,273772 0,441680 1,491009 3,179867 0,114203 0,509122 2,340412 0,133539 0,880942 3,417336
0,094429 0,066764 3,269143 0,436420 1,485422 3,169821 0,061907 0,667790 2,389545 0,149022 0,852825 3,328935
0,098386 0,055950 3,283314 0,441058 1,473965 3,150497 0,000095 0,990168 2,430764 0,138318 0,850738 3,429067
0,103169 0,058703 3,270577 0,447500 1,473936 3,163343 -0,197455 1,358244 2,819108 0,169483 0,825556 3,303130
0,106043 0,064210 3,280268 0,448081 1,472491 3,152755 -0,252342 1,451028 2,916665 0,161542 0,829356 3,303746
0,104053 0,057600 3,261359 0,450292 1,497302 3,186455 -0,286795 1,520796 3,040411 0,153916 0,830995 3,280582
