29 12
0,064515 0,056823 3,302238 0,419793 1,467086 3,191798 -0,364999 1,454376 3,015560 0,108932 0,834945 3,343274
0,063721 0,052143 3,310482 0,418324 1,470208 3,205724 -0,328267 1,320526 2,786627 0,128004 0,830225 3,354353
0,056871 0,059134 3,320445 0,422767 1,471562 3,218551 -0,287033 1,112897 2,574637 0,131439 0,823740 3,341650
0,055803 0,045510 3,311125 0,414400 1,479057 3,219230 -0,253005 0,866291 2,392293 0,115623 0,823239 3,403735
0,053001 0,065000 3,307109 0,412107 1,473880 3,220532 -0,208024 0,616834 2,288494 0,104288 0,869059 3,444276
0,049475 0,060886 3,320529 0,411454 1,457819 3,200303 -0,168917 0,398406 2,252750 0,091606 0,867561 3,406228
0,047510 0,055114 3,319589 0,411107 1,471413 3,197723 -0,126513 0,245608 2,269959 0,083803 0,915916 3,455577
0,044142 0,039212 3,321025 0,409541 1,456841 3,189657 -0,101863 0,154125 2,298912 0,085227 0,905441 3,457966
0,042722 0,033774 3,317256 0,408949 1,461717 3,200798 -0,091529 0,109954 2,295650 0,091487 0,898975 3,431052
0,041853 0,033855 3,319235 0,412529 1,458481 3,196695 -0,076507 0,098596 2,302896 0,081480 0,906093 3,445410
0,039777 0,036741 3,326135 0,411082 1,466293 3,205707 -0,072116 0,101910 2,296590 0,081208 0,909730 3,445223
0,042364 0,037109 3,328167 0,421532 1,471668 3,227673 -0,068721 0,105685 2,295432 0,081188 0,902359 3,445124
0,043797 0,035172 3,325241 0,417466 1,462605 3,219189 -0,070892 0,108512 2,292264 0,080914 0,905971 3,444849
0,043530 0,039283 3,329469 0,420589 1,465295 3,227315 -0,073784 0,112395 2,299503 0,084952 0,909065 3,457684
0,040171 0,036869 3,336901 0,421097 1,468092 3,223630 -0,079251 0,116621 2,286798 0,077463 0,909139 3,457963
0,042426 0,044223 3,339796 0,418372 1,468805 3,233870 -0,084471 0,116701 2,295460 0,077463 0,909139 3,457963
0,040231 0,037140 3,331501 0,414257 1,478026 3,242810 -0,081775 0,118655 2,291265 0,077463 0,909139 3,457963
0,037116 0,039552 3,332120 0,421831 1,460683 3,228673 -0,082143 0,126552 2,290247 0,077463 0,909139 3,457963
0,043464 0,047190 3,326085 0,419637 1,455799 3,217485 -0,094784 0,154668 2,297690 0,092226 0,911210 3,481959
0,043521 0,062585 3,333595 0,417413 1,459010 3,203943 -0,107425 0,218041 2,297079 0,086930 0,924954 3,417701
0,047236 0,074567 3,344487 0,422554 1,463431 3,226354 -0,141709 0,323452 2,305538 0,080750 0,944063 3,421776
0,052812 0,073368 3,329592 0,427441 1,460696 3,227122 -0,187301 0,478085 2,300265 0,082215 0,880314 3,445248
0,052124 0,059364 3,329801 0,423810 1,471129 3,217631 -0,240750 0,677918 2,360406 0,083754 0,863864 3,469966
0,061352 0,050926 3,318777 0,420824 1,460851 3,218841 -0,294118 0,879558 2,424108 0,115574 0,820776 3,376985
0,060189 0,054652 3,337139 0,428235 1,448186 3,206073 -0,335201 1,062322 2,533234 0,117929 0,825791 3,366611
0,069859 0,056181 3,321833 0,433011 1,464354 3,231227 -0,361613 1,224488 2,652797 0,121534 0,835939 3,379493
0,068842 0,057808 3,329087 0,431395 1,458773 3,235874 -0,370834 1,358894 2,807498 0,128004 0,830225 3,354353
0,072955 0,054840 3,322432 0,429882 1,457662 3,234893 -0,366631 1,453056 2,944225 0,114199 0,836037 3,379841
0,072435 0,055521 3,305545 0,433499 1,461491 3,240829 -0,353090 1,511199 3,106137 0,113191 0,834074 3,355261
