20 12
-0,080797 -0,003621 3,361762 0,258763 1,470720 3,245867 -0,469051 1,468224 3,303380 -0,085471 0,736898 3,402676
-0,076972 -0,006066 3,370686 0,257213 1,467072 3,241569 -0,475221 1,452601 3,293297 -0,085709 0,733278 3,402743
-0,073159 -0,003142 3,369941 0,254005 1,473150 3,242894 -0,542818 1,245691 3,015326 -0,074616 0,739512 3,415964
-0,076046 -0,003004 3,388728 0,253166 1,470475 3,248912 -0,555559 0,943631 2,953654 -0,089400 0,739368 3,415100
-0,073516 -0,007151 3,374826 0,257172 1,478892 3,262227 -0,559197 0,814222 2,922195 -0,089400 0,739368 3,415100
-0,074569 -0,005632 3,381655 0,253544 1,475946 3,249223 -0,566543 0,681980 2,957456 -0,086179 0,738288 3,428132
-0,062624 -0,001532 3,364019 0,254615 1,481851 3,267068 -0,594281 0,777451 2,976583 -0,082464 0,737211 3,441001
-0,054623 -0,008904 3,378684 0,250545 1,485560 3,268340 -0,596189 0,843489 2,955589 -0,074382 0,735872 3,415716
-0,046984 -0,007790 3,399069 0,236686 1,469822 3,227936 -0,605649 0,966939 2,967683 -0,078764 0,738361 3,428559
-0,057940 -0,001145 3,413762 0,246309 1,472453 3,240868 -0,591036 0,769082 2,905193 -0,071346 0,738427 3,428957
-0,061682 -0,000843 3,402382 0,251124 1,466557 3,236234 -0,577493 0,632245 2,881346 -0,075019 0,744583 3,441535
-0,071697 -0,002050 3,387903 0,248463 1,472983 3,251989 -0,578335 0,440684 2,998614 -0,059519 0,734630 3,391479
-0,066837 -0,002295 3,374078 0,253224 1,471029 3,243900 -0,596445 0,446948 3,034466 -0,066870 0,734573 3,391124
-0,066055 -0,003128 3,382161 0,235920 1,472244 3,230057 -0,601401 0,503288 3,010655 -0,085940 0,741933 3,428064
-0,056509 -0,004869 3,388361 0,244741 1,478794 3,245822 -0,609968 0,703199 2,942072 -0,071108 0,742072 3,428904
-0,052312 0,003078 3,387935 0,248239 1,478820 3,250574 -0,617762 0,965986 2,921887 -0,070865 0,745696 3,428764
-0,051279 -0,001200 3,377938 0,240934 1,472921 3,230500 -0,603858 1,070009 2,928914 -0,071346 0,738427 3,428957
-0,052934 -0,000057 3,378891 0,247326 1,482330 3,245365 -0,546243 1,345100 3,132262 -0,075019 0,744583 3,441535
-0,064617 -0,003039 3,400933 0,258216 1,473033 3,245737 -0,489165 1,435722 3,208205 -0,070731 0,737035 3,403506
-0,073225 0,001100 3,405188 0,261205 1,477717 3,245821 -0,458677 1,490646 3,331079 -0,066979 0,743188 3,416216
