14 12
-0,012168 0,010773 3,393121 0,316055 1,496918 3,272507 -0,447038 1,415804 3,225419 0,006988 0,788709 3,497017
-0,023920 0,013748 3,413758 0,316461 1,485256 3,271991 -0,575065 1,370325 3,317995 0,010793 0,776882 3,457589
-0,024439 0,016654 3,415174 0,318270 1,491604 3,275734 -0,661411 1,226746 3,248160 0,014453 0,774213 3,444671
-0,031061 0,011173 3,406634 0,322257 1,487345 3,284242 -0,742933 0,687898 2,933363 0,013955 0,766872 3,444518
-0,039491 0,013084 3,414879 0,330681 1,478713 3,281006 -0,670823 0,257295 2,876888 0,003061 0,773208 3,457493
-0,038261 0,013441 3,410065 0,333604 1,483260 3,298439 -0,633456 0,140942 2,968711 -0,004462 0,767910 3,431602
-0,036913 0,012012 3,406584 0,326886 1,510094 3,316788 -0,552146 0,074859 3,402345 -0,008440 0,763691 3,393515
-0,031253 0,010053 3,402491 0,337176 1,482038 3,301383 -0,537278 0,085411 3,421166 -0,012365 0,757468 3,380780
-0,022447 0,004275 3,387195 0,328695 1,494047 3,295810 -0,559240 0,099984 3,430665 -0,019512 0,766259 3,405899
-0,011094 0,009203 3,416244 0,327545 1,475611 3,287848 -0,640505 0,233640 3,071934 -0,000633 0,783251 3,470593
0,001857 0,015750 3,409921 0,319732 1,500645 3,302166 -0,714962 0,596466 2,951508 -0,004406 0,780547 3,457506
0,006630 0,011559 3,400583 0,317032 1,515404 3,317878 -0,703494 0,806860 2,845206 -0,000633 0,783251 3,470593
0,013393 0,018266 3,410870 0,301569 1,555623 3,346473 -0,609083 1,330705 3,196826 -0,000633 0,783251 3,470593
0,008095 0,016192 3,433752 0,313069 1,476051 3,265235 -0,410061 1,398318 3,177204 -0,008139 0,783240 3,470482
