29 12
-0,049202 -0,006529 3,349362 0,265051 1,466176 3,223428 -0,473143 1,458264 3,280845 -0,042113 0,753135 3,430357
-0,050068 -0,001457 3,358158 0,266791 1,469177 3,228303 -0,739346 1,522635 3,623246 -0,026358 0,739518 3,380310
-0,050367 -0,002573 3,363733 0,271103 1,463128 3,208989 -0,881464 1,402096 3,539129 -0,030085 0,742005 3,392699
-0,050181 -0,010962 3,365972 0,268204 1,471456 3,233535 -1,017991 0,869415 2,962275 -0,026838 0,732309 3,380252
-0,055923 -0,004227 3,390945 0,281083 1,462560 3,220244 -1,110557 0,525724 2,995125 -0,056741 0,734879 3,429614
-0,063231 -0,007981 3,401028 0,280179 1,459798 3,216897 -1,084429 0,364192 2,934424 -0,055942 0,728585 3,379196
-0,079762 0,001293 3,372823 0,274563 1,464312 3,231121 -1,028709 0,138910 3,113071 -0,056457 0,729891 3,404212
-0,086804 -0,001524 3,378898 0,266376 1,463207 3,233208 -0,676531 0,021472 2,732305 -0,059992 0,727397 3,391481
-0,087650 -0,004032 3,387191 0,267902 1,461575 3,235202 -0,585215 0,008489 2,770045 -0,063596 0,733476 3,403923
-0,071882 -0,004686 3,398658 0,257065 1,451175 3,207392 -0,558265 0,008880 2,996027 -0,067459 0,735944 3,416402
-0,051130 -0,002245 3,368495 0,260389 1,461046 3,229932 -0,839471 -0,011082 3,355718 -0,055703 0,732180 3,379157
-0,046660 -0,003821 3,390575 0,256972 1,469172 3,242878 -0,869656 -0,013149 3,222002 -0,055942 0,728585 3,379196
-0,047683 -0,005982 3,390119 0,256531 1,465815 3,238625 -0,823034 -0,016310 3,188578 -0,041457 0,740851 3,404938
-0,059819 -0,000827 3,407477 0,260001 1,466810 3,232732 -0,553989 -0,011147 2,842538 -0,049074 0,737169 3,404611
-0,056788 -0,004247 3,389076 0,261798 1,462802 3,228658 -0,552207 0,004182 2,996512 -0,048836 0,740809 3,404664
-0,045716 -0,007796 3,401577 0,251723 1,460250 3,208184 -0,646092 -0,021460 3,003193 -0,048606 0,737197 3,404531
-0,043100 -0,006750 3,409144 0,249635 1,474253 3,231152 -0,840333 -0,033626 3,193174 -0,045262 0,736098 3,417365
-0,044614 -0,005127 3,416637 0,248316 1,456538 3,210073 -0,793229 -0,036790 3,043359 -0,045254 0,743354 3,417469
-0,057653 -0,002157 3,394951 0,255161 1,464635 3,223546 -0,674472 -0,069696 3,125193 -0,049068 0,744402 3,404712
-0,067957 0,000360 3,405738 0,264513 1,463551 3,225372 -0,483178 -0,026315 2,942739 -0,048836 0,740809 3,404664
-0,061364 -0,003161 3,382271 0,268622 1,469550 3,214571 -0,515495 -0,011994 3,131256 -0,048364 0,740797 3,404413
-0,052513 -0,005700 3,378624 0,275318 1,473318 3,221815 -0,644952 -0,026142 3,015971 -0,048606 0,737197 3,404531
-0,037503 -0,007661 3,350754 0,271437 1,484667 3,238675 -0,930950 0,062923 3,330927 -0,051912 0,729744 3,366910
-0,031528 -0,012668 3,335836 0,274571 1,481185 3,239328 -0,988003 0,146209 3,256229 -0,048616 0,720165 3,354724
-0,019645 -0,010012 3,352775 0,271461 1,484369 3,241749 -1,016757 0,382210 3,018699 -0,041040 0,732269 3,379745
-0,017841 -0,012903 3,339497 0,271697 1,481902 3,222357 -0,874714 0,695959 2,777668 -0,041269 0,735855 3,379866
-0,017837 -0,004014 3,342457 0,271720 1,484316 3,226137 -0,797275 0,851016 2,735631 -0,033836 0,744508 3,405165
-0,022582 -0,003025 3,329560 0,288686 1,509786 3,260316 -0,663508 1,315975 3,258793 -0,033592 0,748109 3,405063
-0,039633 -0,002741 3,368153 0,297796 1,480465 3,237643 -0,460540 1,370391 3,176794 -0,041640 0,753201 3,430461
