38 12
-0,060498 0,009794 3,369718 0,292418 1,443117 3,327571 -0,520939 1,504572 3,383513 -0,063831 0,729837 3,403885
-0,052270 0,006697 3,371023 0,292245 1,443976 3,324733 -0,575267 1,508371 3,428438 -0,056275 0,734908 3,429518
-0,040370 0,005291 3,405993 0,283400 1,445987 3,320731 -0,702085 1,215204 2,961694 -0,060297 0,732350 3,416709
-0,033685 0,002253 3,415309 0,283388 1,457043 3,322572 -0,878454 0,898091 3,014562 -0,060158 0,722800 3,441958
-0,037292 0,004111 3,420888 0,279215 1,442705 3,304135 -0,890004 0,615282 2,785288 -0,056751 0,720328 3,429399
-0,047366 -0,005070 3,401577 0,280906 1,443700 3,312219 -0,931692 0,168809 2,782155 -0,049559 0,716696 3,429557
-0,058217 -0,011277 3,412845 0,286898 1,445181 3,313875 -0,885385 -0,166176 2,718408 -0,057204 0,712951 3,429040
-0,063663 0,002749 3,422385 0,284145 1,457347 3,340695 -0,875253 -0,294609 2,775930 -0,053440 0,727810 3,468303
-0,067066 0,003419 3,403600 0,285026 1,437801 3,321935 -0,861103 -0,511279 3,007417 -0,045711 0,732942 3,494804
-0,067244 -0,001170 3,406666 0,283143 1,440323 3,325032 -0,820763 -0,590040 3,010700 -0,046626 0,732806 3,494595
-0,067141 0,001218 3,402735 0,278175 1,435924 3,331065 -0,813314 -0,627782 3,081484 -0,046397 0,736572 3,494845
-0,069331 0,007340 3,398812 0,270915 1,441354 3,324214 -0,793802 -0,679165 3,182359 -0,038855 0,736612 3,495100
-0,080529 0,004934 3,419429 0,265151 1,446363 3,319201 -0,622019 -0,648919 2,923247 -0,050043 0,733998 3,481517
-0,080077 0,002310 3,410687 0,264060 1,447268 3,314236 -0,565362 -0,656935 2,967322 -0,038386 0,744086 3,495341
-0,082628 0,007812 3,405199 0,251665 1,430695 3,274790 -0,564834 -0,687141 3,090276 -0,045941 0,735207 3,468710
-0,078449 0,009972 3,412657 0,242967 1,442259 3,299789 -0,613820 -0,707629 3,121463 -0,045941 0,735207 3,468710
-0,079286 0,004255 3,414805 0,242967 1,435222 3,283491 -0,574331 -0,662554 2,994398 -0,049566 0,732656 3,455559
-0,080820 0,001481 3,409886 0,244025 1,437349 3,283296 -0,577110 -0,680406 3,061298 -0,049566 0,732656 3,455559
-0,085093 0,003526 3,412658 0,246966 1,424704 3,271792 -0,609645 -0,683913 3,043897 -0,053435 0,735161 3,468419
-0,091762 0,004731 3,416815 0,248912 1,431426 3,277032 -0,564167 -0,655114 2,964361 -0,049577 0,741445 3,481730
-0,095032 0,006006 3,393811 0,254889 1,431711 3,291616 -0,581083 -0,682200 3,057288 -0,053435 0,735161 3,468419
-0,100508 0,003636 3,398899 0,262023 1,415921 3,285197 -0,606701 -0,676049 3,004576 -0,049794 0,736276 3,455525
-0,104985 0,006782 3,399889 0,264493 1,422988 3,296149 -0,561114 -0,654545 2,927556 -0,053663 0,738794 3,468390
-0,106001 0,002455 3,379048 0,258680 1,420649 3,289998 -0,571499 -0,676900 3,032176 -0,042293 0,737775 3,481946
-0,109800 0,003860 3,394903 0,265808 1,433461 3,307580 -0,596985 -0,672735 2,986752 -0,049806 0,745112 3,481788
-0,116173 0,001776 3,392535 0,264524 1,432543 3,297074 -0,536786 -0,642108 2,898466 -0,050022 0,739878 3,455403
-0,117584 0,008150 3,388184 0,263429 1,427176 3,298746 -0,519307 -0,661061 3,018240 -0,053660 0,746150 3,468508
-0,121368 0,010357 3,378849 0,263318 1,423033 3,295031 -0,603665 -0,685716 3,102570 -0,049560 0,739985 3,455672
-0,122304 0,009469 3,380951 0,260380 1,426573 3,297569 -0,572952 -0,658421 2,982203 -0,049560 0,739985 3,455672
-0,122749 0,015381 3,382401 0,259980 1,428339 3,295541 -0,557812 -0,619129 3,011781 -0,053193 0,746218 3,468593
-0,111270 0,006822 3,359521 0,258467 1,436067 3,296539 -0,589018 -0,474294 3,009273 -0,049331 0,736344 3,455618
-0,105137 0,009456 3,353510 0,254219 1,432155 3,293733 -0,608639 -0,359936 2,953595 -0,053435 0,735161 3,468419
-0,081970 0,007152 3,392372 0,256117 1,433778 3,289121 -0,659293 -0,012971 2,819806 -0,049566 0,732656 3,455559
-0,066546 0,001643 3,382741 0,252502 1,442160 3,297834 -0,662582 0,456500 2,646857 -0,041869 0,729059 3,455787
-0,063410 0,005873 3,394152 0,250302 1,436363 3,284266 -0,659307 0,673367 2,620037 -0,041675 0,724078 3,430036
-0,065833 0,004532 3,402422 0,253888 1,448261 3,306451 -0,619149 1,184761 2,999743 -0,049324 0,727650 3,429808
-0,076043 0,005405 3,417983 0,262118 1,433509 3,315860 -0,527123 1,318914 3,054371 -0,064031 0,739909 3,454920
-0,087617 0,001128 3,436025 0,266999 1,434439 3,317917 -0,490804 1,414461 3,220912 -0,064268 0,736240 3,454964
