53 12
-0,036192 -0,005000 3,385989 0,395375 1,446120 3,331355 -0,452062 1,447605 3,387113 0,025965 0,765828 3,457388
-0,023839 -0,005710 3,393299 0,389899 1,455991 3,331414 -0,477964 1,407924 3,345480 0,033166 0,760573 3,431596
-0,000599 -0,006295 3,430357 0,370981 1,448779 3,288318 -0,593700 1,064628 2,918409 0,033166 0,760573 3,431596
0,016016 -0,010407 3,397966 0,355416 1,453552 3,278308 -0,750831 0,680088 3,028589 0,040901 0,758446 3,457233
0,024771 -0,015194 3,406085 0,352959 1,455248 3,272454 -0,835464 0,430278 3,023687 0,037010 0,755857 3,444324
0,030453 -0,007776 3,408720 0,355538 1,460997 3,277802 -0,897332 0,022926 3,007359 0,032897 0,749661 3,431531
0,010066 -0,011142 3,459479 0,361916 1,459531 3,283348 -0,840859 -0,219852 2,964572 0,017687 0,756325 3,483169
-0,005286 -0,000317 3,454837 0,370124 1,452324 3,281865 -0,729444 -0,320012 2,904438 0,021835 0,761135 3,470411
-0,018483 -0,002981 3,444195 0,378251 1,443435 3,301934 -0,570681 -0,451235 3,138094 0,014101 0,764805 3,470377
-0,007229 -0,003657 3,428446 0,378312 1,429891 3,269785 -0,533424 -0,483801 3,085114 0,025225 0,754818 3,457252
0,000371 -0,007609 3,429268 0,382412 1,440846 3,281718 -0,606074 -0,544342 3,224054 0,021800 0,762701 3,496598
0,012346 -0,003218 3,458427 0,378793 1,434997 3,257964 -0,729164 -0,517146 3,117289 0,025225 0,754818 3,457252
0,011347 -0,003874 3,474047 0,366335 1,447238 3,296091 -0,570872 -0,501224 2,926520 0,025458 0,760051 3,483387
0,010178 -0,009727 3,478056 0,364638 1,439568 3,287678 -0,485421 -0,472339 2,884895 0,025458 0,760051 3,483387
0,010333 -0,012650 3,467991 0,365465 1,437129 3,288012 -0,495889 -0,481603 2,948052 0,025694 0,765357 3,509890
0,014429 -0,010070 3,465365 0,366735 1,440241 3,295979 -0,717451 -0,534413 3,274314 0,033212 0,756359 3,483387
0,009438 -0,011560 3,476227 0,372734 1,444809 3,310771 -0,725437 -0,518368 3,124172 0,025694 0,765357 3,509890
-0,002098 -0,009909 3,471595 0,382876 1,450400 3,330863 -0,616395 -0,544731 3,186959 0,033212 0,756359 3,483387
-0,001890 -0,010980 3,481520 0,393381 1,432381 3,304080 -0,500250 -0,458662 2,957728 0,033212 0,756359 3,483387
0,000366 -0,012327 3,454715 0,401072 1,426592 3,302704 -0,566314 -0,506178 3,093067 0,022028 0,759014 3,496618
0,014014 -0,011875 3,487366 0,407163 1,433077 3,311940 -0,660664 -0,518663 3,072771 0,036822 0,753736 3,470252
0,011045 -0,005258 3,491732 0,402235 1,449962 3,314247 -0,723671 -0,504131 3,170875 0,022242 0,764331 3,523306
0,004108 -0,006650 3,503447 0,402217 1,441128 3,307566 -0,638189 -0,501184 3,012824 0,037129 0,758979 3,496567
-0,006946 -0,008750 3,486063 0,382964 1,429883 3,295760 -0,537792 -0,468922 2,992820 0,032984 0,760033 3,483354
-0,008079 -0,013760 3,474896 0,375091 1,432178 3,305086 -0,581125 -0,531523 3,179697 0,021574 0,750069 3,470168
-0,004266 -0,013238 3,477824 0,370179 1,435695 3,302862 -0,667930 -0,540905 3,309925 0,025904 0,754217 3,509794
-0,003540 -0,006527 3,491965 0,368566 1,441572 3,305655 -0,737755 -0,459859 3,139157 0,022028 0,759014 3,496618
-0,014927 -0,003431 3,520452 0,367385 1,432055 3,310447 -0,613030 -0,493952 2,979725 0,025434 0,754154 3,509537
-0,027012 -0,017516 3,508705 0,367921 1,428804 3,308100 -0,563990 -0,482073 2,957101 0,021769 0,747874 3,496366
-0,032035 -0,015012 3,483569 0,377270 1,429917 3,330916 -0,565188 -0,517585 3,037406 0,018385 0,752695 3,483333
-0,022981 -0,005263 3,486382 0,388072 1,431366 3,333958 -0,708724 -0,529030 3,309278 0,018159 0,756388 3,483407
-0,026296 -0,000225 3,497876 0,394068 1,443230 3,330347 -0,719684 -0,504039 3,220027 0,014478 0,759022 3,496597
-0,035413 0,011755 3,482109 0,384952 1,433859 3,314832 -0,653502 -0,517883 3,225193 0,018404 0,760083 3,483447
-0,047446 0,000895 3,487767 0,384738 1,435414 3,328331 -0,505280 -0,457441 2,967218 0,018159 0,756388 3,483407
-0,039926 -0,009869 3,461853 0,380483 1,430894 3,316029 -0,554304 -0,473041 3,039278 0,025434 0,754154 3,509537
-0,021759 -0,007381 3,499320 0,376223 1,437751 3,316374 -0,632334 -0,505666 3,065657 0,018159 0,756388 3,483407
-0,020963 -0,010473 3,509197 0,372591 1,450853 3,334466 -0,727569 -0,494118 3,094882 0,022242 0,764331 3,523306
-0,028634 -0,007230 3,527697 0,367027 1,438322 3,332814 -0,648877 -0,503084 2,964270 0,010772 0,761674 3,509873
-0,046017 -0,004331 3,493250 0,370016 1,423087 3,327214 -0,526781 -0,530163 3,122141 0,014234 0,755294 3,496468
-0,035654 -0,008100 3,470166 0,377136 1,429012 3,330616 -0,536083 -0,560512 3,244359 0,010376 0,745293 3,483134
-0,024153 -0,006725 3,466168 0,380212 1,436779 3,334344 -0,622094 -0,575027 3,364619 0,017916 0,752673 3,483276
-0,013657 -0,005918 3,494306 0,384980 1,451911 3,341567 -0,710761 -0,503857 3,196167 0,010756 0,754233 3,509752
-0,027849 -0,003638 3,535529 0,373311 1,454475 3,347151 -0,567383 -0,517103 2,997649 0,007027 0,756875 3,523110
-0,040926 -0,000798 3,526791 0,365141 1,439215 3,341407 -0,471236 -0,490799 2,892624 0,014461 0,751609 3,496480
-0,051140 0,009908 3,503675 0,373457 1,436139 3,349348 -0,413714 -0,516289 3,087858 0,010772 0,761674 3,509873
-0,048628 0,012487 3,500797 0,380105 1,436058 3,333884 -0,613614 -0,559445 3,388713 0,007154 0,755318 3,496457
-0,042684 -0,006830 3,494409 0,383417 1,422015 3,324225 -0,614223 -0,497781 3,265310 0,010756 0,754233 3,509752
-0,029660 -0,005450 3,506570 0,381359 1,430538 3,320402 -0,596053 -0,300682 3,075900 0,010756 0,754233 3,509752
0,000394 -0,013868 3,450046 0,380856 1,444446 3,327907 -0,740936 0,006179 3,161138 0,025891 0,745298 3,483234
0,006080 -0,002299 3,444850 0,379034 1,448680 3,324894 -0,853925 0,199938 3,121936 0,041052 0,754175 3,509712
0,011764 0,001545 3,438618 0,386120 1,455303 3,336752 -0,915761 0,662521 2,991868 0,022287 0,753751 3,470187
0,000505 -0,005238 3,458708 0,384409 1,459104 3,360431 -0,766656 1,028807 2,884310 0,018443 0,751162 3,457151
-0,008814 -0,003760 3,438041 0,385033 1,461983 3,387188 -0,654556 1,174043 2,966385 0,011243 0,761654 3,509730
