14 12
-0,001268 0,019487 3,448545 0,341747 1,503270 3,329481 -0,460124 1,490438 3,444502 0,010559 0,780556 3,457667
-0,011776 0,014606 3,422886 0,339580 1,502358 3,325983 -0,543609 1,290720 3,088509 0,003165 0,785971 3,483763
-0,029645 0,015540 3,436985 0,331181 1,535299 3,346567 -0,612603 0,978305 3,036549 0,021870 0,775871 3,470632
-0,035576 0,016166 3,436168 0,340225 1,497291 3,309018 -0,579915 0,713203 2,873893 0,025757 0,776865 3,457645
-0,051531 0,029778 3,405626 0,332845 1,490812 3,290438 -0,553798 0,330962 3,069285 0,025288 0,784193 3,457679
-0,054370 0,035603 3,407495 0,330660 1,502290 3,311074 -0,460113 0,147897 3,071679 0,021237 0,776176 3,419116
-0,055984 0,025372 3,401588 0,341008 1,485731 3,291464 -0,433086 0,131415 3,172586 0,028650 0,777789 3,444498
-0,043332 0,028911 3,403582 0,330748 1,483490 3,280650 -0,432090 0,156312 3,196019 0,025288 0,784193 3,457679
-0,034379 0,024241 3,388206 0,317133 1,535699 3,321836 -0,484894 0,336537 3,158534 0,032493 0,778809 3,431846
-0,023660 0,024840 3,383050 0,331857 1,489051 3,295850 -0,518474 0,481908 3,049983 0,018479 0,789667 3,483902
-0,015355 0,014502 3,405706 0,331952 1,487270 3,290957 -0,561178 0,927005 2,981468 0,006874 0,783255 3,470673
-0,002700 0,014346 3,371878 0,333144 1,475637 3,280952 -0,494252 1,224942 2,942639 -0,000397 0,779564 3,470501
0,001989 0,016076 3,393363 0,317984 1,528861 3,322429 -0,431057 1,315363 3,075389 -0,000633 0,783251 3,470593
-0,004292 0,015683 3,386096 0,318821 1,499075 3,299773 -0,381690 1,473990 3,403614 -0,011632 0,778841 3,431587
