16 12
0,000195 0,019923 3,399726 0,333965 1,451185 3,253301 -0,544001 1,282680 3,026320 0,025438 0,733720 3,405885
-0,005673 0,020426 3,409626 0,331729 1,483435 3,265804 -0,689131 1,114956 3,108761 0,018115 0,732339 3,380654
-0,010809 0,017172 3,414285 0,303221 1,385785 3,143322 -0,710133 0,870351 2,928632 0,010891 0,730085 3,405566
-0,018571 0,014808 3,401214 0,321887 1,413327 3,175304 -0,717709 0,457982 2,926933 -0,000966 0,726353 3,368339
-0,020788 0,012033 3,398326 0,301906 1,391063 3,116075 -0,639900 0,179141 2,899995 -0,011722 0,735107 3,430963
-0,018761 0,016217 3,395889 0,328302 1,435201 3,240824 -0,613092 0,107703 3,015955 -0,019325 0,733712 3,405487
-0,012878 0,009204 3,397899 0,360688 1,459463 3,278929 -0,559305 0,059660 3,339415 -0,033806 0,723831 3,355283
0,004144 0,024333 3,370494 0,357888 1,451394 3,271120 -0,547932 0,048445 3,378780 -0,037759 0,729800 3,367522
0,004627 0,011138 3,378824 0,334259 1,403852 3,219155 -0,562526 0,054258 3,376053 -0,037531 0,726245 3,367490
0,009447 0,011080 3,379074 0,327673 1,356862 3,208233 -0,597247 0,066946 3,209378 -0,037766 0,722644 3,367429
0,008435 0,020288 3,383284 0,273048 1,318902 3,130863 -0,678233 0,218519 3,180425 -0,030098 0,734797 3,392603
0,004948 0,023174 3,397660 0,281905 1,364372 3,135721 -0,695789 0,341512 3,054818 -0,019085 0,737330 3,405483
0,005519 0,023945 3,397382 0,264481 1,395521 3,093953 -0,720194 0,699927 2,929561 0,003377 0,738750 3,431139
-0,000033 0,022794 3,419835 0,246241 1,383646 3,167222 -0,619012 1,033445 2,765022 0,003396 0,746032 3,431242
-0,005951 0,010489 3,404224 0,320519 1,452698 3,249163 -0,550212 1,181600 2,867347 0,013821 0,731269 3,393380
-0,016860 0,013811 3,382020 0,290604 1,431889 3,226799 -0,416307 1,465667 3,378782 0,002912 0,738766 3,431287
