27 12
-0,099050 0,025661 3,460387 0,379783 1,418515 3,339327 -0,458976 1,457396 3,463273 -0,007669 0,775847 3,470191
-0,084983 0,016453 3,481334 0,360524 1,406443 3,289553 -0,536860 1,244011 3,171042 -0,015219 0,773809 3,496244
-0,059734 0,011220 3,441136 0,344222 1,437278 3,330864 -0,674967 1,053760 3,282416 -0,018930 0,758465 3,456693
-0,041829 0,019850 3,439492 0,338905 1,438606 3,316442 -0,692238 0,836291 3,178046 -0,011673 0,774853 3,483317
-0,016313 0,007581 3,481839 0,331701 1,444095 3,299193 -0,712037 0,484805 3,136942 -0,004203 0,762187 3,457194
0,001616 0,007353 3,462296 0,323562 1,456331 3,297009 -0,667159 0,196273 3,110315 0,003415 0,753318 3,431345
0,007692 0,004719 3,461139 0,329150 1,463401 3,315315 -0,644389 0,100878 3,134596 -0,004448 0,758516 3,457179
0,018041 0,004007 3,501338 0,327080 1,468462 3,309206 -0,631622 -0,060201 3,158713 -0,004235 0,747511 3,456974
0,012518 0,011250 3,522240 0,329644 1,458619 3,290584 -0,618835 -0,204070 3,092169 -0,012176 0,760044 3,483092
0,004294 0,005839 3,527374 0,337046 1,453993 3,303444 -0,622874 -0,279583 3,057782 -0,016196 0,758929 3,496037
-0,014259 0,017129 3,500347 0,346315 1,460768 3,323806 -0,637941 -0,375998 2,904273 -0,000854 0,762707 3,496468
-0,044470 0,023293 3,549865 0,350262 1,438279 3,310901 -0,652188 -0,447318 2,860358 0,002835 0,781959 3,536725
-0,062644 0,025028 3,553658 0,354557 1,450543 3,326115 -0,658348 -0,454212 2,813559 0,003082 0,785754 3,536943
-0,081116 0,037482 3,528375 0,365879 1,438272 3,336604 -0,664207 -0,459686 2,764162 0,003331 0,789528 3,537067
-0,091522 0,041218 3,538903 0,371952 1,424710 3,345394 -0,644309 -0,462276 2,747610 -0,004255 0,795116 3,564251
-0,098190 0,039148 3,534907 0,374117 1,426163 3,346495 -0,641568 -0,458955 2,764039 0,006838 0,783001 3,523482
-0,100099 0,039828 3,523990 0,378287 1,424400 3,354026 -0,644379 -0,464838 2,739010 -0,004255 0,795116 3,564251
-0,098849 0,041361 3,506359 0,378603 1,426969 3,366382 -0,652193 -0,449631 2,746587 0,003082 0,785754 3,536943
-0,096624 0,029562 3,503423 0,377584 1,434880 3,375381 -0,656905 -0,434672 2,738149 0,006610 0,772175 3,470444
-0,081130 0,024211 3,542868 0,371788 1,438863 3,375530 -0,658882 -0,373042 2,738717 -0,008628 0,773781 3,496404
-0,041918 0,009057 3,471424 0,367596 1,453296 3,380184 -0,647020 -0,218127 2,745339 -0,004568 0,770747 3,536597
-0,019230 -0,001514 3,462106 0,365706 1,457371 3,370953 -0,640723 -0,096887 2,751740 0,002814 0,766963 3,536469
0,020686 0,003001 3,508715 0,351908 1,467130 3,346118 -0,628108 0,248202 2,838010 -0,008157 0,764328 3,523038
0,040740 0,003874 3,458599 0,346899 1,477712 3,359603 -0,618111 0,659642 2,795012 -0,008405 0,762696 3,496363
0,043525 0,005644 3,458574 0,343311 1,479286 3,360223 -0,598962 0,862157 2,847972 -0,004365 0,769109 3,509829
0,027419 0,011026 3,423348 0,342817 1,473411 3,355851 -0,533533 1,258508 3,224187 -0,008148 0,773846 3,496587
-0,005916 0,011567 3,472038 0,343101 1,463955 3,349444 -0,441879 1,351291 3,214002 -0,011673 0,774853 3,483317
