25 12
-0,002314 -0,009131 3,351994 0,360265 1,458325 3,256991 -0,417478 1,358445 3,268752 0,029606 0,772171 3,470562
-0,010738 -0,008523 3,369392 0,357815 1,455623 3,243352 -0,443471 1,234410 3,201855 0,018072 0,764268 3,431734
-0,016515 -0,008230 3,377488 0,352613 1,454708 3,242198 -0,432721 1,090839 3,098286 0,033390 0,756889 3,431372
-0,019834 -0,012489 3,372359 0,343601 1,467298 3,239141 -0,414634 0,879540 3,051564 0,033584 0,745901 3,430961
-0,009827 -0,004917 3,372596 0,352844 1,449722 3,219489 -0,605903 0,787278 3,307815 0,033728 0,771120 3,483521
-0,003717 -0,008607 3,362887 0,354565 1,454094 3,224685 -0,756701 0,728137 3,315514 0,025943 0,758488 3,457281
0,010912 -0,009901 3,397166 0,380774 1,462642 3,253489 -0,875738 0,637257 3,045240 0,033479 0,767445 3,483556
0,009863 -0,017443 3,402440 0,391952 1,460434 3,238920 -0,619929 0,601060 2,803602 0,032918 0,756948 3,431632
0,013545 -0,016583 3,383408 0,393641 1,441789 3,226111 -0,553966 0,634645 2,909032 0,033705 0,763728 3,483409
0,019236 -0,013025 3,400036 0,408653 1,456455 3,259410 -0,623451 0,606221 2,843345 0,040901 0,758446 3,457233
0,028453 -0,013360 3,388064 0,412589 1,466619 3,269153 -0,875134 0,643671 3,073138 0,044363 0,754272 3,418561
0,031152 -0,011611 3,388968 0,414551 1,466232 3,264568 -0,803727 0,623320 2,926398 0,040498 0,751726 3,405919
0,027995 -0,015898 3,381363 0,412228 1,467544 3,270270 -0,649781 0,700585 3,206284 0,048005 0,753232 3,431390
0,031960 -0,005394 3,382523 0,410408 1,456344 3,256378 -0,709130 0,699413 3,245130 0,052166 0,759413 3,444082
0,032915 -0,014370 3,386480 0,406692 1,460162 3,255178 -0,836207 0,685243 3,228159 0,055856 0,758380 3,457065
0,034147 -0,012361 3,393839 0,412322 1,461049 3,271166 -0,862747 0,667498 3,174417 0,055856 0,758380 3,457065
0,036102 -0,007285 3,384921 0,415291 1,455709 3,254989 -0,589387 0,630411 2,928207 0,055856 0,758380 3,457065
0,031966 -0,002952 3,383810 0,416870 1,455742 3,268205 -0,635802 0,686880 3,166228 0,052166 0,759413 3,444082
0,033336 -0,016393 3,384544 0,417450 1,462673 3,267261 -0,812848 0,604909 2,878213 0,055856 0,758380 3,457065
0,042915 -0,010877 3,357099 0,422625 1,466415 3,261784 -1,029863 0,749628 3,115949 0,051918 0,755798 3,444188
0,045468 -0,011166 3,365621 0,421090 1,458244 3,249077 -1,000027 0,822282 3,059368 0,055856 0,758380 3,457065
0,052481 -0,007328 3,374393 0,420711 1,459547 3,256851 -0,927893 1,099000 3,353190 0,056104 0,762008 3,456963
0,054995 -0,009193 3,359397 0,414947 1,468279 3,278653 -0,634822 1,166639 3,009691 0,051944 0,763111 3,444289
0,052643 -0,003292 3,360298 0,407986 1,480558 3,299974 -0,508695 1,242167 3,042395 0,044263 0,766823 3,444499
0,047821 -0,009655 3,330540 0,391345 1,468581 3,282489 -0,366079 1,415709 3,322256 0,037033 0,763171 3,444427
