36 12
-0,057104 0,003234 3,401792 0,290847 1,447953 3,314808 -0,462165 1,371309 3,255504 -0,056519 0,723989 3,429447
-0,060551 0,004926 3,397387 0,295753 1,448591 3,312615 -0,464675 1,268266 3,173204 -0,060384 0,726444 3,442109
-0,064172 0,012110 3,404408 0,295933 1,450273 3,314874 -0,467312 1,141311 3,099989 -0,056293 0,720358 3,429303
-0,064134 0,000365 3,410319 0,299913 1,452666 3,338500 -0,468780 0,981788 3,019976 -0,059707 0,715460 3,441395
-0,065412 0,003514 3,402318 0,300461 1,437299 3,318154 -0,454793 0,789014 2,966655 -0,064285 0,714271 3,454623
-0,068475 -0,000096 3,414167 0,301614 1,451315 3,338253 -0,441289 0,651218 2,967796 -0,064734 0,721522 3,454673
-0,066286 0,002039 3,416938 0,304471 1,448639 3,348483 -0,440760 0,526266 2,970464 -0,064734 0,721522 3,454673
-0,068552 0,009583 3,439155 0,302616 1,445653 3,338422 -0,431786 0,439232 2,966627 -0,049302 0,716419 3,354182
-0,073015 0,006668 3,443869 0,298041 1,447013 3,352417 -0,416898 0,382608 2,921175 -0,053328 0,730864 3,391342
-0,077449 0,008251 3,462152 0,289824 1,452560 3,345331 -0,408488 0,337881 2,843525 -0,042585 0,731145 3,429583
-0,088286 0,002629 3,452624 0,286669 1,457724 3,347489 -0,419276 0,328086 2,730975 -0,027735 0,731214 3,429990
-0,092000 0,010459 3,450976 0,284149 1,436800 3,330017 -0,433611 0,333214 2,618139 -0,034856 0,729029 3,455914
-0,089471 0,006715 3,453720 0,289757 1,436751 3,332019 -0,434447 0,330043 2,570088 -0,016415 0,735228 3,469224
-0,081657 -0,001720 3,446864 0,288068 1,440038 3,340147 -0,425929 0,303900 2,606455 -0,032092 0,731193 3,467694
-0,067604 0,000475 3,441301 0,290432 1,436783 3,339260 -0,411480 0,286339 2,696129 -0,039133 0,738735 3,468451
-0,062326 0,002839 3,439931 0,289286 1,443621 3,337636 -0,393777 0,283665 2,799186 -0,039133 0,738735 3,468451
-0,059890 0,007733 3,439735 0,291499 1,442925 3,349066 -0,377648 0,291538 2,904680 -0,031739 0,729953 3,442303
-0,054607 0,011276 3,449390 0,296309 1,450844 3,362260 -0,371649 0,297113 2,955971 -0,035161 0,731182 3,429801
-0,058495 0,007827 3,468816 0,299350 1,450504 3,373103 -0,367784 0,289015 2,945111 -0,031279 0,737439 3,443067
-0,061763 0,006378 3,460744 0,298192 1,450342 3,361063 -0,369021 0,265087 2,885576 -0,031866 0,742345 3,468335
-0,066903 -0,008485 3,458656 0,299294 1,448605 3,361675 -0,371587 0,247193 2,773892 -0,024826 0,734757 3,467347
-0,077461 -0,006660 3,471829 0,296435 1,443152 3,357758 -0,381505 0,242593 2,641801 -0,028385 0,755398 3,534831
-0,088165 -0,006954 3,470944 0,298966 1,451584 3,371581 -0,392748 0,261169 2,506305 -0,047562 0,761385 3,603653
-0,092676 0,014392 3,474293 0,295876 1,445176 3,355794 -0,406488 0,305552 2,418681 -0,051300 0,751055 3,589409
-0,090511 0,005945 3,473047 0,297648 1,447646 3,358379 -0,416684 0,335973 2,405353 -0,054848 0,746210 3,603358
-0,083497 0,004532 3,447654 0,295348 1,441316 3,350722 -0,420660 0,355514 2,417634 -0,023550 0,725614 3,495458
-0,073942 0,015971 3,449822 0,297929 1,448525 3,367439 -0,420609 0,389493 2,455757 -0,020021 0,739257 3,508888
-0,064127 0,004956 3,450064 0,298895 1,444056 3,356962 -0,424128 0,455656 2,510989 -0,030735 0,724277 3,469049
-0,056730 -0,001100 3,437093 0,298746 1,447784 3,359093 -0,422541 0,561627 2,571224 -0,027261 0,730464 3,482289
-0,045947 0,006832 3,437758 0,299491 1,453513 3,356051 -0,417409 0,696228 2,631300 -0,026360 0,723064 3,481735
-0,042736 0,001941 3,434663 0,303355 1,457182 3,361499 -0,431353 0,877197 2,686107 -0,038018 0,713228 3,468564
-0,034463 0,004109 3,434673 0,305539 1,464417 3,360729 -0,457698 1,056754 2,781120 -0,030958 0,727929 3,469084
-0,034376 0,006766 3,440872 0,306327 1,458899 3,360492 -0,466940 1,225013 2,943036 -0,042067 0,734109 3,481896
-0,033216 0,005915 3,442621 0,303430 1,452275 3,350660 -0,462544 1,340750 3,081306 -0,038446 0,735247 3,468970
-0,034358 0,015614 3,431229 0,301971 1,461855 3,357114 -0,447585 1,407861 3,208734 -0,038674 0,738881 3,468924
-0,034052 0,009847 3,443354 0,301906 1,460911 3,346172 -0,426165 1,442819 3,321446 -0,045721 0,730166 3,442779
