43 12
0,019881 0,020703 3,399223 0,195845 1,324533 2,885273 -0,499872 1,352147 3,196120 0,006943 0,738462 3,393285
0,018801 0,018819 3,408953 0,268499 1,345767 3,054742 -0,597625 1,278411 3,164099 0,014685 0,739823 3,418360
0,020248 0,018003 3,405906 0,320915 1,408379 3,242787 -0,691606 1,190848 3,136915 0,018237 0,738745 3,431276
0,017654 0,031073 3,410740 0,182606 1,275104 2,849537 -0,776479 1,102941 3,096854 0,021665 0,738452 3,393391
0,017124 0,020204 3,405419 0,365992 1,497497 3,326922 -0,814045 1,005162 3,028912 0,020941 0,727639 3,393286
0,013687 0,025370 3,422835 0,187641 1,312111 2,856483 -0,797723 0,917589 2,944572 0,017895 0,735967 3,380880
0,012668 0,018721 3,418087 0,144250 1,302255 2,814010 -0,680925 0,827018 2,829677 0,025197 0,730123 3,405930
0,012969 0,020930 3,429609 0,319111 1,383366 3,192398 -0,556403 0,771623 2,755226 0,014744 0,731161 3,392803
0,011585 0,013995 3,420625 0,333541 1,458487 3,226207 -0,421553 0,756417 2,753548 0,018434 0,727789 3,430935
0,012713 0,009668 3,406276 0,217986 1,319057 2,962368 -0,356234 0,768475 2,896881 0,022259 0,721626 3,417892
0,017059 0,016289 3,416820 0,204930 1,327684 2,983093 -0,409614 0,750316 2,994483 0,018054 0,733731 3,405861
0,024065 0,019207 3,413228 0,206690 1,318790 2,918143 -0,543891 0,705862 3,048770 0,025438 0,733720 3,405885
0,024086 0,022637 3,423875 0,230284 1,356463 3,015679 -0,680134 0,697834 3,054267 0,024750 0,737333 3,405956
0,023500 0,017417 3,416259 0,292326 1,341773 3,193225 -0,758096 0,695531 2,982371 0,025680 0,737298 3,405755
0,020825 0,024400 3,434702 0,317673 1,390598 3,346813 -0,737864 0,688818 2,894853 0,025217 0,737354 3,406025
0,019036 0,015411 3,439624 0,270026 1,333389 3,106488 -0,607249 0,661575 2,765652 0,025438 0,733720 3,405885
0,016108 0,022549 3,441439 0,215018 1,293685 2,981101 -0,469542 0,677519 2,764387 0,025416 0,726491 3,405790
0,009802 0,010991 3,430686 0,141493 1,263040 2,747538 -0,366956 0,709369 2,822429 0,025632 0,722841 3,405565
0,011660 0,008032 3,427923 0,176245 1,288217 2,843407 -0,372303 0,731828 2,952583 0,021164 0,724057 3,393312
0,015879 0,019530 3,427087 0,225483 1,269526 2,926858 -0,500434 0,710272 3,002824 0,025438 0,733720 3,405885
0,017299 0,015513 3,431912 0,343343 1,396337 3,230471 -0,625828 0,733674 3,008722 0,032855 0,735095 3,431329
0,018177 0,013125 3,427256 0,326464 1,362241 3,176914 -0,712291 0,731998 2,946143 0,033315 0,735037 3,431069
0,016154 0,018823 3,438072 0,198060 1,302725 2,924135 -0,670616 0,711386 2,848367 0,032855 0,735095 3,431329
0,011745 0,016017 3,435835 0,187205 1,307542 2,906650 -0,547472 0,686638 2,760364 0,025438 0,733720 3,405885
0,012260 0,013542 3,435741 0,166609 1,296138 2,907469 -0,413925 0,688946 2,742166 0,018250 0,722852 3,405532
0,015421 0,015879 3,428985 0,283526 1,335552 3,149619 -0,349897 0,718864 2,871740 0,025632 0,722841 3,405565
0,015174 0,006763 3,423199 0,324175 1,356992 3,199638 -0,414992 0,727383 3,001728 0,025177 0,722895 3,405834
0,022852 0,018450 3,414280 0,309530 1,334213 3,184021 -0,568119 0,702200 3,045291 0,029510 0,741258 3,444139
0,026690 0,013844 3,410469 0,187896 1,324241 2,947314 -0,701268 0,692124 3,043926 0,025197 0,730123 3,405930
0,027771 0,022037 3,422995 0,334073 1,419202 3,197707 -0,775245 0,667162 2,982203 0,025460 0,740952 3,405980
0,026853 0,018830 3,420603 0,329425 1,426494 3,272296 -0,708828 0,620405 2,896089 0,025197 0,730123 3,405930
0,023218 0,012207 3,414414 0,303869 1,403617 3,172108 -0,587415 0,582442 2,806572 0,022068 0,732559 3,418308
0,022677 0,024821 3,412677 0,284868 1,310688 3,096224 -0,469232 0,613700 2,841893 0,029027 0,738438 3,393400
0,021453 0,011243 3,421568 0,264761 1,382003 3,039114 -0,397434 0,660440 2,903841 0,029436 0,723935 3,392789
0,026067 0,016051 3,412180 0,342442 1,444183 3,232021 -0,422269 0,704760 3,034610 0,036420 0,732581 3,418562
0,035944 0,023301 3,403068 0,135744 1,293060 2,828879 -0,557282 0,722410 3,049205 0,025438 0,733720 3,405885
0,039985 0,020464 3,390952 0,252335 1,386125 3,025692 -0,669612 0,784043 3,075260 0,036685 0,743447 3,418626
0,042946 0,022257 3,395143 0,252829 1,307044 3,022588 -0,747932 0,841334 3,007178 0,029246 0,734797 3,393182
0,045756 0,016860 3,391483 0,202896 1,331175 2,895029 -0,750975 0,928919 2,961116 0,036662 0,736190 3,418528
0,050406 0,019415 3,396801 0,297346 1,372697 3,094118 -0,698889 1,026112 2,935524 0,025217 0,737354 3,406025
0,052261 0,017317 3,400974 0,248477 1,369756 3,011337 -0,621493 1,127834 2,933931 0,036685 0,743447 3,418626
0,053931 0,015531 3,392879 0,239337 1,292866 3,047943 -0,520088 1,235630 2,964673 0,032876 0,742376 3,431430
0,056163 0,018099 3,398674 0,353558 1,493819 3,235893 -0,415670 1,328470 3,066959 0,036442 0,739838 3,418659
