33 12
-0,023056 0,020334 3,438760 0,262171 1,274226 3,091019 -0,456470 1,442867 3,346200 -0,036777 0,723859 3,391508
-0,019453 0,033075 3,443030 0,219880 1,279510 3,077319 -0,496894 1,408938 3,297779 -0,033872 0,722819 3,404866
-0,014655 0,026326 3,442279 0,243884 1,308391 3,091009 -0,557142 1,323413 3,190466 -0,033395 0,729996 3,404578
-0,017612 0,017847 3,449862 0,250233 1,374834 3,154238 -0,626067 1,212479 3,100446 -0,033649 0,719192 3,404665
-0,016792 0,019973 3,455016 0,188175 1,315085 2,951486 -0,681746 1,024476 2,996963 -0,036794 0,716661 3,391412
-0,023956 0,013494 3,462067 0,262623 1,396804 3,179155 -0,711179 0,756820 2,886818 -0,030034 0,714407 3,417338
-0,025432 0,007910 3,455100 0,143561 1,282848 2,828220 -0,709481 0,507343 2,862872 -0,030020 0,708403 3,367430
-0,037451 0,011900 3,460507 0,303464 1,484590 3,356155 -0,694215 0,283311 2,857436 -0,034340 0,715567 3,404816
-0,044248 0,007558 3,468283 0,295619 1,463683 3,251735 -0,679889 0,064465 2,836568 -0,023014 0,709615 3,392529
-0,051044 0,011403 3,452124 0,263853 1,407843 3,147602 -0,649589 -0,114216 2,857558 -0,030473 0,708375 3,367468
-0,059458 0,017807 3,455856 0,265112 1,406918 3,150854 -0,623192 -0,263198 2,897389 -0,036872 0,708327 3,366811
-0,068537 0,016843 3,437060 0,267994 1,376645 3,151009 -0,599334 -0,387218 2,948638 -0,037723 0,709556 3,392095
-0,073367 0,026482 3,440976 0,281416 1,422296 3,206625 -0,583343 -0,467437 2,988707 -0,033649 0,719192 3,404665
-0,079588 0,034986 3,429128 0,261935 1,397512 3,132559 -0,572071 -0,527984 3,013357 -0,022902 0,737598 3,443539
-0,085298 0,029571 3,437446 0,218778 1,369944 3,047609 -0,562827 -0,572495 3,022719 -0,018993 0,729137 3,456253
-0,086988 0,029531 3,425236 0,281346 1,357647 3,200428 -0,561130 -0,623452 3,051839 -0,019452 0,729151 3,456451
-0,089475 0,039521 3,421675 0,142899 1,241656 2,854205 -0,555199 -0,617256 3,047699 -0,026815 0,731422 3,430609
-0,086812 0,038033 3,427011 0,246786 1,420874 3,186711 -0,547499 -0,622037 3,040054 -0,011499 0,731451 3,430778
-0,085051 0,036338 3,423539 0,219345 1,331921 3,065094 -0,544285 -0,610788 3,041869 -0,011499 0,731451 3,430778
-0,081855 0,034824 3,433032 0,215842 1,333617 3,047266 -0,548111 -0,583906 3,025785 -0,019216 0,732817 3,456451
-0,075610 0,029996 3,421339 0,321778 1,476364 3,299121 -0,545845 -0,562719 3,027595 -0,015493 0,735357 3,469552
-0,063012 0,033141 3,418792 0,308841 1,462709 3,259572 -0,543189 -0,497045 3,009210 -0,018513 0,736371 3,455811
-0,056196 0,023824 3,426229 0,243653 1,382395 3,105033 -0,543520 -0,400197 2,986440 -0,018672 0,715599 3,404828
-0,041320 0,013147 3,421149 0,298105 1,445166 3,247156 -0,547046 -0,277073 2,978155 -0,007810 0,719364 3,443476
-0,028603 0,014092 3,435468 0,258920 1,420450 3,146407 -0,560992 -0,104347 2,989049 -0,012218 0,713255 3,430657
-0,013371 0,012174 3,422372 0,151218 1,307145 2,865935 -0,577276 0,092904 2,989237 -0,015945 0,715690 3,443414
-0,000776 0,011790 3,417993 0,253723 1,421962 3,143581 -0,577638 0,310765 2,947843 -0,022692 0,726627 3,443233
0,007015 0,012524 3,415182 0,316109 1,484053 3,280071 -0,595781 0,533601 2,897855 -0,022928 0,722993 3,443325
0,010628 0,011817 3,413499 0,172552 1,302382 2,925218 -0,614242 0,808822 2,950812 -0,026368 0,724133 3,430295
0,010028 0,006659 3,401939 0,196133 1,332208 3,080104 -0,591021 1,037436 2,999457 -0,030137 0,713191 3,392313
0,007325 0,017936 3,404981 0,180800 1,330668 3,007039 -0,553121 1,219765 3,080173 -0,026591 0,727786 3,430496
0,005617 0,020486 3,396981 0,289961 1,333900 3,195225 -0,491078 1,345384 3,189633 -0,026815 0,731422 3,430609
-0,000003 0,018677 3,402636 0,281233 1,281225 3,152579 -0,437306 1,429182 3,309623 -0,030005 0,728905 3,417542
