18 12
-0,066276 -0,002479 3,429099 0,293658 1,463113 3,275362 -0,496916 1,285998 3,293518 -0,053216 0,762527 3,494982
-0,064418 -0,000738 3,445573 0,285771 1,457284 3,277822 -0,529419 1,176568 3,193752 -0,052711 0,753562 3,468436
-0,060136 -0,011757 3,461706 0,290954 1,457914 3,294701 -0,567174 0,833993 2,885780 -0,048854 0,743661 3,455470
-0,061981 -0,005447 3,475303 0,303739 1,452450 3,297542 -0,440430 0,466702 2,657750 -0,034600 0,754734 3,456413
-0,061515 -0,008862 3,474590 0,306205 1,461678 3,312676 -0,401583 0,327164 2,577553 -0,039428 0,769994 3,442265
-0,084123 -0,042396 3,502405 0,313038 1,455400 3,314932 -0,376649 0,111310 2,507385 -0,035928 0,794797 3,562896
-0,110637 -0,044521 3,565499 0,310647 1,461360 3,327798 -0,294823 0,031118 2,349582 -0,035766 0,796710 3,535766
-0,114397 -0,045260 3,578450 0,312433 1,453821 3,319652 -0,282545 0,013978 2,320998 -0,036170 0,806024 3,562702
-0,108603 -0,035046 3,577711 0,310061 1,462305 3,333030 -0,239496 -0,012601 2,349691 -0,047805 0,806746 3,548281
-0,099185 -0,023839 3,565151 0,313725 1,453810 3,313257 -0,214208 -0,000105 2,319098 -0,040402 0,810400 3,547986
-0,095588 -0,024914 3,568397 0,315896 1,451727 3,313789 -0,219292 0,004053 2,328088 -0,043634 0,807820 3,535361
-0,082039 -0,031008 3,564166 0,317123 1,462240 3,326326 -0,215368 0,022512 2,334320 -0,036497 0,807569 3,534503
-0,045411 -0,012480 3,488676 0,317883 1,464269 3,311814 -0,246444 0,095174 2,432361 -0,035927 0,802356 3,563035
-0,026018 -0,009822 3,463080 0,319497 1,462339 3,305248 -0,279989 0,172135 2,515896 -0,035528 0,785542 3,535868
0,012709 -0,011039 3,513704 0,328817 1,471986 3,307751 -0,302317 0,398763 2,560853 -0,004691 0,754825 3,457075
0,045501 -0,013264 3,439824 0,330694 1,477631 3,296367 -0,465658 0,814871 2,780360 -0,014995 0,750014 3,469406
0,046622 -0,002265 3,444117 0,336327 1,484877 3,309767 -0,516066 1,021023 2,893785 -0,011452 0,758485 3,456867
0,036938 -0,003050 3,431549 0,332562 1,487795 3,298770 -0,468627 1,378722 3,315621 -0,007933 0,764814 3,470156
