30 12
-0,086277 -0,007138 3,397376 0,315923 1,289899 3,216157 -0,485766 1,311474 3,149803 -0,052458 0,680716 3,391151
-0,091832 -0,007508 3,399619 0,295361 1,229276 3,138816 -0,454774 1,228987 3,073597 -0,055993 0,678403 3,378526
-0,094268 -0,010216 3,394466 0,250096 1,115798 3,090592 -0,422861 1,129436 3,008293 -0,060029 0,669871 3,390687
-0,099288 -0,013557 3,402427 0,205616 1,017931 3,038557 -0,378199 1,037956 2,958559 -0,056014 0,656940 3,378241
-0,106952 -0,020795 3,399744 0,137292 0,929170 3,001759 -0,332086 0,977297 2,944395 -0,056650 0,624662 3,377560
-0,106424 -0,026279 3,402813 0,085343 0,868976 2,981302 -0,281791 0,949562 2,940864 -0,070849 0,614571 3,401777
-0,113724 -0,022489 3,409443 0,035093 0,839291 2,962044 -0,238027 0,934983 2,955376 -0,063962 0,596091 3,376853
-0,114365 -0,018562 3,412355 -0,002209 0,905284 2,976666 -0,232526 0,927994 2,939526 -0,082065 0,569502 3,388161
-0,119808 -0,022809 3,422881 -0,067273 0,974637 2,955946 -0,247141 0,886617 3,031915 -0,085688 0,585307 3,375711
-0,119210 -0,017907 3,417085 -0,049128 0,975691 3,004774 -0,259227 0,947492 2,974805 -0,092415 0,581788 3,375135
-0,121654 -0,013289 3,415942 -0,049859 0,894829 2,929679 -0,242106 0,992731 2,968069 -0,096188 0,579761 3,362703
-0,123294 -0,017202 3,424360 -0,066020 0,948234 2,959199 -0,267072 0,881097 3,024809 -0,091924 0,570850 3,350459
-0,122741 -0,017965 3,426506 -0,079393 0,999758 2,965226 -0,254773 0,900867 3,055888 -0,095996 0,583341 3,362719
-0,118145 -0,019701 3,418042 -0,073655 0,964214 2,917285 -0,283677 0,926053 3,007866 -0,092607 0,585328 3,375294
-0,119202 -0,022294 3,426718 -0,042099 0,915623 2,902818 -0,269366 0,992109 2,968043 -0,096375 0,576166 3,362603
-0,114197 -0,022225 3,423512 -0,075550 0,969287 2,937109 -0,284836 0,891765 3,011682 -0,085686 0,578190 3,375613
-0,111315 -0,020712 3,424102 -0,087928 1,016748 2,948428 -0,269344 0,910982 3,056926 -0,096189 0,586854 3,362797
-0,105543 -0,016036 3,428860 -0,083025 0,955073 2,920907 -0,292882 0,910157 3,008337 -0,092303 0,577863 3,350684
-0,106905 -0,022466 3,435243 -0,058000 0,902752 2,927513 -0,280019 0,989549 2,977868 -0,089199 0,573047 3,387749
-0,101004 -0,027423 3,436144 -0,086518 0,967748 2,972982 -0,292581 0,880368 3,036026 -0,092115 0,567298 3,350521
-0,098413 -0,026654 3,445743 -0,114941 1,009471 2,952744 -0,289233 0,909657 3,053700 -0,092415 0,581788 3,375135
-0,095511 -0,019533 3,437347 -0,054365 1,013981 2,951686 -0,298821 0,958168 3,042705 -0,096574 0,593838 3,362710
-0,092042 -0,020372 3,444240 0,001125 0,981417 2,887495 -0,341010 1,018260 2,990127 -0,097107 0,612132 3,387677
-0,089351 -0,023006 3,438787 0,074901 0,963320 2,833184 -0,419028 1,060871 3,012745 -0,082618 0,625659 3,363092
-0,088117 -0,020321 3,436959 0,147272 0,990903 2,821602 -0,486657 1,107490 3,049858 -0,086108 0,642210 3,376137
-0,087265 -0,018341 3,441334 0,227947 1,061115 2,865832 -0,542471 1,179695 3,096220 -0,074927 0,658952 3,389752
-0,086282 -0,014700 3,438832 0,300783 1,119722 2,922551 -0,565044 1,254838 3,149355 -0,070646 0,663990 3,377636
-0,084374 -0,005618 3,424037 0,346050 1,201023 3,036348 -0,570941 1,333633 3,218823 -0,067585 0,673364 3,390321
-0,080534 -0,003548 3,422474 0,359564 1,284135 3,146986 -0,530212 1,398860 3,304949 -0,060546 0,677994 3,415842
-0,082727 -0,001436 3,422582 0,330093 1,337403 3,265350 -0,461102 1,445895 3,340183 -0,064290 0,679212 3,402932
