30 12
-0,092686 -0,002557 3,442178 0,276394 1,305544 3,222647 -0,448599 1,349865 3,195668 -0,067721 0,674370 3,415520
-0,090733 -0,009365 3,439534 0,259801 1,240292 3,153494 -0,453221 1,245212 3,095136 -0,071603 0,676641 3,428053
-0,087159 -0,010779 3,432141 0,220185 1,140033 3,071044 -0,449812 1,122091 3,015136 -0,071389 0,673042 3,427982
-0,085929 -0,019552 3,441709 0,189224 1,041350 3,026271 -0,415792 1,016230 2,985419 -0,063662 0,654141 3,402803
-0,087194 -0,018425 3,445112 0,143942 1,007176 3,012163 -0,372972 0,940512 2,983455 -0,082290 0,641786 3,414233
-0,084447 -0,020550 3,462702 0,103662 0,998686 2,987042 -0,330679 0,915913 2,992583 -0,074525 0,623196 3,389304
-0,084586 -0,018692 3,472872 0,075115 1,004300 3,007535 -0,255332 0,928737 2,994501 -0,078004 0,610928 3,401131
-0,083796 -0,008326 3,476143 0,069894 0,981429 2,994873 -0,163457 1,001840 3,013256 -0,074343 0,598174 3,388860
-0,085513 -0,014468 3,488636 0,075062 0,988559 3,050501 -0,146026 1,017170 3,020847 -0,074541 0,594584 3,388907
-0,084496 -0,009748 3,486168 0,061053 1,007575 3,041254 -0,187594 0,974094 3,003354 -0,074149 0,594601 3,388631
-0,085107 -0,007716 3,485560 0,057025 0,994277 3,033859 -0,191012 0,953671 2,993802 -0,081708 0,602156 3,413078
-0,081441 -0,003535 3,484530 0,077186 0,971239 3,050243 -0,137380 1,008227 3,018454 -0,074734 0,602226 3,413973
-0,083212 -0,011492 3,489279 0,083472 0,994966 3,059204 -0,142704 1,010080 3,018080 -0,063702 0,603839 3,402094
-0,081384 -0,009442 3,494063 0,070423 1,001865 3,041268 -0,173319 0,972885 2,998695 -0,066811 0,601797 3,389126
-0,080766 -0,013799 3,504896 0,070183 0,990151 3,025424 -0,161751 0,977131 3,005903 -0,067207 0,601784 3,389392
-0,079620 -0,018229 3,489086 0,085820 0,984864 3,065708 -0,129126 1,016022 3,018367 -0,067407 0,591030 3,389251
-0,077909 -0,016511 3,492975 0,086185 0,989018 3,045128 -0,149441 1,000295 3,025313 -0,067207 0,601784 3,389392
-0,079772 -0,017208 3,483495 0,063398 1,001335 3,058849 -0,187804 0,950679 2,985471 -0,066629 0,591060 3,388724
-0,080493 -0,014770 3,495532 0,061501 0,987149 3,024442 -0,171263 0,951198 2,999985 -0,074937 0,591417 3,413916
-0,079986 -0,020553 3,494978 0,086487 0,945510 3,083603 -0,122752 1,007883 3,018537 -0,067027 0,583931 3,389057
-0,085261 -0,011406 3,492698 0,088989 0,961920 3,038280 -0,137220 1,008086 3,010359 -0,071061 0,596617 3,401619
-0,079960 -0,017674 3,484789 0,078184 0,971160 3,041018 -0,175647 0,990348 3,001743 -0,067212 0,594634 3,389293
-0,080425 -0,015175 3,487232 0,101615 0,979945 3,011872 -0,243622 0,971112 2,959941 -0,067147 0,613075 3,414347
-0,080914 -0,017485 3,486263 0,171264 0,997661 3,011421 -0,353360 0,967657 2,958884 -0,071615 0,640410 3,427511
-0,082129 -0,016184 3,478316 0,251670 1,017412 3,019299 -0,459431 1,004752 2,995173 -0,067730 0,652698 3,415206
-0,082853 -0,010882 3,474609 0,333942 1,059249 3,024318 -0,566284 1,060131 3,016925 -0,074537 0,654537 3,364928
-0,084196 -0,004792 3,465664 0,394015 1,120456 3,038697 -0,618974 1,137810 3,056077 -0,075533 0,666977 3,414819
-0,083960 -0,009320 3,469484 0,413172 1,216504 3,130552 -0,626469 1,240186 3,119195 -0,075724 0,675241 3,440541
-0,083519 -0,007961 3,467635 0,381151 1,331477 3,236045 -0,582109 1,343330 3,216684 -0,079655 0,677527 3,453232
-0,087229 0,000710 3,468580 0,291222 1,319908 3,365140 -0,462197 1,407817 3,292305 -0,082941 0,678861 3,440252
