58 12
-0,066862 -0,005006 3,377363 0,321928 1,329344 3,193443 -0,451911 1,288457 3,117510 -0,075321 0,721311 3,415770
-0,073929 -0,001068 3,388093 0,354683 1,262975 3,134217 -0,471234 1,199049 3,071970 -0,078348 0,718902 3,402960
-0,079316 -0,005533 3,375464 0,391613 1,156846 3,039243 -0,505907 1,097916 3,035680 -0,071361 0,716605 3,428632
-0,083543 -0,005149 3,382772 0,418793 1,036058 3,018577 -0,533391 0,973909 2,976584 -0,082480 0,715322 3,440666
-0,084790 -0,003352 3,382592 0,431011 0,922162 2,985014 -0,548163 0,834585 2,916881 -0,078779 0,709274 3,428124
-0,081665 -0,006520 3,386264 0,429449 0,785635 2,987473 -0,547320 0,714268 2,884900 -0,071361 0,716605 3,428632
-0,083502 -0,007116 3,392325 0,401374 0,667332 2,971804 -0,526152 0,612820 2,874545 -0,082707 0,718961 3,440840
-0,078435 -0,011135 3,394989 0,345960 0,576632 2,985733 -0,490888 0,534687 2,843929 -0,082254 0,721314 3,415398
-0,079031 -0,006062 3,408218 0,278331 0,521324 2,983441 -0,442662 0,491114 2,860787 -0,098035 0,733327 3,440150
-0,073149 -0,002407 3,411566 0,222064 0,481339 2,966107 -0,406365 0,465887 2,903613 -0,101002 0,738126 3,427188
-0,070595 -0,000530 3,418699 0,190536 0,454356 2,946275 -0,389816 0,449564 2,919106 -0,112194 0,736875 3,439011
-0,072984 -0,002230 3,425536 0,185036 0,438273 2,927707 -0,397175 0,455503 2,960866 -0,101810 0,746842 3,453029
-0,071581 -0,001908 3,425925 0,221727 0,440318 2,982644 -0,422210 0,443365 2,939957 -0,105239 0,744236 3,439865
-0,074588 -0,004288 3,422379 0,236475 0,444454 2,954681 -0,443239 0,452330 2,960500 -0,104412 0,728321 3,414095
-0,072838 -0,002091 3,412715 0,236182 0,437838 2,958136 -0,445469 0,455723 2,972053 -0,094116 0,743288 3,453410
-0,079394 0,001125 3,406696 0,251933 0,445069 2,981469 -0,446592 0,461417 2,975124 -0,097805 0,737023 3,440248
-0,081560 -0,002532 3,406082 0,263572 0,438598 2,944229 -0,455694 0,462141 2,983741 -0,101237 0,741738 3,427295
-0,078302 -0,000954 3,396951 0,270904 0,427147 2,923904 -0,471119 0,456182 2,995868 -0,097805 0,737023 3,440248
-0,078898 0,019263 3,410257 0,357863 0,366436 3,020947 -0,513674 0,403234 2,967695 -0,083176 0,724422 3,304124
-0,075022 0,005483 3,390543 0,474347 0,214586 2,914863 -0,729314 0,235727 3,239584 -0,097375 0,711208 3,325691
-0,072370 -0,006953 3,374437 0,541832 0,116300 3,014456 -0,801659 0,120436 3,230880 -0,082031 0,710456 3,415124
-0,070626 -0,019928 3,339289 0,704515 -0,019029 3,280696 -0,862162 -0,038188 3,179020 -0,057119 0,711900 3,480938
-0,064314 -0,017967 3,324352 0,756063 -0,054697 3,122624 -1,035537 -0,064405 3,409902 -0,060624 0,708181 3,441841
-0,056816 -0,014667 3,326735 0,829764 0,002216 3,005597 -1,130690 -0,026241 3,493368 -0,075099 0,703247 3,415567
-0,051693 -0,014955 3,349494 1,078769 0,216972 3,339088 -1,202142 0,106734 3,229067 -0,074649 0,703281 3,415438
-0,052984 -0,016554 3,351846 1,100883 0,176827 3,402194 -1,214166 0,093178 3,271771 -0,078805 0,689968 3,402512
-0,053110 -0,018024 3,341437 1,097192 0,073502 3,439137 -1,175850 0,018224 3,191974 -0,071816 0,694739 3,428256
-0,041237 -0,010712 3,356348 1,026309 -0,038025 3,466387 -1,138015 -0,094992 3,406127 -0,071816 0,694739 3,428256
-0,035652 -0,006941 3,345031 1,004406 0,056316 3,267983 -1,212113 -0,030428 3,523212 -0,075504 0,700775 3,441001
-0,028291 -0,009672 3,355761 1,055207 0,159787 3,340790 -1,262811 0,023935 3,518187 -0,079211 0,706833 3,453730
-0,032301 -0,005202 3,370775 1,103898 0,193318 3,420093 -1,226668 0,104764 3,304224 -0,076549 0,706765 3,493018
-0,030306 -0,006706 3,360448 1,081177 0,040598 3,604537 -1,134140 -0,053430 3,185362 -0,079873 0,700651 3,479648
-0,025356 -0,005926 3,351999 1,062006 -0,000891 3,591105 -1,095365 -0,079946 3,240564 -0,094347 0,695695 3,452698
-0,021275 -0,012471 3,357207 1,037453 0,072018 3,485497 -1,102536 -0,050347 3,317194 -0,083857 0,703049 3,492603
-0,015805 -0,008924 3,369660 1,080548 0,220749 3,380184 -1,236440 0,060583 3,418864 -0,080092 0,709266 3,506114
-0,018074 -0,008781 3,374319 1,089045 0,205601 3,427043 -1,197944 0,065982 3,251283 -0,078988 0,703184 3,453558
-0,019938 -0,007183 3,358609 1,038759 0,025208 3,394994 -1,207532 -0,039110 3,339339 -0,083172 0,701898 3,466390
-0,013266 -0,015286 3,356818 0,971611 -0,027522 3,423843 -1,064258 -0,099897 3,238099 -0,079657 0,692138 3,453464
-0,015980 -0,007031 3,354346 0,945441 -0,000329 3,272492 -1,087273 -0,085224 3,376517 -0,072587 0,696989 3,479918
-0,013849 -0,013998 3,359991 1,075555 0,151093 3,388284 -1,138515 0,024544 3,258045 -0,068428 0,705668 3,467277
-0,009837 -0,018259 3,348994 1,041876 0,166403 3,375393 -1,164749 0,097534 3,233012 -0,056329 0,691295 3,428876
-0,012058 -0,011710 3,359467 1,023044 0,078014 3,372550 -1,175993 0,061829 3,258778 -0,057276 0,699623 3,454659
-0,014776 -0,010817 3,348658 0,967555 -0,068657 3,434434 -1,153199 -0,096744 3,393253 -0,057053 0,703324 3,454801
-0,018263 -0,012955 3,333845 0,960166 -0,010457 3,289937 -1,121882 -0,060255 3,432225 -0,060722 0,702079 3,467565
-0,018771 -0,004714 3,351987 0,980161 0,073569 3,202562 -1,168546 0,025388 3,454471 -0,064737 0,706884 3,454443
-0,023797 -0,010214 3,336977 1,131597 0,356632 3,361681 -1,180858 0,309067 3,210201 -0,056882 0,722960 3,481022
-0,035873 -0,017092 3,366689 1,091886 0,566363 3,399008 -1,181905 0,533328 3,185049 -0,041462 0,713175 3,429801
-0,044356 -0,018434 3,363615 1,034565 0,473866 3,237476 -1,198263 0,531851 3,296809 -0,034186 0,718113 3,455801
-0,057649 -0,023590 3,338975 1,086207 0,244559 3,352990 -1,227434 0,317863 3,296721 -0,034427 0,707130 3,455703
-0,085922 -0,023650 3,386628 1,027335 0,113101 3,478570 -1,155259 0,182508 3,271823 -0,038257 0,702210 3,468467
-0,100489 -0,018097 3,381544 0,987581 0,132541 3,359329 -1,161402 0,196437 3,304904 -0,031334 0,707051 3,494839
-0,124889 -0,011499 3,338238 1,046344 0,377066 3,373123 -1,169115 0,435554 3,343190 -0,041021 0,705862 3,429285
-0,131356 0,012729 3,355639 0,991052 0,859034 3,413564 -0,986198 0,771736 2,985682 -0,053135 0,721482 3,416781
-0,134507 0,009255 3,357636 0,940571 1,167028 3,677892 -0,865649 0,925832 2,905011 -0,064502 0,732552 3,454920
-0,139959 0,014926 3,358742 0,494221 1,274884 3,206894 -0,652086 1,447007 3,531933 -0,074859 0,728629 3,415915
-0,141554 0,026791 3,396321 0,184360 1,048487 3,469819 -0,419272 1,416022 3,329632 -0,077868 0,733342 3,402858
-0,147309 0,022849 3,378736 0,180883 1,039455 3,233380 -0,431260 1,417793 3,363003 -0,071351 0,731150 3,428849
-0,150504 0,013229 3,408908 0,249151 1,167645 3,308105 -0,449639 1,395557 3,328088 -0,071356 0,723876 3,428741
