42 12
-0,055361 -0,005059 3,418649 0,286752 1,336623 3,246490 -0,436223 1,314382 3,220611 -0,045544 0,681744 3,416581
-0,059131 -0,001369 3,416409 0,280978 1,290127 3,205703 -0,429099 1,226660 3,139040 -0,045544 0,681744 3,416581
-0,061705 -0,007362 3,416589 0,277381 1,246727 3,162094 -0,412029 1,128781 3,041546 -0,045544 0,681744 3,416581
-0,065336 -0,001957 3,412761 0,262557 1,204486 3,120329 -0,392487 1,051072 2,989941 -0,041317 0,679485 3,404012
-0,069210 -0,007380 3,420953 0,250358 1,177542 3,105131 -0,369152 0,996701 2,962196 -0,037892 0,679196 3,442218
-0,071007 -0,005268 3,413330 0,239091 1,159309 3,093269 -0,343408 0,953628 2,939863 -0,037472 0,671878 3,441705
-0,071470 -0,002231 3,414671 0,224812 1,148803 3,091867 -0,320142 0,958464 2,948399 -0,037681 0,675545 3,442005
-0,075474 -0,005559 3,423717 0,209105 1,125488 3,091648 -0,291571 0,997149 2,996666 -0,037695 0,668268 3,441896
-0,071559 -0,003050 3,424959 0,188453 1,096501 3,081049 -0,258415 1,041549 2,988166 -0,030463 0,671947 3,442356
-0,070126 -0,004529 3,423162 0,177064 1,058235 3,063851 -0,236426 1,078597 2,997299 -0,037695 0,668268 3,441896
-0,068357 -0,004698 3,420245 0,175307 1,028736 3,078073 -0,228756 1,093937 2,998331 -0,030475 0,664670 3,442249
-0,069308 -0,003922 3,426684 0,178957 0,978869 3,040912 -0,237053 1,080130 2,989675 -0,045355 0,656472 3,416228
-0,065819 -0,004947 3,425205 0,193949 0,932108 3,058633 -0,234664 1,076953 2,989952 -0,045779 0,649181 3,416018
-0,066995 -0,005832 3,435214 0,191509 0,893699 3,039328 -0,223136 1,064783 2,982517 -0,034699 0,659605 3,454959
-0,066982 -0,003323 3,426151 0,208709 0,862836 3,051664 -0,224233 1,068658 2,994164 -0,023179 0,656561 3,416943
-0,066315 -0,013298 3,428137 0,189848 0,785494 3,069172 -0,217597 1,072958 3,001224 -0,027139 0,655138 3,429481
-0,065249 -0,002492 3,428815 0,197132 0,812756 3,022634 -0,220121 1,062615 3,006016 -0,026935 0,651539 3,429456
-0,068452 -0,018861 3,439670 0,178068 0,823450 3,029810 -0,211770 1,071093 2,999020 -0,038149 0,646455 3,441802
-0,066961 -0,018660 3,437704 0,136875 0,884180 3,082930 -0,194746 1,066434 2,999995 -0,034722 0,637725 3,454625
-0,070614 -0,006043 3,443858 0,064210 0,959205 3,045103 -0,186528 1,040022 3,023092 -0,042207 0,614597 3,402887
-0,067432 -0,009778 3,439281 0,020571 1,045588 3,032012 -0,204171 0,990075 3,034404 -0,041382 0,629762 3,428430
-0,072438 0,002230 3,432771 0,040202 1,000870 2,997948 -0,211075 1,006136 3,015617 -0,045388 0,627605 3,415816
-0,069457 -0,002188 3,431163 0,045630 0,951513 2,988294 -0,181672 1,055820 3,019989 -0,042205 0,621780 3,402988
-0,071095 -0,001934 3,438509 0,020133 0,988801 3,027818 -0,214301 1,010908 3,027336 -0,041813 0,614698 3,403171
-0,072948 -0,000120 3,431658 0,013909 1,029235 3,047704 -0,220799 0,992573 3,031781 -0,041393 0,629104 3,403316
-0,070303 -0,001862 3,427689 0,015408 0,973657 2,981107 -0,209526 1,025995 3,000651 -0,048972 0,618281 3,402953
-0,068365 -0,009755 3,437426 0,031066 0,913469 2,957357 -0,184837 1,047673 3,020257 -0,042207 0,614597 3,402887
-0,070878 -0,012917 3,436301 0,005240 0,974145 3,007890 -0,218024 1,022697 3,037319 -0,056538 0,607443 3,402486
-0,072108 -0,004158 3,440347 0,017125 1,023595 3,037573 -0,223261 0,984430 3,036039 -0,049198 0,629723 3,428373
-0,067255 -0,003576 3,433969 0,024804 0,963797 2,980489 -0,191008 1,049215 3,027360 -0,049373 0,611029 3,402749
-0,069249 -0,013746 3,429366 0,031274 0,902458 2,965819 -0,179077 1,043696 3,023843 -0,042404 0,596578 3,402365
-0,069141 -0,010177 3,431955 0,009041 0,977874 3,013254 -0,226909 0,965371 3,021656 -0,045402 0,598303 3,390314
-0,068535 -0,006309 3,429140 0,013821 1,018905 2,982644 -0,229085 0,982666 3,045947 -0,048734 0,621266 3,378074
-0,066099 -0,005373 3,433102 0,031377 1,016730 3,004288 -0,232850 1,015392 3,011240 -0,041799 0,629068 3,403371
-0,060429 -0,000558 3,437436 0,050393 0,973334 2,974323 -0,261658 1,077564 3,020070 -0,045979 0,630335 3,390217
-0,063279 -0,007627 3,442501 0,139791 0,958996 2,952679 -0,360263 1,090253 3,014746 -0,042417 0,638857 3,377692
-0,061051 -0,012666 3,427845 0,217267 0,950169 2,919591 -0,438343 1,127978 3,009792 -0,031198 0,660023 3,416457
-0,060720 -0,007931 3,430810 0,302902 1,004633 2,927269 -0,507520 1,183080 3,065450 -0,037829 0,665504 3,366696
-0,057729 -0,006884 3,432324 0,375777 1,091517 2,961919 -0,554763 1,255445 3,123350 -0,034380 0,679487 3,404316
-0,058619 -0,007107 3,436252 0,420639 1,189151 3,042210 -0,569968 1,330825 3,175114 -0,030531 0,685453 3,417142
-0,059007 -0,003246 3,422206 0,427413 1,288183 3,142393 -0,544072 1,395179 3,238945 -0,030531 0,685453 3,417142
-0,053640 -0,007128 3,422729 0,384348 1,337399 3,255773 -0,474571 1,434731 3,305611 -0,030531 0,685453 3,417142
