32 12
-0,071779 0,001139 3,436793 0,281572 1,396944 3,299968 -0,447746 1,426250 3,298532 -0,064302 0,692330 3,454282
-0,073076 -0,000714 3,435733 0,287703 1,332652 3,226320 -0,463336 1,394465 3,264980 -0,060853 0,689916 3,441482
-0,071143 -0,004181 3,426465 0,284500 1,275798 3,189044 -0,472993 1,294314 3,163612 -0,064523 0,688649 3,454235
-0,073625 -0,005084 3,423204 0,268007 1,208769 3,112885 -0,475267 1,164984 3,071729 -0,064523 0,688649 3,454235
-0,077752 -0,007096 3,428178 0,251671 1,113896 3,063469 -0,494109 1,021245 2,997983 -0,064312 0,677717 3,454054
-0,074548 -0,006807 3,427550 0,222694 1,047123 3,022357 -0,485389 0,889046 2,953147 -0,060126 0,663609 3,415707
-0,073151 -0,014027 3,421708 0,194336 0,979170 3,014658 -0,454720 0,806579 2,946727 -0,072375 0,671290 3,479568
-0,075376 -0,013208 3,442825 0,147909 0,953567 3,005801 -0,392920 0,785063 2,950622 -0,060439 0,660874 3,441117
-0,073957 -0,011105 3,439756 0,081802 0,944286 2,997016 -0,302527 0,839476 2,990710 -0,068141 0,623735 3,414546
-0,071697 -0,018543 3,447643 0,060193 0,882124 3,033702 -0,171743 0,908309 2,989699 -0,060308 0,584696 3,439877
-0,069179 -0,007441 3,442637 0,055883 0,874643 3,089043 -0,147224 0,935841 3,009080 -0,063659 0,586296 3,426805
-0,067126 -0,008769 3,455021 0,055347 0,948532 3,052128 -0,182289 0,892401 2,999298 -0,066984 0,587870 3,413723
-0,065137 -0,001937 3,450332 0,062658 0,947611 3,046780 -0,179840 0,876820 3,009978 -0,066937 0,591796 3,438365
-0,064082 -0,005415 3,449798 0,084694 0,920083 3,020921 -0,137109 0,938984 3,019312 -0,056440 0,597167 3,427495
-0,061215 -0,006072 3,453760 0,075204 0,928204 2,997122 -0,140099 0,932597 3,022135 -0,056260 0,586337 3,427167
-0,058314 -0,006773 3,455238 0,059661 0,951254 3,055559 -0,162066 0,879821 3,010072 -0,055965 0,586615 3,451689
-0,058231 -0,007161 3,451299 0,058723 0,930311 3,017760 -0,158783 0,880199 3,005149 -0,055887 0,579075 3,426466
-0,052573 -0,012196 3,459225 0,099877 0,912660 3,060299 -0,127185 0,933430 3,015051 -0,056456 0,582730 3,427283
-0,052733 -0,016564 3,453400 0,077620 0,936862 3,029624 -0,139763 0,913644 3,020452 -0,052443 0,577180 3,414552
-0,052980 -0,007562 3,441972 0,069749 0,928674 3,048529 -0,170301 0,862088 3,009753 -0,044503 0,573524 3,413836
-0,049585 -0,007903 3,443180 0,093401 0,902672 3,029730 -0,148262 0,890013 3,009115 -0,052454 0,569993 3,414451
-0,051871 -0,015876 3,449153 0,108488 0,893331 3,037169 -0,127114 0,938783 3,018735 -0,049201 0,578792 3,402391
-0,049742 -0,013928 3,446702 0,109318 0,922230 3,016201 -0,144649 0,924188 2,995820 -0,048824 0,578834 3,402328
-0,048524 -0,008208 3,428338 0,106437 0,954104 3,021273 -0,199058 0,896247 2,980619 -0,048004 0,600240 3,401480
-0,047222 -0,016134 3,437749 0,174994 0,962883 2,987783 -0,289319 0,895872 2,967879 -0,044331 0,637645 3,390065
-0,042773 -0,006127 3,429957 0,251260 0,993444 3,011109 -0,391810 0,922468 2,993692 -0,056364 0,662279 3,428450
-0,044575 -0,009231 3,427634 0,319931 1,017989 3,010388 -0,502577 0,976140 3,008255 -0,045339 0,670923 3,416435
-0,041855 -0,003700 3,421460 0,369565 1,077071 3,044258 -0,578913 1,052109 3,049933 -0,034669 0,688821 3,455405
-0,039832 -0,011556 3,421585 0,394111 1,161075 3,096180 -0,601228 1,130679 3,083323 -0,045544 0,681744 3,416581
-0,040363 -0,011612 3,412736 0,365571 1,247523 3,160879 -0,569122 1,243782 3,169888 -0,042156 0,687675 3,429395
-0,042646 -0,007215 3,426581 0,303081 1,334206 3,272044 -0,474165 1,325302 3,232075 -0,041935 0,691348 3,429547
-0,042940 -0,000081 3,416578 0,273054 1,322549 3,331467 -0,409643 1,377356 3,298152 -0,042152 0,694936 3,429502
