21 12
-0,077675 0,003795 3,354946 0,243719 1,495668 3,274340 -0,568811 1,412476 3,190969 -0,041163 0,753187 3,430220
-0,086891 0,008734 3,385576 0,245520 1,488785 3,269608 -0,741712 1,342582 3,253454 -0,033606 0,740875 3,404963
-0,095828 -0,000582 3,401224 0,252816 1,487793 3,280983 -0,777482 1,130000 3,019269 -0,026372 0,732335 3,380217
-0,100576 0,004185 3,395164 0,251069 1,480902 3,269367 -0,833867 0,687185 2,648005 -0,019325 0,733712 3,405487
-0,109521 0,015736 3,425076 0,253934 1,477332 3,257152 -0,773868 0,366278 2,549584 -0,053151 0,752038 3,442823
-0,117407 0,019033 3,416447 0,254222 1,479691 3,269612 -0,760881 0,260910 2,543993 -0,057255 0,758226 3,455572
-0,118776 0,028462 3,423125 0,252761 1,474717 3,260688 -0,747889 0,132767 2,583877 -0,064593 0,763493 3,481431
-0,117628 0,036927 3,405228 0,253210 1,479934 3,259864 -0,708371 0,095460 2,531203 -0,060911 0,764543 3,468568
-0,115414 0,031649 3,426015 0,253742 1,472286 3,255517 -0,695937 0,089870 2,543422 -0,064245 0,765574 3,455420
-0,111978 0,034143 3,430212 0,254156 1,483728 3,266921 -0,688331 0,091114 2,577266 -0,056774 0,765631 3,455760
-0,111481 0,033918 3,424083 0,258473 1,481306 3,269852 -0,690028 0,093675 2,567315 -0,053172 0,768303 3,468941
-0,110037 0,033364 3,422301 0,251260 1,477981 3,267123 -0,693573 0,091771 2,554837 -0,049308 0,758343 3,455957
-0,113362 0,033047 3,426995 0,246958 1,472218 3,246162 -0,696662 0,096882 2,552661 -0,056774 0,765631 3,455760
-0,110782 0,028475 3,416821 0,254135 1,480752 3,266958 -0,714126 0,117284 2,581336 -0,053179 0,760938 3,468825
-0,109697 0,034836 3,413273 0,247042 1,479757 3,251171 -0,722085 0,141015 2,577716 -0,052904 0,763030 3,442986
-0,105326 0,032714 3,400305 0,248875 1,483652 3,260134 -0,731806 0,219683 2,578928 -0,045917 0,764645 3,469174
-0,088831 0,018448 3,373439 0,249128 1,486605 3,275144 -0,730489 0,408077 2,557802 -0,026210 0,748140 3,405292
-0,079389 0,014211 3,354909 0,247814 1,491367 3,264096 -0,731290 0,538883 2,553069 -0,022571 0,743442 3,417963
-0,073594 0,008123 3,378611 0,253860 1,487464 3,272494 -0,701196 0,921041 2,788149 -0,022813 0,739830 3,418055
-0,075099 0,009781 3,371528 0,250149 1,493429 3,277582 -0,642044 1,143443 2,837129 -0,026565 0,742345 3,430706
-0,077201 0,012151 3,356647 0,245908 1,496351 3,267070 -0,591846 1,264439 2,983995 -0,026793 0,745984 3,430820
