23 12
-0,079169 -0,016910 3,441677 0,307969 1,471706 3,326530 -0,379095 1,206853 2,881871 -0,066768 0,725027 3,415684
-0,078819 -0,022395 3,454451 0,322787 1,471454 3,368905 -0,329264 0,816278 2,696409 -0,066695 0,707997 3,440091
-0,091677 -0,018985 3,483541 0,327313 1,466846 3,374238 -0,186133 0,404636 2,524091 -0,084088 0,751088 3,493361
-0,092538 -0,012806 3,481272 0,328869 1,445952 3,420214 -0,128244 0,290864 2,547818 -0,072912 0,766672 3,534273
-0,093066 -0,004497 3,514987 0,329147 1,444318 3,442418 -0,011465 0,157594 2,660707 -0,064664 0,787132 3,561145
-0,117938 0,003023 3,610161 0,333008 1,455506 3,418365 0,160736 0,100447 2,311341 -0,070497 0,823752 3,438706
-0,132369 -0,024373 3,587330 0,313336 1,405679 3,390404 0,185558 0,077656 2,309266 -0,066993 0,818186 3,397712
-0,128882 -0,018710 3,601656 0,294081 1,234487 3,354164 0,203875 0,058965 2,314963 -0,063462 0,821001 3,410439
-0,129276 -0,013522 3,633153 0,310488 1,420145 3,459552 0,206990 0,050332 2,296930 -0,062939 0,826593 3,386519
-0,128923 -0,016871 3,651379 0,279708 1,309632 3,493285 0,208166 0,043029 2,302709 -0,059659 0,832754 3,398142
-0,137251 -0,015347 3,629872 0,257528 1,259756 3,323982 0,211328 0,033565 2,298545 -0,059833 0,819282 3,370682
-0,141669 -0,018340 3,643473 0,267624 1,264239 3,268311 0,218980 0,037833 2,309880 -0,059659 0,832754 3,398142
-0,142521 -0,010053 3,660161 0,269838 1,277269 3,326603 0,215984 0,040308 2,319287 -0,059089 0,821605 3,348499
-0,148534 -0,004414 3,657928 0,309420 1,334488 3,441960 0,215040 0,042606 2,308445 -0,059574 0,820957 3,346178
-0,152118 -0,020696 3,644204 0,281653 1,291611 3,307480 0,210212 0,032229 2,307777 -0,070442 0,827545 3,359385
-0,148781 -0,013713 3,625323 0,299646 1,356582 3,442951 0,210097 0,031066 2,316377 -0,055804 0,818250 3,334087
-0,143903 -0,005222 3,633114 0,339597 1,464971 3,426091 0,208967 0,037494 2,316408 -0,055827 0,825379 3,334180
-0,140398 -0,033100 3,534123 0,273477 1,228521 3,474747 0,211995 0,133330 2,374869 -0,084655 0,764819 3,450739
-0,134580 -0,045781 3,499388 0,307494 1,392356 3,351063 0,206017 0,229579 2,446551 -0,095840 0,770845 3,462119
-0,107483 -0,016088 3,506215 0,324442 1,459468 3,373405 0,200145 0,543585 2,606783 -0,077372 0,767236 3,574924
-0,065987 -0,034717 3,402746 0,277969 1,338548 3,270011 -0,052361 1,121076 3,151904 -0,052482 0,696204 3,416416
-0,054619 -0,027454 3,400718 0,317523 1,483087 3,385274 -0,271300 1,454229 3,503309 -0,045753 0,705792 3,391513
-0,049712 -0,013151 3,380645 0,305465 1,475274 3,341712 -0,581611 1,454946 3,299613 -0,041189 0,738622 3,430009
