26 12
0,012941 0,024157 3,412813 0,270836 1,316996 3,151541 -0,443068 1,405734 3,174533 -0,000835 0,736247 3,418489
0,004034 0,020959 3,427828 0,140740 1,274802 2,857999 -0,419031 1,251379 3,014378 -0,011258 0,735054 3,430611
-0,002780 0,016285 3,436742 0,065506 1,191617 2,735488 -0,402028 1,107854 2,874054 -0,011036 0,731360 3,430254
-0,020015 0,009075 3,395866 0,112261 1,249836 2,770451 -0,423312 0,794511 2,765137 -0,015232 0,714454 3,417746
-0,037372 0,023641 3,423855 0,323204 1,430018 3,264893 -0,448289 0,558618 2,756428 0,014062 0,734874 3,393408
-0,045809 0,016681 3,423864 0,206061 1,305333 2,973604 -0,461565 0,480724 2,748072 0,013513 0,736189 3,418408
-0,045077 0,036137 3,415825 0,218532 1,367553 3,042937 -0,455905 0,330222 2,734236 0,021686 0,761658 3,418982
-0,033634 0,027773 3,392240 0,317418 1,374908 3,339014 -0,386004 0,243805 2,788920 0,013170 0,763605 3,393353
-0,029772 0,025132 3,390527 0,156541 1,283364 2,898093 -0,359655 0,238218 2,963026 0,005669 0,765096 3,418222
-0,026738 0,039125 3,415724 0,266859 1,311904 3,380876 -0,406646 0,254321 2,871569 0,013406 0,760056 3,393539
-0,022995 0,041673 3,428887 0,230872 1,318454 3,139111 -0,474199 0,294670 2,829285 0,010406 0,767919 3,431764
-0,021047 0,032241 3,417773 0,229222 1,245185 3,083466 -0,460469 0,248052 2,703460 0,013870 0,752900 3,393660
-0,014175 0,037258 3,409644 0,053310 1,196557 2,682366 -0,377038 0,251208 3,014971 0,009554 0,766200 3,405931
-0,018152 0,033061 3,420834 0,279243 1,347511 3,299006 -0,430852 0,272511 3,015929 0,013393 0,752840 3,393446
-0,020023 0,033491 3,420349 0,014603 1,172647 2,553730 -0,457999 0,300419 2,850806 0,010024 0,759059 3,406212
-0,014515 0,030294 3,402832 0,272944 1,353752 3,225608 -0,420242 0,278299 2,888965 0,002316 0,757490 3,380969
-0,014872 0,034477 3,410476 0,285421 1,315226 3,204960 -0,396486 0,251774 3,027913 0,002316 0,757490 3,380969
-0,015140 0,031971 3,408318 0,309304 1,428399 3,336875 -0,421193 0,244667 3,059547 0,009778 0,755398 3,406018
-0,012916 0,035277 3,411162 0,143206 1,264939 2,972266 -0,444356 0,237020 2,960826 0,002796 0,757552 3,381159
-0,000332 0,034611 3,386171 0,350461 1,465538 3,300102 -0,394332 0,288999 2,987379 0,002316 0,757490 3,380969
0,002661 0,044463 3,388117 0,346187 1,456850 3,299545 -0,374833 0,336145 3,043624 0,005697 0,758470 3,368402
0,007684 0,032770 3,391031 0,140569 1,270998 2,793098 -0,387040 0,459549 2,939136 -0,004845 0,741734 3,356131
0,016490 0,024784 3,380239 0,262511 1,330600 3,170088 -0,425947 0,776257 2,829482 -0,007091 0,732429 3,417260
0,014719 0,012479 3,388766 0,282586 1,419190 3,231157 -0,458991 0,945688 2,813935 -0,007794 0,728968 3,418106
0,021037 0,027052 3,388972 0,197407 1,227854 2,956092 -0,435868 1,328480 3,072260 -0,008021 0,734862 3,393137
0,014734 0,028503 3,413397 0,239223 1,319648 3,101695 -0,393148 1,415829 3,137368 -0,012175 0,742365 3,431073
