15 12
-0,029882 0,025820 3,416151 0,197476 1,346151 3,021303 -0,397334 1,382700 2,947150 0,003661 0,728700 3,380180
-0,050212 0,020319 3,457234 0,113652 1,248729 2,832191 -0,160636 0,996220 2,408514 -0,025662 0,726523 3,480519
-0,059316 0,006610 3,452091 0,230371 1,311443 3,308519 -0,082875 0,785424 2,256214 -0,022860 0,729324 3,495334
-0,067833 0,034742 3,439690 0,244590 1,324657 3,259230 -0,014540 0,415009 2,322423 -0,022894 0,756804 3,522368
-0,076926 0,030492 3,459411 0,189782 1,338644 3,079783 0,035753 0,107444 2,328635 0,008352 0,790627 3,454072
-0,085417 0,028487 3,488683 0,295195 1,389182 3,323131 0,053021 0,020241 2,380126 -0,013563 0,774953 3,379163
-0,084412 0,037670 3,499760 0,285413 1,426847 3,287763 0,073877 -0,074759 2,438928 -0,012338 0,779059 3,381058
-0,087555 0,032506 3,500758 0,081544 1,219516 2,682352 0,065998 -0,056008 2,454499 0,012512 0,788273 3,442591
-0,077486 0,045664 3,490329 0,149952 1,318851 2,972534 0,054503 -0,019367 2,468206 -0,017248 0,777566 3,391609
-0,063418 0,034721 3,481423 0,282508 1,308205 3,196987 0,000180 0,111189 2,391627 -0,006110 0,776286 3,455259
-0,051723 0,020831 3,424634 0,104502 1,205944 2,890915 -0,109660 0,371971 2,501477 -0,012222 0,761096 3,563467
-0,038229 0,014743 3,411287 0,240249 1,265162 3,317767 -0,198798 0,544433 2,543583 0,019309 0,720177 3,429214
-0,022613 0,005546 3,454761 0,243321 1,325920 3,387964 -0,303223 0,910446 2,577678 0,012289 0,689636 3,401325
-0,007877 0,012078 3,418870 0,112879 1,207139 2,811953 -0,508729 1,243953 2,977399 0,002673 0,735104 3,431181
-0,008678 0,016967 3,409990 0,125504 1,213277 2,901030 -0,514254 1,309737 3,059405 0,002673 0,735104 3,431181
