285 12
-0,030598 0,020046 3,352809 0,349040 1,577368 3,456071 -0,422280 1,471282 3,382627 -0,003938 0,773181 3,457229
-0,024233 0,018546 3,348544 0,344427 1,589330 3,460555 -0,422760 1,475272 3,379380 -0,007687 0,770521 3,444223
-0,027105 0,028798 3,359431 0,344155 1,577068 3,448899 -0,423143 1,485847 3,391330 -0,011647 0,771544 3,431483
-0,021817 0,020571 3,362779 0,340159 1,597354 3,453762 -0,426957 1,467859 3,374984 -0,003938 0,773181 3,457229
-0,017143 0,020600 3,350112 0,349827 1,550712 3,413434 -0,425023 1,453925 3,378291 -0,003938 0,773181 3,457229
-0,020351 0,014058 3,344532 0,335852 1,599358 3,466661 -0,425636 1,473016 3,373159 -0,007936 0,766882 3,444299
-0,016543 0,020151 3,350205 0,355546 1,559118 3,441309 -0,423632 1,465294 3,376815 -0,003938 0,773181 3,457229
-0,012439 0,024092 3,357488 0,343017 1,596516 3,445913 -0,427033 1,478824 3,387990 -0,003956 0,765838 3,457119
-0,013840 0,018951 3,365042 0,349491 1,566557 3,433171 -0,423600 1,480097 3,374939 -0,003956 0,765838 3,457119
-0,011462 0,028692 3,365443 0,347655 1,590224 3,458313 -0,422355 1,474608 3,381957 -0,004171 0,776874 3,457412
-0,016101 0,021920 3,378268 0,355393 1,583511 3,451248 -0,413361 1,431854 3,334683 -0,003938 0,773181 3,457229
-0,016944 0,026502 3,381802 0,348454 1,593541 3,454053 -0,408601 1,366503 3,290447 -0,004187 0,769529 3,457302
-0,027256 0,026371 3,370592 0,363935 1,533271 3,404976 -0,466579 1,053067 3,034431 -0,003956 0,765838 3,457119
-0,047471 0,021445 3,399528 0,371328 1,528296 3,389282 -0,515367 0,630323 2,983405 0,006978 0,766896 3,444508
-0,051235 0,037263 3,402651 0,377406 1,453027 3,327580 -0,531523 0,464678 3,012571 0,007091 0,772197 3,470478
-0,047572 0,024444 3,401310 0,286964 1,416176 3,197519 -0,537249 0,264976 3,089261 -0,000972 0,759553 3,444296
-0,028509 0,028871 3,380473 0,254744 1,070280 3,040594 -0,427319 0,279884 2,904682 0,009534 0,751718 3,405737
-0,022764 0,016420 3,389586 0,190652 0,895991 3,004151 -0,364058 0,338271 2,823455 -0,002215 0,745090 3,520500
0,006413 0,025515 3,451073 0,168250 0,443308 2,952815 -0,268013 0,582341 2,920306 -0,030427 0,772114 3,469726
0,013507 0,015767 3,438142 0,164518 0,290233 2,990478 -0,211801 0,551521 2,876264 -0,042015 0,778432 3,482609
0,015628 0,003914 3,450362 0,151967 0,307340 3,058969 -0,214397 0,474562 2,944641 -0,019006 0,783949 3,509576
0,016671 0,020641 3,420294 0,032383 0,594219 2,945624 -0,261231 0,244210 3,097120 0,002526 0,795061 3,509898
0,005996 0,020646 3,444815 -0,040976 0,858161 2,915518 -0,322445 0,207062 3,219587 0,010308 0,776861 3,457548
0,005907 0,018279 3,443384 0,007890 0,770566 2,935510 -0,296211 0,224151 3,144971 0,013484 0,774088 3,444225
0,009944 0,027423 3,437597 0,082532 0,473484 3,101632 -0,228855 0,311679 3,156658 0,010559 0,780556 3,457667
0,006707 0,029022 3,435570 0,165339 0,278510 3,035780 -0,071615 0,468115 2,875127 0,003674 0,798902 3,564379
0,003995 0,014550 3,417658 0,179820 0,258887 3,110631 -0,036788 0,558455 2,948010 -0,000567 0,788705 3,496937
0,010628 0,035544 3,436343 0,094863 0,339544 2,989316 0,007995 0,588907 3,101061 0,000262 0,805392 3,523445
0,013335 0,012665 3,445325 0,019022 0,700332 2,741162 -0,530913 1,456430 2,972054 0,007436 0,773840 3,496631
0,013880 0,010803 3,430699 -0,010845 0,790780 2,856172 -0,053368 0,396216 3,281158 0,018442 0,774869 3,483675
0,016864 0,003394 3,420179 -0,003135 0,988515 2,982690 -0,119958 0,437444 3,070900 0,010542 0,765373 3,509866
0,021853 -0,004288 3,414150 0,096018 0,852084 2,826342 -0,219071 0,720224 3,227048 0,022698 0,747835 3,496130
0,027345 0,000598 3,399401 0,185638 0,793194 2,765959 -0,326186 0,884194 3,298699 0,010925 0,736502 3,456882
0,031332 0,001958 3,407747 0,456132 0,986953 3,083820 -0,504212 0,936108 2,916880 0,018404 0,760083 3,483447
0,030390 0,009064 3,406157 0,610872 0,983589 2,889172 -0,729837 1,020625 3,130523 0,014028 0,758032 3,418923
0,025787 0,008989 3,405242 0,622809 1,194567 3,243995 -0,671649 0,999696 2,982709 0,010913 0,774874 3,483631
0,017519 0,014437 3,390770 0,445935 1,157848 3,069268 -0,532785 1,118041 3,181391 0,003453 0,767898 3,431550
0,007316 -0,004683 3,393831 0,289996 1,150729 3,290648 -0,302057 0,897286 2,950418 -0,000015 0,742681 3,469600
-0,001380 -0,008092 3,384990 0,210123 1,129312 3,264317 -0,271114 0,812278 3,029472 -0,004181 0,743073 3,509361
-0,006920 0,001097 3,375796 0,133976 0,905902 3,058492 -0,344283 0,593894 2,941126 0,006457 0,744933 3,444160
-0,001902 -0,006684 3,352847 0,116182 0,902725 3,029859 -0,538203 0,694672 3,177960 -0,001353 0,740366 3,495731
0,004113 0,001502 3,349834 0,109085 0,886755 2,994018 -0,576055 0,738517 3,064711 -0,004150 0,757946 3,509605
0,017759 0,005579 3,370485 0,142097 0,649753 3,036501 -0,575738 0,911108 3,033681 -0,018665 0,769436 3,456627
0,019523 0,007209 3,389703 0,210376 0,434982 2,922036 -0,400311 0,838534 2,847064 -0,041331 0,773052 3,456213
0,013798 0,009660 3,396391 0,232372 0,397832 2,946708 -0,348916 0,759190 2,908279 -0,052649 0,774007 3,443061
-0,005982 0,022199 3,363432 0,213118 0,386423 2,975528 -0,339999 0,471449 3,019872 -0,045657 0,783091 3,469469
-0,017822 0,030370 3,397022 0,225566 0,396208 2,802987 -0,498836 0,272805 3,289827 -0,026499 0,778795 3,431232
-0,022957 0,013192 3,397599 0,262527 0,359870 2,748280 -0,557487 0,234419 3,328495 -0,030167 0,768853 3,418255
-0,023590 0,020179 3,391288 0,419249 0,374254 2,987744 -0,614545 0,273924 3,154083 -0,043564 0,765419 3,366537
-0,021999 0,022075 3,386059 0,386385 0,514357 3,135865 -0,545875 0,500450 2,903849 -0,040255 0,764501 3,379452
-0,020664 0,013748 3,383634 0,285987 0,693599 3,110880 -0,487865 0,613752 2,769409 -0,037088 0,768762 3,417617
-0,022548 0,008594 3,395219 0,102470 0,989888 2,891275 -0,378584 0,868806 2,990701 -0,022401 0,752158 3,443377
-0,026952 0,010421 3,389735 0,254208 0,743063 2,764121 -0,416158 0,865012 3,133262 -0,026974 0,771109 3,482960
-0,029271 -0,002599 3,381788 0,296266 0,795540 2,779566 -0,529760 0,886770 3,273043 -0,034359 0,758425 3,456485
-0,028589 0,009335 3,382848 0,556800 0,837516 2,958811 -0,725422 0,860826 2,957162 -0,026974 0,771109 3,482960
-0,028232 0,011128 3,369991 0,606443 1,113856 3,003358 -0,884399 1,074160 3,074956 -0,030427 0,772114 3,469726
-0,028946 0,008776 3,372873 0,680902 1,150118 3,004284 -0,854879 1,147228 3,021213 -0,030302 0,766814 3,443762
-0,022387 0,023671 3,379817 0,679333 1,488608 3,354864 -0,765421 1,427176 3,372376 -0,026478 0,778485 3,482857
-0,020270 0,026100 3,378528 0,609392 1,565413 3,556339 -0,548335 1,355937 3,157130 -0,015585 0,772539 3,418740
-0,024602 0,028478 3,381039 0,496605 1,769728 3,795582 -0,472320 1,390899 3,215042 -0,018779 0,769885 3,405790
-0,025972 0,016026 3,360182 0,269294 1,587452 3,460099 -0,249750 0,879847 3,080491 -0,022599 0,770482 3,443878
-0,027861 0,019446 3,355276 0,271930 1,681407 3,518378 -0,406488 1,449940 3,372728 -0,018795 0,762642 3,405691
-0,026786 0,012074 3,349055 0,280825 1,654744 3,563420 -0,398152 1,476613 3,327307 -0,012142 0,764228 3,431385
-0,020064 0,024193 3,386940 0,214101 1,626619 3,471197 -0,397895 1,461880 3,345689 -0,011647 0,771544 3,431483
-0,007844 0,018176 3,378073 0,324742 1,573551 3,442500 -0,411970 1,485632 3,370250 -0,019029 0,766282 3,405878
-0,005578 0,031774 3,397653 0,328830 1,579790 3,415666 -0,422622 1,446444 3,364338 -0,018779 0,769885 3,405790
-0,002727 0,027810 3,406657 0,374239 1,469383 3,330682 -0,478627 1,262215 3,145504 -0,008170 0,770540 3,444396
-0,004689 0,010349 3,399585 0,386421 1,413492 3,309267 -0,467633 0,992126 3,053468 0,003187 0,756981 3,431513
-0,006105 0,020531 3,406503 0,381479 1,333996 3,244635 -0,450337 0,849373 2,945325 -0,003956 0,765838 3,457119
-0,000986 0,009491 3,412967 0,256704 1,278795 3,206440 -0,395324 0,691744 3,039288 0,010145 0,756960 3,431548
-0,003241 0,005761 3,405180 0,221625 1,170776 3,225350 -0,261238 0,631430 2,849080 0,010253 0,747497 3,457116
-0,001540 0,001387 3,424255 0,194328 1,107542 3,167500 -0,206429 0,650228 2,820803 0,003781 0,745256 3,482762
0,001563 -0,001496 3,442177 0,067687 0,992063 2,880871 -0,065391 0,811330 3,039895 0,007574 0,747163 3,549754
0,006230 0,001192 3,447791 0,082638 0,964994 2,947381 -0,088805 0,789162 3,062606 0,011469 0,749805 3,563460
0,007473 0,010492 3,453117 0,103400 0,984475 2,932745 -0,120149 0,763672 3,079177 0,018726 0,748295 3,536453
0,008183 0,003785 3,458685 0,094159 1,083430 2,916859 -0,126952 0,721043 3,057250 0,018947 0,744532 3,536277
0,012338 0,002744 3,463428 0,046438 1,041722 2,920099 -0,064513 0,773487 2,989093 0,022866 0,738152 3,522556
0,011911 0,004481 3,460685 0,080000 0,969315 2,889431 -0,053981 0,788429 3,052807 0,011469 0,749805 3,563460
0,013067 0,003675 3,459517 0,100401 1,045391 3,080973 -0,090215 0,708901 3,002375 0,026327 0,739327 3,509446
0,016332 0,002477 3,455537 0,122446 1,015679 3,044129 -0,103999 0,708158 2,958639 0,018756 0,739339 3,509423
0,020444 -0,000961 3,460270 0,071567 1,068404 2,991680 -0,079585 0,741966 2,926042 0,022649 0,741921 3,522818
0,024840 0,001132 3,464019 0,044639 1,017130 2,991329 -0,046054 0,800656 3,031990 0,018947 0,744532 3,536277
0,024552 -0,004122 3,457243 0,099520 0,981626 2,952109 -0,090992 0,801502 3,111826 0,026544 0,735572 3,509192
0,023951 0,005030 3,466777 0,151577 0,896954 2,891110 -0,138369 0,814102 3,129626 0,026108 0,743063 3,509607
0,025269 -0,012997 3,447244 0,264367 0,956937 2,990000 -0,284244 0,798624 2,901406 0,033118 0,719456 3,482828
0,021503 0,007320 3,449238 0,328330 1,085020 2,932768 -0,498300 0,971488 3,154804 0,028819 0,738978 3,469816
0,016463 0,011021 3,447387 0,434871 1,035747 2,865621 -0,582523 1,010004 3,173550 0,032724 0,748911 3,483007
0,006799 0,011755 3,428628 0,522013 1,447433 3,446793 -0,649684 1,044288 3,056842 0,040676 0,762137 3,457367
0,008592 0,016841 3,406786 0,604174 1,360127 3,254224 -0,704140 1,140972 3,105639 0,033728 0,771120 3,483521
0,009101 0,011933 3,397357 0,587100 1,528899 3,475927 -0,698422 1,197918 3,106699 0,025717 0,762178 3,457431
0,010597 0,011580 3,397539 0,553728 1,475814 3,328621 -0,640150 1,392009 3,352962 0,010757 0,762195 3,457372
0,012109 0,014746 3,399945 0,463520 1,666497 3,659976 -0,440990 1,344202 3,116478 0,022120 0,763207 3,444443
0,002309 0,015235 3,398489 0,363925 1,743742 3,750065 -0,394560 1,396482 3,226339 0,018053 0,756977 3,431632
-0,009008 0,013633 3,371782 0,277420 1,654152 3,473942 -0,385652 1,449787 3,351794 0,029586 0,764803 3,470452
-0,012494 0,022906 3,390811 0,316785 1,583830 3,449950 -0,391331 1,445188 3,357934 0,022120 0,763207 3,444443
-0,006712 0,016323 3,374784 0,326390 1,575953 3,428712 -0,385781 1,434556 3,349663 0,010527 0,765865 3,457450
0,002566 0,023455 3,407465 0,332542 1,563949 3,432490 -0,385602 1,462243 3,364293 0,003434 0,760607 3,431446
0,005469 0,011087 3,396137 0,327586 1,597690 3,441833 -0,397391 1,479423 3,382391 0,014187 0,763235 3,444533
0,006588 0,028870 3,401487 0,339387 1,545594 3,400553 -0,402373 1,461782 3,370669 -0,000647 0,775878 3,470481
0,001303 0,013153 3,403807 0,315504 1,618890 3,434612 -0,433912 1,415960 3,276847 0,014187 0,763235 3,444533
-0,000509 0,013585 3,417918 0,346298 1,491653 3,267390 -0,523299 1,389726 3,325212 0,021627 0,755912 3,444451
-0,004447 0,019991 3,430278 0,342508 1,493412 3,233830 -0,574649 1,297932 3,276610 0,021873 0,759569 3,444491
-0,008859 0,014662 3,406809 0,303182 1,360275 3,069894 -0,660835 0,985347 2,966821 0,017807 0,753332 3,431597
0,000290 0,011033 3,387973 0,214863 1,334878 3,190691 -0,761095 0,705592 3,099036 0,010925 0,736502 3,456882
0,005206 0,002360 3,377393 0,143435 1,182631 3,115736 -0,817242 0,610574 3,128904 -0,012689 0,715656 3,482041
0,033150 0,007378 3,421240 -0,127860 0,925435 2,715575 -0,866977 0,533226 3,083262 0,011566 0,748240 3,536072
0,055630 0,009568 3,407393 -0,237317 0,837039 2,858996 -0,943187 0,630203 3,166038 0,022216 0,740487 3,496315
0,065651 0,003832 3,422734 -0,262903 0,806953 2,875142 -0,928828 0,633063 3,099513 0,018588 0,741598 3,483055
0,062408 -0,000927 3,426915 -0,292352 0,861542 3,096845 -0,891253 0,552689 3,098145 0,022890 0,736665 3,495669
0,039821 0,012559 3,490517 -0,170238 0,705019 2,801213 -0,600087 0,375338 2,735383 0,013926 0,752243 3,444309
0,026887 0,015125 3,497682 -0,068828 0,509956 2,579777 -0,464234 0,363597 2,655543 0,028138 0,763009 3,443688
0,007266 0,014591 3,462987 0,194894 0,682138 2,892646 -0,219718 0,492839 2,958017 0,025241 0,762157 3,457359
-0,013034 0,017069 3,498515 0,402460 0,817017 2,675029 0,017629 0,672282 2,684083 0,033990 0,755754 3,536573
-0,019877 0,020695 3,494808 0,449011 1,052308 2,948293 0,085259 0,828375 2,868509 0,041711 0,757306 3,563696
-0,024104 0,014627 3,478534 0,746601 1,150478 3,200274 0,157335 0,901019 3,018595 0,037865 0,749344 3,522922
-0,015822 0,018548 3,460207 0,827496 0,883230 3,107482 0,281602 0,623229 2,754020 0,022199 0,775128 3,577563
-0,014731 0,014179 3,466221 0,889512 0,694002 3,120820 0,355623 0,506639 2,728375 0,022199 0,775128 3,577563
-0,029331 0,023913 3,445284 0,974685 1,006933 3,751493 0,474276 0,380541 2,940654 0,003798 0,782003 3,536777
-0,053446 0,033214 3,489810 0,593847 1,084905 3,056736 0,540853 0,409179 2,828284 -0,015788 0,797920 3,577830
-0,066147 0,026201 3,487257 0,696400 1,199854 3,317805 0,594225 0,451641 2,864928 -0,015550 0,794126 3,577702
-0,075591 0,039080 3,459462 0,548494 1,179585 2,954308 0,656892 0,499820 2,961817 -0,007650 0,781248 3,496524
-0,061648 0,027877 3,431852 1,107877 0,844253 3,748029 0,628523 0,440819 3,155274 -0,007883 0,783008 3,523305
-0,051901 0,032504 3,418857 1,154881 0,518279 3,596883 0,572984 0,411166 3,241401 0,011193 0,785776 3,537042
-0,031947 0,022960 3,461360 0,764975 0,667839 3,345758 0,347790 0,346332 2,965957 0,026919 0,787524 3,564198
-0,020927 0,017345 3,453953 0,607384 0,724913 3,401198 0,254093 0,496779 3,063488 0,019635 0,798855 3,619901
-0,019119 0,017722 3,464057 0,443148 0,880155 3,293981 0,196023 0,614463 3,053809 0,016390 0,774870 3,576211
-0,020349 0,010613 3,474428 0,228497 1,030038 3,050278 0,060178 0,765069 2,899063 0,026568 0,744520 3,536300
-0,012094 0,018267 3,459144 0,127825 0,720277 3,126741 -0,076431 0,688377 3,106033 0,044547 0,756740 3,522756
-0,011768 0,011723 3,466707 0,063770 0,651782 3,146982 -0,153406 0,607281 3,148732 0,018292 0,763254 3,536646
0,001248 0,008444 3,479798 -0,083665 0,666630 2,916950 -0,295355 0,446083 2,879453 -0,000201 0,761122 3,470094
0,014221 0,021142 3,462739 -0,164751 0,723341 2,990792 -0,489226 0,603438 3,115941 -0,018789 0,772736 3,509149
0,018953 0,014204 3,483566 -0,207660 0,810825 2,871609 -0,533975 0,597784 3,120393 0,011069 0,780011 3,564145
0,019441 0,021409 3,472909 -0,337687 0,386169 3,021702 -0,611183 0,417144 3,038898 0,023006 0,782945 3,523295
0,029352 0,023942 3,466599 -0,340484 0,328116 3,072186 -0,858405 0,313917 3,467321 0,036936 0,777504 3,496760
0,032112 0,026894 3,462120 -0,355027 0,169672 3,366922 -0,947640 0,304697 3,510076 0,033500 0,774839 3,483668
0,048227 0,020512 3,483605 -0,414788 0,222446 3,182073 -0,994842 0,404420 3,330277 0,055633 0,762071 3,457182
0,068783 0,013122 3,461480 -0,578817 0,504822 3,318924 -1,021154 0,545175 3,337619 0,055882 0,765719 3,457169
0,073319 0,020690 3,478972 -0,523766 0,579055 3,203851 -1,018346 0,575559 3,359461 0,056083 0,774747 3,483428
0,076705 0,010744 3,486681 -0,560533 0,519574 3,195183 -1,007056 0,509355 3,346519 0,056104 0,762008 3,456963
0,065621 0,009098 3,511383 -0,349457 0,479473 2,857096 -0,815933 0,283948 3,078227 0,059798 0,766294 3,496370
0,064512 0,018511 3,514044 -0,342082 0,270627 3,062804 -0,710390 0,223503 2,955734 0,056240 0,768990 3,509738
0,055195 0,010612 3,508463 -0,203067 0,540717 2,651626 -0,585084 0,314288 3,136203 0,045286 0,768001 3,523251
0,057493 0,001639 3,514124 -0,174049 0,656297 2,629630 -0,418069 0,580649 2,838483 0,061131 0,751154 3,494942
0,063215 0,012598 3,526511 -0,145456 0,812393 2,662885 -0,385557 0,715918 2,909409 0,061138 0,756599 3,522369
0,061683 0,003766 3,525568 -0,052512 0,888380 2,963367 -0,333511 0,753337 3,037027 0,041710 0,742960 3,509279
0,059604 0,015919 3,523415 0,035735 0,608015 2,883304 -0,251221 0,607325 2,854522 0,041542 0,761593 3,509753
0,060701 0,014804 3,517455 0,060969 0,700169 2,826504 -0,193352 0,577011 2,826653 0,037599 0,758958 3,496483
0,063691 0,019981 3,506613 0,100954 0,794987 2,880005 -0,100173 0,573536 3,010596 0,037010 0,755857 3,444324
0,055693 -0,012853 3,552378 0,247086 0,340646 2,843489 -0,074218 0,314060 2,928679 0,026403 0,772442 3,564048
0,063809 0,018933 3,561417 0,258238 0,352534 2,940474 -0,087232 0,268238 2,975096 0,021104 0,784555 3,477728
0,054658 0,003091 3,544931 0,317510 0,323997 2,860017 -0,173960 0,342365 2,718417 0,014927 0,752485 3,577399
0,043031 0,012671 3,573242 0,184967 0,815525 2,851112 -0,132509 0,572378 2,595221 0,020025 0,741969 3,561958
0,035300 -0,002220 3,579413 0,182669 0,863478 2,873533 -0,104369 0,625074 2,669311 0,043134 0,742893 3,647102
0,025798 0,019666 3,555025 0,153630 0,658278 2,728056 -0,113043 0,481936 2,832162 0,011488 0,757346 3,563593
0,013857 0,009749 3,559234 0,198177 0,380341 2,864089 -0,175039 0,354627 2,841566 0,011373 0,751371 3,591144
0,015109 0,015461 3,551112 0,201323 0,520957 2,768034 -0,227323 0,370138 2,773204 0,006996 0,741951 3,522863
0,012983 0,019997 3,556455 0,194944 0,495016 2,903697 -0,230732 0,514419 2,722575 -0,003855 0,757339 3,563390
0,009110 0,012765 3,561994 0,124374 0,718215 2,820266 -0,153972 0,469431 2,702222 0,037474 0,750871 3,549899
0,011877 0,017578 3,549613 0,141192 0,431533 2,738438 -0,139624 0,408649 2,759327 -0,011534 0,762724 3,590872
0,011657 0,014479 3,538909 0,190710 0,285187 2,951725 -0,216993 0,276856 2,663130 -0,007665 0,765459 3,604917
0,004625 0,021868 3,562428 0,231118 0,281954 2,941992 -0,314576 0,387087 2,693548 0,010685 0,732856 3,456940
0,006767 0,026217 3,558383 0,158508 0,709215 2,687651 -0,289866 0,427615 2,619349 0,014523 0,742739 3,470092
0,006913 0,022116 3,543511 0,086265 0,655060 2,675391 -0,178493 0,473930 2,769079 0,038258 0,756223 3,577433
0,003153 -0,016225 3,559357 0,122615 0,231969 2,707863 -0,202904 0,290208 2,897799 0,042419 0,761012 3,563493
0,010891 -0,009642 3,525035 0,204529 0,188703 2,644883 -0,302847 0,235315 3,023122 0,002979 0,772817 3,509929
0,006481 0,029582 3,517472 0,356220 0,213851 2,946057 -0,481284 0,267174 2,728872 0,000228 0,763114 3,443735
0,012497 0,028406 3,533743 0,481217 0,476503 2,643013 -0,711471 0,575964 2,907010 -0,007067 0,739682 3,417361
0,007668 0,007737 3,512658 0,509980 0,685102 2,758340 -0,759015 0,732089 2,881854 0,003243 0,747518 3,457081
0,000700 0,009390 3,504469 0,666922 1,092007 3,066851 -0,757737 1,082711 3,040756 0,011243 0,761654 3,509730
-0,004176 0,021593 3,517697 0,573447 1,469270 3,476440 -0,623263 1,228522 2,975145 0,010877 0,760089 3,483403
-0,006370 0,020553 3,513957 0,513508 1,568723 3,561288 -0,544646 1,314979 3,065094 0,018404 0,760083 3,483447
-0,016200 0,026688 3,472912 0,379517 1,623085 3,506412 -0,406691 1,481115 3,434510 0,011017 0,765395 3,509908
-0,018147 0,014517 3,489447 0,241606 1,548638 3,523303 -0,359717 1,467028 3,379442 0,003533 0,770776 3,536713
-0,014340 0,009821 3,475637 0,196808 1,308045 3,137969 -0,363842 1,441105 3,363282 0,003761 0,767007 3,536520
-0,003955 0,007673 3,488300 0,329131 1,628178 3,539450 -0,363617 1,445444 3,376758 0,015260 0,762191 3,550084
0,001910 0,004624 3,473668 0,316932 1,641624 3,541720 -0,367036 1,450580 3,371380 0,019009 0,767002 3,536657
0,005348 0,011651 3,471739 0,323257 1,587563 3,490728 -0,367514 1,449482 3,370094 0,014948 0,759003 3,496464
0,014415 0,010859 3,483006 0,257517 1,574265 3,453716 -0,368813 1,442879 3,357469 0,022713 0,764310 3,523187
0,016276 0,016129 3,478621 0,284759 1,704265 3,616660 -0,362963 1,450892 3,359414 0,014642 0,764340 3,523286
0,018839 0,009068 3,481017 0,281411 1,699824 3,584013 -0,363452 1,445312 3,349973 0,018782 0,770771 3,536832
0,013508 0,015271 3,468349 0,302001 1,651411 3,515466 -0,358728 1,444818 3,346816 0,014887 0,768075 3,523327
0,010493 0,012861 3,476972 0,254822 1,492008 3,359634 -0,359522 1,450452 3,358522 0,014887 0,768075 3,523327
0,010376 0,017394 3,471399 0,292762 1,631930 3,521036 -0,356927 1,452039 3,350280 0,022487 0,768066 3,523355
0,008899 0,016249 3,490041 0,267227 1,530007 3,428375 -0,367745 1,438955 3,345621 0,022487 0,768066 3,523355
0,015285 0,025230 3,484122 0,418076 1,351116 3,200795 -0,431166 1,433193 3,451782 0,022734 0,771779 3,523310
0,016904 0,010871 3,488898 0,471046 1,294528 3,137228 -0,510685 1,365240 3,507613 0,022713 0,764310 3,523187
0,016614 0,007644 3,492842 0,815901 0,983059 3,283436 -0,714992 0,903002 3,032607 0,026371 0,754196 3,509684
0,015923 0,002033 3,481150 0,936428 0,487539 3,266608 -0,967979 0,473748 3,201056 0,030534 0,754649 3,549997
0,013387 -0,001866 3,474644 1,046267 0,264618 3,287313 -1,017970 0,251769 3,165813 0,015438 0,743363 3,549546
0,011142 -0,005519 3,472112 1,108355 0,113961 3,835856 -1,133049 -0,078908 3,343737 -0,000461 0,725686 3,495893
0,013601 -0,012642 3,453038 1,154379 0,103117 3,874787 -1,112654 -0,068137 3,419799 0,002813 0,723153 3,482729
0,014918 -0,001492 3,451833 0,968236 0,385914 3,289681 -1,151978 0,005635 3,531905 0,003062 0,734240 3,482958
0,014354 0,002427 3,445797 1,273663 0,415402 4,210630 -1,215073 0,186982 3,405087 0,018967 0,752019 3,536403
0,006537 -0,001834 3,466048 1,128356 0,410894 4,391405 -1,149980 0,159422 3,293765 0,011449 0,742267 3,563326
0,005810 -0,001361 3,469590 1,245901 0,156263 3,799143 -1,175753 0,087975 3,366218 0,018926 0,737048 3,536150
-0,003288 -0,004630 3,454383 0,790922 0,460734 3,181763 -1,179732 -0,070743 3,485727 0,006850 0,721988 3,495958
-0,005414 -0,012287 3,460878 1,191338 0,104747 3,728484 -1,195477 0,009780 3,578157 0,006746 0,730744 3,522614
-0,007885 -0,003690 3,465272 0,863669 0,596486 3,120904 -1,260011 0,086174 3,630704 0,003466 0,740815 3,536202
-0,012539 -0,006064 3,465529 1,209676 0,600447 4,215355 -1,231749 0,220671 3,405689 -0,000090 0,739649 3,549521
-0,016736 -0,001819 3,471255 1,289483 0,362656 4,753318 -1,193810 0,071999 3,367212 0,003667 0,729573 3,535883
-0,014689 -0,010204 3,472828 1,276545 0,139012 4,794582 -1,158906 -0,016329 3,327163 0,007184 0,723315 3,522523
-0,011427 -0,011555 3,476171 0,878123 0,350998 3,731822 -1,120735 -0,046668 3,446389 -0,000782 0,735890 3,549574
-0,009478 -0,013079 3,473006 1,085197 0,222772 3,706598 -1,270286 0,124839 3,612974 -0,000614 0,734490 3,522654
-0,010341 -0,014987 3,476083 1,013808 0,631145 3,550780 -1,232481 0,217909 3,437062 0,003652 0,751371 3,591065
-0,014471 -0,010214 3,480422 1,160339 0,225855 4,012691 -1,187462 0,206779 3,337719 -0,015848 0,732133 3,549295
-0,017416 -0,011473 3,485668 1,235897 0,115748 4,721914 -1,129860 -0,021505 3,231592 -0,019584 0,724465 3,508802
-0,023176 -0,009667 3,490292 0,994322 0,087504 4,091270 -1,086089 -0,059180 3,259243 -0,019584 0,724465 3,508802
-0,025594 -0,008507 3,472909 0,900662 0,290704 3,702319 -1,101180 0,014916 3,417707 -0,004127 0,738512 3,563195
-0,031296 -0,009020 3,483895 1,170172 0,280526 3,674510 -1,192929 0,189016 3,423331 -0,011788 0,733313 3,535823
-0,030942 -0,003846 3,484104 1,157968 0,524132 3,936003 -1,185086 0,215738 3,282355 -0,015869 0,744892 3,576855
-0,030639 -0,009585 3,472102 1,106036 0,120294 3,671946 -1,208507 0,128400 3,335125 -0,031000 0,726961 3,521871
-0,025875 -0,007745 3,467673 1,116221 0,195940 4,306635 -1,154428 0,054357 3,300319 -0,012254 0,725809 3,535703
-0,025702 -0,013440 3,460301 0,988420 0,021990 3,565744 -1,151735 0,097734 3,395267 -0,012697 0,720644 3,508500
-0,023062 -0,007685 3,475157 1,098375 0,333021 4,050904 -1,158136 0,319290 3,416054 -0,004419 0,739355 3,509341
-0,028025 0,005211 3,465630 1,046013 0,599013 3,245398 -1,077035 0,625188 3,240762 0,010756 0,754233 3,509752
-0,029527 0,010637 3,467263 0,991275 0,888864 3,436306 -0,993872 0,765475 3,103119 0,010529 0,757932 3,509745
-0,032206 0,014219 3,476964 0,772716 1,150266 3,240531 -0,892354 1,209363 3,457182 0,003333 0,752699 3,483213
-0,038496 0,018413 3,495335 0,565791 1,609014 3,807769 -0,505789 1,213877 2,951688 -0,008174 0,759010 3,496349
-0,039866 0,022970 3,500053 0,386595 1,731349 3,927697 -0,398095 1,297041 3,028718 -0,007896 0,773483 3,550123
-0,029393 0,023042 3,506210 0,264376 1,587012 3,422500 -0,359865 1,424320 3,298513 -0,004378 0,761666 3,509708
-0,017067 0,014401 3,488045 0,294279 1,542527 3,420582 -0,350438 1,403410 3,275794 0,003106 0,756392 3,483304
-0,011092 0,018298 3,494995 0,276401 1,582978 3,457491 -0,349043 1,420396 3,310778 -0,004378 0,761666 3,509708
-0,009615 0,014033 3,509363 0,275537 1,548311 3,402701 -0,349795 1,424751 3,320480 0,003106 0,756392 3,483304
0,001139 0,020036 3,486964 0,270441 1,580211 3,424206 -0,346832 1,416190 3,309503 0,010739 0,754855 3,457264
0,000155 0,015921 3,491363 0,263613 1,581481 3,438245 -0,342499 1,428910 3,318654 0,018159 0,756388 3,483407
0,006129 0,023015 3,492386 0,274030 1,561753 3,411588 -0,343158 1,420430 3,300029 0,007302 0,761126 3,470192
0,027073 0,012590 3,453224 0,348052 1,315587 3,170629 -0,353012 1,359170 3,308144 0,018852 0,752634 3,483029
0,042129 0,007292 3,452401 0,382105 1,212364 3,096886 -0,321130 1,197355 3,143878 0,022917 0,735180 3,469069
0,075513 -0,006891 3,522246 0,459597 0,855117 3,057725 -0,292429 0,843880 2,958623 0,022814 0,714468 3,495320
0,089904 0,026740 3,506751 0,448658 0,687709 3,063057 -0,097295 0,466302 2,634565 0,006672 0,762149 3,549948
0,097679 0,024796 3,517692 0,442311 0,675100 3,102973 0,001121 0,410939 2,636404 -0,008356 0,778958 3,577580
0,105596 0,038969 3,556797 0,447083 0,770459 3,088691 0,213515 0,522591 2,913463 0,007057 0,786553 3,577899
0,092002 0,044194 3,581576 0,480923 0,792758 3,014767 0,291216 0,595652 2,917969 -0,011719 0,789359 3,591524
0,084840 0,041791 3,585833 0,519062 0,800900 2,969954 0,305623 0,547953 2,836489 -0,008834 0,788404 3,550008
0,061140 0,031310 3,538544 0,666581 0,583747 3,100363 0,358236 0,382632 2,890416 0,003211 0,769116 3,509928
0,033605 0,022842 3,592367 0,661458 0,575896 3,145028 0,294469 0,381714 2,978777 0,003549 0,778274 3,536841
0,017857 0,020674 3,592496 0,634709 0,639773 3,175339 0,269921 0,432197 2,895774 -0,007832 0,797906 3,633840
-0,018075 0,015135 3,525226 0,365275 0,948294 3,098009 0,152141 0,540302 2,806587 -0,000411 0,782781 3,577814
-0,039883 0,018495 3,573823 0,290330 0,897369 3,141636 0,047683 0,463978 2,880171 -0,007649 0,775169 3,577364
-0,053851 0,023305 3,573018 0,269953 0,486812 2,984404 -0,010876 0,397885 2,926601 0,017916 0,752673 3,483276
-0,084239 0,032521 3,537190 0,107354 0,316623 2,775650 -0,191914 0,329189 2,770298 -0,004203 0,762187 3,457194
-0,101224 0,040770 3,558361 -0,090318 0,690776 2,675534 -0,328527 0,471483 2,912344 -0,030462 0,771709 3,522397
-0,104336 0,036474 3,539348 -0,128560 0,621800 2,866803 -0,391911 0,541863 2,919454 -0,030621 0,762113 3,549194
-0,098224 0,044941 3,536008 -0,252096 0,546945 2,792451 -0,506768 0,576928 2,861677 -0,093940 0,725458 3,291845
-0,089420 0,041974 3,518927 -0,434432 0,460976 2,986003 -0,680058 0,486454 3,015875 -0,019037 0,769056 3,509331
-0,082514 0,035243 3,503685 -0,477565 0,402815 3,064979 -0,739263 0,419353 2,920409 -0,027227 0,759999 3,482759
-0,058664 0,021381 3,560497 -0,519005 0,411722 2,992925 -0,762062 0,404446 2,992886 -0,000267 0,755900 3,444137
-0,031925 0,020423 3,506071 -0,469305 0,550081 2,785088 -0,789485 0,475430 2,929820 -0,015451 0,757433 3,469892
-0,018973 0,014973 3,508860 -0,472450 0,431658 2,748488 -0,758995 0,492497 2,805074 -0,007946 0,755304 3,496244
-0,001113 0,013639 3,543104 -0,387545 0,393868 2,811848 -0,707217 0,428143 3,004163 -0,034836 0,759436 3,535742
0,017226 0,016232 3,505992 -0,207921 0,250980 2,876968 -0,515695 0,344003 2,756454 -0,019256 0,745275 3,482684
0,035895 0,006788 3,497367 -0,153864 0,206029 2,995147 -0,440103 0,378458 2,709053 -0,036168 0,790906 3,562424
0,044576 0,001962 3,551420 -0,106632 0,174697 2,856372 -0,308371 0,572208 2,971624 -0,031967 0,793921 3,633122
0,053948 0,036120 3,549450 -0,121210 0,558022 2,440975 -0,078811 0,364258 2,770246 -0,043580 0,773892 3,590117
0,063946 0,022505 3,545872 -0,089596 0,498190 2,776191 -0,030699 0,261420 2,784794 -0,035933 0,757048 3,562204
0,074370 0,048786 3,582498 0,062372 0,370218 3,194816 -0,001128 0,330322 2,748406 -0,058458 0,838448 3,593443
0,078681 0,058499 3,585759 0,196310 0,213452 2,756947 -0,006006 0,401320 2,865762 -0,076813 0,851391 3,495315
0,070695 0,043332 3,585420 0,176877 0,287280 3,064742 0,055748 0,316636 2,833077 -0,052562 0,830611 3,418432
0,075824 0,030132 3,662367 0,175629 0,374039 2,983898 0,092277 0,150934 2,874022 -0,044281 0,830707 3,453330
0,044062 0,059983 3,672973 0,210500 0,313740 2,831322 -0,071082 0,294593 3,063298 -0,025167 0,811338 3,430098
0,009668 0,036423 3,666935 0,290504 0,260660 2,740326 -0,192746 0,398660 3,136835 -0,011553 0,791869 3,408030
-0,042978 0,023015 3,569144 0,479389 0,418814 3,047134 -0,399831 0,470322 2,752838 0,011166 0,740129 3,456735
-0,105188 0,042771 3,665176 0,560455 0,123639 3,341115 -0,767392 0,415215 3,051015 -0,000189 0,744179 3,496061
-0,132666 0,046734 3,666526 0,560456 0,019102 3,302199 -0,791992 0,288042 2,930258 -0,000256 0,739042 3,469759
-0,186850 0,065366 3,574009 0,496027 -0,076419 3,171618 -0,752207 0,145491 3,084114 -0,011508 0,741585 3,482655
-0,207849 0,080031 3,607688 0,468513 -0,055507 3,215493 -0,639046 0,104517 3,011967 -0,011486 0,743814 3,456647
-0,203008 0,075633 3,571451 0,473431 -0,077371 3,115790 -0,607847 0,078426 3,030063 -0,011491 0,748968 3,482771
-0,171362 0,070566 3,594320 0,459951 0,003303 3,270307 -0,660994 0,058632 3,179575 -0,011712 0,747499 3,456838
-0,116572 0,043990 3,510118 0,555823 0,149230 3,372889 -0,976916 0,222235 3,528845 -0,007251 0,751479 3,495501
-0,086503 0,034370 3,510862 0,717714 0,161926 3,311745 -1,037917 0,337759 3,456414 -0,007719 0,751579 3,496048
-0,033799 0,019684 3,601905 1,035342 0,344443 3,781267 -1,054861 0,522049 3,131786 0,003742 0,759514 3,536392
0,010080 0,016162 3,520846 0,967780 0,730092 3,458182 -1,050941 0,719318 3,099455 0,007270 0,760609 3,523142
0,025935 0,008597 3,530793 0,979008 0,784175 3,432391 -0,971209 0,819326 3,022038 0,003273 0,759534 3,536555
0,045330 0,014009 3,568373 0,831036 1,060680 3,140180 -0,844851 1,194085 3,306417 0,014808 0,769733 3,550353
0,040778 0,018493 3,588102 0,650541 1,502361 3,701552 -0,607009 1,248746 3,078084 0,007612 0,762193 3,550015
0,035372 0,014599 3,572216 0,481500 1,673779 3,835598 -0,519035 1,311934 3,126431 0,011038 0,764912 3,563877
0,013489 0,016647 3,529640 0,272040 1,599554 3,518020 -0,400701 1,390457 3,364803 -0,000262 0,765971 3,550114
-0,010312 0,019196 3,566429 0,279459 1,586177 3,503225 -0,391413 1,454887 3,402629 -0,004308 0,764904 3,563709
-0,024991 0,022110 3,567084 0,298617 1,531484 3,457216 -0,397985 1,284326 3,309662 -0,004081 0,761132 3,563598
-0,040009 0,015818 3,533331 0,271339 1,639289 3,541430 -0,387821 1,431464 3,396474 -0,000036 0,762190 3,549914
-0,045975 0,022021 3,546770 0,284060 1,607630 3,536353 -0,388282 1,426318 3,391680 -0,008153 0,762200 3,549973
-0,045289 0,018778 3,539032 0,271436 1,643442 3,534239 -0,394317 1,379146 3,392547 -0,004308 0,764904 3,563709
-0,044150 0,023703 3,546545 0,267360 1,607396 3,518915 -0,390118 1,436187 3,404642 -0,004065 0,768678 3,563733
-0,044606 0,019036 3,537992 0,277165 1,620998 3,526237 -0,394498 1,398861 3,382019 -0,008137 0,767615 3,577420
-0,047046 0,013252 3,535261 0,280771 1,545736 3,459019 -0,389246 1,454837 3,396546 -0,007908 0,763829 3,577302
