22 12
-0,006333 0,004747 3,369792 0,691405 1,043044 2,898760 -0,749844 1,302259 3,651345 -0,018946 0,751129 3,456582
-0,006639 0,000566 3,350425 0,847629 0,877485 2,861298 -0,953685 1,126807 3,622696 -0,000238 0,746399 3,469870
-0,011234 0,001638 3,330440 1,199262 0,532218 3,267387 -1,094520 0,561993 3,131417 0,010981 0,750515 3,509666
-0,010340 0,001866 3,325500 1,198440 0,113019 3,348438 -1,126940 0,190459 3,221960 0,018546 0,726841 3,482829
-0,010286 0,002734 3,310648 1,175020 -0,022589 3,437681 -1,123046 0,056644 3,266217 0,011122 0,725474 3,456518
-0,007208 0,001927 3,293156 1,095784 -0,051423 3,376842 -1,087176 -0,041993 3,469741 0,010885 0,721848 3,456665
-0,011917 0,009559 3,320044 1,119905 0,185490 3,268479 -1,149803 0,142534 3,523404 0,003539 0,741604 3,482918
-0,010725 0,010653 3,325369 1,146677 0,310511 3,244432 -1,181279 0,243474 3,435434 -0,003699 0,750449 3,509123
-0,013506 -0,004468 3,359799 1,058138 0,244961 3,140839 -1,137282 0,268326 3,278010 0,018486 0,744551 3,536408
-0,007134 -0,018823 3,343502 1,195594 -0,014448 3,468657 -1,119245 0,007534 3,245564 0,018525 0,719466 3,482715
-0,006038 -0,014673 3,343664 1,141476 -0,091861 3,500120 -1,066321 -0,078006 3,252599 0,018546 0,726841 3,482829
-0,002724 -0,020238 3,364014 1,077205 -0,010654 3,402079 -1,044768 -0,044182 3,377677 0,022201 0,724328 3,469745
0,000808 -0,013318 3,366141 1,109429 0,293050 3,198570 -1,148988 0,185542 3,421223 0,010905 0,729174 3,456773
0,004993 -0,029519 3,370651 1,158964 0,398388 3,324580 -1,131084 0,271083 3,286260 0,011164 0,731914 3,509248
0,012586 -0,024069 3,393683 1,162156 0,184291 3,279432 -1,117932 0,179262 3,250918 0,026306 0,731897 3,509326
0,021224 -0,026932 3,384927 1,123413 -0,121971 3,495440 -1,086149 -0,089519 3,254478 0,011358 0,720737 3,508857
0,023482 -0,025931 3,376049 1,072937 -0,180420 3,440670 -1,041073 -0,153040 3,271857 0,025789 0,707190 3,456532
0,030836 -0,034997 3,373397 1,150742 0,002867 3,466985 -1,051205 -0,036097 3,253050 0,011078 0,710830 3,456302
0,038888 -0,024699 3,359677 1,159965 0,410493 3,227996 -1,173940 0,374570 3,324896 0,018567 0,734218 3,482942
0,042021 -0,023529 3,349907 1,182951 0,716250 3,396424 -1,125103 0,592338 3,150743 0,025637 0,732840 3,457003
0,045277 -0,007025 3,364951 0,824946 1,069592 3,083804 -1,016230 1,227285 3,629198 0,014685 0,739823 3,418360
0,044192 -0,013487 3,381468 0,599493 1,494748 3,719159 -0,566811 1,253107 3,097116 0,018015 0,742405 3,431429
