28 12
-0,008880 0,030410 3,438891 0,238898 1,302918 3,071653 -0,437155 1,448375 3,265554 -0,022661 0,741234 3,443448
-0,016390 0,017192 3,451607 0,285107 1,362852 3,209800 -0,343876 1,241247 3,004732 -0,018703 0,727759 3,430326
-0,019273 0,026104 3,456605 0,218332 1,261880 3,099841 -0,325142 1,100231 2,895249 -0,021990 0,730112 3,442326
-0,034702 0,003705 3,439547 0,261385 1,357189 3,222470 -0,355473 0,804282 2,777089 -0,021532 0,703221 3,415413
-0,046258 0,019725 3,463227 0,164480 1,254640 2,896935 -0,395414 0,621004 2,789597 0,003578 0,727794 3,430780
-0,052714 0,012007 3,449011 0,175474 1,313802 2,923590 -0,439652 0,549030 2,746150 0,003119 0,727848 3,431103
-0,057885 0,029589 3,450160 0,148821 1,283494 2,853696 -0,477010 0,417078 2,634365 0,014380 0,744954 3,444252
-0,044633 0,030036 3,413344 0,166733 1,294061 2,907644 -0,404429 0,289452 2,689135 0,010060 0,773146 3,457341
-0,044628 0,024321 3,432670 0,210894 1,332676 3,084740 -0,365552 0,289578 2,856625 0,002637 0,759057 3,406154
-0,038119 0,028008 3,427567 0,215467 1,323720 3,006303 -0,352875 0,303834 2,943462 0,009433 0,760422 3,430891
-0,039427 0,031172 3,435409 0,233363 1,384305 3,090688 -0,474174 0,369080 2,944928 0,018053 0,756977 3,431632
-0,039903 0,022261 3,437819 0,087722 1,213278 2,677473 -0,489910 0,344131 2,806950 0,029082 0,755898 3,444442
-0,028631 0,033324 3,438238 0,114259 1,253646 2,775010 -0,408018 0,272409 3,019318 0,016986 0,750298 3,380953
-0,028610 0,024826 3,434072 0,233454 1,243723 3,065296 -0,365809 0,285301 3,078035 0,009514 0,745274 3,356182
-0,026741 0,029639 3,431822 0,117296 1,210137 2,849287 -0,399454 0,300315 3,117667 0,024778 0,760549 3,431461
-0,019300 0,027867 3,449090 0,312484 1,411815 3,261145 -0,475201 0,340093 2,785444 0,009996 0,744582 3,406019
-0,006948 0,024542 3,418797 0,140379 1,247284 2,774311 -0,374710 0,283888 2,763105 0,016763 0,761026 3,380854
-0,006895 0,018232 3,426508 0,188042 1,286587 2,916678 -0,342013 0,267201 2,969100 0,016752 0,753834 3,380764
-0,010815 0,027993 3,418139 0,189777 1,309791 2,910505 -0,400513 0,236791 2,906256 0,028386 0,766748 3,444085
-0,006963 0,032090 3,419225 0,260072 1,344820 3,069279 -0,406694 0,220124 2,820021 0,013639 0,756488 3,393642
-0,003592 0,027233 3,402937 0,303749 1,439698 3,310800 -0,376982 0,229811 2,887704 0,024117 0,752402 3,356284
0,003746 0,032168 3,407240 0,164505 1,250942 2,833275 -0,333585 0,294426 3,158288 0,016822 0,752412 3,356289
0,010585 0,031800 3,394220 0,126718 1,271481 2,791706 -0,391599 0,400342 3,119977 0,035190 0,747740 3,368469
0,019143 0,017400 3,393647 0,294306 1,375158 3,177466 -0,441754 0,529252 2,965867 0,015309 0,744759 3,443299
0,025347 0,023885 3,410427 0,325829 1,394567 3,244735 -0,491948 0,893850 2,843123 0,018480 0,742347 3,431138
0,028079 0,014732 3,399528 0,248288 1,225212 3,070746 -0,498533 1,205954 2,894710 0,010430 0,730139 3,405866
0,026876 0,032788 3,404347 0,123533 1,223383 2,806190 -0,458010 1,326090 2,987353 -0,004077 0,740961 3,405707
0,025912 0,020606 3,407490 0,239086 1,261895 3,111236 -0,360752 1,486076 3,340812 0,006908 0,737649 3,444086
