36 12
-0,079712 0,220057 3,301527 0,367619 1,501581 3,239484 -0,478033 1,598263 3,346892 -0,086361 0,983745 3,431888
-0,074742 0,214155 3,301046 0,444227 1,451991 3,154531 -0,477999 1,591913 3,345945 -0,085102 0,974025 3,381061
-0,078684 0,214215 3,296618 0,549465 1,401789 3,122411 -0,481827 1,585395 3,345193 -0,093277 0,976911 3,405873
-0,077383 0,217137 3,292364 0,651167 1,323236 3,106232 -0,482295 1,595077 3,363026 -0,092975 0,980586 3,405869
-0,072858 0,202247 3,286077 0,722677 1,238000 3,111051 -0,487730 1,585057 3,357908 -0,093277 0,976911 3,405873
-0,074625 0,210263 3,295207 0,767516 1,198945 3,143343 -0,490871 1,587372 3,358776 -0,097000 0,977140 3,393018
-0,068938 0,216040 3,292705 0,754762 1,155674 3,095013 -0,488678 1,584244 3,347257 -0,092975 0,980586 3,405869
-0,076150 0,216289 3,306670 0,706434 1,143982 3,056578 -0,483239 1,598264 3,344320 -0,100105 0,970163 3,380186
-0,070842 0,215424 3,300107 0,602070 1,123983 2,945156 -0,483175 1,579590 3,322410 -0,093277 0,976911 3,405873
-0,071856 0,211811 3,305876 0,418434 1,085867 2,953934 -0,470198 1,601900 3,325105 -0,093575 0,973211 3,405791
-0,064897 0,198034 3,300539 0,268427 1,012439 2,993966 -0,466456 1,601309 3,332447 -0,093278 0,969586 3,405766
-0,065732 0,201041 3,310945 0,139767 0,926450 2,954899 -0,462977 1,587813 3,311323 -0,092759 0,955729 3,380435
-0,071465 0,209230 3,317951 0,097247 0,856759 2,957564 -0,463037 1,600286 3,327323 -0,096999 0,969840 3,392914
-0,070768 0,208504 3,319237 0,121639 0,812001 2,930754 -0,463100 1,587295 3,311512 -0,093575 0,973211 3,405791
-0,072341 0,199408 3,318789 0,186621 0,817692 2,905197 -0,459505 1,595995 3,316247 -0,086062 0,980068 3,431783
-0,075287 0,204748 3,334803 0,290315 0,843055 2,893721 -0,458860 1,592218 3,314949 -0,085407 0,963100 3,380957
-0,077414 0,204156 3,318991 0,423881 0,882435 2,882269 -0,463331 1,586951 3,318053 -0,078478 0,977108 3,406694
-0,074810 0,209499 3,321016 0,521305 0,938866 2,881640 -0,460595 1,587333 3,328313 -0,078478 0,977108 3,406694
-0,074884 0,207997 3,327108 0,554712 1,001795 2,955809 -0,463886 1,593950 3,342737 -0,078478 0,977108 3,406694
-0,073153 0,202460 3,323909 0,518103 1,020109 2,899277 -0,461069 1,609549 3,338527 -0,078187 0,966135 3,406498
-0,069772 0,207507 3,334738 0,417524 1,065723 2,920478 -0,464720 1,606083 3,342636 -0,086659 0,972641 3,431683
-0,064666 0,205633 3,322710 0,264386 1,074936 2,959100 -0,464548 1,614240 3,341900 -0,090930 0,972188 3,444221
-0,056859 0,202274 3,317286 0,164069 1,005143 2,859659 -0,464494 1,602768 3,329905 -0,090637 0,968554 3,444282
-0,055903 0,205724 3,333556 0,060452 0,977594 2,966228 -0,462501 1,599997 3,321257 -0,086660 0,965269 3,431571
-0,051880 0,206575 3,325278 0,062197 0,942831 3,006859 -0,460703 1,591317 3,315153 -0,086066 0,972693 3,431672
-0,052094 0,202977 3,331157 0,102729 0,929222 3,009562 -0,459380 1,598012 3,327631 -0,082412 0,965716 3,419034
-0,046556 0,205273 3,339294 0,151268 0,934784 2,980504 -0,453797 1,592176 3,317811 -0,082114 0,969404 3,419046
-0,043773 0,204096 3,304573 0,202852 0,969888 2,961153 -0,453103 1,603076 3,331780 -0,071767 0,965448 3,432326
-0,047437 0,212485 3,313126 0,283599 1,051800 2,980849 -0,452658 1,601217 3,341158 -0,067857 0,969523 3,419767
-0,045364 0,205419 3,299300 0,371144 1,134897 2,998389 -0,454892 1,597701 3,333225 -0,075168 0,959119 3,393826
-0,042497 0,210255 3,320251 0,433809 1,281583 3,003446 -0,454971 1,592249 3,336861 -0,083168 0,976051 3,444807
-0,043591 0,218440 3,308552 0,462695 1,327551 3,051188 -0,454590 1,583200 3,329627 -0,067259 0,976928 3,419908
-0,040610 0,214332 3,304005 0,451434 1,397024 3,113912 -0,455258 1,587537 3,342205 -0,071076 0,977195 3,407060
-0,043060 0,218829 3,307653 0,417901 1,457683 3,194363 -0,454334 1,577010 3,332469 -0,067259 0,976928 3,419908
-0,040753 0,212025 3,311895 0,385071 1,497348 3,275771 -0,453026 1,599618 3,354376 -0,066898 0,970267 3,394488
-0,043331 0,214571 3,300932 0,339855 1,528575 3,298562 -0,454574 1,591592 3,344557 -0,075099 0,983598 3,445316
