29 12
-0,079167 0,239614 3,333527 0,274469 1,504954 3,132810 -0,450137 1,603861 3,308633 -0,061234 0,915569 3,307474
-0,073665 0,240071 3,350646 0,261003 1,347998 3,024330 -0,445808 1,598066 3,321785 -0,079613 0,928103 3,342630
-0,069218 0,247262 3,340391 0,292741 0,956184 2,862076 -0,447880 1,592255 3,329213 -0,061519 0,919177 3,307764
-0,069399 0,238576 3,337751 0,274554 0,787898 2,861557 -0,451706 1,588471 3,326139 -0,069098 0,925256 3,331625
-0,059079 0,256988 3,362632 0,243857 0,536098 2,922668 -0,451902 1,596362 3,328575 -0,093831 0,945763 3,341490
-0,060985 0,244668 3,362662 0,189207 0,438954 3,112773 -0,448212 1,597666 3,304634 -0,090266 0,932012 3,329830
-0,063718 0,251199 3,377228 0,185720 0,401583 3,042575 -0,448116 1,586513 3,288658 -0,090756 0,945502 3,354439
-0,062709 0,226270 3,371103 0,145171 0,371076 2,869455 -0,445414 1,589407 3,305952 -0,086725 0,955749 3,366162
-0,061389 0,237653 3,388329 0,208340 0,434819 2,547668 -0,442168 1,597938 3,312982 -0,087052 0,945025 3,366554
-0,053302 0,247672 3,409594 0,213467 0,474343 2,526231 -0,446681 1,594045 3,307920 -0,086740 0,948512 3,366067
-0,064080 0,234597 3,401269 0,201070 0,475851 2,559196 -0,457670 1,592286 3,307590 -0,097769 0,934475 3,353348
-0,071425 0,229100 3,386361 0,147815 0,474184 2,746886 -0,460177 1,582095 3,310360 -0,087851 0,947923 3,391983
-0,071070 0,236474 3,378814 0,136314 0,467076 2,806250 -0,461799 1,579337 3,314344 -0,098610 0,951808 3,378799
-0,074100 0,226910 3,355491 0,124299 0,434048 2,849057 -0,460302 1,585964 3,351112 -0,097823 0,928406 3,329677
-0,067457 0,261621 3,374039 0,126616 0,423737 2,809107 -0,470905 1,587251 3,351736 -0,091472 0,961965 3,404066
-0,066668 0,237358 3,373369 0,132670 0,444007 2,667360 -0,472377 1,596829 3,362164 -0,104144 0,938720 3,327926
-0,059059 0,288405 3,370772 0,129180 0,524639 2,512625 -0,476820 1,592678 3,346711 -0,088224 0,958382 3,348745
-0,064072 0,256534 3,379153 0,170073 0,540184 2,432823 -0,471174 1,577206 3,319459 -0,086084 0,992163 3,341468
-0,063752 0,245797 3,369861 0,180187 0,535947 2,461829 -0,466618 1,583542 3,307227 -0,098620 0,944547 3,378700
-0,067326 0,244815 3,363386 0,220639 0,540135 2,554646 -0,454888 1,585886 3,321961 -0,097209 0,935382 3,328939
-0,075865 0,247256 3,350489 0,245387 0,557615 2,573318 -0,459344 1,582799 3,325557 -0,107491 0,916534 3,269393
-0,072431 0,239679 3,361813 0,270822 0,634999 2,628986 -0,465184 1,588263 3,339193 -0,100599 0,926211 3,293354
-0,076924 0,240856 3,335294 0,387406 0,839460 2,699146 -0,471966 1,594263 3,334697 -0,072236 0,925644 3,319071
-0,074608 0,235738 3,328469 0,434731 1,061310 2,751314 -0,467861 1,603588 3,339169 -0,069109 0,918096 3,331537
-0,075672 0,242244 3,332396 0,472840 1,185061 2,844457 -0,463092 1,586955 3,327415 -0,075664 0,915413 3,306731
-0,072276 0,231034 3,337441 0,519633 1,388164 2,988293 -0,455260 1,611232 3,350360 -0,079484 0,918422 3,318584
-0,067454 0,226721 3,319185 0,458943 1,566350 3,269513 -0,449018 1,589640 3,329402 -0,068725 0,926216 3,307495
-0,065306 0,219987 3,309370 0,433166 1,579217 3,303384 -0,443314 1,605692 3,331716 -0,075075 0,915241 3,305969
-0,054125 0,212322 3,337758 0,388474 1,542023 3,268571 -0,445176 1,603798 3,343629 -0,075972 0,904803 3,306874
