24 12
-0,132041 0,221209 3,373600 0,287417 1,481490 3,319396 -0,508543 1,596147 3,402865 -0,084482 0,943020 3,331418
-0,133007 0,220930 3,393081 0,292118 1,466158 3,299683 -0,495807 1,589605 3,394581 -0,091741 0,942922 3,331005
-0,134610 0,240954 3,413897 0,307367 1,453565 3,265569 -0,487298 1,603384 3,402964 -0,091535 0,947291 3,306885
-0,135994 0,238628 3,398317 0,358293 1,418526 3,250808 -0,486860 1,594753 3,392941 -0,095926 0,949599 3,343042
-0,128210 0,224388 3,399206 0,452615 1,065994 2,926983 -0,495963 1,609044 3,417331 -0,090946 0,940221 3,306778
-0,126271 0,234963 3,384141 0,449177 0,891683 2,906396 -0,501235 1,615753 3,418924 -0,084479 0,950190 3,331507
-0,115910 0,246170 3,432300 0,404723 0,557674 2,920515 -0,503312 1,604278 3,405022 -0,099707 0,944693 3,269551
-0,118314 0,250323 3,418531 0,280536 0,417512 3,267634 -0,499192 1,589030 3,374516 -0,108044 0,965178 3,293593
-0,117097 0,256955 3,408971 0,187032 0,413134 3,262450 -0,494746 1,597676 3,380227 -0,097529 0,968568 3,306323
-0,118904 0,254398 3,435228 0,165609 0,404029 3,197806 -0,490685 1,607350 3,407036 -0,101111 0,968109 3,317815
-0,129050 0,236497 3,423194 0,308121 0,309476 3,041889 -0,486809 1,602444 3,388944 -0,097776 0,964236 3,330122
-0,122473 0,238182 3,427945 0,327336 0,334524 3,238749 -0,489309 1,597387 3,383458 -0,111955 0,961202 3,305237
-0,126412 0,222495 3,410620 0,117797 0,363043 3,009312 -0,489353 1,600271 3,388294 -0,108637 0,978008 3,341331
-0,125344 0,232659 3,414127 0,150193 0,382789 3,014293 -0,492114 1,599263 3,389141 -0,105299 0,981369 3,353907
-0,122704 0,258755 3,440920 0,236783 0,325460 2,977502 -0,494611 1,604081 3,388655 -0,101120 0,960960 3,317729
-0,124106 0,248387 3,417549 0,351152 0,349146 3,113990 -0,488504 1,606916 3,403800 -0,101733 0,961055 3,318244
-0,117374 0,256225 3,404264 0,248418 0,434007 3,176471 -0,489401 1,607438 3,404500 -0,112581 0,974817 3,329538
-0,126829 0,244868 3,412953 0,192554 0,511536 3,004405 -0,493771 1,607783 3,415640 -0,109263 0,978160 3,342035
-0,128690 0,220874 3,383095 0,264983 0,746567 3,000621 -0,492613 1,613739 3,415805 -0,099809 0,959269 3,379972
-0,129399 0,238422 3,407643 0,347268 0,988112 2,875777 -0,484635 1,603886 3,393039 -0,104077 0,959477 3,367254
-0,130051 0,233323 3,408530 0,393817 1,172899 2,999464 -0,484944 1,615443 3,414673 -0,107142 0,952634 3,354668
-0,129733 0,222677 3,393696 0,404451 1,376873 3,086990 -0,486951 1,605543 3,415438 -0,103190 0,955966 3,367251
-0,126778 0,230519 3,391773 0,336096 1,512994 3,357036 -0,492821 1,600711 3,419768 -0,107142 0,952634 3,354668
-0,122177 0,239887 3,389075 0,307474 1,518595 3,386866 -0,499349 1,593017 3,418821 -0,103486 0,966822 3,367465
