30 12
-0,126686 0,239624 3,303956 0,272714 1,509024 3,196776 -0,441631 1,580464 3,238881 -0,101754 0,932478 3,317896
-0,129750 0,249009 3,312886 0,334680 1,377450 2,967354 -0,440218 1,576893 3,236116 -0,097814 0,935566 3,329766
-0,130576 0,241468 3,318947 0,380973 1,306219 2,865119 -0,436595 1,585910 3,231202 -0,103904 0,923097 3,281211
-0,133916 0,249974 3,308761 0,474596 1,169284 2,856206 -0,430802 1,578414 3,238099 -0,105361 0,939091 3,329611
-0,139972 0,230873 3,313445 0,561719 0,793956 2,584936 -0,435356 1,591049 3,241332 -0,097044 0,919728 3,281945
-0,137532 0,246216 3,315795 0,587898 0,653858 2,648294 -0,437658 1,580108 3,241934 -0,082118 0,919800 3,282219
-0,134313 0,238813 3,336059 0,533168 0,338365 2,845534 -0,437745 1,586975 3,225113 -0,097529 0,924748 3,329259
-0,127374 0,238710 3,321649 0,461654 0,123409 3,109684 -0,441664 1,579483 3,246360 -0,083315 0,928609 3,330598
-0,122273 0,218895 3,334828 0,428238 0,038868 3,214007 -0,439500 1,585354 3,231423 -0,079613 0,928103 3,342630
-0,127436 0,242942 3,316132 0,342381 -0,046737 3,201566 -0,443245 1,580481 3,240005 -0,083304 0,935771 3,330686
-0,121896 0,242984 3,325475 0,282507 -0,046434 3,355535 -0,437527 1,584256 3,225723 -0,093845 0,938577 3,341399
-0,126461 0,235053 3,315833 0,264015 -0,032670 3,324397 -0,435557 1,586589 3,222655 -0,097222 0,928225 3,328851
-0,123294 0,247668 3,324061 0,257010 -0,038281 3,255632 -0,432437 1,586724 3,220635 -0,093845 0,938577 3,341399
-0,120414 0,244719 3,324661 0,262090 -0,029870 3,168725 -0,433819 1,588795 3,224550 -0,093707 0,929918 3,294157
-0,119883 0,240604 3,332627 0,279735 -0,037702 3,169794 -0,438246 1,581314 3,221764 -0,090254 0,939174 3,329918
-0,117209 0,236620 3,347903 0,270106 -0,050076 3,174043 -0,435898 1,582299 3,222324 -0,093233 0,938296 3,340254
-0,122319 0,237032 3,334975 0,273707 -0,054603 3,159092 -0,441196 1,575983 3,220290 -0,094142 0,942275 3,341898
-0,126858 0,223134 3,316140 0,280054 -0,044257 3,169866 -0,439534 1,585198 3,228994 -0,097518 0,931906 3,329348
-0,123276 0,230867 3,331516 0,281273 -0,056250 3,172329 -0,440475 1,595478 3,234890 -0,100850 0,935879 3,317052
-0,120866 0,238156 3,321955 0,324648 -0,037142 2,988533 -0,441338 1,593503 3,236695 -0,093621 0,935989 3,317545
-0,121558 0,232680 3,318910 0,356512 -0,009698 2,902965 -0,443346 1,584288 3,221021 -0,082548 0,933028 3,306174
-0,120009 0,238748 3,339223 0,427373 0,067860 2,903855 -0,443568 1,591298 3,220790 -0,086706 0,925464 3,318240
-0,124918 0,246582 3,335576 0,476721 0,292354 2,564449 -0,442056 1,587700 3,214041 -0,091366 0,938430 3,355012
-0,128375 0,253711 3,313822 0,531816 0,469408 2,613594 -0,442306 1,581230 3,227596 -0,083898 0,935859 3,331165
-0,131400 0,247013 3,316521 0,582409 0,863374 2,746852 -0,436895 1,598097 3,238452 -0,103336 0,917041 3,257659
-0,128729 0,242905 3,298490 0,524994 1,165786 2,941351 -0,440153 1,572506 3,234389 -0,123830 0,941927 3,340462
-0,127350 0,240684 3,310875 0,484501 1,315132 3,059263 -0,442063 1,600372 3,254982 -0,116862 0,945689 3,341317
-0,119146 0,248030 3,311918 0,379076 1,425881 2,990907 -0,445618 1,583839 3,261662 -0,114953 0,933062 3,292392
-0,109932 0,241142 3,289953 0,320411 1,532071 3,259150 -0,454019 1,589313 3,262130 -0,122131 0,932931 3,291828
-0,110292 0,241924 3,296466 0,270701 1,563310 3,305551 -0,454906 1,582996 3,258974 -0,115600 0,939286 3,316414
