21 12
-0,119339 0,224801 3,382678 0,298283 1,495943 3,320437 -0,497565 1,611153 3,419172 -0,103783 0,963162 3,367401
-0,118033 0,236243 3,392507 0,365218 1,307299 3,021967 -0,491136 1,603004 3,403874 -0,106550 0,952683 3,354610
-0,118343 0,234554 3,393922 0,405984 1,180020 2,934998 -0,483709 1,607546 3,395684 -0,096220 0,953135 3,342985
-0,112745 0,230990 3,392740 0,411449 0,857587 2,945616 -0,497843 1,588768 3,384842 -0,100107 0,955622 3,379984
-0,109498 0,245608 3,403429 0,405233 0,582742 2,998246 -0,504113 1,602051 3,389288 -0,113502 0,956922 3,329777
-0,106456 0,248277 3,403446 0,353884 0,477639 3,110447 -0,505073 1,589122 3,384837 -0,104444 0,957703 3,305412
-0,112143 0,254078 3,393627 0,180051 0,346103 2,979056 -0,504950 1,587546 3,371286 -0,104435 0,964828 3,305496
-0,113423 0,252147 3,412591 0,210546 0,310421 2,955809 -0,502009 1,595675 3,376739 -0,116228 0,974365 3,341129
-0,112482 0,241176 3,397259 0,282743 0,274536 2,923964 -0,499783 1,593254 3,386686 -0,111965 0,967494 3,328744
-0,115782 0,245575 3,421205 0,295951 0,287532 2,952629 -0,500495 1,597254 3,383465 -0,120517 0,981260 3,353527
-0,114116 0,249565 3,402439 0,137816 0,377078 3,170864 -0,499760 1,616812 3,412642 -0,119155 0,968196 3,304778
-0,118130 0,253968 3,380647 0,119063 0,385991 3,028078 -0,495855 1,607168 3,402020 -0,118839 0,971697 3,304506
-0,118873 0,231558 3,395866 0,293525 0,357284 3,215393 -0,499002 1,613827 3,417007 -0,127082 0,967370 3,328320
-0,118639 0,244559 3,396393 0,422860 0,388470 2,924078 -0,498373 1,594742 3,378771 -0,126767 0,970892 3,328035
-0,119516 0,254811 3,403680 0,427785 0,479149 2,916209 -0,497982 1,594882 3,381688 -0,123812 0,970692 3,340836
-0,125207 0,233248 3,383902 0,406985 0,731481 2,836246 -0,493941 1,615374 3,408232 -0,109570 0,953788 3,317880
-0,130926 0,226406 3,401971 0,394629 1,064677 2,918758 -0,493571 1,610900 3,402928 -0,117828 0,955720 3,366221
-0,126158 0,238026 3,398188 0,396163 1,234268 3,024955 -0,488900 1,611790 3,397376 -0,115092 0,966251 3,379145
-0,128850 0,231617 3,389597 0,400333 1,401982 3,127542 -0,489037 1,625232 3,422329 -0,118425 0,962916 3,366406
-0,126374 0,215119 3,396213 0,350538 1,530653 3,363197 -0,487078 1,609755 3,411323 -0,106847 0,956280 3,354728
-0,122779 0,223056 3,382924 0,345831 1,524012 3,376374 -0,493326 1,612202 3,417894 -0,106550 0,952683 3,354610
