27 12
-0,045906 0,225150 3,280967 0,423711 1,525198 3,189846 -0,421373 1,603982 3,349406 -0,051871 0,963836 3,370034
-0,046996 0,227784 3,290266 0,391139 1,439933 3,074401 -0,424443 1,592568 3,338321 -0,051871 0,963836 3,370034
-0,046408 0,218807 3,291090 0,371195 1,322055 2,957831 -0,422282 1,597028 3,330750 -0,048973 0,956878 3,357477
-0,040471 0,219106 3,305330 0,377756 1,169653 2,867277 -0,423102 1,597154 3,345120 -0,048682 0,953332 3,357590
-0,040572 0,225135 3,289808 0,380123 1,011409 2,853733 -0,424774 1,588152 3,334957 -0,048920 0,959809 3,382496
-0,042744 0,226485 3,306880 0,343914 0,836272 2,825273 -0,421484 1,605234 3,343410 -0,052172 0,960195 3,369994
-0,038864 0,222223 3,303423 0,307745 0,747050 2,827892 -0,418559 1,593102 3,329386 -0,051568 0,967453 3,369992
-0,036925 0,227400 3,305695 0,287985 0,698338 2,851854 -0,420710 1,600046 3,336419 -0,055095 0,964155 3,357432
-0,038607 0,229229 3,305847 0,266312 0,690816 2,838031 -0,420834 1,592953 3,327870 -0,062738 0,970636 3,382022
-0,040070 0,217721 3,301383 0,247150 0,741781 2,806231 -0,420505 1,600624 3,333547 -0,058905 0,967386 3,369689
-0,042518 0,218015 3,313452 0,223538 0,828689 2,738274 -0,424894 1,599309 3,342980 -0,059208 0,963770 3,369738
-0,045161 0,223773 3,322802 0,248327 0,899105 2,635432 -0,425521 1,593073 3,341621 -0,048084 0,960613 3,357758
-0,046874 0,224341 3,323946 0,187181 0,784589 2,792168 -0,431689 1,608469 3,356319 -0,058905 0,967386 3,369689
-0,048225 0,216742 3,304912 0,197414 0,722527 2,797403 -0,431449 1,602977 3,352031 -0,066898 0,970267 3,394488
-0,049347 0,224549 3,314294 0,202640 0,698975 2,858254 -0,438307 1,605336 3,371092 -0,066891 0,977569 3,394589
-0,044776 0,233546 3,313210 0,189380 0,715836 2,853180 -0,442657 1,601355 3,372191 -0,070476 0,977197 3,406916
-0,045725 0,221063 3,304866 0,178987 0,795386 2,824672 -0,446666 1,610973 3,385326 -0,062712 0,960481 3,357168
-0,050002 0,210089 3,316181 0,179843 0,924425 2,771591 -0,445880 1,613804 3,389432 -0,056284 0,952476 3,382132
-0,048842 0,205917 3,313570 0,213448 1,084430 2,796377 -0,450515 1,614497 3,387573 -0,054162 0,954550 3,418996
-0,053787 0,215858 3,309599 0,230294 1,138415 2,818787 -0,447234 1,616410 3,379927 -0,060959 0,934335 3,368226
-0,051202 0,217493 3,313872 0,266532 1,189579 2,834747 -0,451938 1,607810 3,367839 -0,060104 0,938292 3,369207
-0,051899 0,220373 3,314354 0,332282 1,240401 2,847450 -0,451048 1,608479 3,356388 -0,052732 0,963051 3,394947
-0,055599 0,214581 3,307513 0,402735 1,308423 2,901695 -0,457534 1,601322 3,358996 -0,055716 0,946882 3,332758
-0,054966 0,220343 3,294209 0,457669 1,384990 2,993592 -0,460976 1,596294 3,353730 -0,055983 0,963426 3,382350
-0,050968 0,219114 3,297078 0,474919 1,458524 3,112852 -0,459409 1,604225 3,357473 -0,055682 0,967079 3,382387
-0,053321 0,220607 3,294521 0,455880 1,520380 3,216994 -0,457216 1,600620 3,353244 -0,055682 0,967079 3,382387
-0,053203 0,212981 3,293580 0,414303 1,544304 3,285204 -0,458264 1,603432 3,373870 -0,051871 0,963836 3,370034
