35 12
-0,079738 0,221327 3,281121 0,411407 1,288809 2,913283 -0,467433 1,515861 3,286546 -0,068619 0,951956 3,284122
-0,079756 0,229138 3,283687 0,448573 1,223828 2,843278 -0,464318 1,530810 3,283728 -0,074781 0,952564 3,259795
-0,074183 0,240923 3,285267 0,497369 1,074939 2,866778 -0,460727 1,536239 3,290549 -0,072001 0,962894 3,272252
-0,070119 0,241361 3,280338 0,506269 0,784638 2,818625 -0,461323 1,528310 3,274805 -0,079266 0,972719 3,295496
-0,067694 0,236866 3,285550 0,467972 0,663795 2,911869 -0,454776 1,546749 3,274638 -0,079276 0,965611 3,295416
-0,059781 0,247434 3,286736 0,391025 0,420294 2,912367 -0,457257 1,532131 3,283043 -0,091704 0,963041 3,246446
-0,065306 0,240041 3,306915 0,314125 0,366879 3,125070 -0,458946 1,535336 3,281166 -0,086462 0,972621 3,295083
-0,064725 0,241821 3,295826 0,296283 0,352652 3,129375 -0,457945 1,537634 3,284087 -0,085828 0,979588 3,294537
-0,062632 0,243728 3,328641 0,255076 0,322108 3,085228 -0,455051 1,532892 3,273417 -0,082945 0,973030 3,283603
-0,065543 0,238764 3,308896 0,266720 0,335240 3,061529 -0,452920 1,524565 3,268788 -0,095716 0,975946 3,280987
-0,061915 0,238966 3,301076 0,263958 0,330702 3,026865 -0,458430 1,534034 3,284078 -0,092712 0,975818 3,293605
-0,067469 0,245785 3,305200 0,279914 0,346164 3,034891 -0,456310 1,543008 3,285717 -0,088858 0,979731 3,282012
-0,067368 0,254431 3,318587 0,269833 0,331920 3,036665 -0,460452 1,519927 3,292040 -0,096339 0,983271 3,282009
-0,060658 0,258505 3,313168 0,277391 0,341417 3,035597 -0,459912 1,531542 3,283008 -0,081361 0,983246 3,282004
-0,062851 0,250732 3,325516 0,279300 0,349470 3,035678 -0,457005 1,532497 3,286702 -0,089348 0,986254 3,305913
-0,064524 0,249824 3,320783 0,279824 0,355362 3,016517 -0,453210 1,536364 3,288787 -0,089022 0,989686 3,305442
-0,065660 0,252803 3,308246 0,275928 0,343450 3,042635 -0,457967 1,533630 3,282496 -0,099659 0,972910 3,269854
-0,064175 0,243396 3,302501 0,281283 0,348512 3,024665 -0,458238 1,539944 3,285252 -0,096027 0,979619 3,281535
-0,063231 0,249644 3,311505 0,286137 0,350053 3,032712 -0,461395 1,522631 3,269272 -0,096351 0,976185 3,281930
-0,062439 0,241144 3,294144 0,285361 0,340321 3,009794 -0,458892 1,531530 3,284384 -0,089363 0,979121 3,305829
-0,061109 0,244874 3,286148 0,292993 0,353265 3,030944 -0,457724 1,535821 3,283444 -0,089038 0,982553 3,305359
-0,060078 0,246078 3,283147 0,285456 0,348017 3,024936 -0,457143 1,545410 3,280445 -0,089671 0,982796 3,306307
-0,062728 0,252013 3,301628 0,289373 0,345146 3,001074 -0,461840 1,531163 3,289943 -0,095700 0,983029 3,281065
-0,058793 0,245650 3,305782 0,282831 0,340533 3,015422 -0,455098 1,522525 3,264344 -0,092190 0,976447 3,269945
-0,058742 0,260446 3,305107 0,281000 0,348562 3,010874 -0,454169 1,537937 3,271333 -0,092371 0,986347 3,293216
-0,062051 0,249341 3,307571 0,283003 0,346378 2,989101 -0,455328 1,544486 3,278771 -0,088532 0,983142 3,281548
-0,059786 0,243156 3,300120 0,281883 0,356717 2,996698 -0,457834 1,535686 3,259011 -0,092513 0,973023 3,270333
-0,057985 0,260118 3,329326 0,322473 0,417366 2,853991 -0,458116 1,522256 3,271225 -0,097401 0,960742 3,199656
-0,064314 0,252794 3,318944 0,327809 0,489752 2,811471 -0,455835 1,526919 3,249740 -0,099659 0,972910 3,269854
-0,082695 0,235624 3,284673 0,372947 0,728175 2,807102 -0,456212 1,535110 3,260865 -0,086774 0,969102 3,295241
-0,092984 0,238108 3,310065 0,356179 1,020502 2,830963 -0,457457 1,542018 3,285194 -0,075380 0,959686 3,260302
-0,098759 0,231588 3,288213 0,371005 1,150871 2,923025 -0,455293 1,529035 3,270214 -0,075389 0,952650 3,260230
-0,106005 0,224922 3,275824 0,384026 1,340738 3,009761 -0,462423 1,519929 3,259933 -0,079164 0,955747 3,271804
-0,105050 0,253274 3,274630 0,358476 1,455772 3,164859 -0,462021 1,535350 3,278615 -0,075080 0,956136 3,260085
-0,103429 0,242632 3,278620 0,348050 1,473324 3,201584 -0,461474 1,544436 3,283290 -0,082350 0,958772 3,282987
