36 12
-0,066125 0,203233 3,287165 0,412498 1,496411 3,200859 -0,419212 1,594343 3,299894 -0,025731 0,957894 3,333825
-0,067284 0,213883 3,271800 0,433565 1,496817 3,110690 -0,416960 1,599177 3,306152 -0,025621 0,958645 3,309650
-0,068135 0,209172 3,280654 0,476447 1,402472 2,964825 -0,413230 1,607182 3,324021 -0,029600 0,958258 3,321663
-0,069839 0,215555 3,273798 0,525021 1,266000 2,813621 -0,411077 1,600032 3,302803 -0,029483 0,951896 3,297565
-0,071922 0,209735 3,283148 0,553083 1,074635 2,662314 -0,410753 1,609709 3,310385 -0,033155 0,955046 3,309475
-0,071038 0,210645 3,282907 0,563236 0,846468 2,573064 -0,412422 1,592622 3,301361 -0,032864 0,951476 3,309372
-0,073048 0,212017 3,279177 0,554971 0,628202 2,557959 -0,410243 1,600965 3,299958 -0,039897 0,952216 3,285293
-0,066487 0,216765 3,297769 0,545358 0,426859 2,595982 -0,417265 1,609115 3,312346 -0,042771 0,956027 3,273028
-0,063196 0,210239 3,286780 0,517928 0,234090 2,670625 -0,413431 1,594426 3,287518 -0,053015 0,966000 3,283820
-0,062105 0,220577 3,292440 0,467817 0,142357 2,754065 -0,417336 1,598415 3,300197 -0,049548 0,969238 3,295897
-0,067064 0,216424 3,273039 0,398777 0,072676 2,786225 -0,413133 1,602719 3,308762 -0,057050 0,972829 3,296006
-0,062248 0,218022 3,293389 0,306259 0,042061 2,792453 -0,414517 1,606695 3,317962 -0,052997 0,973085 3,283896
-0,061527 0,219000 3,297895 0,260523 0,081752 2,826932 -0,418354 1,573055 3,299024 -0,035281 0,982989 3,320630
-0,061883 0,224937 3,303406 0,234956 0,050547 2,782737 -0,414617 1,610634 3,314624 -0,049230 0,972665 3,295473
-0,068419 0,209365 3,295244 0,270691 0,031546 2,809274 -0,420345 1,601255 3,310228 -0,057050 0,972829 3,296006
-0,066861 0,218766 3,290114 0,326846 0,017175 2,841267 -0,422377 1,594620 3,307795 -0,060472 0,986627 3,307557
-0,066180 0,216125 3,299059 0,338995 0,020459 2,874341 -0,419547 1,606180 3,319495 -0,064253 0,989884 3,319456
-0,058520 0,224512 3,329289 0,283372 0,048120 2,854745 -0,421686 1,595285 3,317141 -0,056656 1,003536 3,343250
-0,068778 0,218417 3,304744 0,235069 0,113521 2,881055 -0,421445 1,611003 3,319967 -0,060149 0,990063 3,307117
-0,060304 0,242694 3,306382 0,198458 0,104298 2,814590 -0,423077 1,610369 3,319385 -0,056411 0,979704 3,295218
-0,063280 0,232944 3,305628 0,236872 0,060286 2,816697 -0,430540 1,594849 3,305951 -0,042720 0,996759 3,344858
-0,059771 0,227938 3,324988 0,304327 0,046319 2,807803 -0,429508 1,604142 3,305466 -0,063948 0,986170 3,318924
-0,058920 0,217187 3,316778 0,338651 0,058211 2,835922 -0,430907 1,605799 3,311652 -0,060472 0,986627 3,307557
-0,057416 0,231607 3,299683 0,285831 0,081420 2,816356 -0,430967 1,600882 3,306498 -0,060472 0,986627 3,307557
-0,063176 0,231616 3,278427 0,229537 0,133403 2,814455 -0,426874 1,603713 3,305759 -0,064253 0,989884 3,319456
-0,084384 0,228251 3,231680 0,188774 0,179996 2,755910 -0,429078 1,603864 3,301974 -0,060472 0,986627 3,307557
-0,093094 0,186406 3,231164 0,215611 0,247450 2,699671 -0,428137 1,604692 3,303774 -0,064270 0,982724 3,319372
-0,091441 0,184927 3,258374 0,280514 0,367466 2,630022 -0,430571 1,604422 3,300397 -0,066377 0,966265 3,258588
-0,082032 0,219866 3,313385 0,368793 0,553394 2,659948 -0,433705 1,603020 3,306465 -0,067672 0,969495 3,283559
-0,088235 0,201107 3,292725 0,442384 0,693426 2,590346 -0,431978 1,607085 3,308661 -0,060837 0,942230 3,260647
-0,097850 0,201135 3,296991 0,481709 0,928443 2,645840 -0,425693 1,600183 3,304662 -0,054272 0,945021 3,284688
-0,099228 0,199789 3,282917 0,506391 1,164245 2,748911 -0,425252 1,585331 3,290370 -0,050805 0,948189 3,296753
-0,098877 0,203013 3,283760 0,488934 1,319221 2,872155 -0,426308 1,589394 3,298107 -0,050559 0,941937 3,272987
-0,099825 0,194951 3,289160 0,456856 1,440258 3,030184 -0,429274 1,596625 3,315774 -0,036397 0,948296 3,297259
-0,096384 0,201668 3,288964 0,415879 1,531344 3,203277 -0,425131 1,596124 3,306495 -0,036689 0,951854 3,297364
-0,097516 0,200538 3,298900 0,386188 1,520400 3,233805 -0,427959 1,593874 3,317182 -0,036397 0,948296 3,297259
