25 12
-0,169644 0,243190 3,307997 0,195042 1,392046 3,108216 -0,492007 1,613322 3,344883 -0,163259 0,945071 3,324722
-0,170918 0,240037 3,308295 0,335272 1,060696 2,638385 -0,494642 1,607059 3,339314 -0,171477 0,944049 3,348333
-0,173052 0,250381 3,323432 0,373087 0,907681 2,545711 -0,498599 1,608761 3,344949 -0,157865 0,950809 3,374628
-0,167398 0,249599 3,341948 0,435368 0,564475 2,603955 -0,503278 1,619695 3,338284 -0,149361 0,948114 3,350213
-0,152761 0,253666 3,351227 0,410582 0,150936 2,631134 -0,500078 1,609827 3,304289 -0,163270 0,947570 3,347772
-0,155540 0,242680 3,339256 0,411194 0,051650 2,734780 -0,492218 1,612273 3,309952 -0,161658 0,947565 3,362329
-0,155418 0,237392 3,343195 0,343562 -0,154017 2,781820 -0,490823 1,612510 3,312335 -0,165491 0,961559 3,374349
-0,149662 0,233730 3,328192 0,147693 -0,205005 3,178684 -0,489431 1,598737 3,295836 -0,157865 0,958066 3,374731
-0,144790 0,254676 3,355108 0,086839 -0,216671 3,013277 -0,487334 1,606425 3,313380 -0,158174 0,961737 3,375078
-0,142559 0,243422 3,348184 0,171593 -0,264873 3,048462 -0,481718 1,605063 3,318088 -0,163900 0,954975 3,348863
-0,153251 0,237955 3,351089 0,118292 -0,241797 3,243288 -0,483415 1,619287 3,320382 -0,169649 0,964739 3,386503
-0,152269 0,234974 3,354300 0,082303 -0,193003 3,178043 -0,481976 1,611540 3,314080 -0,161688 0,964810 3,386563
-0,147811 0,227842 3,364431 0,068384 -0,205316 3,063104 -0,479386 1,633674 3,325114 -0,183999 0,967943 3,384639
-0,155407 0,227969 3,361178 0,120701 -0,210975 3,081269 -0,492689 1,603065 3,312166 -0,173108 0,957762 3,373765
-0,155981 0,219622 3,341103 0,108387 -0,193652 3,144629 -0,494582 1,622496 3,330349 -0,173519 0,964239 3,398356
-0,150146 0,247268 3,366965 0,096367 -0,188961 3,052891 -0,497980 1,620351 3,342612 -0,169340 0,975623 3,386352
-0,154940 0,234417 3,345649 0,189518 -0,155621 2,930248 -0,498304 1,616927 3,326156 -0,181186 0,967741 3,397931
-0,152882 0,226555 3,362624 0,161562 -0,094099 2,980755 -0,498418 1,609962 3,335028 -0,168650 0,958217 3,361526
-0,133789 0,285320 3,401937 0,094259 0,084991 2,832799 -0,493233 1,622871 3,328113 -0,164225 0,968495 3,372742
-0,153052 0,259689 3,400944 0,199865 0,306338 2,606660 -0,488626 1,618884 3,326514 -0,165179 0,950632 3,373887
-0,165927 0,261840 3,363358 0,200881 0,392715 2,554183 -0,487911 1,615294 3,328695 -0,168027 0,950879 3,360735
-0,172133 0,232876 3,350281 0,400373 0,848364 2,700519 -0,479667 1,618433 3,333652 -0,184909 0,944505 3,322386
-0,163049 0,241068 3,310224 0,396838 1,168562 2,829427 -0,478739 1,615095 3,342668 -0,182750 0,944232 3,335628
-0,159589 0,244352 3,323915 0,418978 1,350618 3,048994 -0,481051 1,603001 3,336576 -0,186879 0,942108 3,286017
-0,152570 0,222295 3,331775 0,348833 1,451922 3,063185 -0,488829 1,603771 3,343066 -0,161049 0,947509 3,361819
