20 12
-0,025684 0,204490 3,271464 0,347199 1,448589 3,155259 -0,404012 1,625951 3,356454 -0,015161 0,922583 3,321584
-0,025538 0,204291 3,277004 0,372167 1,430034 3,098243 -0,408545 1,616963 3,350490 -0,015161 0,922583 3,321584
-0,023156 0,204540 3,287108 0,433439 1,387834 3,072917 -0,409944 1,619656 3,346646 -0,015161 0,922583 3,321584
-0,026653 0,205918 3,283298 0,493559 1,023717 2,783756 -0,406655 1,614174 3,343018 -0,022483 0,928756 3,345830
-0,024577 0,204262 3,282986 0,466504 0,881058 2,844084 -0,406849 1,609324 3,340741 -0,022483 0,928756 3,345830
-0,022308 0,216978 3,301620 0,382809 0,564347 2,869467 -0,407615 1,620516 3,344481 -0,045982 0,935204 3,260652
-0,027266 0,212961 3,312910 0,300434 0,442523 3,149905 -0,410878 1,599823 3,331033 -0,053071 0,944762 3,283592
-0,024719 0,212973 3,313645 0,274661 0,433784 3,190661 -0,408481 1,610694 3,332073 -0,053674 0,944938 3,284292
-0,028802 0,215076 3,304087 0,230870 0,415027 3,114542 -0,407608 1,618253 3,331666 -0,057393 0,955141 3,296128
-0,034271 0,210186 3,307130 0,246021 0,402567 3,087315 -0,404829 1,615195 3,336000 -0,060230 0,951768 3,283330
-0,031876 0,217137 3,309988 0,246228 0,392222 3,049487 -0,405442 1,623246 3,343466 -0,053053 0,951839 3,283668
-0,031898 0,216354 3,309815 0,277289 0,423202 3,038514 -0,407818 1,612638 3,340350 -0,052759 0,948177 3,283168
-0,037322 0,212888 3,307363 0,359408 0,502504 2,756711 -0,409845 1,615131 3,343463 -0,041406 0,935320 3,247833
-0,036901 0,213578 3,305960 0,416843 0,599723 2,671126 -0,403610 1,618788 3,331263 -0,031161 0,919622 3,214521
-0,045586 0,203302 3,311113 0,508108 0,914464 2,702189 -0,410724 1,615061 3,346320 -0,015416 0,919992 3,297516
-0,052391 0,193772 3,317636 0,472908 1,204070 2,851635 -0,409881 1,618794 3,343534 -0,004588 0,923079 3,309672
-0,049784 0,191914 3,306428 0,463950 1,309366 2,953419 -0,410670 1,620333 3,351128 -0,007915 0,923578 3,297707
-0,050433 0,204408 3,319607 0,423395 1,389576 2,998906 -0,409921 1,614044 3,342732 -0,018748 0,926619 3,309515
-0,051136 0,193514 3,291316 0,349956 1,506413 3,264339 -0,415795 1,616657 3,350994 -0,011822 0,929247 3,333809
-0,047883 0,188436 3,290271 0,327235 1,495941 3,270075 -0,415702 1,618184 3,362221 -0,008194 0,926153 3,321703
