33 12
-0,126058 0,244347 3,345630 0,323033 1,533141 3,208192 -0,496913 1,581435 3,379705 -0,124130 0,945556 3,340757
-0,126360 0,245026 3,340677 0,338707 1,521698 3,167575 -0,493921 1,584822 3,377444 -0,120840 0,948811 3,353342
-0,129112 0,246353 3,337995 0,448000 1,540906 3,265088 -0,487404 1,578806 3,371716 -0,124537 0,955533 3,365234
-0,133034 0,245700 3,348005 0,575478 1,275887 2,888419 -0,493602 1,584579 3,393431 -0,117160 0,949296 3,341524
-0,132671 0,239239 3,340555 0,644573 1,221579 2,906453 -0,497584 1,584282 3,393770 -0,113244 0,952512 3,353701
-0,128725 0,238149 3,372970 0,674233 1,128948 2,869283 -0,506684 1,581271 3,390870 -0,124842 0,951952 3,365439
-0,128168 0,241737 3,363354 0,629375 1,083300 2,824490 -0,516518 1,593590 3,388561 -0,128127 0,955887 3,352860
-0,124946 0,240983 3,360169 0,524767 1,098277 2,847420 -0,514634 1,590317 3,384372 -0,128869 0,955112 3,377609
-0,122092 0,220131 3,373335 0,108517 0,894383 2,338402 -0,514464 1,581487 3,368980 -0,122897 0,926013 3,437792
-0,113040 0,203830 3,350041 -0,329266 0,959536 2,920476 -0,506902 1,563342 3,360846 -0,140272 0,921744 3,388692
-0,102419 0,229178 3,359422 -0,455961 0,849100 2,927167 -0,501229 1,560960 3,341330 -0,140396 0,952441 3,437666
-0,095308 0,238110 3,379340 -0,458304 0,719135 2,934636 -0,505376 1,559806 3,331809 -0,119592 0,957029 3,441894
-0,100056 0,230097 3,360691 -0,346937 0,666111 2,724496 -0,504405 1,563392 3,332691 -0,140273 0,950854 3,389115
-0,101249 0,226500 3,375419 -0,275714 0,667763 2,563124 -0,503425 1,547948 3,329796 -0,135592 0,959692 3,466877
-0,100331 0,220278 3,378080 -0,117898 0,843301 2,734742 -0,509006 1,543159 3,346854 -0,138157 0,932167 3,401996
-0,099529 0,214561 3,345959 -0,060403 0,946799 2,610092 -0,523211 1,570183 3,413993 -0,139770 0,930267 3,453130
-0,091861 0,219417 3,356135 -0,154666 1,001788 2,721646 -0,528042 1,577819 3,443064 -0,147893 0,913168 3,412454
-0,083566 0,223468 3,360344 -0,380416 0,876145 2,562533 -0,531928 1,537197 3,411024 -0,114951 0,924284 3,428231
-0,078486 0,221978 3,337004 -0,559211 0,833491 2,921029 -0,521868 1,557099 3,406688 -0,150826 0,896957 3,288880
-0,079150 0,210856 3,327879 -0,516525 0,799794 2,929417 -0,520465 1,533394 3,376976 -0,107524 0,924406 3,428792
-0,080339 0,211051 3,336367 -0,493955 0,818200 2,995664 -0,517155 1,534092 3,350504 -0,126596 0,932018 3,415503
-0,083891 0,224693 3,345827 -0,388228 0,874251 2,777233 -0,503191 1,546478 3,341508 -0,122249 0,917943 3,402744
-0,085012 0,212736 3,332291 -0,317373 0,938353 2,718360 -0,506683 1,543927 3,349504 -0,114504 0,900987 3,378151
-0,090779 0,220538 3,322776 -0,135676 1,203724 2,936672 -0,491595 1,638425 3,482705 -0,132979 0,854325 3,363778
-0,093630 0,230822 3,328365 0,041233 1,220385 2,649500 -0,519158 1,563485 3,428390 -0,134753 0,910996 3,303457
-0,091372 0,229855 3,315942 0,139300 1,258925 2,689683 -0,525605 1,559361 3,437674 -0,120549 0,930752 3,352855
-0,098077 0,238522 3,318767 0,363015 1,425820 3,028027 -0,525147 1,548779 3,410398 -0,117229 0,948430 3,365712
-0,097539 0,238662 3,309301 0,454543 1,381539 2,950086 -0,516252 1,546657 3,390656 -0,113207 0,939015 3,329474
-0,098395 0,247149 3,302711 0,494891 1,426450 3,045231 -0,509759 1,556029 3,373025 -0,116257 0,945594 3,340758
-0,097841 0,240439 3,307563 0,522147 1,491318 3,143112 -0,505507 1,569279 3,375661 -0,114497 0,951763 3,378862
-0,096461 0,243935 3,297286 0,475714 1,583152 3,327745 -0,480449 1,557330 3,323052 -0,116257 0,945594 3,340758
-0,101223 0,243709 3,311176 0,445064 1,572351 3,325390 -0,475429 1,568549 3,335457 -0,109591 0,945815 3,341850
-0,098746 0,247614 3,304895 0,364264 1,537169 3,224935 -0,463794 1,583940 3,354635 -0,108979 0,952910 3,341400
