23 12
-0,057063 0,240357 3,358073 0,316389 1,452207 3,097877 -0,426812 1,582942 3,311728 -0,053359 0,939371 3,331014
-0,057046 0,228705 3,347305 0,315708 1,341803 2,991978 -0,427751 1,590736 3,320405 -0,054259 0,936092 3,332184
-0,060239 0,229722 3,352773 0,271504 1,075752 2,870170 -0,430223 1,578041 3,315218 -0,050802 0,929481 3,320385
-0,060884 0,239333 3,362283 0,281562 0,742734 2,811380 -0,427529 1,597003 3,332370 -0,065314 0,946321 3,343996
-0,060006 0,235686 3,373126 0,263122 0,625836 2,840698 -0,432422 1,586288 3,324518 -0,068189 0,935766 3,330730
-0,058435 0,239980 3,355482 0,243700 0,479230 2,849486 -0,430623 1,572522 3,306111 -0,070688 0,942865 3,316793
-0,058663 0,259132 3,394141 0,236764 0,592059 2,782749 -0,426906 1,581926 3,307852 -0,078831 0,946796 3,318146
-0,061684 0,236531 3,375909 0,231558 0,729673 2,726608 -0,426068 1,589843 3,320313 -0,079892 0,938961 3,343124
-0,069213 0,236583 3,374430 0,244288 1,064136 2,710390 -0,423072 1,589108 3,327510 -0,083898 0,935859 3,331165
-0,063669 0,227765 3,380039 0,212468 1,069934 2,770619 -0,426357 1,578294 3,337769 -0,076240 0,922607 3,307265
-0,065419 0,222133 3,378946 0,221159 0,931548 2,729540 -0,426542 1,584660 3,332133 -0,062100 0,919211 3,308029
-0,058286 0,236922 3,380507 0,199889 0,716820 2,763073 -0,433613 1,578012 3,316762 -0,079035 0,926513 3,294711
-0,057825 0,242285 3,367298 0,202177 0,658354 2,789826 -0,443072 1,580945 3,326150 -0,071997 0,946055 3,342840
-0,056978 0,234757 3,362435 0,190477 0,729559 2,735802 -0,439627 1,585849 3,316177 -0,068786 0,935946 3,331492
-0,060228 0,224665 3,352342 0,217779 1,035928 2,728758 -0,431326 1,576636 3,309644 -0,069973 0,921696 3,331896
-0,063121 0,226675 3,360528 0,218655 1,144623 2,692110 -0,423666 1,586357 3,304083 -0,076826 0,915485 3,307327
-0,056923 0,216991 3,358991 0,225864 1,138564 2,697798 -0,425859 1,583195 3,324401 -0,069898 0,911970 3,307587
-0,054357 0,235829 3,370629 0,268893 1,156019 2,757099 -0,429906 1,580201 3,321377 -0,058033 0,936559 3,320161
-0,054380 0,233988 3,368963 0,297867 1,201330 2,778322 -0,439246 1,567966 3,321787 -0,053395 0,929691 3,307250
-0,058183 0,230163 3,367479 0,322868 1,259266 2,865732 -0,438012 1,578256 3,315161 -0,055126 0,942490 3,357157
-0,056503 0,236107 3,364961 0,376698 1,380350 3,007599 -0,433955 1,565674 3,311342 -0,046993 0,936154 3,332487
-0,051769 0,237579 3,360339 0,356686 1,584292 3,223434 -0,426590 1,588562 3,322683 -0,036339 0,945734 3,369847
-0,054096 0,234884 3,361278 0,340132 1,602397 3,252761 -0,429243 1,582188 3,313948 -0,036355 0,938494 3,369755
