20 12
-0,055457 0,222484 3,290704 0,481770 1,448570 3,110860 -0,433741 1,611574 3,343329 -0,040590 0,947053 3,333345
-0,059945 0,222196 3,304029 0,459294 1,121278 2,941645 -0,435793 1,613618 3,342566 -0,037494 0,960303 3,370481
-0,056695 0,225593 3,293217 0,397388 0,948248 2,941024 -0,439260 1,608214 3,347316 -0,044628 0,946596 3,345422
-0,056584 0,221682 3,295738 0,292495 0,639818 2,919517 -0,443090 1,617297 3,362926 -0,073573 0,967228 3,368993
-0,058091 0,234782 3,324908 0,219180 0,521498 3,145277 -0,443864 1,619911 3,354697 -0,080579 0,985233 3,368639
-0,065348 0,232134 3,330365 0,198437 0,487580 3,169585 -0,445332 1,609989 3,346006 -0,077014 0,978375 3,356580
-0,069021 0,218071 3,314420 0,113237 0,439080 3,006407 -0,444004 1,605550 3,338422 -0,078043 0,985025 3,381648
-0,076452 0,212045 3,331705 0,152629 0,442091 2,732355 -0,441152 1,618091 3,342111 -0,081345 0,981033 3,393769
-0,080105 0,214277 3,343640 0,138026 0,493599 2,679760 -0,443922 1,617030 3,342334 -0,083172 1,019568 3,428100
-0,090132 0,227375 3,342648 0,169669 0,496603 2,759733 -0,447530 1,596350 3,328133 -0,088721 0,980933 3,393345
-0,094761 0,225833 3,356872 0,146238 0,476550 2,910746 -0,448765 1,602154 3,332167 -0,084479 0,988531 3,380922
-0,089626 0,224739 3,357285 0,135330 0,479524 2,928406 -0,438361 1,588003 3,318184 -0,084790 0,984929 3,381083
-0,081275 0,215639 3,365669 0,101560 0,471211 2,762148 -0,430146 1,600975 3,343700 -0,092480 1,019100 3,386416
-0,078030 0,218818 3,353755 0,130498 0,551452 2,620152 -0,433935 1,593117 3,326771 -0,081044 0,977344 3,393509
-0,081908 0,215676 3,357240 0,142946 0,577359 2,617144 -0,442258 1,594729 3,317867 -0,089227 0,980315 3,418649
-0,086042 0,215833 3,352157 0,234598 0,657753 2,768895 -0,445055 1,586466 3,286991 -0,081655 0,970094 3,393742
-0,084232 0,216081 3,353935 0,325361 0,767854 2,626477 -0,438708 1,581101 3,289419 -0,073186 0,953525 3,344171
-0,091328 0,211076 3,356687 0,377269 0,867833 2,622832 -0,430733 1,582910 3,293309 -0,055128 0,946938 3,332817
-0,094435 0,209925 3,337929 0,505937 1,191486 2,870301 -0,428136 1,600254 3,320896 -0,062427 0,949640 3,356930
-0,091056 0,210595 3,346144 0,437448 1,464513 3,176351 -0,444369 1,602263 3,339116 -0,063012 0,956854 3,357141
