24 12
-0,048538 0,214302 3,395783 0,370305 1,474039 3,212435 -0,438229 1,574414 3,366782 -0,062102 0,967664 3,356981
-0,051604 0,216482 3,374676 0,401908 1,425178 3,142322 -0,439798 1,582620 3,366851 -0,076723 0,967498 3,356243
-0,048167 0,213861 3,365416 0,477135 1,027202 2,747176 -0,435634 1,579027 3,361213 -0,076732 0,960274 3,356149
-0,048831 0,223248 3,390654 0,463487 0,818362 2,694644 -0,437424 1,569921 3,356806 -0,077632 0,956693 3,356452
-0,042085 0,234758 3,397824 0,402545 0,407682 2,674727 -0,443203 1,561120 3,332581 -0,071933 0,974838 3,343202
-0,030792 0,236221 3,396607 0,405699 0,110800 2,808654 -0,439850 1,568205 3,315136 -0,068408 0,975313 3,331631
-0,031739 0,231247 3,414402 0,368148 0,032452 2,921264 -0,441405 1,552859 3,297894 -0,065598 0,988977 3,369187
-0,053229 0,274405 3,279907 0,126072 0,006712 2,714091 -0,442077 1,559196 3,318727 -0,065296 0,985262 3,368790
-0,055498 0,283564 3,304229 0,056675 -0,009714 2,802509 -0,461946 1,571559 3,348807 -0,047073 0,988791 3,382128
-0,051963 0,268411 3,297724 0,116631 -0,056673 2,812447 -0,463434 1,564657 3,359522 -0,058275 0,981798 3,369441
-0,065693 0,275573 3,259769 0,153451 -0,046736 2,874902 -0,471743 1,559235 3,346818 -0,062127 0,995414 3,406712
-0,070224 0,259340 3,243249 0,064610 -0,002632 2,976420 -0,471447 1,560869 3,346203 -0,054419 0,996007 3,381909
-0,064755 0,267709 3,253790 0,073548 0,006232 2,896356 -0,467716 1,556034 3,342559 -0,069137 0,995848 3,381190
-0,073414 0,299161 3,183999 0,140975 -0,051397 2,889364 -0,459960 1,562364 3,353152 -0,054117 0,992253 3,381439
-0,076243 0,315005 3,186393 0,035182 0,021465 3,008845 -0,447645 1,545152 3,323401 -0,047057 0,996075 3,382225
-0,053765 0,288384 3,252465 0,011506 0,066983 2,918620 -0,444434 1,550668 3,314152 -0,061148 0,985481 3,356188
-0,049300 0,306598 3,246754 0,087227 0,073323 2,953895 -0,449974 1,559303 3,312799 -0,058883 1,002641 3,420054
-0,057092 0,254099 3,303078 0,242467 0,247859 2,616938 -0,446989 1,551524 3,314526 -0,061476 0,992177 3,381084
-0,047004 0,241533 3,388776 0,296991 0,368997 2,626675 -0,442563 1,561646 3,319263 -0,061148 0,985481 3,356188
-0,049241 0,224125 3,399864 0,417502 0,717272 2,728298 -0,429865 1,579605 3,359454 -0,080761 0,964244 3,344038
-0,060235 0,217857 3,410183 0,450663 1,129175 2,867830 -0,429565 1,579268 3,386176 -0,083877 0,957367 3,331431
-0,059194 0,226736 3,410518 0,472777 1,334383 3,010292 -0,434557 1,587861 3,393549 -0,072789 0,954305 3,319861
-0,066580 0,223292 3,373790 0,391331 1,425065 3,078182 -0,437452 1,568713 3,381838 -0,062712 0,960481 3,357168
-0,057144 0,225128 3,336431 0,316287 1,513476 3,314977 -0,446373 1,568001 3,400292 -0,043808 0,954582 3,321109
