16 12
-0,059910 0,207177 3,293163 0,383840 1,578569 3,163308 -0,474173 1,606183 3,328298 -0,054874 0,937934 3,284706
-0,065503 0,216462 3,321719 0,453147 1,373567 2,781702 -0,465542 1,605406 3,312072 -0,069526 0,934217 3,284004
-0,068954 0,211569 3,326693 0,481368 1,259122 2,633554 -0,466124 1,599942 3,298629 -0,065475 0,934740 3,272418
-0,067611 0,217586 3,333830 0,444621 1,033261 2,496687 -0,465871 1,568909 3,276762 -0,090266 0,931369 3,259379
-0,069058 0,210500 3,337903 0,428367 0,671115 2,345845 -0,458793 1,598947 3,294315 -0,111336 0,934565 3,257984
-0,067984 0,207610 3,349660 0,380776 0,504939 2,312338 -0,456202 1,597941 3,284912 -0,090830 0,960818 3,330838
-0,077105 0,169103 3,318987 0,293679 0,267319 2,244739 -0,458024 1,606073 3,294936 -0,095626 0,974972 3,303514
-0,078705 0,149966 3,299918 0,272671 0,173376 2,296262 -0,464742 1,588877 3,293702 -0,092918 0,978623 3,317093
-0,087824 0,138993 3,288408 0,256533 0,158553 2,284606 -0,460265 1,602783 3,298111 -0,107364 0,985534 3,316137
-0,084205 0,154036 3,321500 0,224621 0,199494 2,293527 -0,458521 1,618780 3,316559 -0,099805 0,989075 3,316108
-0,088859 0,183763 3,361406 0,187772 0,322755 2,367731 -0,455536 1,624871 3,323578 -0,098618 0,975030 3,290580
-0,088649 0,213973 3,356110 0,190221 0,387867 2,349318 -0,455713 1,627263 3,319065 -0,100135 0,985660 3,316673
-0,100370 0,213560 3,331871 0,293687 0,688173 2,524331 -0,458704 1,617158 3,304581 -0,113203 0,953348 3,329656
-0,099720 0,201973 3,329947 0,361407 1,074367 2,585076 -0,459411 1,602462 3,298881 -0,084165 0,930452 3,283145
-0,096210 0,213416 3,326790 0,397802 1,259270 2,735122 -0,459857 1,613992 3,328679 -0,083874 0,934048 3,283296
-0,093505 0,207323 3,325979 0,477132 1,444063 3,029908 -0,458124 1,594928 3,330312 -0,076808 0,943954 3,307657
