44 12
-0,089872 0,238119 3,285778 0,347441 1,593892 3,232051 -0,437308 1,594920 3,297343 -0,076198 0,958211 3,307678
-0,090299 0,232762 3,286372 0,350689 1,563111 3,210496 -0,449998 1,588950 3,294736 -0,083877 0,957367 3,331431
-0,087217 0,247567 3,288623 0,342211 1,551286 3,180082 -0,453475 1,588701 3,288723 -0,090324 0,961549 3,306698
-0,091186 0,254441 3,287488 0,340018 1,556233 3,196807 -0,461001 1,565777 3,286961 -0,089709 0,961408 3,306057
-0,087589 0,253069 3,295211 0,338638 1,550829 3,200537 -0,457931 1,584530 3,285185 -0,083570 0,960919 3,331274
-0,086690 0,249667 3,275362 0,340221 1,538230 3,171317 -0,456874 1,572608 3,272811 -0,076502 0,954657 3,307748
-0,088916 0,257364 3,287236 0,351988 1,537052 3,164197 -0,452673 1,572787 3,266194 -0,083260 0,964448 3,331038
-0,082936 0,256772 3,290648 0,361993 1,525875 3,126696 -0,448294 1,583185 3,274457 -0,090012 0,965053 3,306457
-0,085612 0,248989 3,274086 0,356426 1,516141 3,144908 -0,451237 1,616731 3,301385 -0,075900 0,954615 3,307448
-0,086053 0,248667 3,276226 0,366451 1,520606 3,153565 -0,462355 1,575683 3,277376 -0,075900 0,954615 3,307448
-0,082245 0,243784 3,272676 0,377682 1,533390 3,174652 -0,460463 1,604166 3,290408 -0,080030 0,954216 3,319477
-0,083027 0,263548 3,259947 0,366096 1,529631 3,164474 -0,468090 1,596124 3,292635 -0,082947 0,967952 3,330724
-0,079545 0,254926 3,270353 0,375562 1,549533 3,195745 -0,468256 1,598030 3,275183 -0,072483 0,957847 3,319716
-0,078117 0,246754 3,272558 0,369656 1,542158 3,165845 -0,462863 1,592024 3,260901 -0,075293 0,954478 3,306840
-0,083293 0,247578 3,263160 0,344133 1,540526 3,157120 -0,467210 1,585113 3,273355 -0,079724 0,957757 3,319325
-0,083556 0,241432 3,271655 0,343998 1,578530 3,159181 -0,463144 1,592497 3,301157 -0,072186 0,954215 3,319409
-0,078934 0,258860 3,274980 0,345458 1,561563 3,113249 -0,460018 1,593824 3,287771 -0,075890 0,961742 3,307531
-0,077724 0,240697 3,269520 0,350216 1,505513 3,013693 -0,461124 1,576772 3,292603 -0,083271 0,957274 3,330950
-0,080519 0,244755 3,266207 0,339080 1,391297 2,882103 -0,462039 1,592375 3,312663 -0,079426 0,954126 3,319010
-0,078217 0,250520 3,279309 0,307275 1,256727 2,732190 -0,464113 1,585122 3,307542 -0,086663 0,954029 3,318582
-0,075292 0,248759 3,284897 0,290044 1,119815 2,617334 -0,469097 1,597655 3,319241 -0,095331 0,956845 3,343102
-0,071543 0,252621 3,287348 0,281360 0,953031 2,607084 -0,471938 1,598240 3,307895 -0,097317 0,944501 3,282427
-0,069786 0,240790 3,298297 0,266305 0,810021 2,605005 -0,478063 1,580599 3,309830 -0,104762 0,947079 3,305583
-0,065928 0,247230 3,288873 0,192861 0,680399 2,622353 -0,479964 1,568037 3,286027 -0,104151 0,946941 3,304912
-0,068454 0,250228 3,313776 0,164042 0,542920 2,710649 -0,479928 1,582164 3,295260 -0,098394 0,957159 3,330546
-0,072645 0,259469 3,321202 0,136595 0,489913 2,843408 -0,475425 1,571733 3,284473 -0,105624 0,970622 3,354156
-0,074821 0,256130 3,325339 0,125480 0,543022 2,976767 -0,471800 1,572437 3,285399 -0,111642 0,964704 3,304973
-0,074768 0,268199 3,321205 0,124105 0,566109 3,016391 -0,469304 1,574079 3,282729 -0,117205 0,984651 3,366205
-0,077721 0,260561 3,340206 0,108852 0,558243 2,969485 -0,466926 1,581145 3,289672 -0,117825 0,977456 3,366518
-0,073901 0,254926 3,333382 0,100686 0,515232 2,858734 -0,464864 1,575150 3,305324 -0,109263 0,978160 3,342035
-0,070280 0,244073 3,338815 0,158508 0,500843 2,604389 -0,483712 1,591043 3,354443 -0,123195 0,963347 3,340007
-0,070982 0,267962 3,334958 0,142725 0,524260 2,611073 -0,492611 1,581960 3,344408 -0,109278 0,970132 3,365834
-0,068944 0,244174 3,345289 0,106662 0,482758 2,630112 -0,497377 1,582074 3,313615 -0,112928 0,963275 3,353525
-0,074857 0,262901 3,352906 0,039494 0,500153 2,903034 -0,481049 1,568458 3,277184 -0,112265 0,978343 3,329270
-0,083045 0,237292 3,343799 0,037388 0,520442 2,967805 -0,476616 1,568946 3,281842 -0,123723 0,964262 3,316880
-0,082916 0,259567 3,335696 0,058103 0,557044 3,012303 -0,468683 1,591106 3,312575 -0,120517 0,981260 3,353527
-0,086475 0,253321 3,347730 0,080451 0,540886 2,920183 -0,483482 1,595923 3,339720 -0,117156 0,970882 3,341806
-0,086642 0,252598 3,353530 0,086350 0,544482 2,836720 -0,485932 1,606682 3,337409 -0,125142 0,977319 3,365961
-0,090891 0,258976 3,345166 0,101034 0,702548 2,720125 -0,492657 1,592282 3,316888 -0,120834 0,963244 3,353534
-0,098731 0,234787 3,335845 0,213799 0,990207 2,533289 -0,477809 1,595306 3,303779 -0,099580 0,935553 3,330355
-0,098614 0,244627 3,351005 0,256484 1,167296 2,604858 -0,469010 1,581865 3,290633 -0,096411 0,940799 3,281539
-0,101642 0,257842 3,364308 0,376307 1,443479 2,904641 -0,467947 1,589072 3,311130 -0,106846 0,963501 3,354823
-0,098459 0,247291 3,344532 0,347273 1,548252 3,096766 -0,475010 1,589376 3,322373 -0,086841 0,956761 3,342550
-0,100355 0,227677 3,342759 0,335711 1,591466 3,226128 -0,480544 1,581485 3,309994 -0,079316 0,937206 3,295096
