24 12
-0,015140 0,275018 3,349321 0,341661 1,505793 3,122541 -0,378902 1,568951 3,298752 -0,003525 0,982483 3,358946
-0,015745 0,269247 3,336677 0,282873 1,428965 3,008823 -0,376933 1,568561 3,304409 0,002789 0,965139 3,334384
-0,006284 0,270650 3,352731 0,307010 1,184955 2,794664 -0,374508 1,577589 3,314457 -0,001124 0,964736 3,346434
-0,006699 0,281779 3,348163 0,308251 1,075104 2,720360 -0,376932 1,567628 3,300597 0,002045 0,967131 3,383099
-0,003816 0,282563 3,366596 0,264399 0,802499 2,672225 -0,379792 1,568812 3,303282 -0,010841 0,975874 3,334226
0,001291 0,278472 3,349868 0,244421 0,683504 2,897085 -0,380654 1,556824 3,284325 -0,025874 1,000051 3,383710
-0,001842 0,276555 3,350477 0,234932 0,653259 2,959594 -0,381306 1,572154 3,298350 -0,029620 1,003445 3,396213
-0,009374 0,275674 3,360888 0,242608 0,633187 3,038491 -0,386554 1,559136 3,298667 -0,025860 1,007343 3,383806
-0,004002 0,293367 3,364740 0,229176 0,654386 3,001174 -0,394680 1,561670 3,304357 -0,031115 1,039094 3,406432
-0,010033 0,286786 3,374340 0,242615 0,650375 2,886510 -0,396545 1,561868 3,303084 -0,031140 1,031747 3,406327
-0,006017 0,269779 3,380260 0,246270 0,679763 2,758213 -0,390087 1,571736 3,309127 -0,018262 1,003231 3,408982
-0,007365 0,282138 3,382299 0,229148 0,699267 2,846377 -0,386008 1,566283 3,297648 -0,033090 1,003154 3,408589
-0,010113 0,289440 3,362006 0,210118 0,705731 2,920453 -0,384437 1,561283 3,300816 -0,027701 1,024791 3,394390
-0,008153 0,277127 3,368329 0,211182 0,706739 2,976820 -0,391026 1,552551 3,285775 -0,029620 1,003445 3,396213
-0,013605 0,260832 3,361663 0,202819 0,718484 2,980590 -0,399226 1,551374 3,297341 -0,022322 1,003013 3,421755
-0,017999 0,266926 3,369269 0,210215 0,734960 2,969047 -0,400456 1,540094 3,294217 -0,031166 1,024404 3,406224
-0,018719 0,261958 3,374784 0,217235 0,849136 2,885622 -0,402851 1,558211 3,294316 -0,012396 0,977488 3,408578
-0,024709 0,256254 3,386974 0,291906 1,032886 2,791392 -0,404493 1,548882 3,302722 -0,008710 0,967564 3,370862
-0,023260 0,259790 3,386006 0,325874 1,147904 2,887955 -0,402376 1,546844 3,298325 -0,012394 0,963568 3,383227
-0,028624 0,266848 3,377513 0,405546 1,355544 2,981894 -0,406791 1,537874 3,302502 -0,012084 0,974553 3,383571
-0,030620 0,260651 3,375005 0,355323 1,523171 3,220964 -0,404328 1,545855 3,304336 -0,015448 0,974913 3,371175
-0,029001 0,256117 3,359570 0,321339 1,533755 3,251679 -0,408978 1,548297 3,302798 -0,007214 0,971289 3,371130
-0,029921 0,266502 3,378968 0,293967 1,531985 3,265629 -0,397385 1,560930 3,325448 -0,010872 0,981862 3,383663
-0,027844 0,261644 3,368362 0,304045 1,523453 3,250953 -0,381113 1,564906 3,303597 0,002943 0,970981 3,383812
