23 12
-0,089213 0,209365 3,311725 0,293155 1,568778 3,247661 -0,465832 1,631245 3,348284 -0,114142 0,927307 3,353837
-0,089778 0,215687 3,318224 0,338355 1,466092 2,996441 -0,471850 1,625136 3,349297 -0,118413 0,933959 3,366004
-0,089686 0,223025 3,321618 0,325976 1,417745 2,915572 -0,468363 1,629008 3,358544 -0,117745 0,927686 3,341323
-0,087633 0,225426 3,325482 0,196618 1,187444 2,615073 -0,472240 1,633027 3,340036 -0,132554 0,916592 3,340010
-0,082751 0,221799 3,318235 0,121847 0,916744 2,565797 -0,476486 1,632192 3,341295 -0,134415 0,897600 3,337078
-0,081612 0,215276 3,323621 0,067132 0,754476 2,553345 -0,478864 1,633810 3,340494 -0,125679 0,941316 3,453721
-0,072362 0,233863 3,340454 0,003351 0,469160 2,636523 -0,481084 1,617313 3,322261 -0,140577 0,961799 3,389469
-0,079638 0,216855 3,358307 0,002435 0,403075 2,834630 -0,472133 1,600470 3,293256 -0,131288 0,979283 3,428815
-0,077710 0,207707 3,372895 0,015395 0,397879 2,961333 -0,470481 1,608684 3,301876 -0,144727 0,961988 3,376747
-0,081349 0,209707 3,377292 0,031692 0,434518 2,997595 -0,466176 1,621386 3,337525 -0,152946 0,968401 3,401289
-0,076636 0,221219 3,385582 0,043601 0,467411 2,805767 -0,468828 1,628572 3,351780 -0,145831 0,967956 3,427369
-0,079153 0,228478 3,395444 0,017071 0,493196 2,656139 -0,469117 1,641371 3,371993 -0,152047 0,964842 3,401106
-0,078375 0,215779 3,377546 0,007982 0,517785 2,629506 -0,474360 1,631757 3,353016 -0,142537 0,963987 3,440474
-0,080938 0,220066 3,385986 0,021876 0,510759 2,745687 -0,472710 1,610408 3,319278 -0,134302 0,964868 3,415507
-0,080720 0,213592 3,384624 0,048055 0,511808 2,831568 -0,463422 1,608686 3,309066 -0,141996 0,961012 3,414856
-0,083813 0,223406 3,370314 0,094468 0,548209 3,004015 -0,454169 1,633866 3,347917 -0,138766 0,961209 3,402071
-0,082224 0,208158 3,367736 0,116078 0,610223 2,987176 -0,467126 1,642890 3,371009 -0,141456 0,950765 3,389391
-0,086033 0,209705 3,352477 0,123709 0,683439 2,840898 -0,468569 1,633772 3,347070 -0,124722 0,924002 3,340729
-0,089576 0,196011 3,358140 0,208772 0,934067 2,852785 -0,465735 1,635881 3,349299 -0,104623 0,923093 3,366318
-0,088444 0,212905 3,348038 0,269827 1,152840 2,781333 -0,462946 1,628066 3,329134 -0,114076 0,921003 3,329233
-0,091621 0,210428 3,349505 0,296243 1,300836 2,919317 -0,459897 1,629806 3,339900 -0,114432 0,930874 3,353881
-0,096328 0,208771 3,339916 0,337297 1,467321 3,095201 -0,459163 1,634797 3,347816 -0,114429 0,923667 3,353785
-0,090993 0,204900 3,351960 0,265746 1,588341 3,333900 -0,464764 1,629470 3,343928 -0,117743 0,920504 3,341228
