19 12
-0,056402 0,213420 3,247194 0,598450 1,329592 2,919488 -0,924385 1,586256 3,583650 -0,047181 0,928334 3,261327
-0,058970 0,214724 3,251240 0,704117 1,250122 2,892886 -1,053428 1,485779 3,591781 -0,047341 0,937127 3,308733
-0,058250 0,208728 3,259198 1,020156 1,155907 3,214955 -1,160994 1,072267 3,202191 -0,033189 0,933670 3,309239
-0,059908 0,203749 3,251021 1,105351 0,768511 2,968659 -1,315789 0,819759 3,355083 -0,029362 0,926088 3,321236
-0,060823 0,197674 3,253569 1,138653 0,621252 3,000409 -1,307149 0,653760 3,308579 -0,036449 0,919905 3,296952
-0,058537 0,199041 3,269284 1,155424 0,389387 3,085908 -1,302174 0,364941 3,286915 -0,032645 0,910867 3,261552
-0,060588 0,199053 3,249617 1,121893 0,296173 3,102131 -1,227627 0,246410 3,269508 -0,032940 0,907361 3,261579
-0,061988 0,199546 3,265850 1,124638 0,313504 3,071035 -1,245890 0,262962 3,250636 -0,039960 0,916842 3,284921
-0,065955 0,214283 3,256326 1,135747 0,410724 3,072306 -1,249373 0,360165 3,205867 -0,032482 0,920394 3,285046
-0,054592 0,212915 3,241725 1,160271 0,413490 3,115371 -1,262304 0,327466 3,205395 -0,036449 0,919905 3,296952
-0,056497 0,210977 3,252406 1,160114 0,404372 3,100368 -1,255641 0,313570 3,146346 -0,036291 0,913845 3,273201
-0,056461 0,206887 3,246104 1,161173 0,471086 3,123447 -1,263570 0,421271 3,149117 -0,029132 0,913886 3,273412
-0,052296 0,204315 3,247815 1,153269 0,525665 3,099642 -1,258890 0,608134 3,137064 -0,028851 0,910339 3,273245
-0,050911 0,203309 3,259454 1,167611 0,581385 3,130317 -1,264089 0,692009 3,139591 -0,032928 0,914381 3,261647
-0,049111 0,198082 3,236892 1,103554 0,771405 3,046514 -1,283908 0,914388 3,245967 -0,032645 0,910867 3,261552
-0,046762 0,209624 3,255278 1,065444 1,169368 3,320585 -1,094779 1,066967 3,036460 -0,039879 0,915349 3,238208
-0,045684 0,205575 3,244816 0,978717 1,333332 3,407251 -1,000196 1,175323 3,041012 -0,036564 0,924419 3,273373
-0,044415 0,209815 3,246856 0,676720 1,408878 3,095526 -0,869326 1,566055 3,488265 -0,043713 0,931420 3,273215
-0,036041 0,207674 3,245573 0,531674 1,650661 3,477853 -0,570479 1,505336 3,138536 -0,032877 0,944350 3,309294
