37 12
-0,010003 0,244929 3,264193 0,440097 1,549391 3,257178 -0,433134 1,581830 3,334887 0,007252 0,987527 3,298411
-0,006513 0,251704 3,265648 0,486552 1,499344 3,209533 -0,513719 1,550340 3,327875 0,011217 0,987196 3,310254
-0,008279 0,248101 3,268800 0,569669 1,431347 3,142562 -0,621433 1,496868 3,296322 0,010589 0,980135 3,310435
-0,009728 0,257229 3,281304 0,695773 1,340043 3,115259 -0,740259 1,407512 3,279853 0,010589 0,980135 3,310435
-0,007925 0,251000 3,281592 0,814955 1,230142 3,059755 -0,863187 1,289590 3,239154 0,010589 0,980135 3,310435
-0,009105 0,255672 3,278803 0,909741 1,098377 3,044996 -0,970552 1,175045 3,257192 0,010902 0,983677 3,310383
-0,003277 0,241163 3,276304 0,974584 0,968867 3,051331 -1,044072 1,031293 3,190282 0,011196 0,980055 3,310178
-0,003288 0,254786 3,272901 1,025776 0,852552 3,075319 -1,083116 0,894254 3,171129 0,010883 0,976537 3,310307
-0,010422 0,243425 3,290282 1,045919 0,748851 3,072067 -1,112489 0,784895 3,197002 0,010571 0,972996 3,310361
-0,007434 0,244842 3,289514 1,060056 0,662152 3,083905 -1,126107 0,675965 3,189769 0,011174 0,972917 3,310100
-0,011023 0,247147 3,304068 1,057269 0,581013 3,086319 -1,129095 0,579507 3,183047 0,017945 0,970067 3,286388
-0,001852 0,255075 3,306847 1,053001 0,564502 3,099668 -1,135731 0,526584 3,204247 0,011775 0,972742 3,309534
-0,007091 0,241227 3,295653 1,088737 0,554391 3,046042 -1,151946 0,549895 3,161447 0,025329 0,969382 3,310271
-0,004039 0,251789 3,304616 1,064167 0,605892 3,058246 -1,144013 0,609768 3,163382 0,014535 0,965481 3,322267
-0,005696 0,234805 3,306245 1,054847 0,609504 3,085243 -1,100465 0,637304 3,174512 0,011152 0,965782 3,310025
-0,004820 0,234960 3,303037 1,075408 0,551831 3,068590 -1,114181 0,608862 3,168155 0,014693 0,962575 3,298040
-0,004650 0,238077 3,318135 1,098179 0,489069 3,116521 -1,141255 0,513410 3,174708 0,018558 0,972254 3,334330
0,000402 0,248413 3,325403 1,084441 0,480130 3,128530 -1,144349 0,423667 3,192026 0,010863 0,969401 3,310231
-0,004594 0,237919 3,312052 1,081860 0,506510 3,126638 -1,138078 0,399716 3,187806 0,011152 0,965782 3,310025
-0,009053 0,244379 3,324278 1,043776 0,533892 3,073339 -1,139281 0,457123 3,225434 0,018558 0,972254 3,334330
-0,009577 0,238831 3,316417 1,048804 0,515935 3,051507 -1,125414 0,484084 3,244820 0,017904 0,955894 3,286248
-0,007235 0,232646 3,306230 1,069453 0,464769 3,098681 -1,136956 0,439346 3,188620 0,022360 0,958191 3,321814
-0,013646 0,225990 3,306559 1,059028 0,431971 3,118004 -1,142909 0,379807 3,220678 0,018249 0,968714 3,334453
-0,007775 0,234967 3,309436 1,054868 0,433596 3,101611 -1,133962 0,364059 3,257727 0,011440 0,962141 3,309741
-0,009565 0,241137 3,306537 1,081110 0,496631 3,149621 -1,146472 0,406160 3,252339 0,011152 0,965782 3,310025
-0,010945 0,228619 3,303557 1,065814 0,569004 3,062918 -1,159788 0,488982 3,198490 0,011152 0,965782 3,310025
-0,015069 0,245409 3,315553 1,083314 0,636014 3,114230 -1,147128 0,590013 3,270777 0,011152 0,965782 3,310025
-0,011715 0,241869 3,309808 1,084430 0,707144 3,093301 -1,146295 0,685344 3,246960 0,011131 0,958650 3,309948
-0,009894 0,235602 3,322646 1,085326 0,827738 3,091404 -1,132395 0,780632 3,226747 0,025594 0,958632 3,310005
-0,007149 0,232392 3,318052 1,073107 0,949873 3,168561 -1,118584 0,890641 3,210752 0,007589 0,969010 3,322084
-0,010413 0,232941 3,296728 0,999290 1,098675 3,184215 -1,089990 1,027467 3,261142 0,011152 0,965782 3,310025
-0,006863 0,248201 3,321022 0,912853 1,245193 3,239430 -0,998556 1,143527 3,211649 0,003421 0,979523 3,334581
-0,005686 0,231502 3,306754 0,785846 1,393428 3,258463 -0,886737 1,283327 3,275086 0,000124 0,986393 3,346738
-0,002903 0,248807 3,319941 0,649216 1,493824 3,328564 -0,767959 1,405433 3,299218 0,003209 0,989763 3,359251
-0,003143 0,253095 3,308010 0,523969 1,547075 3,351170 -0,656041 1,501167 3,316084 0,003714 0,975902 3,334439
-0,001829 0,231489 3,325215 0,436487 1,535395 3,322742 -0,545199 1,531452 3,316852 0,003714 0,975902 3,334439
0,000281 0,238549 3,316630 0,367055 1,521312 3,282612 -0,446427 1,560569 3,309010 -0,003896 0,972986 3,310223
