23 12
0,011013 0,217885 3,357405 0,534018 1,550869 3,351823 -0,559362 1,446848 3,134122 0,017941 0,965151 3,334498
0,008434 0,218227 3,373607 0,690130 1,261632 2,902933 -0,868619 1,465315 3,495928 0,008070 0,971176 3,370869
0,011394 0,220258 3,364317 0,800465 1,158236 2,872619 -0,987193 1,299747 3,440076 0,018821 0,961407 3,333964
0,009998 0,232577 3,363669 1,097076 1,033312 3,183302 -1,075611 0,851028 3,028934 0,022250 0,961110 3,346427
0,006010 0,215036 3,375671 1,148560 0,724826 2,994476 -1,171816 0,585217 3,142752 0,029746 0,953103 3,370998
0,007330 0,228354 3,364621 1,165429 0,612857 3,072199 -1,176977 0,467814 3,174622 0,025987 0,957120 3,358677
0,004969 0,214674 3,362223 1,122381 0,425664 3,044189 -1,158536 0,305342 3,261015 0,033016 0,943513 3,334008
0,006925 0,209940 3,362789 1,111122 0,346649 3,159053 -1,105842 0,207309 3,190589 0,033320 0,947026 3,333821
0,010037 0,212773 3,347359 1,097385 0,339925 3,110826 -1,161392 0,230478 3,297564 0,037391 0,943637 3,320971
0,011764 0,209644 3,342225 1,137030 0,403447 3,124255 -1,164620 0,356676 3,223184 0,032714 0,939976 3,334118
0,006624 0,222271 3,362825 1,142205 0,417710 3,114545 -1,150349 0,376256 3,169054 0,036786 0,936706 3,321570
0,011602 0,223640 3,366129 1,141859 0,406491 3,136466 -1,153007 0,321595 3,121329 0,040626 0,957071 3,358619
0,010909 0,213330 3,342933 1,134975 0,424056 3,133122 -1,134751 0,284131 3,224200 0,033596 0,943344 3,333474
0,010114 0,212240 3,335876 1,137114 0,409007 3,150131 -1,096763 0,264884 3,129009 0,033016 0,943513 3,334008
0,005850 0,219265 3,316777 1,124948 0,397572 3,136916 -1,081675 0,232155 3,139182 0,047562 0,943451 3,333897
0,005934 0,209997 3,336076 1,120691 0,447304 3,105437 -1,073504 0,235731 3,148379 0,036797 0,946671 3,346235
0,013649 0,223264 3,327219 1,131631 0,603836 3,084690 -1,191509 0,435347 3,225072 0,036517 0,950319 3,346421
0,014289 0,224129 3,328502 1,135022 0,711780 3,115499 -1,172803 0,580158 3,169808 0,040322 0,953509 3,358721
0,019336 0,217041 3,329325 1,064699 0,920118 3,030524 -1,132301 0,921940 3,221237 0,036822 0,953868 3,346316
0,019426 0,224376 3,331105 1,001165 1,291956 3,362520 -0,965611 1,163896 3,115679 0,037137 0,967576 3,371144
0,023948 0,224605 3,354048 0,899674 1,420432 3,417942 -0,859159 1,277256 3,108903 0,029264 0,964745 3,346622
0,021213 0,211563 3,333607 0,621664 1,450251 3,144443 -0,705441 1,612671 3,589265 0,032781 0,961500 3,334356
0,025783 0,223181 3,347082 0,489175 1,635224 3,507948 -0,449794 1,531080 3,271350 0,022076 0,961842 3,322089
