33 12
-0,008203 -0,047740 3,299875 0,314915 1,217522 3,249062 -0,466045 1,194130 3,268491 0,010470 0,661576 3,404846
-0,007599 -0,055888 3,318630 0,321935 1,223339 3,266550 -0,501293 1,173961 3,229219 0,017423 0,646411 3,379855
-0,015453 -0,052745 3,305627 0,317300 1,223073 3,249935 -0,558593 1,125536 3,147681 0,010386 0,662473 3,430263
-0,012180 -0,049261 3,307981 0,318734 1,221622 3,251838 -0,629005 1,030273 3,055767 0,014016 0,660221 3,417572
-0,009670 -0,056802 3,323976 0,322953 1,220455 3,258897 -0,687891 0,874341 2,980629 0,025195 0,654359 3,404841
-0,009900 -0,053939 3,308550 0,322418 1,217074 3,250563 -0,748946 0,699372 2,916950 0,010450 0,654375 3,404750
-0,011982 -0,052911 3,309867 0,325756 1,218597 3,255483 -0,795594 0,515210 2,829039 0,003168 0,658834 3,430012
-0,011549 -0,050971 3,325504 0,331359 1,216945 3,260502 -0,815691 0,354466 2,822047 -0,004496 0,657982 3,404712
-0,005651 -0,051498 3,307193 0,331508 1,217024 3,255960 -0,826590 0,196804 2,833172 -0,004277 0,661571 3,404639
-0,007638 -0,057052 3,314255 0,331518 1,215555 3,255238 -0,818310 0,061379 2,848204 -0,012099 0,647168 3,404469
-0,001432 -0,055876 3,322249 0,332864 1,217964 3,254322 -0,793931 -0,040976 2,873996 0,002987 0,649978 3,379653
0,005395 -0,056492 3,305810 0,335812 1,216399 3,259657 -0,766841 -0,121886 2,913624 0,010015 0,647187 3,404786
0,013147 -0,054888 3,307272 0,337946 1,225456 3,271256 -0,738455 -0,178792 2,955564 0,010031 0,654384 3,404881
0,015460 -0,048605 3,318565 0,340436 1,218971 3,260929 -0,715645 -0,210513 2,981618 0,002748 0,658843 3,430160
0,023194 -0,050256 3,311473 0,339240 1,224794 3,268038 -0,698653 -0,231562 3,006702 0,010031 0,654384 3,404881
0,021395 -0,051367 3,302071 0,340284 1,225245 3,275584 -0,691642 -0,228436 3,008944 0,010450 0,654375 3,404750
0,028382 -0,045066 3,325629 0,338233 1,220695 3,263006 -0,692488 -0,234054 3,016068 0,006401 0,656607 3,417481
0,028983 -0,048615 3,321764 0,340912 1,216373 3,258930 -0,696122 -0,216365 3,012542 0,013797 0,656605 3,417542
0,031703 -0,047503 3,317699 0,337969 1,224104 3,264443 -0,695560 -0,188581 2,977166 0,006602 0,652999 3,417405
0,033318 -0,051101 3,315970 0,339269 1,221738 3,261041 -0,706262 -0,138391 2,954389 0,010524 0,667019 3,455971
0,035823 -0,051001 3,310350 0,336270 1,225913 3,265245 -0,715477 -0,061865 2,909202 0,014158 0,657461 3,442998
0,030985 -0,041660 3,323345 0,334240 1,224113 3,257062 -0,722622 0,052544 2,865319 0,010250 0,657988 3,404906
0,032109 -0,046396 3,340837 0,326819 1,224631 3,253672 -0,727911 0,194356 2,838416 0,006620 0,660223 3,417503
0,026767 -0,047298 3,323725 0,331926 1,230006 3,263703 -0,723060 0,352949 2,820889 0,010305 0,663365 3,455941
0,029809 -0,045908 3,323007 0,331622 1,223159 3,258358 -0,731850 0,513399 2,837559 0,002967 0,662472 3,430180
0,030530 -0,057088 3,329736 0,332072 1,224094 3,259866 -0,717820 0,701679 2,879788 0,021808 0,652944 3,417228
0,026284 -0,052361 3,325441 0,330141 1,221763 3,253292 -0,684467 0,864457 2,928943 0,010368 0,655223 3,430162
0,019594 -0,052107 3,329281 0,331788 1,216428 3,244762 -0,636237 0,977255 2,988670 0,013957 0,661095 3,443071
0,018206 -0,053890 3,323858 0,333334 1,218098 3,259480 -0,592365 1,067242 3,054382 0,017570 0,651591 3,430180
0,012174 -0,052051 3,325370 0,333724 1,219682 3,251958 -0,554254 1,128816 3,120488 0,017623 0,657984 3,404959
0,003450 -0,057069 3,327670 0,331769 1,220257 3,258417 -0,521894 1,168861 3,189637 0,014057 0,652167 3,392237
0,003742 -0,053618 3,316168 0,331364 1,213824 3,247017 -0,481115 1,203375 3,244840 0,014436 0,660176 3,417274
-0,004677 -0,048554 3,308744 0,330623 1,221002 3,260890 -0,444345 1,227739 3,284189 0,014077 0,659342 3,392330
