28 12
-0,231968 -0,049727 3,366459 0,171809 1,322290 3,231782 -0,628911 1,210489 3,224707 -0,202559 0,659838 3,454972
-0,238869 -0,048428 3,383834 0,167131 1,306277 3,256278 -0,664745 1,104080 3,179388 -0,207090 0,658316 3,467498
-0,243397 -0,051311 3,370699 0,170335 1,329033 3,235116 -0,652162 0,981048 3,074275 -0,207049 0,643674 3,467236
-0,246156 -0,045617 3,371534 0,167818 1,323912 3,235130 -0,614931 0,759907 3,035364 -0,212575 0,650143 3,440155
-0,245607 -0,040125 3,395550 0,164118 1,327919 3,239892 -0,482791 0,559611 2,864107 -0,201337 0,648089 3,429127
-0,243137 -0,037662 3,393077 0,156493 1,317574 3,249052 -0,442789 0,523543 2,862898 -0,198258 0,657653 3,442516
-0,238915 -0,037304 3,372604 0,168495 1,326928 3,239861 -0,430694 0,558933 2,883361 -0,193969 0,648233 3,430017
-0,225848 -0,043766 3,356344 0,173690 1,325478 3,240297 -0,649494 0,717960 3,102319 -0,189513 0,649750 3,417647
-0,217942 -0,046728 3,345572 0,178659 1,320161 3,234933 -0,791450 0,756864 3,135231 -0,180061 0,649348 3,457277
-0,199830 -0,051366 3,371266 0,186639 1,322184 3,252260 -0,899037 0,681389 2,843723 -0,171616 0,645045 3,432340
-0,199193 -0,057988 3,360589 0,193998 1,319611 3,250368 -0,877047 0,562976 2,805091 -0,183434 0,643384 3,444003
-0,204952 -0,053813 3,386003 0,194829 1,323754 3,256087 -0,806665 0,499924 2,788625 -0,183449 0,650658 3,444124
-0,214029 -0,053003 3,360891 0,183379 1,312592 3,217995 -0,711645 0,431731 3,038417 -0,170614 0,640674 3,406937
-0,223246 -0,044809 3,372327 0,174627 1,320730 3,232064 -0,512148 0,387538 2,814378 -0,181736 0,648920 3,393425
-0,222357 -0,049774 3,359833 0,175621 1,320611 3,219369 -0,485110 0,428965 2,860348 -0,175243 0,657154 3,419566
-0,216021 -0,057394 3,380812 0,181515 1,318324 3,230704 -0,527532 0,522256 2,739293 -0,175228 0,649924 3,419450
-0,203233 -0,055189 3,367589 0,191573 1,310474 3,225136 -0,892983 0,691673 3,170352 -0,160067 0,643032 3,420745
-0,192289 -0,060719 3,344796 0,195685 1,321196 3,229891 -1,037467 0,690433 3,148146 -0,166460 0,638572 3,394751
-0,178754 -0,068730 3,368697 0,203235 1,323899 3,244427 -1,128026 0,575448 2,886897 -0,156831 0,638032 3,433751
-0,180641 -0,072147 3,355426 0,202740 1,319224 3,231149 -1,197246 0,517772 2,980623 -0,160058 0,635807 3,420632
-0,183642 -0,073826 3,366709 0,205533 1,322927 3,247593 -1,180590 0,496846 2,957520 -0,145318 0,636026 3,422064
-0,169067 -0,062977 3,368802 0,200585 1,329442 3,227308 -1,149338 0,569988 3,126376 -0,149660 0,648988 3,434734
-0,166597 -0,067838 3,355970 0,197732 1,340787 3,230908 -0,984277 0,672240 2,952345 -0,141645 0,641039 3,409912
-0,157331 -0,060409 3,343123 0,188081 1,332348 3,220230 -0,931800 0,768702 2,959666 -0,143880 0,638151 3,372125
-0,157830 -0,067390 3,368624 0,187510 1,341213 3,221609 -0,857358 1,050376 3,264268 -0,137364 0,635385 3,397599
-0,142888 -0,062405 3,328477 0,193445 1,334150 3,210334 -0,656111 1,093296 3,072522 -0,122899 0,639116 3,398853
-0,142654 -0,061982 3,366943 0,198570 1,330795 3,199913 -0,593215 1,141069 3,126357 -0,126724 0,644892 3,411234
-0,132240 -0,058373 3,354340 0,208820 1,341238 3,216908 -0,513729 1,248182 3,329862 -0,101009 0,651037 3,425866
