31 12
-0,012042 -0,097338 3,437152 0,300373 1,310223 3,295030 -0,451967 1,253960 3,215311 0,028849 0,606079 3,416797
-0,006787 -0,096212 3,447500 0,305535 1,305032 3,290152 -0,569443 1,231389 3,317525 0,032498 0,611759 3,429634
-0,009064 -0,100927 3,449155 0,306316 1,297484 3,279635 -0,668537 1,142993 3,285997 0,029103 0,610215 3,442282
-0,000297 -0,099115 3,440255 0,307204 1,299852 3,293440 -0,808056 0,734666 2,813905 0,025298 0,608684 3,455195
-0,000442 -0,090423 3,467927 0,304519 1,296721 3,279515 -0,953188 0,365674 2,936990 0,024651 0,604047 3,404284
-0,003983 -0,091358 3,461186 0,306017 1,297204 3,285688 -0,976199 0,163755 2,891122 0,039746 0,596828 3,404067
-0,008505 -0,085458 3,438705 0,306134 1,306636 3,301425 -0,967250 -0,152472 3,000657 0,039588 0,607607 3,404288
-0,023625 -0,082841 3,449002 0,304310 1,299868 3,306329 -0,741531 -0,333870 2,766641 0,036472 0,621707 3,468302
-0,027222 -0,083334 3,441442 0,306166 1,302590 3,302392 -0,604705 -0,389564 2,742328 0,032590 0,619587 3,455353
-0,025042 -0,069481 3,439444 0,304972 1,302677 3,294939 -0,453113 -0,405900 2,920192 0,029197 0,625382 3,468377
-0,014125 -0,077161 3,432771 0,299007 1,296370 3,315071 -0,542675 -0,511003 3,017662 0,032590 0,619587 3,455353
-0,006691 -0,076353 3,432489 0,308295 1,300136 3,288887 -0,630752 -0,536228 3,045124 0,039841 0,615908 3,455168
-0,008628 -0,082679 3,440861 0,312657 1,305247 3,314062 -0,656604 -0,522894 3,018245 0,040378 0,623841 3,481333
-0,007466 -0,077054 3,441643 0,312029 1,304145 3,293268 -0,431286 -0,448914 2,752457 0,040626 0,615884 3,455005
-0,014556 -0,077225 3,436684 0,311302 1,299737 3,287009 -0,357183 -0,384035 2,796648 0,040443 0,619555 3,455230
-0,012834 -0,079794 3,450738 0,307902 1,307442 3,290813 -0,356487 -0,351962 2,795891 0,040049 0,619567 3,455311
0,003232 -0,084297 3,425601 0,314867 1,301623 3,281721 -0,617375 -0,515308 3,134846 0,055151 0,615874 3,455104
0,007003 -0,084110 3,414138 0,316848 1,302166 3,292297 -0,748599 -0,538171 3,163538 0,055360 0,619498 3,455085
0,016519 -0,088591 3,417427 0,328116 1,320428 3,305408 -0,856398 -0,461525 2,989786 0,055360 0,619498 3,455085
0,013087 -0,090148 3,419657 0,330769 1,310719 3,295412 -0,781531 -0,450295 2,927896 0,055360 0,619498 3,455085
0,010172 -0,087134 3,433363 0,328882 1,310097 3,301846 -0,688187 -0,430639 2,906232 0,055176 0,623155 3,455207
-0,000758 -0,078856 3,427970 0,319688 1,309784 3,274719 -0,563569 -0,380425 3,122595 0,051641 0,620997 3,442148
-0,003269 -0,094419 3,421818 0,312918 1,309494 3,276181 -0,411893 -0,195190 2,938557 0,051038 0,613216 3,416773
0,005446 -0,078837 3,403000 0,311598 1,310920 3,281630 -0,387669 -0,114723 2,956506 0,047737 0,618900 3,429399
0,016484 -0,089687 3,416263 0,312350 1,302725 3,262204 -0,392951 0,081527 2,927863 0,051432 0,617400 3,442259
0,022486 -0,088972 3,425638 0,310775 1,314108 3,273430 -0,472590 0,317558 3,008209 0,039610 0,614789 3,404380
0,030582 -0,090803 3,413065 0,308699 1,310940 3,271556 -0,512473 0,461342 2,994062 0,054317 0,607554 3,404136
0,031467 -0,096632 3,435747 0,312538 1,309256 3,279816 -0,584426 0,763536 2,978809 0,047710 0,611669 3,429300
0,030634 -0,101189 3,431404 0,316017 1,311221 3,272657 -0,609164 1,000994 3,023728 0,047529 0,615315 3,429511
0,028509 -0,095336 3,436489 0,313603 1,310738 3,272470 -0,577262 1,103669 3,085094 0,047529 0,615315 3,429511
0,024093 -0,093285 3,433033 0,313869 1,314853 3,277355 -0,476872 1,313390 3,418033 0,047135 0,615329 3,429576
