22 12
-0,010490 -0,090990 3,416845 0,344247 1,324479 3,285419 -0,452920 1,309550 3,304876 0,017122 0,607135 3,379379
-0,004091 -0,094558 3,427670 0,341660 1,320736 3,280599 -0,490894 1,289506 3,314780 0,017485 0,615395 3,429677
-0,003767 -0,092781 3,431988 0,330086 1,317589 3,266577 -0,585536 1,079318 2,998841 0,017122 0,607135 3,379379
-0,002534 -0,097222 3,442291 0,339883 1,324542 3,279792 -0,654033 0,785870 2,922782 0,017514 0,607129 3,379265
-0,002514 -0,089801 3,434037 0,335589 1,324447 3,269071 -0,687157 0,609514 2,843023 0,016932 0,610681 3,379356
-0,004685 -0,089201 3,440571 0,342401 1,330196 3,277588 -0,720137 0,304091 2,780049 0,017328 0,610706 3,379408
-0,001912 -0,088592 3,422117 0,343030 1,318010 3,273053 -0,688790 0,087323 2,760365 0,013540 0,609181 3,391804
0,002387 -0,091718 3,421161 0,344379 1,329615 3,286191 -0,674169 0,020219 2,802621 0,017139 0,614269 3,379469
0,001544 -0,087366 3,417103 0,347149 1,334832 3,307233 -0,646716 -0,086254 2,946466 0,024687 0,618411 3,404472
0,008275 -0,083011 3,415761 0,348907 1,332524 3,301055 -0,619090 -0,119981 2,942996 0,009745 0,614811 3,404293
0,010224 -0,088451 3,420428 0,350739 1,338052 3,311210 -0,614212 -0,116444 2,966125 0,016932 0,610681 3,379356
0,009355 -0,083860 3,413050 0,348808 1,334613 3,301341 -0,609904 -0,108545 2,973166 0,020706 0,620457 3,416854
0,010094 -0,087219 3,413926 0,345940 1,331948 3,293847 -0,620135 -0,068712 2,976239 0,013157 0,616282 3,391683
0,010084 -0,089251 3,406901 0,343630 1,346611 3,290089 -0,622382 -0,039747 2,951563 0,024687 0,618411 3,404472
0,012750 -0,086918 3,411217 0,341175 1,340519 3,292397 -0,638830 0,093945 2,855839 0,024687 0,618411 3,404472
0,010308 -0,089141 3,417461 0,338926 1,346519 3,296620 -0,653789 0,336584 2,771344 0,020699 0,612210 3,367117
0,011957 -0,084269 3,411007 0,338513 1,335182 3,286151 -0,653229 0,481393 2,737798 0,020901 0,616334 3,391932
0,014463 -0,090547 3,410050 0,338493 1,337056 3,286716 -0,660554 0,798215 2,865731 0,032155 0,607103 3,379305
0,008835 -0,091414 3,417788 0,341004 1,330825 3,277313 -0,601749 0,974305 2,812375 0,024687 0,618411 3,404472
0,009790 -0,093715 3,427186 0,344691 1,335996 3,285203 -0,566567 1,058790 2,864301 0,035278 0,605074 3,367017
-0,001865 -0,088119 3,416708 0,344312 1,331708 3,279958 -0,490408 1,276184 3,172879 0,031558 0,603528 3,379269
-0,005743 -0,090141 3,410928 0,343803 1,334477 3,283427 -0,421485 1,311780 3,206587 0,024669 0,611228 3,404377
