29 12
0,043070 -0,075966 3,396086 0,352912 1,329420 3,218784 -0,399740 1,299875 3,216671 0,061134 0,635559 3,379414
0,040890 -0,078211 3,404853 0,354158 1,326226 3,217815 -0,443580 1,233550 3,131378 0,054004 0,636278 3,404383
0,040210 -0,076108 3,396814 0,355737 1,326723 3,226865 -0,500693 1,141761 3,014364 0,042976 0,630610 3,392041
0,036209 -0,072989 3,418335 0,359097 1,327540 3,230950 -0,564075 0,997835 2,901478 0,046467 0,628480 3,379551
0,033833 -0,068907 3,419634 0,364663 1,328108 3,235260 -0,616405 0,804278 2,835601 0,046467 0,628480 3,379551
0,029310 -0,063297 3,418274 0,371271 1,330923 3,232760 -0,634753 0,591317 2,761723 0,046273 0,632033 3,379501
0,029508 -0,063351 3,414577 0,375884 1,325649 3,231379 -0,646206 0,417178 2,748379 0,054438 0,643488 3,404597
0,021985 -0,057220 3,408500 0,376475 1,320360 3,228415 -0,641598 0,237639 2,732792 0,061633 0,644162 3,429425
0,017160 -0,047033 3,415214 0,380203 1,317734 3,235448 -0,624312 0,076167 2,731435 0,039714 0,648665 3,455457
0,010260 -0,048755 3,433781 0,373904 1,312865 3,229848 -0,601022 -0,031843 2,765116 0,032748 0,656874 3,481791
0,009942 -0,043272 3,420095 0,372486 1,313426 3,245558 -0,574658 -0,123301 2,791427 0,047220 0,644278 3,429969
0,010050 -0,040553 3,416711 0,371092 1,312779 3,255056 -0,551661 -0,180058 2,817809 0,047592 0,648695 3,455657
0,012201 -0,034880 3,415255 0,372022 1,322839 3,266866 -0,537640 -0,203977 2,831654 0,040260 0,656854 3,481738
0,013344 -0,044472 3,420118 0,375367 1,326235 3,273500 -0,529923 -0,221079 2,832235 0,040574 0,654024 3,508032
0,016411 -0,048178 3,408513 0,376769 1,318217 3,275998 -0,531496 -0,218686 2,830598 0,048133 0,653998 3,507946
0,016046 -0,047186 3,409770 0,382353 1,327601 3,280041 -0,538576 -0,186677 2,816527 0,047752 0,649483 3,481543
0,022530 -0,046167 3,414670 0,381004 1,325412 3,271032 -0,547693 -0,132394 2,796500 0,036951 0,656316 3,521405
0,022262 -0,044883 3,399786 0,383598 1,332307 3,272416 -0,561213 -0,047945 2,769113 0,059241 0,651685 3,494515
0,029856 -0,042226 3,410753 0,380740 1,332679 3,267934 -0,570162 0,079584 2,745305 0,051106 0,650859 3,468285
0,033993 -0,049807 3,405100 0,382007 1,332173 3,271378 -0,577900 0,228607 2,730370 0,061832 0,640575 3,429574
0,038972 -0,054350 3,415727 0,377976 1,329615 3,263628 -0,578109 0,401085 2,755536 0,066000 0,646393 3,442455
0,040799 -0,057267 3,405868 0,374750 1,328367 3,264782 -0,591533 0,618596 2,727612 0,061832 0,640575 3,429574
0,039223 -0,051393 3,397517 0,374557 1,332687 3,270349 -0,574407 0,801364 2,770854 0,050925 0,638469 3,417178
0,035894 -0,054557 3,383494 0,371367 1,330540 3,259077 -0,544808 0,950427 2,845415 0,058540 0,639165 3,442502
0,036526 -0,061967 3,378776 0,372521 1,332018 3,266095 -0,510364 1,070211 2,930265 0,054199 0,632699 3,404440
0,033191 -0,053135 3,403805 0,375147 1,327173 3,264983 -0,474774 1,171291 3,019441 0,046488 0,635622 3,379637
0,025566 -0,064287 3,386126 0,370907 1,330633 3,254329 -0,436715 1,242068 3,115239 0,039267 0,636330 3,404567
0,019663 -0,065473 3,379527 0,366056 1,328885 3,254825 -0,383688 1,289930 3,190637 0,050127 0,634149 3,391904
0,013843 -0,068149 3,374335 0,363301 1,333078 3,257781 -0,344193 1,329982 3,279972 0,043123 0,638478 3,417156
