28 12
-0,259253 -0,102698 3,405674 0,180951 1,308491 3,295068 -0,588033 1,314520 3,247868 -0,200035 0,593400 3,402967
-0,255566 -0,099386 3,416482 0,177837 1,295639 3,304754 -0,609652 1,336139 3,269537 -0,198141 0,606799 3,441661
-0,250889 -0,099435 3,427772 0,182072 1,297927 3,300323 -0,649245 1,281673 3,141287 -0,189409 0,592051 3,416732
-0,244636 -0,101345 3,428666 0,185595 1,306388 3,305891 -0,733005 1,286221 3,211266 -0,180809 0,591788 3,392270
-0,239186 -0,101368 3,429982 0,186994 1,305514 3,314497 -0,775795 1,225640 3,157326 -0,174728 0,599497 3,418516
-0,241376 -0,101678 3,449798 0,185980 1,310956 3,300770 -0,831282 0,896846 2,787593 -0,181210 0,591717 3,392568
-0,243041 -0,096928 3,438838 0,192464 1,291050 3,276760 -0,857309 0,587042 2,793232 -0,174921 0,595852 3,418563
-0,243020 -0,105359 3,450510 0,199371 1,303414 3,283367 -0,882551 0,475387 2,794921 -0,181210 0,591717 3,392568
-0,227507 -0,105224 3,489345 0,196147 1,302666 3,265115 -0,883486 0,451405 2,760358 -0,170746 0,593894 3,406318
-0,202486 -0,099770 3,449147 0,188355 1,319970 3,269521 -0,897419 0,607169 2,756673 -0,155890 0,604932 3,407897
-0,193938 -0,098277 3,464245 0,193726 1,316901 3,251397 -0,870677 0,682681 2,739073 -0,159295 0,599218 3,395002
-0,190730 -0,100210 3,466152 0,205649 1,328397 3,299497 -0,839579 0,732822 2,769516 -0,156075 0,594113 3,407818
-0,208522 -0,104352 3,480114 0,210235 1,314563 3,307039 -0,814299 0,526367 2,704505 -0,159284 0,592057 3,394893
-0,216210 -0,104387 3,474802 0,228341 1,310980 3,292747 -0,820046 0,362873 2,658683 -0,170962 0,604613 3,406501
-0,230911 -0,101827 3,456082 0,243574 1,312455 3,315205 -0,832101 0,071508 2,709815 -0,171745 0,597939 3,431685
-0,232191 -0,113057 3,448899 0,252527 1,303274 3,271457 -0,833602 -0,049327 2,735190 -0,168550 0,600040 3,444892
-0,224852 -0,114454 3,438053 0,247102 1,311035 3,265970 -0,832570 -0,042705 2,719412 -0,183346 0,599802 3,443276
-0,218168 -0,104660 3,444937 0,217579 1,296486 3,226742 -0,834825 0,075582 2,678523 -0,177216 0,614959 3,470202
-0,199637 -0,108272 3,423101 0,204079 1,317348 3,270556 -0,832601 0,293112 2,652174 -0,156085 0,601299 3,407930
-0,195071 -0,110963 3,406938 0,199906 1,316846 3,258869 -0,827505 0,411857 2,643102 -0,151977 0,599323 3,395719
-0,187981 -0,107508 3,407790 0,211644 1,330077 3,283087 -0,803122 0,686141 2,757977 -0,147884 0,590222 3,383476
-0,185003 -0,110570 3,380889 0,225979 1,306045 3,247865 -0,776817 0,913456 2,762142 -0,143633 0,591889 3,371393
-0,182395 -0,105458 3,373726 0,241300 1,303047 3,252102 -0,761653 1,005622 2,835290 -0,135789 0,591538 3,347604
-0,182994 -0,110879 3,381855 0,262796 1,328312 3,288124 -0,713351 1,198095 3,118335 -0,132539 0,593559 3,360156
-0,174450 -0,107991 3,367382 0,276135 1,306243 3,251753 -0,651868 1,234504 3,109878 -0,110739 0,593808 3,361884
-0,170009 -0,106129 3,359306 0,276676 1,308035 3,256858 -0,618073 1,261918 3,152285 -0,114296 0,595815 3,373769
-0,162131 -0,111632 3,377391 0,269822 1,307976 3,243446 -0,569075 1,335052 3,309031 -0,106811 0,591868 3,349893
-0,151847 -0,111370 3,361276 0,271152 1,311311 3,245706 -0,505213 1,291499 3,241112 -0,092498 0,595494 3,350863
