24 12
-0,044353 -0,090301 3,245420 0,241281 1,334942 3,150138 -0,424293 1,166404 3,094261 -0,047600 0,636311 3,281709
-0,056430 -0,096383 3,255851 0,235064 1,339970 3,154583 -0,437231 1,048622 2,967811 -0,054334 0,629294 3,280955
-0,074028 -0,094456 3,230470 0,222656 1,309219 3,129171 -0,474977 0,746226 2,754173 -0,079533 0,627090 3,268337
-0,097030 -0,088109 3,269842 0,207271 1,326330 3,174069 -0,444077 0,539900 2,649219 -0,099031 0,644314 3,326829
-0,114034 -0,087986 3,278212 0,201839 1,329353 3,170559 -0,440627 0,459778 2,580968 -0,098192 0,639313 3,279166
-0,136082 -0,076419 3,258793 0,177333 1,315703 3,152914 -0,470111 0,338988 2,393061 -0,104971 0,631566 3,255185
-0,154906 -0,075029 3,280241 0,171127 1,317330 3,177048 -0,476329 0,299658 2,343329 -0,162806 0,658982 3,472287
-0,160076 -0,075994 3,281542 0,174177 1,314217 3,175303 -0,483439 0,284412 2,331276 -0,149446 0,662406 3,409331
-0,162330 -0,073309 3,263942 0,178411 1,307233 3,211867 -0,461166 0,262930 2,469385 -0,143327 0,653924 3,322792
-0,157906 -0,073173 3,234512 0,176570 1,302136 3,226526 -0,492117 0,266857 2,593712 -0,155450 0,667435 3,358454
-0,165404 -0,067992 3,240017 0,179074 1,295895 3,231808 -0,498195 0,255559 2,621784 -0,168442 0,658085 3,307751
-0,184332 -0,074863 3,222119 0,169945 1,279970 3,215901 -0,518411 0,209461 2,513468 -0,189193 0,646049 3,280652
-0,212061 -0,085613 3,244624 0,160538 1,289913 3,220016 -0,521613 0,194819 2,406904 -0,232266 0,672040 3,424467
-0,225867 -0,080577 3,258448 0,157574 1,293444 3,213290 -0,545413 0,200548 2,323622 -0,233825 0,672820 3,449538
-0,241489 -0,078802 3,221566 0,149706 1,290256 3,209626 -0,572220 0,195928 2,263605 -0,235403 0,665875 3,410699
-0,242575 -0,073236 3,231594 0,156316 1,282021 3,194141 -0,587290 0,221873 2,327866 -0,207332 0,644491 3,290991
-0,242632 -0,066466 3,240856 0,154351 1,286356 3,203647 -0,588254 0,264404 2,381454 -0,206958 0,644812 3,291887
-0,232670 -0,070625 3,231630 0,153863 1,285027 3,188328 -0,574374 0,409376 2,498899 -0,215992 0,639514 3,279565
-0,235277 -0,079304 3,213047 0,147923 1,296852 3,188323 -0,590672 0,617345 2,548681 -0,219698 0,627686 3,290524
-0,230734 -0,077016 3,231217 0,147859 1,308403 3,177187 -0,595484 0,749009 2,571196 -0,226798 0,627530 3,289563
-0,227623 -0,080083 3,235830 0,142110 1,304644 3,169170 -0,567325 1,049747 2,843107 -0,219922 0,631129 3,290711
-0,225500 -0,083912 3,229288 0,137169 1,312824 3,160425 -0,572212 1,155606 2,976892 -0,220143 0,634558 3,290821
-0,221928 -0,079296 3,214464 0,130156 1,327640 3,165385 -0,551335 1,205039 3,045365 -0,224356 0,643571 3,302327
-0,219742 -0,075705 3,250465 0,124319 1,313881 3,128911 -0,507969 1,259053 3,225919 -0,214477 0,642350 3,315634
