24 12
-0,010969 -0,079394 3,352982 0,286961 1,329611 3,218543 -0,521333 1,266065 3,188976 0,009505 0,620789 3,354838
-0,013398 -0,077790 3,360172 0,286541 1,327238 3,217626 -0,535591 1,208638 3,109890 0,005811 0,618725 3,342602
-0,019597 -0,081805 3,354774 0,284698 1,323806 3,207955 -0,573729 0,986665 2,834918 0,006004 0,615214 3,342617
-0,027758 -0,082418 3,364117 0,286245 1,321260 3,225108 -0,544901 0,718100 2,751431 -0,001200 0,612215 3,366925
-0,031096 -0,079203 3,356452 0,286133 1,322866 3,223935 -0,543862 0,593981 2,728578 -0,004857 0,617258 3,354671
-0,028308 -0,085365 3,369187 0,290436 1,319136 3,216180 -0,540826 0,460115 2,733211 -0,019616 0,613664 3,354294
-0,023398 -0,082697 3,359135 0,282587 1,323019 3,223872 -0,555803 0,477153 2,739757 -0,019115 0,612614 3,306043
-0,019681 -0,088251 3,348153 0,287818 1,320253 3,222975 -0,565593 0,524785 2,729897 -0,001185 0,619327 3,367013
-0,014183 -0,085293 3,364677 0,284476 1,319074 3,226664 -0,570549 0,644674 2,693867 -0,012533 0,613097 3,330054
-0,016093 -0,084257 3,376214 0,284647 1,323190 3,229426 -0,569177 0,680474 2,692327 0,006213 0,618753 3,342633
-0,016645 -0,085484 3,370886 0,280474 1,322562 3,227867 -0,565860 0,634478 2,673985 -0,001185 0,619327 3,367013
-0,024948 -0,087103 3,359952 0,278666 1,311265 3,218191 -0,581944 0,446207 2,635353 -0,005052 0,620781 3,354667
-0,026904 -0,084802 3,371791 0,278159 1,317402 3,220492 -0,569845 0,225094 2,620557 -0,012526 0,624276 3,354461
-0,031646 -0,087288 3,359052 0,277195 1,320902 3,227546 -0,564208 0,138378 2,629502 -0,023340 0,618064 3,317859
-0,029355 -0,082884 3,351135 0,284808 1,329072 3,244380 -0,551233 0,047862 2,713473 -0,012317 0,623700 3,330295
-0,023526 -0,083104 3,350346 0,280695 1,319064 3,223013 -0,553943 0,094024 2,705172 -0,016327 0,621539 3,317867
-0,028527 -0,083028 3,361958 0,274621 1,321509 3,220302 -0,565463 0,169755 2,699057 -0,019910 0,619484 3,305832
-0,026067 -0,093840 3,351744 0,272617 1,319526 3,217548 -0,579265 0,393728 2,676701 -0,030243 0,610539 3,293889
-0,024547 -0,085088 3,360018 0,269772 1,329833 3,227230 -0,590363 0,662819 2,686765 -0,019115 0,612614 3,306043
-0,028312 -0,090759 3,358804 0,272688 1,323927 3,210855 -0,590465 0,796943 2,720125 -0,012147 0,606119 3,330132
-0,027642 -0,089662 3,336874 0,276630 1,330092 3,220623 -0,558256 1,051621 2,907004 -0,012339 0,609615 3,330132
-0,033342 -0,091991 3,348311 0,269612 1,326029 3,208210 -0,540367 1,166371 2,980066 -0,019616 0,613664 3,354295
-0,037847 -0,092063 3,351764 0,268419 1,323941 3,213156 -0,517233 1,211903 3,042195 -0,015980 0,622839 3,366749
-0,038164 -0,091857 3,332566 0,266306 1,328442 3,212575 -0,461717 1,293193 3,247167 -0,026801 0,609578 3,329791
