25 12
0,046287 -0,089930 3,237067 0,321942 1,307275 3,139976 -0,453040 1,227048 3,175423 0,052292 0,628749 3,259561
0,050433 -0,090181 3,250008 0,328630 1,307319 3,136612 -0,516056 1,164456 3,120629 0,059826 0,632827 3,282845
0,065558 -0,089646 3,264201 0,344313 1,305597 3,147656 -0,621061 0,808573 2,743062 0,063817 0,631364 3,294429
0,074535 -0,086683 3,251561 0,347242 1,308298 3,151960 -0,696505 0,534491 2,765608 0,073900 0,629284 3,282560
0,079634 -0,084135 3,277280 0,350195 1,313271 3,147207 -0,703686 0,407630 2,718156 0,088214 0,636138 3,282208
0,085541 -0,086955 3,281515 0,360414 1,316330 3,171930 -0,687222 0,220841 2,757710 0,095756 0,629771 3,305488
0,089845 -0,078075 3,275306 0,364635 1,313345 3,168627 -0,492241 0,112222 2,551580 0,102101 0,642967 3,281546
0,092011 -0,080813 3,274988 0,365004 1,315590 3,175600 -0,391449 0,090851 2,525146 0,090226 0,647691 3,269041
0,108912 -0,084716 3,223118 0,364768 1,317491 3,177192 -0,236154 0,115749 2,752078 0,105900 0,663150 3,315789
0,110014 -0,109658 3,223037 0,370815 1,315154 3,170097 -0,184860 0,123171 2,686421 0,113870 0,667488 3,339552
0,116150 -0,091150 3,219786 0,372820 1,312489 3,165093 -0,224375 0,118517 2,733562 0,113646 0,670930 3,339030
0,113678 -0,084402 3,275539 0,383124 1,317415 3,189001 -0,355108 0,070817 2,525614 0,105882 0,656121 3,315724
0,115795 -0,081856 3,285861 0,389374 1,305261 3,172535 -0,551534 0,046394 2,726561 0,121933 0,646399 3,340389
0,115129 -0,081105 3,294462 0,397070 1,307948 3,185098 -0,591812 0,032970 2,700502 0,106516 0,645762 3,316767
0,112780 -0,083867 3,278819 0,399764 1,317250 3,195815 -0,598636 0,028304 2,728079 0,114146 0,645730 3,316802
0,103570 -0,081370 3,300784 0,400003 1,315986 3,179117 -0,556939 0,026396 2,710502 0,114919 0,650023 3,340950
0,103046 -0,082318 3,292478 0,396133 1,318865 3,187619 -0,576259 0,032961 2,777477 0,102993 0,643709 3,305332
0,104108 -0,083216 3,282755 0,377128 1,307194 3,138040 -0,627674 0,100468 2,656726 0,102495 0,636018 3,281683
0,112700 -0,086040 3,280769 0,368557 1,320533 3,167289 -0,690051 0,264078 2,685534 0,107109 0,635260 3,317097
0,117532 -0,088217 3,269964 0,361100 1,327139 3,174151 -0,696913 0,377178 2,650400 0,118112 0,640784 3,328589
0,120109 -0,081776 3,269793 0,351438 1,314512 3,156911 -0,676289 0,665861 2,755330 0,110890 0,640857 3,328936
0,117794 -0,084898 3,278115 0,355263 1,312016 3,154941 -0,603783 0,909859 2,739542 0,099451 0,634627 3,293574
0,111541 -0,084670 3,287067 0,359025 1,323221 3,168912 -0,538057 1,009465 2,787600 0,096197 0,636747 3,305586
0,102081 -0,087840 3,271599 0,361212 1,312961 3,161256 -0,412605 1,278580 3,198346 0,096383 0,633212 3,305451
0,089584 -0,085716 3,277173 0,361325 1,321270 3,170180 -0,317454 1,309538 3,244330 0,096197 0,636747 3,305586
