29 12
-0,027533 -0,082714 3,429330 0,302558 1,323499 3,285656 -0,440733 1,321220 3,311729 -0,001081 0,613310 3,416794
-0,030401 -0,086812 3,428405 0,295681 1,320604 3,279976 -0,485987 1,331490 3,360638 0,013859 0,617498 3,442446
-0,026234 -0,088435 3,423247 0,299503 1,322386 3,283958 -0,532137 1,273409 3,322090 0,017485 0,615395 3,429677
-0,032528 -0,083909 3,433782 0,299799 1,324135 3,288572 -0,619730 0,983259 2,972987 0,010004 0,615953 3,455179
-0,026880 -0,081072 3,428266 0,298458 1,324021 3,280500 -0,659899 0,722520 3,031420 0,013450 0,610184 3,442121
-0,029311 -0,082215 3,438449 0,298031 1,326874 3,290193 -0,665960 0,605127 2,982357 0,013654 0,613849 3,442328
-0,024847 -0,084097 3,443538 0,303746 1,320645 3,290032 -0,679284 0,492770 2,967140 0,017076 0,608107 3,429350
-0,013435 -0,080693 3,428649 0,293618 1,329887 3,289888 -0,665364 0,587401 2,915136 0,017280 0,611759 3,429557
-0,012742 -0,082605 3,419718 0,299767 1,324753 3,292150 -0,697264 0,703416 2,964244 0,017280 0,611759 3,429557
-0,010242 -0,083515 3,427119 0,301479 1,323682 3,286315 -0,699285 0,899687 2,967792 0,017468 0,608165 3,429577
-0,013243 -0,087120 3,439780 0,300611 1,322188 3,292583 -0,693602 0,849697 2,981486 0,017654 0,604555 3,429510
-0,018948 -0,085669 3,426943 0,304334 1,311519 3,290734 -0,702229 0,760863 2,971459 0,017673 0,611784 3,429610
-0,027465 -0,079053 3,412463 0,312247 1,322982 3,300393 -0,673175 0,570362 2,891598 0,013494 0,609687 3,416837
-0,031393 -0,082532 3,411733 0,308872 1,321901 3,299279 -0,687887 0,546147 2,918286 0,009936 0,611241 3,404307
-0,023711 -0,083605 3,408125 0,308328 1,323018 3,296808 -0,688586 0,585074 2,907657 0,006015 0,610184 3,442070
-0,023753 -0,082794 3,412747 0,301253 1,321636 3,284918 -0,702156 0,757487 2,927101 0,009936 0,611241 3,404307
-0,024858 -0,081167 3,417228 0,300711 1,322358 3,284355 -0,721289 0,821391 3,009144 0,010142 0,614838 3,404332
-0,026483 -0,087337 3,413667 0,304329 1,314501 3,285631 -0,700141 0,758522 2,965445 0,006309 0,613313 3,416888
-0,037103 -0,082799 3,391450 0,298819 1,321876 3,284945 -0,699360 0,664539 2,957538 -0,004608 0,607651 3,404036
-0,039266 -0,085586 3,394704 0,301062 1,328007 3,298933 -0,709039 0,658683 2,986616 -0,001214 0,605106 3,366837
-0,037144 -0,078798 3,396849 0,297536 1,324799 3,290727 -0,730843 0,697221 2,975588 -0,001285 0,609685 3,416692
-0,034974 -0,083057 3,390963 0,292280 1,320122 3,276046 -0,742275 0,848885 3,018771 0,002667 0,603579 3,379177
-0,035107 -0,074897 3,397000 0,291386 1,321217 3,273486 -0,736656 1,005150 3,004663 0,002684 0,610711 3,379267
-0,036813 -0,080397 3,400557 0,292165 1,319708 3,269714 -0,716237 1,072771 3,020160 -0,001148 0,609180 3,391646
-0,040236 -0,074715 3,414079 0,291521 1,312498 3,274024 -0,678450 1,219188 3,175050 -0,004592 0,614833 3,404132
-0,043313 -0,078505 3,397036 0,295409 1,327253 3,287584 -0,615552 1,247184 3,128293 0,006196 0,609183 3,391740
-0,042545 -0,081339 3,393348 0,299556 1,322483 3,282877 -0,584906 1,285335 3,174687 0,002479 0,607138 3,379251
-0,039955 -0,081067 3,400213 0,296084 1,317862 3,279852 -0,527606 1,368657 3,348744 -0,004798 0,611235 3,404119
-0,042302 -0,077474 3,404522 0,293058 1,319234 3,265771 -0,445643 1,331272 3,256899 -0,001081 0,613310 3,416794
