27 12
-0,058838 -0,081283 3,299731 0,261199 1,308369 3,209092 -0,486240 1,143764 3,028302 -0,008671 0,619888 3,391620
-0,057432 -0,082893 3,293646 0,261736 1,307153 3,214381 -0,667228 1,096680 3,127471 -0,019616 0,626867 3,454909
-0,057429 -0,084580 3,311125 0,262125 1,301444 3,209976 -0,717887 0,870876 2,929283 -0,030198 0,608609 3,366163
-0,059060 -0,082924 3,311136 0,269925 1,301841 3,221889 -0,803223 0,383321 2,574479 -0,023015 0,615171 3,342078
-0,073555 -0,083730 3,334214 0,269937 1,297175 3,217642 -0,662053 -0,007055 2,472330 -0,051973 0,614472 3,316969
-0,079350 -0,084484 3,322493 0,270381 1,296738 3,223374 -0,557357 -0,130335 2,480279 -0,059960 0,619053 3,365159
-0,085312 -0,074051 3,315423 0,271424 1,290916 3,231211 -0,386276 -0,292407 2,838594 -0,055126 0,607883 3,257776
-0,082985 -0,080578 3,318501 0,273289 1,295901 3,228050 -0,316630 -0,335799 2,764744 -0,062729 0,619991 3,328566
-0,081512 -0,086931 3,319210 0,274329 1,291839 3,232660 -0,376638 -0,402604 2,832809 -0,063250 0,613467 3,352748
-0,065653 -0,086783 3,343981 0,272559 1,297358 3,229910 -0,520384 -0,467019 2,623887 -0,051985 0,600444 3,316805
-0,064967 -0,084437 3,323280 0,273433 1,297938 3,230488 -0,705332 -0,513825 2,816824 -0,037529 0,608059 3,341553
-0,070400 -0,083888 3,342061 0,276029 1,294957 3,232909 -0,682709 -0,500318 2,738440 -0,044990 0,604987 3,365672
-0,082549 -0,079820 3,318093 0,265467 1,289911 3,208748 -0,564910 -0,533160 2,980347 -0,059962 0,611943 3,365065
-0,093858 -0,082466 3,327898 0,260969 1,299349 3,215879 -0,313245 -0,399835 2,699976 -0,066513 0,614964 3,340417
-0,104329 -0,080425 3,336817 0,258969 1,294888 3,208526 -0,259737 -0,359013 2,785945 -0,049403 0,626078 3,428312
-0,104558 -0,081564 3,330114 0,257914 1,294104 3,209025 -0,287808 -0,388076 2,734100 -0,073583 0,607317 3,315872
-0,093963 -0,077642 3,296950 0,255113 1,288025 3,194046 -0,547803 -0,540921 3,018467 -0,063053 0,609954 3,352699
-0,084454 -0,081654 3,298889 0,265257 1,299683 3,222910 -0,673330 -0,551845 3,010655 -0,044974 0,611531 3,341321
-0,069742 -0,074963 3,315458 0,263000 1,294731 3,214897 -0,779324 -0,426309 2,749109 -0,038043 0,619803 3,390867
-0,056182 -0,075724 3,280488 0,269689 1,306860 3,222090 -0,854594 -0,243300 2,816396 -0,044970 0,610960 3,317120
-0,045876 -0,079736 3,280817 0,267431 1,306275 3,221618 -0,853232 -0,090656 2,771659 -0,048938 0,617671 3,378019
-0,040499 -0,078023 3,294551 0,269173 1,307629 3,211188 -0,842439 0,287042 2,766214 -0,041789 0,629759 3,428660
-0,041173 -0,088153 3,291534 0,265496 1,307395 3,212706 -0,767465 0,655991 2,686532 -0,027182 0,618938 3,428958
-0,047391 -0,083484 3,301160 0,266321 1,304043 3,205943 -0,724833 0,828295 2,753785 -0,027173 0,626172 3,429063
-0,051761 -0,080363 3,285780 0,268691 1,307097 3,216326 -0,622109 1,158043 3,180157 -0,008639 0,631305 3,416876
-0,057432 -0,078139 3,296920 0,266390 1,306528 3,210498 -0,457525 1,184379 3,071952 0,002404 0,629182 3,404414
-0,056651 -0,081429 3,296346 0,269332 1,308571 3,212316 -0,422772 1,242685 3,228625 -0,001597 0,612155 3,366742
