29 12
-0,018448 -0,080872 3,416133 0,307206 1,324990 3,257062 -0,456317 1,340158 3,350551 0,020699 0,612210 3,367117
-0,017748 -0,088389 3,406018 0,309111 1,321569 3,261328 -0,517734 1,203270 3,136384 0,027791 0,608625 3,367005
-0,017660 -0,090914 3,412055 0,313162 1,321369 3,262114 -0,602634 1,052163 3,188159 0,031949 0,603550 3,379346
-0,019878 -0,088089 3,397379 0,316709 1,328021 3,260541 -0,627734 0,894527 3,116020 0,024464 0,607618 3,404256
-0,018136 -0,083614 3,401544 0,307060 1,334690 3,265396 -0,627032 0,638795 2,951066 0,031971 0,610682 3,379435
-0,010820 -0,081771 3,380498 0,306004 1,317954 3,260185 -0,642646 0,589424 2,967838 0,031971 0,610682 3,379435
-0,009547 -0,086948 3,384277 0,304239 1,331330 3,274064 -0,649207 0,626978 2,947209 0,031971 0,610682 3,379435
0,005459 -0,086906 3,397086 0,308182 1,333486 3,271079 -0,670417 0,811606 2,897325 0,032705 0,615361 3,429593
0,011548 -0,083485 3,408321 0,312220 1,328601 3,271670 -0,686761 0,982972 2,957470 0,039632 0,621973 3,404474
0,011057 -0,076492 3,411321 0,316595 1,318313 3,261590 -0,677173 0,980173 2,982288 0,032519 0,618991 3,429733
-0,001009 -0,083056 3,387291 0,326533 1,318429 3,281261 -0,682460 0,841815 2,945693 0,028228 0,609164 3,391846
-0,009846 -0,082282 3,379925 0,328741 1,320022 3,274805 -0,637944 0,666264 2,903482 0,024669 0,611228 3,404377
-0,008589 -0,082616 3,389438 0,330887 1,323332 3,284195 -0,640526 0,638008 2,948121 0,031971 0,610682 3,379435
-0,008930 -0,080228 3,392228 0,323276 1,319391 3,262703 -0,657981 0,667255 2,929474 0,024876 0,614823 3,404415
-0,013034 -0,075206 3,397341 0,322818 1,327633 3,272162 -0,702189 0,867133 2,958815 0,031764 0,607112 3,379393
-0,008638 -0,080987 3,388923 0,321726 1,322693 3,277184 -0,714251 0,965943 2,965962 0,020901 0,616334 3,391932
-0,006797 -0,087678 3,391302 0,320013 1,317222 3,274800 -0,700333 1,012584 3,005828 0,024876 0,614823 3,404415
-0,013369 -0,082014 3,396564 0,324316 1,315393 3,279687 -0,687895 0,895543 2,981770 0,024669 0,611228 3,404377
-0,015725 -0,088327 3,396419 0,326672 1,314794 3,281183 -0,687183 0,822908 2,970857 0,017485 0,615395 3,429677
-0,012014 -0,083504 3,400806 0,327202 1,324372 3,292838 -0,673480 0,732270 2,945437 0,020884 0,609175 3,391840
-0,014879 -0,080061 3,396861 0,316788 1,326071 3,281113 -0,689780 0,765326 2,951593 0,017692 0,619016 3,429711
-0,013628 -0,082453 3,395813 0,308195 1,332795 3,286634 -0,707426 0,836037 2,965335 0,017485 0,615395 3,429677
-0,005648 -0,086207 3,418661 0,307738 1,322586 3,270822 -0,718988 1,016335 3,060812 0,017485 0,615395 3,429677
-0,005045 -0,084634 3,419405 0,309743 1,318862 3,259424 -0,660120 1,061467 3,009469 0,024669 0,611228 3,404377
-0,002686 -0,088294 3,416479 0,313645 1,322049 3,282430 -0,633151 1,094560 3,037686 0,021089 0,613305 3,416987
-0,001537 -0,088812 3,417491 0,314149 1,327848 3,295199 -0,597150 1,233294 3,248308 0,020694 0,612734 3,391815
-0,004612 -0,084964 3,424179 0,312941 1,329411 3,302222 -0,527251 1,254143 3,197425 0,020884 0,609175 3,391840
-0,005686 -0,088125 3,425632 0,309308 1,323676 3,290628 -0,499339 1,290116 3,238913 0,024669 0,611228 3,404377
-0,006836 -0,088217 3,410467 0,306706 1,322742 3,283227 -0,460539 1,367252 3,377005 0,024669 0,611228 3,404377
