25 12
-0,066951 -0,066160 3,221879 0,309649 1,363049 3,208971 -0,437820 1,295837 3,083066 -0,011867 0,628215 3,236316
-0,072853 -0,063356 3,232143 0,433680 1,201718 2,887229 -0,621036 1,353087 3,328541 -0,015414 0,641291 3,271059
-0,071817 -0,069152 3,223180 0,531219 1,139057 2,791792 -0,752776 1,330587 3,366114 -0,015429 0,634354 3,270990
-0,080070 -0,070325 3,239022 0,861108 1,109034 3,114898 -0,911443 0,997572 2,912483 -0,040669 0,632857 3,282010
-0,081806 -0,073325 3,223515 0,981496 0,657705 2,686141 -1,269170 0,828254 3,250240 -0,040266 0,625908 3,281736
-0,084437 -0,078087 3,228219 1,061601 0,488485 2,734939 -1,341928 0,637763 3,194698 -0,051098 0,627909 3,293108
-0,090136 -0,079705 3,200815 1,153380 0,149708 2,857478 -1,369985 0,272864 3,076093 -0,098615 0,630272 3,326500
-0,100960 -0,077329 3,206887 1,138938 -0,082953 2,982139 -1,354582 0,061005 3,076849 -0,097779 0,618541 3,278940
-0,096910 -0,072079 3,208153 1,106790 -0,111125 2,969277 -1,350066 0,023955 3,116324 -0,083722 0,622115 3,279896
-0,104550 -0,070271 3,202842 1,058303 -0,039454 2,860311 -1,339678 0,096563 3,020814 -0,115071 0,619816 3,265872
-0,117693 -0,074790 3,229668 1,036248 0,217275 2,784964 -1,295712 0,341584 2,893250 -0,132367 0,639757 3,360725
-0,123625 -0,073229 3,247036 1,004931 0,390940 2,841141 -1,236022 0,470947 2,789148 -0,109346 0,631570 3,313875
-0,137668 -0,077751 3,237135 0,882329 0,597791 2,798920 -1,214767 0,705950 2,986519 -0,113455 0,630068 3,325639
-0,143705 -0,082652 3,245518 0,910303 0,502290 2,701781 -1,315194 0,638362 3,087903 -0,121122 0,630675 3,349268
-0,150086 -0,081493 3,234253 0,964483 0,390947 2,744356 -1,357478 0,512475 3,059085 -0,131625 0,628444 3,336196
-0,163581 -0,085499 3,200882 1,066686 0,114320 2,838654 -1,380978 0,231909 2,959980 -0,142052 0,619185 3,323063
-0,167446 -0,077161 3,223206 1,065592 -0,096574 3,037624 -1,390090 0,052471 2,978786 -0,160902 0,627936 3,333611
-0,173188 -0,077718 3,214906 1,016181 -0,123202 3,040061 -1,379518 0,014588 3,007144 -0,167700 0,634967 3,332859
-0,181687 -0,069978 3,203353 0,961463 -0,057696 2,937751 -1,375248 0,096336 3,012555 -0,168905 0,624539 3,272900
-0,201786 -0,075674 3,237973 0,948644 0,200320 2,848510 -1,313887 0,356259 2,864704 -0,188011 0,640934 3,306359
-0,207218 -0,078241 3,243343 0,922766 0,391913 2,895837 -1,246307 0,508016 2,780211 -0,183517 0,631132 3,271573
-0,217640 -0,080880 3,240365 0,756144 0,757247 2,700356 -1,204675 0,913256 3,085609 -0,189963 0,634589 3,270465
-0,232144 -0,078406 3,255761 0,602535 1,122255 3,123515 -0,927641 1,028464 2,848648 -0,181284 0,626474 3,225326
-0,228439 -0,073282 3,241802 0,497598 1,218751 3,162508 -0,844786 1,113895 2,899603 -0,175253 0,637562 3,249153
-0,232997 -0,077450 3,232841 0,310638 1,216018 2,990633 -0,741234 1,342888 3,291753 -0,169345 0,638328 3,273181
