41 12
-0,119636 -0,086686 3,275237 0,334475 1,205894 3,112971 -0,537270 1,239459 3,139755 -0,062616 0,626376 3,304699
-0,121603 -0,089210 3,286866 0,402720 1,138111 3,012226 -0,620244 1,170894 3,061074 -0,069947 0,626984 3,328292
-0,121437 -0,084520 3,282182 0,471325 1,043146 2,892048 -0,692371 1,061547 2,963544 -0,073371 0,624886 3,316066
-0,122359 -0,091271 3,289201 0,497753 0,912271 2,845725 -0,742657 0,929319 2,870978 -0,084598 0,616279 3,327383
-0,122090 -0,087636 3,295963 0,469104 0,745618 2,754365 -0,754187 0,789429 2,783257 -0,070356 0,619868 3,328149
-0,122327 -0,091839 3,312837 0,446280 0,621668 2,733707 -0,735324 0,657562 2,716927 -0,070157 0,616392 3,328175
-0,124785 -0,093615 3,318463 0,396936 0,518128 2,727884 -0,693958 0,543383 2,673929 -0,077183 0,615733 3,303790
-0,122789 -0,092021 3,323960 0,324864 0,433399 2,729029 -0,621516 0,459048 2,655965 -0,076770 0,629799 3,303996
-0,119490 -0,095794 3,326487 0,234582 0,374492 2,733820 -0,536631 0,393239 2,657187 -0,094959 0,638741 3,314952
-0,120406 -0,091885 3,330235 0,144744 0,355011 2,746981 -0,439103 0,363795 2,672990 -0,116746 0,641984 3,313519
-0,125592 -0,093594 3,352805 0,064284 0,353257 2,764197 -0,331231 0,366825 2,691635 -0,172080 0,666721 3,432829
-0,124597 -0,089825 3,344841 0,006589 0,353254 2,709530 -0,236470 0,390463 2,703664 -0,168882 0,669071 3,446061
-0,125633 -0,089517 3,356824 -0,003419 0,363242 2,658385 -0,184896 0,416574 2,730423 -0,157788 0,671646 3,460006
-0,130685 -0,092304 3,357883 0,003650 0,382806 2,649933 -0,183145 0,449754 2,750400 -0,140865 0,658205 3,385132
-0,131402 -0,094449 3,350499 0,045125 0,396964 2,690794 -0,227887 0,438361 2,784590 -0,121226 0,676837 3,489531
-0,131876 -0,087161 3,348372 0,132211 0,393927 2,701697 -0,323327 0,443912 2,801548 -0,130905 0,645344 3,312348
-0,134117 -0,094386 3,350169 0,221203 0,384956 2,722931 -0,437458 0,442122 2,828689 -0,099031 0,637267 3,326742
-0,133710 -0,094159 3,335511 0,322827 0,361563 2,710298 -0,542425 0,418469 2,815544 -0,105255 0,633045 3,302107
-0,133211 -0,094892 3,340449 0,422270 0,321743 2,739369 -0,613801 0,400182 2,805123 -0,108549 0,623960 3,289901
-0,139776 -0,093963 3,334354 0,451919 0,305948 2,804776 -0,634477 0,381778 2,785594 -0,105050 0,622557 3,301787
-0,140065 -0,092296 3,335177 0,425556 0,287567 2,832352 -0,620865 0,366037 2,774896 -0,122833 0,623796 3,288795
-0,139800 -0,090441 3,348157 0,365619 0,286461 2,800201 -0,570380 0,357298 2,767181 -0,108918 0,638606 3,313631
-0,141953 -0,090146 3,335532 0,279852 0,284829 2,789990 -0,497510 0,350284 2,748775 -0,113033 0,651249 3,325722
-0,145706 -0,088655 3,343462 0,184990 0,295651 2,792571 -0,402386 0,363771 2,748315 -0,117387 0,646253 3,337654
-0,147799 -0,089555 3,348640 0,095672 0,321557 2,764040 -0,306603 0,378518 2,756235 -0,141851 0,643830 3,323221
-0,149012 -0,089687 3,358944 0,026167 0,338971 2,751418 -0,219293 0,404332 2,759531 -0,135626 0,651753 3,348342
-0,150994 -0,089395 3,347650 -0,015214 0,343880 2,697140 -0,183481 0,424587 2,776647 -0,194146 0,682784 3,522318
-0,152502 -0,084552 3,353619 -0,019361 0,352708 2,697687 -0,201836 0,432535 2,799971 -0,122492 0,660763 3,399131
-0,152947 -0,087275 3,351272 0,012240 0,358672 2,698285 -0,264139 0,426956 2,818856 -0,138858 0,649535 3,335842
-0,156156 -0,087976 3,333230 0,087732 0,361802 2,696304 -0,359239 0,430061 2,831945 -0,134334 0,639640 3,300128
-0,154717 -0,097162 3,338834 0,168568 0,380779 2,700597 -0,460125 0,448266 2,833393 -0,125845 0,625190 3,276551
-0,161945 -0,098046 3,339145 0,254552 0,410787 2,711869 -0,557572 0,473398 2,808374 -0,119589 0,618901 3,300859
-0,156062 -0,095929 3,343948 0,335451 0,465214 2,721776 -0,645220 0,533338 2,808461 -0,102708 0,628782 3,338433
-0,161802 -0,093556 3,339545 0,402883 0,549286 2,745746 -0,719496 0,623042 2,820545 -0,106616 0,616671 3,350179
-0,161177 -0,092354 3,325672 0,445139 0,655856 2,779104 -0,766267 0,730253 2,823321 -0,106819 0,620179 3,350269
-0,166387 -0,092816 3,332043 0,489347 0,800017 2,848723 -0,803209 0,859740 2,858220 -0,099231 0,619616 3,326479
-0,159908 -0,096659 3,315290 0,502407 0,934844 2,860801 -0,802719 0,981129 2,935489 -0,096398 0,632983 3,363374
-0,161048 -0,094624 3,318268 0,483042 1,087175 2,986652 -0,760741 1,081870 2,979200 -0,106821 0,627264 3,350361
-0,161031 -0,091433 3,316112 0,426043 1,176672 3,091356 -0,697594 1,168605 3,030985 -0,103879 0,629288 3,362721
-0,162145 -0,093655 3,330084 0,379030 1,230170 3,168596 -0,624620 1,224256 3,091469 -0,113856 0,622916 3,325411
-0,158473 -0,090563 3,301972 0,333791 1,267952 3,221472 -0,548596 1,259405 3,142473 -0,107027 0,630759 3,350371
