27 12
-0,124407 -0,070739 3,207621 0,331271 1,205155 3,214405 -0,501274 1,171619 2,995837 -0,054440 0,631474 3,235047
-0,133606 -0,068454 3,204838 0,329571 1,207628 3,235647 -0,485805 1,085286 2,840722 -0,050821 0,630107 3,246596
-0,139339 -0,073294 3,217594 0,326850 1,201818 3,225921 -0,479068 1,005642 2,715191 -0,061177 0,625163 3,257246
-0,156174 -0,063281 3,183482 0,334654 1,201547 3,255854 -0,508669 0,840798 2,464417 -0,067514 0,621007 3,233141
-0,175260 -0,066635 3,200330 0,322538 1,182035 3,229880 -0,488597 0,731552 2,357044 -0,060194 0,610260 3,210704
-0,179066 -0,063385 3,193476 0,338741 1,190018 3,273764 -0,503541 0,678522 2,309175 -0,063326 0,611627 3,198856
-0,194198 -0,057649 3,157179 0,344452 1,187788 3,287126 -0,520176 0,579600 2,280198 -0,060799 0,620570 3,211663
-0,195756 -0,060951 3,163196 0,346228 1,197541 3,288680 -0,542187 0,522711 2,379968 -0,057639 0,619170 3,223296
-0,190388 -0,060218 3,169921 0,347579 1,184630 3,285737 -0,546158 0,520426 2,463368 -0,071706 0,619075 3,222599
-0,187036 -0,063366 3,173074 0,339753 1,192411 3,262067 -0,527049 0,569893 2,669392 -0,078346 0,615063 3,199593
-0,184100 -0,059716 3,161401 0,340512 1,185960 3,246670 -0,542674 0,642121 2,747711 -0,082244 0,624419 3,233290
-0,188299 -0,054523 3,164943 0,342904 1,194960 3,265941 -0,545185 0,670247 2,768502 -0,075365 0,625065 3,256486
-0,195623 -0,051537 3,178898 0,330584 1,188520 3,240713 -0,566625 0,660359 2,659317 -0,079124 0,629912 3,245192
-0,211512 -0,053620 3,212915 0,332223 1,188757 3,249543 -0,584263 0,656816 2,602694 -0,075159 0,621583 3,256138
-0,216124 -0,058144 3,212905 0,334961 1,187758 3,252478 -0,603178 0,645647 2,542836 -0,079337 0,616701 3,268060
-0,228236 -0,050084 3,206421 0,334237 1,185945 3,255342 -0,626866 0,607922 2,425912 -0,064567 0,623117 3,245497
-0,239907 -0,047391 3,230988 0,337217 1,183056 3,253711 -0,647907 0,532095 2,476744 -0,079735 0,627717 3,291645
-0,231220 -0,043824 3,217443 0,336414 1,186231 3,245935 -0,651966 0,495929 2,524946 -0,079935 0,638181 3,291936
-0,229924 -0,044666 3,229164 0,318519 1,188528 3,220986 -0,635837 0,499675 2,739520 -0,090221 0,632522 3,279266
-0,222560 -0,042688 3,244904 0,316643 1,200606 3,221924 -0,672534 0,562036 2,869417 -0,083740 0,644474 3,327151
-0,225127 -0,045090 3,247096 0,310837 1,196838 3,212511 -0,681883 0,627344 2,949311 -0,090477 0,640168 3,302709
-0,221933 -0,042987 3,225281 0,300233 1,189301 3,183944 -0,666443 0,801209 3,103681 -0,076918 0,648834 3,351897
-0,223647 -0,042441 3,235997 0,299554 1,198176 3,192711 -0,646599 0,960625 3,104984 -0,077348 0,648859 3,352342
-0,215449 -0,045083 3,228035 0,297305 1,201223 3,193436 -0,628837 1,039253 3,147379 -0,087582 0,646585 3,339035
-0,197950 -0,050197 3,244505 0,290937 1,206701 3,193482 -0,581882 1,216047 3,317881 -0,087794 0,650140 3,339349
-0,177493 -0,057987 3,210355 0,296658 1,198904 3,189502 -0,487220 1,242424 3,218714 -0,077558 0,652396 3,352489
-0,171445 -0,052258 3,214710 0,298007 1,193201 3,183506 -0,463038 1,260444 3,265007 -0,076760 0,643800 3,304157
