24 12
-0,040687 -0,085031 3,183855 0,469225 1,160539 2,842629 -0,618775 1,380750 3,517196 -0,008732 0,617568 3,294467
-0,043299 -0,083155 3,191088 0,879487 1,132105 3,183815 -0,860634 0,972408 2,843390 -0,019031 0,604657 3,258981
-0,044320 -0,088736 3,205077 1,039578 0,535801 2,615261 -1,314352 0,664724 3,218768 -0,043977 0,606540 3,269836
-0,047481 -0,095202 3,201791 1,127141 0,308270 2,733220 -1,307502 0,379485 2,977636 -0,037063 0,603097 3,270121
-0,046310 -0,091913 3,199682 1,115661 -0,116886 2,830492 -1,323707 -0,053461 3,130421 -0,058491 0,610442 3,292749
-0,049640 -0,081443 3,184547 1,058339 -0,307527 3,079389 -1,159926 -0,245715 3,008780 -0,047017 0,596803 3,212221
-0,045911 -0,082477 3,162848 1,016457 -0,324588 3,020046 -1,172763 -0,270365 3,111242 -0,057732 0,605977 3,245906
-0,045879 -0,081175 3,192252 1,070165 -0,240059 3,037761 -1,199912 -0,142075 2,972517 -0,039959 0,604111 3,235157
-0,050097 -0,088253 3,213912 1,100154 0,050736 2,736262 -1,289058 0,164272 2,947095 -0,069958 0,612903 3,328121
-0,052790 -0,092321 3,219342 1,109848 0,247217 2,783260 -1,225278 0,333205 2,789814 -0,054980 0,611927 3,281225
-0,059435 -0,087865 3,229167 0,988977 0,590108 2,720008 -1,193977 0,638407 2,973799 -0,051293 0,609954 3,269653
-0,067978 -0,091463 3,234963 0,977617 0,648002 2,734366 -1,239028 0,611973 3,019622 -0,065849 0,613867 3,292525
-0,068080 -0,090016 3,233264 1,002255 0,534616 2,707238 -1,268041 0,495720 2,983008 -0,069601 0,615862 3,304220
-0,075624 -0,091117 3,213329 1,161644 0,269368 2,862107 -1,292875 0,194057 2,913318 -0,080380 0,607308 3,315361
-0,073319 -0,087646 3,218725 1,177061 -0,067376 3,052060 -1,281389 -0,084007 2,937084 -0,061828 0,601011 3,257465
-0,069052 -0,085283 3,207953 1,145541 -0,191391 3,130897 -1,234324 -0,175646 2,958210 -0,072485 0,602401 3,245413
-0,067108 -0,086231 3,200784 1,078818 -0,218738 3,081783 -1,230544 -0,191486 3,101472 -0,091131 0,608698 3,302903
-0,064085 -0,081750 3,206263 1,108185 -0,066912 2,860873 -1,326092 0,036384 3,121008 -0,079759 0,602841 3,268178
-0,067428 -0,082994 3,222362 1,138695 0,084752 2,844668 -1,297685 0,213785 3,000338 -0,083523 0,611725 3,279760
-0,065022 -0,088321 3,221713 1,055708 0,457959 2,751944 -1,287274 0,642542 3,081939 -0,087975 0,614213 3,315139
-0,074537 -0,089695 3,239121 0,984138 0,964458 3,178076 -0,975005 0,895692 2,784449 -0,061821 0,607910 3,257535
-0,081716 -0,092656 3,244829 0,847442 1,151030 3,262791 -0,854695 1,023225 2,831200 -0,047409 0,603574 3,212333
-0,079935 -0,091276 3,231105 0,481633 1,197704 2,895618 -0,685137 1,352847 3,365075 -0,040351 0,610959 3,235411
-0,075533 -0,089161 3,235460 0,322162 1,349340 3,221162 -0,482071 1,288061 3,143321 -0,051931 0,613885 3,293090
