49 12
-0,068334 -0,088448 3,258764 0,333929 1,268168 3,187251 -0,432573 1,288759 3,145757 -0,012107 0,627246 3,330374
-0,065037 -0,089465 3,261976 0,351729 1,252606 3,127328 -0,481237 1,250522 3,093144 -0,022847 0,628023 3,294300
-0,065341 -0,093097 3,271299 0,384357 1,219203 3,055887 -0,528553 1,207443 3,027093 -0,015713 0,625167 3,318251
-0,065511 -0,087477 3,283349 0,403866 1,162809 2,970897 -0,576050 1,147097 2,948394 -0,019506 0,619578 3,306132
-0,064338 -0,094015 3,286532 0,404091 1,082564 2,906834 -0,600749 1,081283 2,868128 -0,015726 0,618146 3,318173
-0,058846 -0,090341 3,287467 0,354365 0,979349 2,889854 -0,605995 1,000437 2,793030 -0,015546 0,607628 3,318013
-0,060074 -0,094811 3,294330 0,305984 0,881306 2,816808 -0,584397 0,917633 2,724273 -0,012339 0,609615 3,330132
-0,059661 -0,101824 3,299329 0,233818 0,792987 2,793082 -0,547262 0,837874 2,683867 -0,012551 0,599020 3,329890
-0,055219 -0,097769 3,304050 0,173087 0,749421 2,778721 -0,500267 0,773992 2,639598 -0,012147 0,610160 3,354450
-0,052642 -0,099943 3,306558 0,092815 0,718599 2,754619 -0,432553 0,728317 2,621677 -0,041585 0,626793 3,453985
-0,053351 -0,114431 3,303775 0,014765 0,705685 2,761637 -0,354302 0,713334 2,606219 -0,008114 0,602017 3,391268
-0,053730 -0,113701 3,307751 -0,052704 0,705068 2,726048 -0,273320 0,701586 2,587778 -0,025688 0,581379 3,328441
-0,056779 -0,114094 3,313648 -0,082487 0,713615 2,717659 -0,244413 0,704384 2,600078 -0,035145 0,588474 3,352256
-0,055661 -0,130241 3,296273 -0,064064 0,708879 2,738895 -0,250608 0,708558 2,621161 -0,004672 0,578954 3,403649
-0,059291 -0,124380 3,293241 -0,018595 0,702148 2,718615 -0,301331 0,716373 2,665194 -0,016451 0,576865 3,390575
-0,057842 -0,106242 3,311305 0,053950 0,711357 2,711934 -0,380568 0,715350 2,676328 -0,057885 0,627962 3,505791
-0,049543 -0,104974 3,292398 0,123465 0,721812 2,710940 -0,453677 0,710744 2,680852 -0,016026 0,612714 3,391381
-0,051878 -0,102484 3,297220 0,173095 0,722497 2,719236 -0,500345 0,703022 2,673827 -0,008916 0,608077 3,342154
-0,051644 -0,100282 3,300221 0,175969 0,715327 2,723262 -0,511588 0,696957 2,660407 -0,016001 0,608615 3,366570
-0,056311 -0,103034 3,298365 0,147713 0,717790 2,740096 -0,493519 0,696708 2,651531 -0,008947 0,597050 3,317921
-0,059573 -0,112140 3,284341 0,092097 0,731599 2,757583 -0,441633 0,707094 2,652774 -0,054918 0,626991 3,545593
-0,056870 -0,114026 3,286669 0,012107 0,729832 2,755057 -0,368022 0,714653 2,647438 -0,023012 0,591270 3,390901
-0,062409 -0,122633 3,296888 -0,056737 0,730797 2,744098 -0,288382 0,732586 2,635778 -0,063725 0,597928 3,477368
-0,062780 -0,129933 3,289591 -0,080350 0,735039 2,744233 -0,255625 0,726508 2,630415 -0,025890 0,590604 3,477793
-0,069751 -0,113808 3,302569 -0,073874 0,733737 2,727914 -0,264549 0,727330 2,633082 -0,016377 0,597419 3,341693
-0,067175 -0,131749 3,285775 -0,037990 0,724147 2,705086 -0,305093 0,734802 2,669053 -0,038200 0,581866 3,492455
-0,064264 -0,122644 3,274684 0,021016 0,734576 2,702012 -0,380656 0,724768 2,693339 -0,019288 0,578296 3,353849
-0,063942 -0,115722 3,284757 0,081767 0,740662 2,712973 -0,449003 0,715925 2,697646 -0,020032 0,592319 3,353720
-0,059955 -0,100148 3,282094 0,135443 0,750587 2,713725 -0,498437 0,705837 2,685716 -0,030086 0,604566 3,341690
-0,056900 -0,099240 3,305526 0,149490 0,752314 2,740141 -0,512748 0,693882 2,670340 -0,008499 0,612207 3,366804
-0,054754 -0,106446 3,291343 0,127940 0,744475 2,740142 -0,495640 0,685359 2,651469 -0,019827 0,602996 3,354048
-0,053511 -0,094423 3,298949 0,079090 0,753723 2,755558 -0,445213 0,689888 2,647635 -0,015591 0,615758 3,366653
-0,058338 -0,129845 3,298691 0,010866 0,754708 2,754118 -0,368976 0,709065 2,652263 -0,005524 0,590315 3,453941
-0,059561 -0,122211 3,296951 -0,063519 0,737771 2,776789 -0,289100 0,728706 2,631170 -0,039495 0,600490 3,518825
-0,056971 -0,127822 3,291270 -0,093188 0,733728 2,761135 -0,248111 0,742213 2,619339 -0,011854 0,579264 3,428613
-0,057739 -0,126443 3,292164 -0,072664 0,742515 2,741930 -0,258171 0,749076 2,642843 -0,023302 0,577278 3,415830
-0,061347 -0,117908 3,292242 -0,036522 0,744495 2,727941 -0,295481 0,763697 2,688147 -0,005751 0,597050 3,428069
-0,052280 -0,117277 3,287532 0,033724 0,762586 2,701088 -0,368510 0,775432 2,710435 -0,023887 0,603875 3,493355
-0,056897 -0,113690 3,300393 0,116015 0,770083 2,692418 -0,451329 0,791038 2,723223 0,009318 0,593185 3,403627
-0,050437 -0,109201 3,298055 0,212089 0,828170 2,733557 -0,529607 0,822255 2,743999 -0,010093 0,586364 3,339470
-0,048774 -0,099002 3,312351 0,302675 0,873440 2,754952 -0,595874 0,859750 2,765670 -0,012551 0,595080 3,305903
-0,043224 -0,099013 3,300319 0,380102 0,934131 2,779819 -0,644278 0,913068 2,789088 -0,012147 0,606119 3,330132
-0,043679 -0,097845 3,308826 0,468145 1,033331 2,835367 -0,678018 0,975812 2,848313 -0,008321 0,614657 3,318246
-0,043761 -0,098305 3,313552 0,511551 1,106152 2,896968 -0,680750 1,032523 2,891356 -0,001237 0,622277 3,342608
-0,044351 -0,095758 3,299924 0,524616 1,165519 2,969535 -0,657974 1,093438 2,938640 -0,001092 0,621684 3,318449
-0,044745 -0,096856 3,305168 0,513482 1,224645 3,019824 -0,609121 1,153381 2,984770 0,002558 0,623746 3,330545
-0,043177 -0,094130 3,294056 0,455901 1,238042 3,104774 -0,553066 1,205793 3,051761 -0,012094 0,634294 3,330455
-0,041577 -0,095714 3,298877 0,400087 1,272282 3,168850 -0,493997 1,251638 3,105229 -0,004677 0,623741 3,330434
-0,042377 -0,095092 3,292548 0,343021 1,284373 3,224353 -0,429448 1,282714 3,158131 -0,001158 0,617605 3,294598
