36 12
0,010033 -0,095162 3,401656 0,386991 1,221188 3,084414 -0,395653 1,110342 3,096123 0,024629 0,603564 3,379348
0,015548 -0,094857 3,408578 0,407917 1,147053 3,007966 -0,370992 0,999152 2,999282 0,017270 0,589318 3,379140
0,013571 -0,097120 3,390635 0,406641 1,033594 2,940567 -0,317746 0,864432 2,928127 0,029325 0,580762 3,415670
0,014782 -0,094977 3,406372 0,390198 0,888750 2,893231 -0,261503 0,745357 2,902950 0,017787 0,578919 3,403630
0,013542 -0,094696 3,415457 0,372774 0,796465 2,878131 -0,209643 0,629933 2,870347 0,032138 0,578929 3,403945
0,014351 -0,102214 3,419084 0,341384 0,691777 2,856279 -0,153151 0,564963 2,875613 0,039426 0,575605 3,429015
0,015962 -0,101376 3,417152 0,273582 0,596030 2,855842 -0,075834 0,540163 2,886544 0,040611 0,591282 3,507135
0,016463 -0,097170 3,424243 0,190342 0,540524 2,788934 0,028604 0,535223 2,891038 0,040611 0,591282 3,507135
0,016696 -0,104238 3,435344 0,147480 0,500569 2,770499 0,029821 0,571530 2,875286 0,040147 0,586830 3,454845
0,015606 -0,096499 3,431873 0,184556 0,490525 2,757242 0,053616 0,501715 2,883293 0,036972 0,596108 3,467656
0,014125 -0,095897 3,444804 0,221465 0,479603 2,780669 0,032740 0,453766 2,862843 0,043542 0,595684 3,442099
0,011488 -0,091693 3,439558 0,248570 0,498098 2,798895 0,028140 0,422744 2,840128 0,044096 0,603427 3,467984
0,011658 -0,100438 3,415634 0,234151 0,465293 2,766529 0,068165 0,448711 2,847862 0,047826 0,597698 3,454861
0,009719 -0,095822 3,420708 0,203244 0,452648 2,707235 0,086462 0,488820 2,879142 0,050973 0,595659 3,442016
0,012116 -0,100263 3,429006 0,219170 0,477350 2,760462 0,087444 0,451474 2,836969 0,047453 0,593636 3,429216
0,010737 -0,100573 3,431715 0,237053 0,469071 2,780111 0,065836 0,423670 2,821205 0,051153 0,592037 3,441980
0,014526 -0,096843 3,426519 0,245588 0,480814 2,803302 0,043038 0,418168 2,812598 0,036819 0,607086 3,467998
0,016675 -0,096857 3,433761 0,213155 0,476813 2,751042 0,090399 0,456199 2,837480 0,018185 0,610310 3,534146
0,018321 -0,100343 3,434275 0,187633 0,459170 2,766141 0,100748 0,470646 2,884493 0,043898 0,588427 3,441924
0,020846 -0,099626 3,430664 0,217638 0,487617 2,754985 0,090107 0,449340 2,827640 0,047275 0,597261 3,429342
0,017724 -0,100990 3,433660 0,230482 0,481323 2,812151 0,052863 0,430705 2,825882 0,044073 0,596128 3,467876
0,017939 -0,097192 3,434528 0,237110 0,484242 2,825819 0,040844 0,419602 2,823941 0,063118 0,609614 3,506995
0,022076 -0,099179 3,437787 0,209480 0,480359 2,771521 0,085799 0,438062 2,844151 0,055079 0,594047 3,454794
0,020901 -0,110198 3,434188 0,171767 0,479647 2,734415 0,080167 0,508067 2,877966 0,055228 0,583128 3,454567
0,019628 -0,109238 3,433428 0,169530 0,521882 2,730008 0,095101 0,500348 2,923515 0,055884 0,587546 3,506919
0,017585 -0,111821 3,421520 0,170227 0,587380 2,723597 0,075678 0,549957 2,884294 0,062578 0,583451 3,480311
0,021687 -0,103590 3,425816 0,188895 0,667320 2,749949 0,049137 0,617310 2,816008 0,052139 0,593302 3,520329
0,018411 -0,108779 3,435815 0,216217 0,729816 2,783203 0,018294 0,711529 2,810906 0,036176 0,581539 3,467621
0,020386 -0,109988 3,423800 0,222795 0,831337 2,823731 -0,040970 0,801902 2,790468 0,038207 0,535343 3,450118
0,023193 -0,099383 3,442949 0,250811 0,949002 2,854729 -0,122583 0,902242 2,796216 0,055094 0,535623 3,401539
0,025434 -0,101127 3,413000 0,292029 1,043238 2,891691 -0,209264 0,992379 2,850356 0,050520 0,573343 3,391186
0,022432 -0,094351 3,412592 0,329826 1,121736 2,953742 -0,294656 1,068738 2,911589 0,039543 0,593253 3,404102
0,022600 -0,098713 3,416822 0,363204 1,190423 3,023813 -0,372910 1,129254 2,999521 0,039362 0,596838 3,404145
0,021567 -0,092735 3,400242 0,393838 1,216540 3,088770 -0,439591 1,184285 3,098313 0,039362 0,596838 3,404145
0,020824 -0,094823 3,400371 0,406188 1,244638 3,182327 -0,473007 1,242648 3,201392 0,046362 0,592813 3,379117
0,024374 -0,093891 3,393841 0,411090 1,255960 3,242200 -0,479259 1,276110 3,277744 0,046383 0,599940 3,379203
