29 12
-0,163846 -0,077819 3,418930 0,201101 1,262406 3,294353 -0,541410 1,233961 3,079246 -0,089948 0,649750 3,439208
-0,162514 -0,074456 3,420008 0,200288 1,263450 3,290430 -0,572468 1,164724 2,962405 -0,092889 0,643125 3,400875
-0,164618 -0,072107 3,420016 0,191903 1,262817 3,286198 -0,601400 1,079286 2,849247 -0,100797 0,647431 3,425682
-0,164286 -0,073417 3,422761 0,195653 1,260009 3,291565 -0,619370 0,962818 2,746527 -0,088975 0,633830 3,388485
-0,167000 -0,073989 3,438736 0,188819 1,253973 3,282257 -0,633702 0,806862 2,640904 -0,077981 0,632469 3,401435
-0,168311 -0,074884 3,438926 0,197430 1,262186 3,292915 -0,637376 0,634853 2,553568 -0,082497 0,638149 3,414204
-0,171058 -0,070151 3,430101 0,199931 1,244366 3,262198 -0,638759 0,467554 2,483543 -0,098129 0,657794 3,464740
-0,171841 -0,070792 3,432515 0,208882 1,249778 3,304543 -0,627740 0,328027 2,444497 -0,130880 0,667416 3,541990
-0,175103 -0,062697 3,431207 0,217749 1,258971 3,331714 -0,614259 0,209198 2,408363 -0,127468 0,677318 3,556043
-0,178176 -0,063050 3,424576 0,218133 1,241127 3,303821 -0,606198 0,115851 2,393865 -0,131118 0,686012 3,542140
-0,173099 -0,054234 3,406960 0,217369 1,248638 3,321271 -0,596657 0,050543 2,393618 -0,134519 0,683557 3,528322
-0,168306 -0,056761 3,383310 0,231513 1,239527 3,328232 -0,592717 0,004467 2,392695 -0,111127 0,679094 3,503304
-0,160455 -0,047835 3,369498 0,224773 1,255526 3,366681 -0,592207 -0,024766 2,388073 -0,115240 0,688847 3,516500
-0,163896 -0,057472 3,378839 0,233556 1,241565 3,340500 -0,589887 -0,030430 2,393369 -0,126940 0,683661 3,528931
-0,156117 -0,045536 3,370964 0,239496 1,242201 3,338341 -0,592173 -0,020554 2,386561 -0,114988 0,683842 3,489233
-0,154586 -0,059249 3,402683 0,243079 1,247043 3,355665 -0,591220 0,007241 2,373918 -0,104183 0,683938 3,530571
-0,153744 -0,057946 3,401851 0,242596 1,241048 3,331599 -0,588458 0,055269 2,375859 -0,096246 0,675456 3,503898
-0,149450 -0,063843 3,407332 0,245591 1,245089 3,341767 -0,589541 0,123517 2,373436 -0,095838 0,683047 3,504592
-0,141630 -0,063721 3,407258 0,249761 1,240767 3,330455 -0,589823 0,213056 2,387122 -0,111345 0,676555 3,530272
-0,132362 -0,071940 3,397045 0,254593 1,249084 3,323454 -0,590442 0,335739 2,408116 -0,105181 0,682407 3,585245
-0,127150 -0,074221 3,411682 0,250181 1,249007 3,313375 -0,583490 0,480642 2,433253 -0,078808 0,651242 3,427256
-0,117419 -0,082501 3,396806 0,244650 1,254766 3,317447 -0,573895 0,634614 2,492336 -0,026756 0,635637 3,379015
-0,111995 -0,082569 3,415242 0,250965 1,240265 3,289815 -0,565199 0,789978 2,552731 -0,018993 0,624323 3,354283
-0,105460 -0,089298 3,404820 0,260022 1,242340 3,303296 -0,552646 0,922076 2,643711 -0,022734 0,630624 3,391288
-0,097694 -0,083204 3,396355 0,261307 1,243132 3,299040 -0,545165 1,030706 2,748287 -0,030405 0,631282 3,416317
-0,099639 -0,087889 3,383034 0,267503 1,250163 3,311755 -0,529590 1,112587 2,847159 -0,030288 0,627028 3,391161
-0,089653 -0,084462 3,385942 0,274109 1,237198 3,279167 -0,512239 1,175208 2,943817 -0,026756 0,635637 3,379015
-0,088292 -0,091527 3,369877 0,280772 1,248395 3,307053 -0,486969 1,225936 3,035952 -0,030475 0,637767 3,391364
-0,082956 -0,088891 3,354152 0,283371 1,242145 3,284796 -0,462062 1,267641 3,127010 -0,030593 0,642096 3,416531
