23 12
-0,127754 -0,104276 3,340405 0,226830 1,328797 3,198605 -0,490822 1,286621 2,975651 -0,127654 0,612343 3,324228
-0,123556 -0,105795 3,344089 0,228947 1,325791 3,194970 -0,430978 1,205563 2,811593 -0,106209 0,609612 3,349758
-0,121085 -0,106426 3,358223 0,240249 1,329212 3,207416 -0,334846 1,103273 2,630215 -0,102262 0,593861 3,360948
-0,115982 -0,106455 3,352976 0,243223 1,328044 3,187254 -0,229469 0,962287 2,471603 -0,114368 0,589362 3,444046
-0,112219 -0,108596 3,343901 0,247260 1,331055 3,201854 -0,116890 0,786468 2,329220 -0,112445 0,617897 3,486885
-0,107914 -0,093062 3,341496 0,257170 1,314856 3,213040 -0,016378 0,608057 2,255215 -0,080522 0,642574 3,504925
-0,100265 -0,096098 3,348099 0,267855 1,323129 3,228096 0,051313 0,443090 2,225146 -0,064333 0,648528 3,453601
-0,092098 -0,088790 3,340090 0,283389 1,320809 3,232670 0,122668 0,306672 2,239629 -0,084174 0,680611 3,411985
-0,090912 -0,081952 3,344200 0,299094 1,221085 3,232056 0,172845 0,213152 2,255442 -0,075026 0,717224 3,417300
-0,080492 -0,074357 3,347236 0,305107 1,297983 3,248901 0,203353 0,148267 2,257277 -0,071517 0,734056 3,375761
-0,071540 -0,087600 3,330584 0,317160 1,289988 3,268278 0,228891 0,113093 2,268678 -0,048895 0,730075 3,354713
-0,061033 -0,089376 3,332669 0,327918 1,296030 3,262683 0,241650 0,106163 2,264308 -0,041607 0,730120 3,354839
-0,053444 -0,086135 3,342248 0,336051 1,227262 3,269928 0,245282 0,120179 2,263855 -0,041949 0,739999 3,404452
-0,041459 -0,077033 3,340345 0,331797 1,207864 3,314812 0,247094 0,174846 2,262944 -0,039059 0,735936 3,385368
-0,034403 -0,076224 3,362111 0,347841 1,223626 3,274049 0,231015 0,263091 2,237278 -0,040123 0,683143 3,386985
-0,028987 -0,080454 3,347295 0,339380 1,261478 3,324172 0,203645 0,387769 2,256279 -0,037503 0,712378 3,447538
-0,016811 -0,090059 3,358045 0,355514 1,326757 3,258870 0,161244 0,531603 2,282595 -0,010457 0,683946 3,490595
-0,009578 -0,090306 3,355832 0,356684 1,322587 3,251778 0,097812 0,695149 2,337845 -0,001056 0,654308 3,575262
-0,004958 -0,097335 3,372313 0,146282 0,407234 2,290157 0,013658 0,857727 2,432994 -0,007172 0,631568 3,573195
-0,004043 -0,099856 3,346699 0,176680 0,473780 2,426448 -0,092999 1,025007 2,557356 0,000971 0,615617 3,543777
0,000490 -0,096707 3,351623 0,355287 1,292997 3,249392 -0,181043 1,152240 2,675079 0,021848 0,604896 3,365728
0,001574 -0,092930 3,329528 0,349677 1,336377 3,229722 -0,268837 1,252208 2,815696 0,021303 0,615732 3,366878
-0,001311 -0,091926 3,321329 0,350045 1,333438 3,224519 -0,337157 1,308169 2,951613 0,009908 0,620816 3,354876
