23 12
-0,196987 -0,084084 3,450659 0,209085 1,310014 3,309993 -0,496217 1,295752 3,219203 -0,161912 0,615291 3,471658
-0,199047 -0,085974 3,460336 0,211498 1,319060 3,329925 -0,496285 1,272699 3,152887 -0,155372 0,619668 3,498694
-0,198248 -0,085844 3,459616 0,211832 1,312770 3,327330 -0,510326 1,227685 3,096878 -0,155372 0,619668 3,498694
-0,201065 -0,079389 3,466370 0,208791 1,307388 3,330961 -0,523416 1,161411 2,996221 -0,158023 0,613820 3,484241
-0,201338 -0,088937 3,461974 0,207063 1,312058 3,325813 -0,589086 0,889684 2,648865 -0,158435 0,606488 3,484756
-0,205257 -0,081554 3,489914 0,207359 1,323372 3,336591 -0,599164 0,628116 2,576362 -0,141810 0,605662 3,434482
-0,207425 -0,075737 3,482963 0,201476 1,311910 3,342408 -0,601849 0,482110 2,521033 -0,155786 0,626945 3,498921
-0,207025 -0,080193 3,469273 0,209225 1,313729 3,348186 -0,603594 0,266398 2,461368 -0,164463 0,627426 3,524679
-0,204903 -0,080594 3,463246 0,201192 1,308167 3,346145 -0,580454 0,136481 2,423675 -0,189050 0,645924 3,548360
-0,198519 -0,082633 3,434737 0,205598 1,308547 3,353670 -0,574883 0,094670 2,402607 -0,182015 0,654798 3,577728
-0,194416 -0,072007 3,437717 0,206744 1,317277 3,364902 -0,571549 0,056444 2,412133 -0,184521 0,647602 3,535744
-0,191246 -0,078526 3,438184 0,210719 1,311517 3,370068 -0,560257 0,045046 2,389732 -0,177852 0,656195 3,564197
-0,183808 -0,073451 3,427413 0,208530 1,307016 3,363470 -0,559434 0,051688 2,406347 -0,184521 0,647602 3,535744
-0,187818 -0,080777 3,454422 0,208727 1,305950 3,364790 -0,563188 0,062876 2,397995 -0,182400 0,654555 3,577103
-0,186981 -0,076332 3,455271 0,207337 1,310650 3,361781 -0,572046 0,075917 2,400110 -0,173325 0,657804 3,551276
-0,191882 -0,074939 3,463106 0,209341 1,319504 3,370604 -0,564120 0,100776 2,407342 -0,169196 0,651721 3,537756
-0,188057 -0,083411 3,499367 0,212888 1,316417 3,344001 -0,551624 0,202603 2,449087 -0,166087 0,650208 3,551259
-0,171912 -0,087585 3,480851 0,213153 1,323849 3,365375 -0,542562 0,409885 2,466617 -0,144730 0,618248 3,513080
-0,166735 -0,086991 3,479742 0,211322 1,314820 3,353157 -0,550143 0,545895 2,496033 -0,116500 0,604903 3,474818
-0,162623 -0,089029 3,495957 0,218357 1,316280 3,357161 -0,529952 0,848321 2,680800 -0,116503 0,597590 3,474698
-0,150690 -0,086882 3,475651 0,219454 1,315289 3,347697 -0,547939 1,039160 2,786982 -0,124379 0,604831 3,474768
-0,157098 -0,091451 3,482844 0,219966 1,311332 3,333929 -0,529452 1,122763 2,880663 -0,132626 0,616305 3,500559
-0,157422 -0,088307 3,469973 0,217869 1,314113 3,333581 -0,456493 1,312566 3,230328 -0,128491 0,614220 3,487684
