21 12
-0,183445 -0,063115 3,268032 0,229427 1,280603 3,244888 -0,473376 1,338927 3,263229 -0,121331 0,634184 3,349373
-0,177848 -0,069947 3,246356 0,226763 1,262778 3,216259 -0,475971 1,336315 3,259779 -0,117584 0,628539 3,337398
-0,168661 -0,067534 3,255205 0,232090 1,265260 3,193848 -0,502185 1,284130 3,099591 -0,121534 0,630591 3,349302
-0,169927 -0,068733 3,263104 0,273290 1,183671 3,012228 -0,540624 1,235804 3,040005 -0,105050 0,622557 3,301787
-0,165945 -0,063671 3,280755 0,256001 1,118764 2,976971 -0,551489 1,164974 2,942514 -0,094560 0,610692 3,314316
-0,159287 -0,069979 3,278873 0,134879 0,900713 2,769583 -0,559477 1,002262 2,769210 -0,089370 0,579114 3,337695
-0,154787 -0,106800 3,265373 0,018006 0,793650 2,897359 -0,436765 0,823068 2,600443 -0,067581 0,562712 3,413889
-0,151717 -0,137820 3,253235 -0,071944 0,747903 2,909575 -0,385487 0,761368 2,565593 -0,078380 0,542697 3,375541
-0,137857 -0,103017 3,293137 -0,195766 0,692182 2,773942 -0,325137 0,724110 2,610458 -0,113070 0,581223 3,348186
-0,141333 -0,099734 3,265697 -0,163027 0,651850 2,707587 -0,336361 0,694103 2,626096 -0,063523 0,585924 3,401754
-0,130190 -0,083307 3,278050 -0,131719 0,654722 2,718277 -0,342349 0,688117 2,664028 -0,091171 0,625615 3,490808
-0,125071 -0,086122 3,293097 -0,114341 0,659905 2,728287 -0,330066 0,688419 2,675437 -0,059599 0,606768 3,464177
-0,119354 -0,092385 3,271993 -0,178309 0,664174 2,750178 -0,282750 0,656713 2,563718 -0,075951 0,607373 3,491290
-0,116599 -0,081331 3,269771 -0,172912 0,667322 2,758626 -0,284517 0,671855 2,588829 -0,095078 0,600639 3,338260
-0,114961 -0,096348 3,269807 -0,132452 0,715256 2,774467 -0,304758 0,712038 2,610684 -0,063077 0,581642 3,352340
-0,112872 -0,107358 3,234140 -0,042207 0,782853 2,627156 -0,378709 0,833047 2,715711 -0,031087 0,544456 3,340432
-0,107319 -0,074380 3,275913 0,019652 0,863220 2,621356 -0,412130 0,904269 2,745672 -0,050213 0,531037 3,298975
-0,107677 -0,073167 3,261652 0,197726 1,094880 2,908977 -0,444552 1,054085 2,823689 -0,048301 0,598961 3,328950
-0,103025 -0,076329 3,255275 0,258445 1,183232 2,963307 -0,493580 1,187981 2,969663 -0,055503 0,620035 3,328897
-0,104806 -0,076283 3,241915 0,282457 1,235167 3,115458 -0,476415 1,226316 3,034747 -0,055439 0,619424 3,304941
-0,104630 -0,071992 3,241089 0,273142 1,251568 3,189116 -0,420811 1,307034 3,230304 -0,058959 0,632007 3,316862
