37 12
-0,014111 0,210596 3,399342 0,367856 1,497276 3,267709 -0,424347 1,546861 3,223841 0,047293 0,916390 3,383046
-0,016340 0,197420 3,408280 0,359954 1,518825 3,274374 -0,409790 1,463943 3,075812 0,051707 0,912184 3,395433
-0,018497 0,196464 3,405552 0,364859 1,490745 3,242336 -0,374818 1,366956 2,947755 0,047521 0,898260 3,382849
-0,016851 0,204563 3,412634 0,357615 1,483540 3,231658 -0,348320 1,199176 2,844766 0,052206 0,897516 3,394887
-0,021587 0,190128 3,411718 0,357082 1,487648 3,251476 -0,344283 0,997251 2,777218 0,040748 0,900752 3,408020
-0,022290 0,194327 3,411645 0,356079 1,482667 3,240901 -0,337967 0,771894 2,793975 0,047000 0,912740 3,382897
-0,020736 0,195522 3,392922 0,350052 1,502562 3,243013 -0,401737 0,631596 2,907826 0,049636 0,913040 3,369584
-0,016127 0,191782 3,375458 0,352347 1,492039 3,230970 -0,462014 0,489408 3,012603 0,042920 0,915748 3,395058
-0,021966 0,192106 3,408870 0,343315 1,479856 3,235496 -0,508683 0,423026 3,125020 0,050468 0,902408 3,370274
-0,016130 0,197613 3,412320 0,349079 1,483025 3,239492 -0,541025 0,388207 3,201247 0,040232 0,915380 3,408265
-0,015917 0,190391 3,416623 0,347491 1,481692 3,231753 -0,535072 0,367338 3,200960 0,039641 0,912776 3,383000
-0,017628 0,194683 3,402030 0,351638 1,486987 3,263901 -0,499651 0,346713 3,200773 0,061715 0,912646 3,382602
-0,010897 0,196452 3,402728 0,353517 1,495781 3,253327 -0,408487 0,334926 3,118836 0,046640 0,906592 3,358028
-0,010577 0,190312 3,376734 0,359438 1,478734 3,255427 -0,308660 0,347266 3,042523 0,050420 0,932880 3,420066
-0,009322 0,186472 3,402942 0,364433 1,489743 3,263166 -0,224338 0,383770 3,040210 0,054226 0,933422 3,407667
-0,014815 0,180835 3,416464 0,366070 1,496027 3,260239 -0,195644 0,419324 3,116563 0,049768 0,944622 3,394470
0,001534 0,194661 3,405119 0,367215 1,488530 3,264320 -0,242413 0,410162 3,204793 0,065693 0,937570 3,395332
-0,009762 0,196259 3,400420 0,363753 1,493541 3,261655 -0,341546 0,386923 3,236252 0,050506 0,916865 3,370442
-0,018398 0,189614 3,423445 0,361926 1,484895 3,263002 -0,448839 0,367460 3,254716 0,058526 0,912162 3,395321
-0,015255 0,187531 3,415267 0,351481 1,494189 3,252603 -0,533367 0,367651 3,248192 0,055042 0,915300 3,408041
-0,016042 0,192890 3,413100 0,353317 1,492657 3,259432 -0,543366 0,367956 3,177477 0,058962 0,918411 3,420698
-0,011492 0,196506 3,412553 0,352490 1,497033 3,273306 -0,493315 0,366527 3,116593 0,047018 0,919995 3,382983
-0,012718 0,189965 3,384552 0,346582 1,492117 3,257174 -0,403660 0,359476 3,034453 0,050019 0,919252 3,394606
-0,010602 0,189367 3,403151 0,354600 1,488960 3,266118 -0,305831 0,377661 2,994016 0,054098 0,923533 3,382697
-0,017548 0,196423 3,441220 0,352762 1,494093 3,261166 -0,231030 0,419172 2,997977 0,049474 0,948120 3,393985
-0,014577 0,201080 3,429693 0,357964 1,484285 3,251122 -0,195626 0,461168 3,066651 0,057583 0,951044 3,419655
-0,019883 0,205612 3,434337 0,355853 1,488171 3,242244 -0,204169 0,499967 3,049469 0,053954 0,944290 3,407433
-0,022481 0,206744 3,423131 0,358241 1,496149 3,248711 -0,226587 0,545289 2,990156 0,051556 0,925789 3,420938
-0,019921 0,203466 3,430069 0,352384 1,498010 3,242276 -0,252277 0,636965 2,917599 0,058984 0,925741 3,420794
-0,018603 0,195666 3,420338 0,354817 1,489060 3,239010 -0,285977 0,765040 2,843950 0,047253 0,901885 3,382871
-0,013223 0,195246 3,425374 0,353258 1,496419 3,243736 -0,324825 0,950315 2,843004 0,052432 0,886520 3,394442
-0,011356 0,193438 3,422583 0,348724 1,505794 3,251764 -0,392397 1,148222 2,857544 0,055554 0,900675 3,407833
-0,012561 0,198535 3,424814 0,346137 1,491605 3,238235 -0,434688 1,305850 2,940233 0,047253 0,901885 3,382871
-0,008656 0,197049 3,430737 0,348596 1,503371 3,252746 -0,459670 1,427083 3,051097 0,047617 0,908042 3,408074
-0,003633 0,204062 3,434322 0,345442 1,496043 3,242158 -0,467463 1,481693 3,154969 0,054749 0,911626 3,407878
-0,008994 0,203022 3,446635 0,351406 1,491520 3,247046 -0,477161 1,531750 3,266445 0,047834 0,909111 3,382922
-0,009468 0,196467 3,421079 0,354637 1,490503 3,251220 -0,459840 1,524166 3,320219 0,051535 0,918459 3,420842
