13 12
-0,042582 0,201811 3,435594 0,309238 1,476804 3,243087 -0,560787 1,475282 3,175754 -0,000921 0,910829 3,345937
-0,040528 0,208514 3,442140 0,302946 1,470182 3,225161 -0,484562 1,259137 2,869338 -0,000371 0,903665 3,345873
-0,039454 0,215188 3,449407 0,296960 1,469367 3,208454 -0,463946 1,019787 2,723350 0,006939 0,910851 3,346032
-0,053948 0,204802 3,430439 0,290442 1,465928 3,199672 -0,419707 0,605624 2,877005 -0,004257 0,917517 3,358301
-0,040354 0,192671 3,383908 0,282717 1,471494 3,217010 -0,402088 0,378676 3,007687 -0,016374 0,934847 3,370080
-0,033848 0,200005 3,395243 0,286058 1,472583 3,217415 -0,384076 0,359594 3,142037 -0,016369 0,942088 3,370171
-0,037241 0,192462 3,390559 0,291598 1,494931 3,250514 -0,384407 0,375929 3,163665 -0,015797 0,935005 3,370558
-0,046891 0,209890 3,419420 0,300382 1,467781 3,225788 -0,420950 0,449612 3,115076 -0,008457 0,935024 3,370665
-0,044690 0,203066 3,432748 0,305311 1,475321 3,236310 -0,447451 0,544965 2,998581 -0,011566 0,930990 3,383173
-0,046522 0,201231 3,408101 0,302464 1,471522 3,224707 -0,494437 0,860896 2,729578 -0,004510 0,920095 3,383095
-0,042122 0,201174 3,423791 0,296692 1,476040 3,234759 -0,583506 1,282343 2,906549 -0,011305 0,900620 3,333476
-0,038620 0,204020 3,429803 0,293454 1,477311 3,230616 -0,580635 1,411186 3,028253 -0,000921 0,910829 3,345937
-0,040300 0,202343 3,420729 0,293547 1,469612 3,225518 -0,537232 1,551724 3,479033 -0,004876 0,904154 3,333497
