39 12
-0,068960 0,156921 3,467942 0,239126 1,540112 3,274096 -0,482264 1,463886 3,251440 -0,042152 0,893428 3,484450
-0,065926 0,155683 3,486668 0,245923 1,535755 3,269756 -0,518591 1,349411 3,143046 -0,045584 0,884166 3,445096
-0,068686 0,157164 3,472693 0,249285 1,548339 3,282651 -0,549902 1,203431 3,074525 -0,045768 0,892809 3,497522
-0,070314 0,161764 3,478932 0,243511 1,550893 3,272916 -0,584553 1,028085 2,981365 -0,049431 0,882232 3,484003
-0,071190 0,156859 3,467207 0,236236 1,559804 3,279811 -0,602431 0,828291 2,920694 -0,053606 0,889000 3,497178
-0,071670 0,155605 3,472636 0,236294 1,580684 3,320861 -0,621968 0,658901 2,951545 -0,053606 0,889000 3,497178
-0,071756 0,156323 3,469226 0,240911 1,564011 3,290287 -0,629156 0,541895 3,008790 -0,049952 0,892146 3,510671
-0,067627 0,159345 3,462549 0,248695 1,545623 3,263361 -0,628826 0,463674 3,054747 -0,060566 0,886495 3,470496
-0,067435 0,159959 3,464177 0,241596 1,567579 3,295050 -0,623492 0,434442 3,029341 -0,056662 0,883462 3,457587
-0,058946 0,155790 3,466484 0,244848 1,551194 3,260489 -0,599115 0,488131 2,997416 -0,053054 0,886558 3,470813
-0,057535 0,155363 3,464233 0,249242 1,560826 3,281014 -0,587451 0,604934 2,969297 -0,042229 0,876121 3,457942
-0,052218 0,159825 3,478635 0,237335 1,556944 3,275399 -0,567963 0,724538 2,898721 -0,045590 0,876802 3,444984
-0,052246 0,152530 3,463473 0,237611 1,547108 3,271146 -0,546175 0,749635 2,911466 -0,034465 0,879902 3,458323
-0,051619 0,156999 3,477252 0,242311 1,541871 3,273257 -0,543827 0,667684 2,960651 -0,034465 0,879902 3,458323
-0,054671 0,153420 3,469196 0,247471 1,558114 3,275738 -0,539210 0,554280 3,007781 -0,027134 0,877521 3,432588
-0,053712 0,156514 3,462224 0,246558 1,556946 3,278657 -0,556009 0,451995 3,015560 -0,034190 0,883616 3,458395
-0,054598 0,153964 3,468801 0,248663 1,556842 3,282120 -0,560059 0,382122 3,055793 -0,034465 0,879902 3,458323
-0,051529 0,150503 3,472116 0,255225 1,557238 3,272151 -0,550953 0,373600 3,084719 -0,034190 0,883616 3,458395
-0,047075 0,159728 3,467770 0,254576 1,551577 3,272950 -0,547796 0,444826 3,076288 -0,026860 0,881234 3,432752
-0,044083 0,157114 3,471429 0,247975 1,563909 3,281679 -0,545849 0,554516 2,987364 -0,026593 0,877584 3,432721
-0,042849 0,150931 3,468786 0,237792 1,556703 3,259152 -0,524414 0,673677 2,932691 -0,027239 0,883590 3,458469
-0,043196 0,157540 3,472063 0,229046 1,552792 3,243814 -0,510022 0,709369 2,933307 -0,026697 0,883653 3,458603
-0,043060 0,154989 3,471572 0,244250 1,538944 3,258259 -0,528075 0,646444 2,947432 -0,023451 0,880561 3,445568
-0,046584 0,158369 3,465939 0,247771 1,545585 3,263387 -0,517735 0,544710 3,000197 -0,026860 0,881234 3,432752
-0,050755 0,154653 3,464139 0,257277 1,550507 3,265918 -0,531568 0,450444 3,026784 -0,026860 0,881234 3,432752
-0,053343 0,154715 3,464558 0,266540 1,547541 3,268841 -0,542491 0,375150 3,073412 -0,026593 0,877584 3,432721
-0,048246 0,155101 3,455697 0,266435 1,556711 3,274069 -0,526867 0,346873 3,096903 -0,034157 0,875187 3,407025
-0,048989 0,156290 3,451205 0,265395 1,568164 3,276184 -0,532630 0,360659 3,066688 -0,030254 0,874564 3,419815
-0,048172 0,152412 3,463202 0,256168 1,553956 3,268921 -0,537876 0,436129 3,071654 -0,026860 0,881234 3,432752
-0,048809 0,155097 3,462861 0,244776 1,570534 3,287166 -0,527429 0,540955 3,005796 -0,019625 0,878853 3,407322
-0,044838 0,158305 3,463200 0,247692 1,552076 3,252594 -0,542546 0,682133 2,969384 -0,026860 0,881234 3,432752
-0,044252 0,156587 3,456880 0,249765 1,542402 3,242320 -0,555884 0,847732 2,875640 -0,022910 0,880624 3,445709
-0,043239 0,159875 3,454755 0,248138 1,547003 3,241215 -0,572525 1,019198 2,903426 -0,019469 0,887358 3,458804
-0,043467 0,156092 3,454977 0,247614 1,548545 3,247917 -0,573702 1,167355 2,963727 -0,019469 0,887358 3,458804
-0,042640 0,159327 3,449511 0,253405 1,539550 3,246921 -0,573584 1,293984 3,033745 -0,019147 0,877614 3,432898
-0,044813 0,162045 3,455083 0,258448 1,554997 3,278267 -0,567134 1,395162 3,104340 -0,026860 0,881234 3,432752
-0,045706 0,159174 3,455970 0,259479 1,544534 3,255894 -0,565203 1,474619 3,197180 -0,023097 0,878233 3,420029
-0,048997 0,155691 3,445311 0,261070 1,547128 3,264881 -0,541847 1,516346 3,279685 -0,026860 0,881234 3,432752
-0,053306 0,153198 3,456004 0,251656 1,545853 3,255484 -0,513575 1,551402 3,380613 -0,026860 0,881234 3,432752
