17 12
-0,000011 0,208646 3,456801 0,333996 1,497239 3,295437 -0,523038 1,459720 3,216976 0,032591 0,923712 3,383297
-0,003915 0,210024 3,463955 0,338816 1,486159 3,267263 -0,421522 1,190314 2,909099 0,037206 0,905969 3,370166
-0,009239 0,211570 3,475049 0,337638 1,469067 3,255350 -0,405200 0,936799 2,797334 0,021341 0,915940 3,395694
-0,015416 0,206548 3,458156 0,321671 1,458348 3,227197 -0,413263 0,511262 2,915406 0,017868 0,923747 3,383342
-0,015649 0,206690 3,459421 0,313650 1,469116 3,232522 -0,470993 0,358285 3,193013 0,013817 0,916990 3,370737
-0,014262 0,206646 3,454979 0,311264 1,468779 3,238469 -0,467840 0,378005 3,291577 0,005813 0,917907 3,345721
-0,020878 0,211596 3,456238 0,309392 1,472537 3,237541 -0,425391 0,404359 3,279455 0,017309 0,930941 3,383204
-0,018175 0,203378 3,453006 0,307213 1,472351 3,233182 -0,252658 0,455337 3,066357 0,009841 0,939102 3,358483
-0,008450 0,199200 3,450443 0,315213 1,466561 3,237374 -0,279667 0,468554 3,206763 0,009970 0,945479 3,383382
-0,016747 0,202146 3,460560 0,315264 1,479434 3,250930 -0,430578 0,382643 3,020862 0,009664 0,934510 3,383015
-0,020500 0,197230 3,442258 0,326150 1,478439 3,277947 -0,397841 0,388602 2,959654 -0,001117 0,935035 3,370741
-0,024582 0,199846 3,449818 0,323910 1,483433 3,276813 -0,310037 0,434964 2,961152 0,001646 0,935218 3,357515
-0,034628 0,208040 3,456744 0,329630 1,468676 3,261745 -0,335980 0,542259 2,843254 0,000559 0,955377 3,380209
-0,030332 0,204239 3,454512 0,314429 1,477668 3,264336 -0,485695 0,880309 2,927052 0,017575 0,920096 3,383224
-0,026989 0,208945 3,452479 0,318059 1,493315 3,279736 -0,528239 1,041602 2,823487 0,024990 0,910300 3,358365
-0,026459 0,206142 3,448721 0,310455 1,497771 3,272724 -0,518354 1,417565 3,109682 0,021432 0,913385 3,370770
-0,029594 0,207057 3,457430 0,321015 1,475157 3,273535 -0,506554 1,479479 3,312742 0,025455 0,930044 3,408561
