29 12
-0,014878 0,222585 3,475217 0,313237 1,550622 3,291464 -0,472589 1,569278 3,394823 0,047732 0,925291 3,433664
-0,013138 0,216133 3,487688 0,317572 1,529900 3,264177 -0,539908 1,523932 3,330067 0,052493 0,924769 3,446546
-0,014385 0,220861 3,490570 0,318827 1,524642 3,263153 -0,611524 1,457365 3,234087 0,055164 0,917892 3,433427
-0,014224 0,216126 3,506311 0,318366 1,526342 3,260626 -0,633973 1,362588 3,129375 0,044378 0,914833 3,420925
-0,010129 0,219593 3,494649 0,329137 1,542681 3,272671 -0,592725 1,260016 2,953232 0,052201 0,921104 3,446552
-0,011405 0,222816 3,498709 0,320045 1,533789 3,273135 -0,500809 1,182215 2,847392 0,051930 0,924795 3,446574
-0,017723 0,210114 3,495925 0,320614 1,547973 3,288984 -0,373463 1,087066 2,779243 0,041527 0,889595 3,407161
-0,013617 0,215776 3,495715 0,324263 1,523573 3,262956 -0,254847 1,010701 2,827756 0,036959 0,917489 3,446673
-0,012159 0,212681 3,500997 0,321884 1,537027 3,263108 -0,189172 0,929812 2,938282 0,041094 0,914292 3,433668
-0,015614 0,220625 3,485214 0,318028 1,522592 3,258724 -0,173983 0,825896 3,021376 0,039708 0,925209 3,433310
-0,013721 0,221401 3,473514 0,312786 1,529817 3,273079 -0,192333 0,721091 3,035731 0,052055 0,934913 3,472601
-0,008757 0,218259 3,477930 0,316790 1,535203 3,271692 -0,260372 0,671599 2,993603 0,055752 0,941828 3,485548
-0,008547 0,218822 3,497732 0,320919 1,541192 3,292515 -0,396175 0,720047 2,706248 0,055604 0,931652 3,459435
0,000508 0,213181 3,487684 0,324764 1,522251 3,253519 -0,298246 0,877472 2,578872 0,056417 0,920541 3,459380
0,004361 0,218937 3,499968 0,329274 1,534097 3,271344 -0,227129 0,898775 2,626670 0,059943 0,917342 3,446316
0,000299 0,209554 3,486084 0,320185 1,526698 3,260258 -0,103310 0,911161 2,996885 0,059361 0,909991 3,446225
0,001986 0,216171 3,467797 0,322081 1,531268 3,263490 -0,124263 0,734790 3,078162 0,058287 0,939264 3,445605
0,001419 0,221526 3,464003 0,323991 1,534531 3,259518 -0,184902 0,679691 3,101612 0,059034 0,949610 3,472131
0,005432 0,215513 3,479100 0,328091 1,520754 3,248926 -0,355032 0,621838 2,678178 0,054472 0,946121 3,458272
0,009339 0,214596 3,482590 0,329470 1,534550 3,261651 -0,352630 0,782479 2,572131 0,063647 0,924217 3,459333
0,012149 0,210129 3,496011 0,333758 1,524438 3,256777 -0,281116 0,838560 2,555358 0,063708 0,910440 3,433154
0,006037 0,211368 3,477367 0,326766 1,535175 3,266623 -0,107392 0,995988 2,951994 0,058941 0,911084 3,420604
0,008721 0,216081 3,477669 0,332320 1,522755 3,236671 -0,065325 0,883308 3,003303 0,062614 0,917840 3,433259
0,006381 0,223698 3,480108 0,327404 1,521438 3,237872 -0,077410 0,853829 3,019737 0,062930 0,928897 3,433533
0,006954 0,216643 3,474847 0,327356 1,522888 3,257913 -0,184202 0,813302 2,778298 0,062908 0,921541 3,433436
0,009007 0,216946 3,480143 0,333386 1,525725 3,255100 -0,335108 1,031374 2,865843 0,085952 0,896579 3,406493
0,010816 0,224646 3,469492 0,327353 1,531642 3,262456 -0,393613 1,121379 2,821418 0,077813 0,908784 3,382018
0,010662 0,221105 3,481613 0,332843 1,534296 3,278929 -0,414152 1,341353 2,899848 0,073283 0,912047 3,394953
0,012824 0,218331 3,470954 0,329546 1,542405 3,272424 -0,455378 1,460585 3,075745 0,076721 0,916174 3,382371
