23 12
-0,055804 0,242156 3,438273 0,281676 1,504369 3,246990 -0,444118 1,460054 3,191191 -0,003932 0,935546 3,358488
-0,049661 0,238271 3,447756 0,288502 1,485838 3,246694 -0,395175 1,319215 3,102829 -0,007020 0,932316 3,345797
-0,055838 0,238019 3,427583 0,281873 1,510145 3,244750 -0,241701 0,975653 2,903757 -0,008174 0,931448 3,370744
-0,057583 0,226711 3,429618 0,285652 1,504233 3,255121 -0,227294 0,873937 2,993511 -0,008457 0,935024 3,370665
-0,052501 0,232643 3,446480 0,280859 1,512865 3,248988 -0,310084 0,697036 2,871768 -0,005082 0,942636 3,358223
-0,039302 0,228652 3,424441 0,281728 1,503603 3,245949 -0,685023 0,781857 3,203120 -0,026482 0,951116 3,433785
-0,035657 0,228322 3,432861 0,278334 1,500261 3,231134 -0,876825 0,723832 3,179535 0,002794 0,928322 3,358457
-0,025963 0,230949 3,437656 0,277357 1,503132 3,233588 -1,018656 0,603655 2,963973 0,002878 0,934625 3,383351
-0,022220 0,224396 3,441606 0,281427 1,502145 3,243130 -1,068218 0,607136 3,084642 0,006319 0,934120 3,395759
-0,023189 0,229643 3,462778 0,287771 1,514960 3,255620 -0,991019 0,588202 2,993865 0,003174 0,938277 3,383454
-0,036155 0,221337 3,442210 0,308083 1,505222 3,293711 -0,833077 0,649931 3,224427 -0,004243 0,924728 3,358390
-0,033523 0,221498 3,442843 0,310612 1,515098 3,279585 -0,656893 0,629199 3,040832 -0,026989 0,960639 3,485951
-0,036316 0,231008 3,444002 0,309307 1,509681 3,282857 -0,784033 0,606228 3,197465 0,000317 0,931398 3,370548
-0,032851 0,225347 3,440347 0,301694 1,500367 3,251542 -0,944135 0,506286 2,879150 0,003437 0,927379 3,383290
-0,028493 0,230307 3,433525 0,288049 1,503514 3,246743 -1,219367 0,601738 3,281210 0,003454 0,934641 3,383382
-0,027009 0,230323 3,435996 0,292636 1,491095 3,258746 -1,196561 0,605038 3,218305 0,003159 0,931013 3,383362
-0,031250 0,227410 3,431282 0,297568 1,512371 3,286862 -1,174112 0,694130 3,213550 -0,000554 0,927861 3,370837
-0,031638 0,230440 3,440887 0,304615 1,509453 3,271369 -0,994896 0,858431 2,969117 -0,003870 0,941021 3,408530
-0,037792 0,227555 3,451838 0,312717 1,503117 3,283543 -0,902661 0,970827 2,914320 -0,007598 0,930521 3,395717
-0,039692 0,225744 3,437363 0,312068 1,500494 3,268842 -0,826539 1,383713 3,369827 -0,011274 0,914935 3,333642
-0,046836 0,230856 3,459927 0,311658 1,480245 3,267591 -0,654072 1,396149 3,188913 -0,011274 0,914935 3,333642
-0,049180 0,235299 3,461210 0,315840 1,467708 3,264522 -0,604363 1,439229 3,265316 -0,011845 0,914919 3,333644
-0,056225 0,242402 3,443329 0,309956 1,474534 3,249676 -0,546906 1,550999 3,475419 -0,000662 0,922614 3,321799
