12 12
-0,038286 0,201697 3,477687 0,293138 1,468453 3,242957 -0,520440 1,379623 2,964116 -0,007903 0,918571 3,420907
-0,040987 0,196877 3,467734 0,285813 1,472081 3,248718 -0,419558 0,993521 2,714105 0,003386 0,905610 3,383012
-0,040553 0,207309 3,470303 0,273055 1,453760 3,227851 -0,421906 0,750902 2,729386 -0,012168 0,922667 3,408043
-0,044585 0,204136 3,449814 0,262817 1,455162 3,224998 -0,394364 0,456980 3,041864 -0,016664 0,931113 3,369674
-0,035346 0,196299 3,445801 0,263717 1,465088 3,217062 -0,389235 0,377017 3,213874 -0,019848 0,933542 3,407870
-0,034379 0,199390 3,465872 0,276374 1,464907 3,232533 -0,373602 0,386866 3,281160 -0,008483 0,921552 3,345854
-0,039398 0,199425 3,457177 0,295995 1,478614 3,258048 -0,418597 0,402880 3,110932 -0,004779 0,930941 3,383104
-0,035092 0,203279 3,453929 0,304932 1,471002 3,235300 -0,458325 0,569321 3,017449 -0,004497 0,927354 3,383188
-0,039461 0,198820 3,444082 0,309135 1,459771 3,237074 -0,489799 0,706298 2,867155 -0,000583 0,913392 3,370658
-0,035064 0,205227 3,464143 0,305701 1,471034 3,236347 -0,517575 1,139818 2,863098 -0,000598 0,906162 3,370567
-0,029737 0,209793 3,434332 0,302091 1,469532 3,240030 -0,568392 1,416902 3,055187 0,006879 0,926899 3,395870
-0,027730 0,204419 3,448794 0,299822 1,475636 3,237684 -0,575116 1,491475 3,231857 0,003144 0,923753 3,383270
