21 12
-0,012396 0,216576 3,485361 0,326955 1,532619 3,266367 -0,432350 1,508233 3,260420 -0,000564 0,897778 3,395423
-0,013916 0,206287 3,483692 0,331088 1,518699 3,246762 -0,385303 1,352262 3,086412 -0,003432 0,889813 3,407514
-0,012113 0,208299 3,477905 0,330909 1,529564 3,262067 -0,372194 1,218696 2,987397 0,007990 0,889139 3,420062
-0,014844 0,196558 3,466323 0,332769 1,531267 3,264688 -0,413196 0,861823 2,874558 -0,007943 0,896593 3,420601
-0,013722 0,204212 3,469621 0,328823 1,533417 3,268581 -0,442767 0,620005 2,985913 0,016894 0,882700 3,333369
-0,014272 0,212286 3,470644 0,327510 1,531001 3,266729 -0,443464 0,578010 2,999911 0,009783 0,880434 3,309335
-0,005569 0,206298 3,478155 0,313802 1,522539 3,247813 -0,413355 0,707177 2,945433 0,003169 0,900845 3,408107
-0,001049 0,198255 3,459968 0,319088 1,530533 3,249539 -0,374001 0,869379 2,901016 0,014070 0,900246 3,420788
0,007176 0,203858 3,458657 0,320537 1,522150 3,242365 -0,364632 0,840165 2,912375 0,014355 0,903929 3,420908
-0,000835 0,196094 3,455739 0,326136 1,539707 3,260682 -0,380719 0,625238 2,956964 0,010559 0,893549 3,408063
-0,000624 0,206198 3,457818 0,332775 1,540243 3,267393 -0,402209 0,539899 3,012288 0,020551 0,895184 3,370080
0,005501 0,196832 3,464598 0,328320 1,551041 3,272465 -0,386368 0,561972 2,928020 0,010574 0,900846 3,408160
0,008061 0,198839 3,467987 0,319367 1,541233 3,253095 -0,391540 0,808580 2,904468 0,003084 0,894737 3,382901
0,000882 0,203991 3,464668 0,321787 1,546401 3,258946 -0,388854 0,734735 2,918054 0,010861 0,904494 3,408190
0,001445 0,203940 3,469788 0,319457 1,538715 3,243072 -0,387831 0,686089 2,978953 0,006927 0,903932 3,420871
-0,007633 0,208716 3,460580 0,331505 1,545489 3,256423 -0,409123 0,656948 2,908324 0,003099 0,901987 3,382993
-0,003139 0,210198 3,473111 0,330840 1,534334 3,239138 -0,452131 0,971446 2,885009 0,007638 0,894069 3,395124
0,002350 0,206931 3,454950 0,321252 1,537205 3,240260 -0,485895 1,119882 2,908062 0,007104 0,901417 3,395516
0,002410 0,209342 3,464667 0,314530 1,534702 3,232845 -0,483433 1,393952 3,070710 0,010574 0,900846 3,408160
-0,002377 0,208652 3,461849 0,316146 1,517739 3,211571 -0,520629 1,479512 3,219348 0,006942 0,911258 3,420970
-0,004220 0,208017 3,467441 0,323866 1,517979 3,218524 -0,515515 1,504326 3,309988 -0,003933 0,911785 3,408135
