26 12
-0,028561 0,222191 3,453791 0,325949 1,492689 3,260998 -0,539203 1,574845 3,507027 0,014559 0,930536 3,395940
-0,024502 0,222005 3,471285 0,320668 1,495967 3,256748 -0,621438 1,430780 3,220494 0,028757 0,930489 3,395849
-0,021106 0,221550 3,471735 0,317851 1,493853 3,243474 -0,828318 1,392777 3,394313 0,032863 0,930023 3,408522
-0,019727 0,225213 3,455131 0,313809 1,490190 3,234211 -0,884051 1,185474 3,219877 0,029284 0,933223 3,421288
-0,012021 0,221016 3,470722 0,301482 1,488627 3,215915 -0,926216 0,703278 2,853139 0,028696 0,925819 3,420928
-0,013522 0,224484 3,457874 0,305603 1,495287 3,251911 -0,837503 0,301024 2,724208 0,021763 0,935968 3,446931
-0,015954 0,226612 3,486016 0,303618 1,501021 3,251481 -0,790844 0,141796 2,722793 0,018115 0,939216 3,459946
-0,021214 0,223767 3,462090 0,310564 1,513204 3,283973 -0,680529 -0,079028 3,148443 0,003022 0,932762 3,433965
-0,031991 0,226099 3,471538 0,319421 1,520147 3,317626 -0,372801 -0,106214 2,798920 -0,000674 0,935979 3,446852
-0,027989 0,236303 3,455210 0,322171 1,518105 3,313431 -0,293466 -0,088296 2,878019 -0,012168 0,936375 3,433717
-0,021563 0,232700 3,465137 0,311307 1,505839 3,273647 -0,250582 -0,073302 3,068941 -0,004471 0,926381 3,408320
-0,008964 0,225540 3,428474 0,302812 1,527254 3,297531 -0,481189 -0,193721 3,439296 0,006479 0,916993 3,370709
-0,006270 0,223084 3,446410 0,293642 1,514766 3,272493 -0,582806 -0,231616 3,428036 0,017575 0,920096 3,383224
-0,004535 0,223828 3,457782 0,284650 1,499466 3,244509 -0,637687 -0,225792 3,170735 0,021356 0,923222 3,395788
-0,014981 0,230877 3,489589 0,287944 1,503719 3,242541 -0,442671 -0,177951 2,888006 0,014004 0,939626 3,446829
-0,019767 0,229963 3,472127 0,302881 1,496822 3,232587 -0,360157 -0,137477 2,874435 0,003022 0,932762 3,433965
-0,026162 0,235276 3,482812 0,327627 1,518491 3,278470 -0,274935 -0,059909 3,101719 0,006709 0,936902 3,421259
-0,015258 0,234284 3,463796 0,324284 1,519122 3,282730 -0,489162 -0,099812 3,505852 0,017590 0,927356 3,383314
-0,011226 0,228473 3,441335 0,315333 1,513471 3,258347 -0,643597 -0,106492 3,567874 0,029284 0,933223 3,421288
-0,001465 0,224412 3,463194 0,298529 1,505980 3,235743 -0,830509 0,012363 3,036450 0,036720 0,935922 3,446832
0,005250 0,221422 3,449287 0,293717 1,519314 3,245564 -1,007183 0,360820 3,082354 0,032843 0,932717 3,433950
0,011730 0,223889 3,457851 0,298048 1,514698 3,248650 -1,012852 0,531106 2,897314 0,039697 0,929923 3,408168
0,012750 0,224181 3,470110 0,313824 1,525418 3,277715 -1,002307 1,064126 3,152555 0,040290 0,937305 3,408548
0,000987 0,224011 3,490117 0,325013 1,524686 3,265842 -0,670385 1,177348 2,822126 0,036734 0,940534 3,421332
-0,003193 0,222032 3,486177 0,331813 1,515777 3,279081 -0,555482 1,289557 2,933884 0,040522 0,923657 3,383181
-0,020419 0,218931 3,445623 0,315328 1,511532 3,250052 -0,399234 1,541446 3,367405 0,036421 0,924191 3,370839
