43 12
-0,041518 0,163879 3,410126 0,300575 1,513208 3,232377 -0,477787 1,526386 3,288618 0,025381 0,852720 3,357602
-0,041333 0,174066 3,409821 0,293956 1,529651 3,257246 -0,476647 1,471170 3,133837 0,018427 0,846927 3,332668
-0,040438 0,169105 3,423333 0,293214 1,537659 3,279835 -0,477931 1,390286 2,969872 0,018251 0,858505 3,382420
-0,042035 0,174646 3,422978 0,292053 1,534140 3,276888 -0,479263 1,250149 2,814023 0,029688 0,855476 3,369563
-0,044279 0,160590 3,430397 0,294757 1,522035 3,240438 -0,477444 1,066306 2,662449 0,033212 0,854813 3,382213
-0,039005 0,165983 3,435822 0,291096 1,513317 3,231757 -0,471410 0,859268 2,523440 0,055108 0,845315 3,356940
-0,042953 0,173263 3,442838 0,289019 1,526727 3,254067 -0,461044 0,625442 2,453468 0,022330 0,872259 3,394940
-0,039627 0,177609 3,425743 0,294445 1,512337 3,242250 -0,457590 0,397337 2,469374 0,014114 0,916418 3,472492
-0,027197 0,168764 3,392692 0,293808 1,518501 3,243606 -0,438426 0,186588 2,566207 0,011196 0,893603 3,485469
-0,039595 0,191647 3,426870 0,285031 1,509431 3,218691 -0,422603 0,003671 2,638436 0,015312 0,892961 3,498585
-0,041741 0,177029 3,427156 0,281495 1,517105 3,250687 -0,398554 -0,162562 2,716727 0,014870 0,883083 3,472208
-0,040137 0,176440 3,408513 0,293505 1,539415 3,275154 -0,374156 -0,291473 2,817165 0,011559 0,872570 3,458694
-0,035268 0,171137 3,397411 0,280853 1,522355 3,255901 -0,343699 -0,382731 2,942889 0,003788 0,868925 3,458763
-0,040155 0,175502 3,392440 0,282258 1,529179 3,268564 -0,311260 -0,445428 3,076795 0,000265 0,862203 3,445474
-0,038784 0,178220 3,372521 0,280014 1,540787 3,278769 -0,279992 -0,471064 3,202467 0,007572 0,864531 3,471761
-0,040856 0,176554 3,359186 0,278873 1,547505 3,288286 -0,249268 -0,485510 3,329252 0,003769 0,861543 3,458653
-0,033344 0,173647 3,359107 0,282796 1,530622 3,254866 -0,220479 -0,470720 3,444553 0,007440 0,851225 3,445612
-0,033640 0,177429 3,360385 0,280277 1,532422 3,271568 -0,199566 -0,442648 3,549202 0,003479 0,850499 3,458609
-0,034475 0,178533 3,344547 0,279679 1,533824 3,253970 -0,182873 -0,415229 3,612495 0,003840 0,860105 3,484763
-0,038141 0,178954 3,346415 0,278185 1,536968 3,274754 -0,176673 -0,399546 3,654629 0,007027 0,857152 3,471792
-0,034591 0,172489 3,346795 0,280645 1,547038 3,298618 -0,181298 -0,402145 3,665700 -0,000234 0,853444 3,471627
-0,032077 0,170743 3,347443 0,269472 1,527825 3,231085 -0,192861 -0,417695 3,659563 0,010971 0,850500 3,458675
-0,033116 0,174688 3,353059 0,279746 1,542115 3,287222 -0,204551 -0,437898 3,627970 0,003568 0,856415 3,484827
-0,029895 0,173223 3,362475 0,269492 1,545217 3,276078 -0,224200 -0,455906 3,554071 0,003750 0,854163 3,458544
-0,029324 0,178021 3,365043 0,279123 1,535175 3,238561 -0,248512 -0,474306 3,465009 0,003056 0,863827 3,484915
-0,030187 0,180073 3,370625 0,274236 1,531173 3,248040 -0,272050 -0,472809 3,342832 -0,003981 0,865251 3,458731
-0,029235 0,167752 3,373707 0,276003 1,539734 3,271413 -0,302185 -0,453877 3,226462 0,007299 0,860853 3,471821
-0,022079 0,175564 3,391533 0,268432 1,546026 3,270393 -0,330894 -0,405673 3,088185 0,003342 0,875001 3,485147
-0,019676 0,178571 3,399844 0,272952 1,539347 3,260992 -0,363932 -0,320019 2,957791 -0,000185 0,875667 3,471965
-0,021279 0,179644 3,399705 0,270064 1,536596 3,257213 -0,395652 -0,198459 2,834707 0,003896 0,882411 3,485111
-0,021088 0,182179 3,398637 0,277338 1,549812 3,288619 -0,424215 -0,030121 2,734546 0,007464 0,889256 3,498586
-0,014581 0,182395 3,403631 0,270699 1,531449 3,238082 -0,447192 0,155710 2,648746 0,007481 0,896726 3,498704
-0,019681 0,179723 3,411905 0,269293 1,536991 3,252401 -0,469567 0,354452 2,532810 0,010665 0,901031 3,485537
-0,020794 0,182162 3,430025 0,260013 1,528664 3,249594 -0,491715 0,575885 2,487044 0,025822 0,881309 3,433370
-0,019638 0,173367 3,424438 0,275758 1,525793 3,267457 -0,511064 0,795109 2,510269 0,057906 0,847582 3,320608
-0,023704 0,171663 3,424353 0,277340 1,519112 3,240169 -0,534315 0,985063 2,590737 0,061747 0,850389 3,332667
-0,028564 0,175425 3,420780 0,282001 1,519717 3,253635 -0,542973 1,147125 2,699321 0,055137 0,852495 3,357023
-0,032302 0,173609 3,414112 0,289341 1,533713 3,268677 -0,545900 1,275799 2,810776 0,055957 0,864112 3,407001
-0,036748 0,168862 3,407768 0,286727 1,538224 3,307383 -0,546326 1,377179 2,927829 0,043483 0,849803 3,345223
-0,039734 0,174337 3,402312 0,297990 1,520504 3,268048 -0,534644 1,441254 3,058669 0,040020 0,859859 3,357628
-0,044499 0,166873 3,399660 0,299136 1,539423 3,318381 -0,524330 1,476746 3,147781 0,032700 0,850529 3,332975
-0,044471 0,179786 3,399836 0,299102 1,528865 3,265243 -0,513035 1,508252 3,252823 0,025658 0,856267 3,357479
-0,051570 0,173436 3,391179 0,289977 1,546724 3,295800 -0,497440 1,517068 3,333161 0,025658 0,856267 3,357479
