47 12
-0,113919 0,167259 3,427208 0,207368 1,552685 3,269957 -0,577666 1,575036 3,457823 -0,070474 0,879848 3,380553
-0,114209 0,170741 3,426405 0,223978 1,527898 3,214056 -0,632780 1,538919 3,387073 -0,055779 0,879984 3,381220
-0,114125 0,167454 3,424290 0,213465 1,561939 3,273789 -0,703941 1,497400 3,322279 -0,059578 0,873356 3,368568
-0,113178 0,167753 3,428080 0,220124 1,540498 3,248495 -0,773734 1,459790 3,292300 -0,062801 0,873998 3,356064
-0,109261 0,173622 3,439104 0,219027 1,557262 3,269947 -0,831010 1,402793 3,196904 -0,055779 0,879984 3,381220
-0,111504 0,169254 3,436093 0,216430 1,553389 3,251506 -0,863189 1,316743 3,104308 -0,056056 0,876345 3,381181
-0,108155 0,167586 3,428250 0,227366 1,559934 3,280048 -0,855381 1,211976 2,993127 -0,056056 0,876345 3,381181
-0,110836 0,171237 3,425588 0,239356 1,555287 3,260243 -0,814159 1,129205 2,935842 -0,056330 0,872685 3,381060
-0,109771 0,172329 3,430067 0,224314 1,551076 3,270206 -0,717516 1,032954 2,843224 -0,051983 0,869828 3,368811
-0,108471 0,170089 3,426104 0,233896 1,543448 3,258200 -0,577520 0,940688 2,793407 -0,052258 0,866203 3,368770
-0,108677 0,168924 3,430010 0,241769 1,536236 3,245352 -0,439687 0,875253 2,772323 -0,055787 0,872745 3,381123
-0,105381 0,169543 3,440788 0,243448 1,539859 3,246232 -0,297745 0,857719 2,827372 -0,052258 0,866203 3,368770
-0,103471 0,166432 3,441442 0,244518 1,548450 3,249194 -0,195080 0,866521 2,928771 -0,055795 0,865509 3,381026
-0,097757 0,157169 3,444472 0,245522 1,541779 3,231701 -0,124321 0,885360 3,026723 -0,044939 0,859046 3,368944
-0,097149 0,159593 3,433831 0,254081 1,551399 3,232314 -0,091346 0,918686 3,104990 -0,041370 0,861979 3,381524
-0,088683 0,164650 3,432755 0,251502 1,534171 3,193472 -0,083529 0,918659 3,114686 -0,038045 0,868518 3,394141
-0,089623 0,167587 3,439833 0,242413 1,530463 3,193446 -0,087540 0,929112 3,086648 -0,030009 0,862755 3,369455
-0,086420 0,163870 3,439098 0,242885 1,531126 3,209690 -0,115497 0,911466 3,006958 -0,037505 0,868580 3,394244
-0,084218 0,171622 3,440256 0,240548 1,529702 3,205629 -0,171415 0,874623 2,888952 -0,033469 0,869274 3,381791
-0,079560 0,165774 3,443797 0,235329 1,550476 3,244271 -0,247395 0,840398 2,822063 -0,026393 0,865695 3,382015
-0,074538 0,164390 3,440440 0,240274 1,542042 3,233501 -0,323736 0,799533 2,745034 -0,026103 0,876549 3,382097
-0,072013 0,170961 3,446898 0,241533 1,554934 3,266501 -0,385284 0,771469 2,685296 -0,026925 0,872870 3,381981
-0,070653 0,169629 3,438101 0,229123 1,566101 3,285543 -0,392863 0,766926 2,685205 -0,015365 0,875940 3,394908
-0,066890 0,166585 3,444363 0,241939 1,547705 3,255209 -0,355434 0,796418 2,695662 -0,026116 0,869310 3,382002
-0,068109 0,165528 3,431291 0,249965 1,548861 3,252983 -0,291206 0,827471 2,743188 -0,022402 0,866391 3,369633
-0,070519 0,163750 3,427231 0,274091 1,558009 3,266001 -0,222191 0,859757 2,806646 -0,022755 0,868652 3,394652
-0,070493 0,167918 3,441790 0,292469 1,543051 3,233153 -0,164171 0,892211 2,901500 -0,015349 0,862813 3,369801
-0,069210 0,163013 3,428721 0,309136 1,540715 3,219102 -0,123859 0,909717 2,999543 -0,026393 0,865695 3,382015
-0,075360 0,161946 3,437034 0,326585 1,543972 3,223410 -0,104116 0,922128 3,068040 -0,019263 0,856286 3,357273
-0,076455 0,157202 3,446099 0,326016 1,536052 3,204006 -0,095537 0,938647 3,096061 -0,011424 0,862126 3,382242
-0,077371 0,165316 3,440753 0,340801 1,535931 3,191796 -0,107862 0,940393 3,062993 -0,015613 0,866399 3,369812
-0,079952 0,157947 3,448466 0,327864 1,534498 3,186955 -0,132741 0,925459 2,981731 -0,023566 0,864894 3,394272
-0,082113 0,170355 3,448682 0,321162 1,517747 3,161942 -0,182283 0,911252 2,878390 -0,022944 0,866374 3,369662
-0,083836 0,169310 3,440201 0,320942 1,524595 3,177236 -0,270222 0,901343 2,780256 -0,018726 0,856305 3,357253
-0,081612 0,168710 3,444934 0,314069 1,527455 3,177370 -0,389760 0,903545 2,714038 -0,018726 0,856305 3,357253
-0,081090 0,167564 3,451594 0,293942 1,515597 3,165863 -0,514987 0,914875 2,668610 -0,011680 0,859921 3,357491
-0,077112 0,167586 3,462864 0,294910 1,517449 3,170922 -0,627154 0,979473 2,662611 -0,015850 0,864129 3,345065
-0,078639 0,167488 3,440908 0,280729 1,517377 3,182054 -0,710148 1,052733 2,714987 -0,011662 0,861313 3,333066
-0,077569 0,167857 3,450378 0,261856 1,512895 3,164144 -0,769814 1,139750 2,758360 -0,008286 0,867771 3,345341
-0,077874 0,171098 3,449045 0,257770 1,524305 3,189703 -0,795343 1,228617 2,850911 -0,008553 0,871313 3,345261
-0,077757 0,168021 3,447644 0,258307 1,545365 3,248747 -0,794815 1,304657 2,951323 -0,004889 0,874251 3,357606
-0,073792 0,169591 3,447260 0,260366 1,549831 3,255567 -0,776966 1,377498 3,041476 -0,008553 0,871313 3,345261
-0,076425 0,165147 3,441222 0,270959 1,544878 3,241698 -0,741663 1,431005 3,131455 -0,012194 0,868392 3,332993
-0,076989 0,167597 3,436276 0,265428 1,550454 3,285653 -0,687578 1,475907 3,198188 -0,019242 0,870661 3,357450
-0,080591 0,167328 3,428428 0,269532 1,552314 3,294101 -0,629656 1,515647 3,270582 -0,023202 0,877153 3,369691
-0,081450 0,176695 3,432243 0,265414 1,554281 3,281786 -0,571030 1,550607 3,358900 -0,018683 0,877870 3,357518
-0,084889 0,172674 3,439671 0,272818 1,544768 3,277274 -0,515551 1,563577 3,430357 -0,037485 0,883107 3,394441
