16 12
0,004611 0,189664 3,427535 0,361247 1,479695 3,235986 -0,365218 1,368909 3,003365 0,051658 0,897634 3,395251
0,007362 0,187327 3,438544 0,357860 1,480439 3,229263 -0,352062 1,236707 2,879051 0,052177 0,890247 3,394795
0,002423 0,183844 3,412436 0,360977 1,485754 3,237317 -0,377790 0,881704 2,764660 0,052177 0,890247 3,394795
0,003848 0,193473 3,402684 0,356157 1,485214 3,243387 -0,366849 0,556157 2,836737 0,042068 0,926311 3,393883
0,010295 0,194593 3,407084 0,357816 1,485810 3,241879 -0,373439 0,449994 2,904650 0,046792 0,918854 3,407637
0,014677 0,192231 3,396551 0,343169 1,498774 3,232297 -0,341154 0,347861 3,167753 0,047160 0,925170 3,433184
0,012448 0,188149 3,395254 0,347289 1,487842 3,237199 -0,347080 0,356751 3,215046 0,047438 0,921565 3,433418
0,015838 0,191756 3,403041 0,349597 1,492065 3,247607 -0,349585 0,371522 3,228131 0,047455 0,928922 3,433517
0,011666 0,193190 3,399773 0,348201 1,490140 3,240433 -0,378317 0,400595 3,105449 0,042980 0,925590 3,420120
0,006849 0,192842 3,439352 0,346440 1,494831 3,240982 -0,394799 0,542962 2,982036 0,040262 0,917973 3,433673
0,006047 0,187825 3,417540 0,345219 1,488029 3,228283 -0,419276 0,640686 2,896341 0,047597 0,900742 3,407980
0,008257 0,191335 3,448610 0,339208 1,487030 3,220099 -0,457500 0,929695 2,747628 0,051393 0,901295 3,395353
0,015455 0,187172 3,434727 0,342452 1,491190 3,226178 -0,497138 1,206186 2,801057 0,055554 0,900675 3,407833
0,009184 0,188178 3,445910 0,338345 1,484369 3,212938 -0,501239 1,329216 2,905157 0,047327 0,904369 3,407919
0,009478 0,188979 3,423762 0,349291 1,494007 3,238269 -0,470821 1,519460 3,189703 0,043454 0,901312 3,395333
0,010797 0,192548 3,424968 0,353098 1,482615 3,228198 -0,453537 1,509361 3,277166 0,047345 0,911669 3,408013
