21 12
-0,033828 0,210503 3,453757 0,335908 1,497039 3,290418 -0,475962 1,467137 3,103559 0,018437 0,923718 3,383242
-0,035659 0,207626 3,436899 0,328290 1,499529 3,280074 -0,448656 1,304749 2,897133 0,028544 0,914416 3,346119
-0,030862 0,204242 3,457754 0,317445 1,469566 3,243047 -0,479771 0,834635 2,595449 -0,017283 0,869944 3,237410
-0,019881 0,205765 3,436311 0,309303 1,475567 3,238595 -0,506014 0,374005 2,689229 -0,008744 0,930393 3,395375
-0,024146 0,214121 3,445186 0,302837 1,474208 3,244698 -0,558532 0,190780 2,812567 -0,012140 0,944604 3,408340
-0,012357 0,212822 3,456418 0,300895 1,481804 3,249707 -0,616147 -0,054710 2,893421 -0,016411 0,933926 3,395039
-0,007781 0,211558 3,459243 0,305207 1,481226 3,252156 -0,423678 -0,142822 2,715719 -0,019449 0,924627 3,358001
0,007762 0,207907 3,406016 0,307954 1,496400 3,271541 -0,293396 -0,131629 2,735004 -0,020021 0,924471 3,357535
0,016089 0,213283 3,372465 0,319665 1,501474 3,284281 -0,197298 -0,113390 2,915051 -0,016082 0,938558 3,370405
0,009710 0,207315 3,434196 0,312540 1,509657 3,291320 -0,433460 -0,218899 3,227319 -0,015806 0,927767 3,370468
0,013083 0,209279 3,459022 0,305178 1,505119 3,281011 -0,542218 -0,228368 3,110840 -0,015815 0,920531 3,370377
0,011025 0,207101 3,437815 0,301046 1,509411 3,293412 -0,546617 -0,215003 3,087589 -0,012160 0,916407 3,382824
0,014044 0,213068 3,439687 0,312333 1,507133 3,281420 -0,299643 -0,102744 2,821785 -0,019799 0,919946 3,382552
0,015508 0,219376 3,373918 0,318729 1,509737 3,276664 -0,268200 -0,044345 2,941738 -0,023230 0,926774 3,395292
0,008591 0,214916 3,424381 0,314080 1,511538 3,256649 -0,388533 0,040306 2,665847 -0,023222 0,934060 3,395390
0,004881 0,213647 3,464480 0,305659 1,496537 3,261728 -0,590164 0,301925 2,782019 -0,019275 0,933653 3,408185
0,013260 0,209602 3,480875 0,297029 1,494471 3,252240 -0,631651 0,486603 2,648577 -0,019286 0,926343 3,408086
0,021673 0,214326 3,482592 0,299199 1,494759 3,264627 -0,665222 0,985465 2,766732 -0,015879 0,933155 3,420828
0,023006 0,210416 3,466005 0,310716 1,487612 3,257859 -0,676019 1,311293 2,941885 0,006939 0,910851 3,346032
0,017975 0,213526 3,463296 0,316643 1,488098 3,263814 -0,649051 1,408839 3,100021 0,006372 0,910833 3,345995
0,011552 0,207477 3,449559 0,323285 1,483036 3,269723 -0,557185 1,604194 3,581930 0,013817 0,916990 3,370737
