48 12
-0,041500 0,163341 3,419095 0,285345 1,526244 3,207950 -0,490480 1,570422 3,361684 -0,000962 0,859218 3,369936
-0,038349 0,166461 3,416121 0,280852 1,520455 3,200974 -0,514598 1,536864 3,216810 0,010247 0,859946 3,357748
-0,038211 0,169453 3,427970 0,279721 1,518861 3,181664 -0,532367 1,479618 3,073468 0,010247 0,859946 3,357748
-0,036980 0,173213 3,424036 0,269013 1,514628 3,192993 -0,539449 1,366585 2,900801 0,013932 0,847796 3,321073
-0,034786 0,176032 3,427493 0,267126 1,500547 3,164268 -0,531537 1,192317 2,736924 0,025241 0,851991 3,308883
-0,037348 0,170165 3,420649 0,261616 1,512765 3,175343 -0,507818 0,961844 2,589458 0,032167 0,850595 3,333205
-0,036255 0,169963 3,428870 0,261829 1,517941 3,196976 -0,492997 0,714227 2,558574 0,017381 0,854194 3,333268
-0,035979 0,165966 3,419769 0,269323 1,524987 3,206267 -0,495382 0,482998 2,636549 0,013032 0,867679 3,345158
-0,031645 0,175489 3,411085 0,265567 1,517383 3,181397 -0,506399 0,262553 2,714628 0,006851 0,874973 3,345613
-0,042329 0,171932 3,423238 0,256483 1,529809 3,189137 -0,536143 0,102767 2,860153 0,006519 0,886855 3,395290
-0,033209 0,166573 3,417174 0,255928 1,521894 3,188323 -0,573686 0,018987 3,003610 -0,004532 0,889872 3,407828
-0,032377 0,169304 3,423346 0,254022 1,538146 3,236713 -0,619559 -0,025960 3,139299 -0,007941 0,895404 3,446219
-0,030633 0,170610 3,424733 0,255204 1,527998 3,185946 -0,652950 -0,035387 3,216958 -0,008221 0,891699 3,446120
-0,030567 0,170582 3,416269 0,265729 1,536944 3,244778 -0,662760 -0,047212 3,249663 -0,011954 0,888627 3,433161
-0,030160 0,170792 3,417792 0,262671 1,533677 3,234280 -0,632927 -0,057821 3,216728 -0,007941 0,895404 3,446219
-0,030563 0,179005 3,431114 0,264375 1,546809 3,226603 -0,559308 -0,075454 3,159919 -0,011391 0,895988 3,433260
-0,035343 0,175204 3,433463 0,285695 1,523657 3,201643 -0,452143 -0,079499 3,082741 -0,015922 0,896510 3,420316
-0,035238 0,176601 3,426558 0,274607 1,566090 3,262511 -0,327611 -0,054304 2,991086 -0,012213 0,899601 3,433192
-0,028090 0,213465 3,379414 0,275710 1,547857 3,230447 -0,226867 0,001951 2,956309 -0,015922 0,896510 3,420316
-0,026449 0,233777 3,359460 0,276740 1,561628 3,256355 -0,188140 0,036801 2,942264 -0,012204 0,906950 3,433296
-0,023826 0,198079 3,362056 0,265550 1,548646 3,223895 -0,227042 0,015495 2,989214 -0,001615 0,903703 3,420080
-0,040528 0,171648 3,419329 0,262279 1,561328 3,243737 -0,330228 -0,036804 3,011290 -0,015891 0,890412 3,394947
-0,036964 0,165468 3,436901 0,254689 1,548144 3,245691 -0,471863 -0,085002 3,075222 -0,011943 0,895972 3,433266
-0,034774 0,167703 3,424581 0,244400 1,547385 3,232463 -0,619772 -0,097782 3,125581 -0,019068 0,886208 3,407569
-0,031138 0,171482 3,422296 0,245017 1,534282 3,214632 -0,739792 -0,074114 3,173731 -0,011674 0,892319 3,433254
-0,027626 0,161065 3,430008 0,250910 1,547676 3,223289 -0,810094 -0,043217 3,206565 -0,008249 0,878278 3,420304
-0,033302 0,168340 3,430292 0,254525 1,534211 3,205526 -0,807643 -0,035352 3,191326 -0,015964 0,895321 3,445928
-0,035271 0,171013 3,434898 0,267012 1,528196 3,223361 -0,742343 -0,053393 3,153630 -0,022526 0,892883 3,420205
-0,041751 0,166924 3,439548 0,254180 1,527853 3,210807 -0,637861 -0,080285 3,100607 -0,019337 0,889834 3,407587
-0,051668 0,174449 3,437904 0,271250 1,554964 3,251608 -0,508851 -0,088693 3,021023 -0,022796 0,896547 3,420314
-0,055155 0,169783 3,441332 0,252311 1,570258 3,268990 -0,373234 -0,066140 2,963441 -0,023356 0,889165 3,420071
-0,051528 0,218137 3,389555 0,260020 1,542388 3,220458 -0,256632 -0,022736 2,940568 -0,019327 0,897130 3,407687
-0,041490 0,248127 3,351500 0,248734 1,528889 3,193118 -0,187395 0,030943 2,911544 -0,030894 0,910008 3,445831
-0,033369 0,247811 3,315966 0,239653 1,540300 3,217534 -0,187182 0,047124 2,909004 -0,027762 0,920418 3,458543
-0,035774 0,236764 3,340136 0,232067 1,547826 3,218723 -0,246409 0,041762 2,912635 -0,019861 0,918924 3,407670
-0,039907 0,202045 3,370079 0,238379 1,533246 3,220901 -0,341568 0,045928 2,896421 -0,019924 0,917888 3,433124
-0,049279 0,178935 3,407266 0,224162 1,535515 3,205314 -0,432640 0,087725 2,838473 -0,012479 0,910557 3,433136
-0,052037 0,169860 3,435533 0,222672 1,539866 3,210445 -0,513499 0,158422 2,765270 -0,001464 0,887971 3,369946
-0,047392 0,174651 3,438448 0,235016 1,517962 3,171073 -0,567531 0,271008 2,690572 -0,007976 0,884478 3,370201
-0,045899 0,162827 3,446328 0,238996 1,532140 3,206539 -0,597785 0,428099 2,622303 -0,007990 0,877260 3,370111
-0,042136 0,163188 3,438618 0,254135 1,531966 3,216554 -0,620275 0,610119 2,604061 -0,004861 0,872935 3,382363
-0,044282 0,162018 3,428185 0,252826 1,537115 3,225468 -0,641543 0,786916 2,564153 0,003215 0,863536 3,357707
-0,044479 0,163580 3,423273 0,254940 1,551957 3,241461 -0,641672 0,999681 2,644194 -0,000671 0,870056 3,370120
-0,044658 0,163850 3,421763 0,261975 1,533589 3,233909 -0,628334 1,187453 2,754638 0,002675 0,863517 3,357680
-0,049549 0,165312 3,431370 0,268928 1,535271 3,227094 -0,610078 1,347802 2,907638 0,003495 0,867106 3,357643
-0,052424 0,162478 3,419302 0,264072 1,549208 3,258415 -0,593100 1,470238 3,064940 0,013825 0,857061 3,345470
-0,052906 0,164428 3,408331 0,271256 1,552549 3,249397 -0,559716 1,531025 3,239603 0,003215 0,863536 3,357707
-0,055064 0,163356 3,413936 0,260151 1,547035 3,267649 -0,524328 1,558629 3,381883 -0,000671 0,870056 3,370120
