33 12
-0,079719 0,151911 3,411259 0,254188 1,558963 3,299160 -0,478291 1,489060 3,240380 -0,067620 0,870621 3,418383
-0,084743 0,149978 3,409524 0,401936 1,354277 2,895781 -0,704359 1,567283 3,528524 -0,071786 0,884536 3,431109
-0,085152 0,149772 3,417946 0,492015 1,280464 2,784360 -0,826686 1,517332 3,546065 -0,071246 0,877259 3,431031
-0,084155 0,150911 3,415721 0,782517 1,221569 3,058182 -0,964460 1,134189 3,070711 -0,070863 0,871276 3,405520
-0,090650 0,154954 3,417391 0,897789 0,769149 2,715964 -1,279074 0,869043 3,375263 -0,070218 0,861756 3,380200
-0,089414 0,151669 3,415550 0,962360 0,616047 2,775753 -1,293844 0,644389 3,271556 -0,077983 0,867553 3,404967
-0,097330 0,143870 3,401019 1,063629 0,341324 3,003737 -1,317568 0,307353 3,371506 -0,070226 0,854526 3,380102
-0,096105 0,137713 3,383953 1,040656 0,178080 3,176430 -1,183882 0,107694 3,275333 -0,073708 0,844405 3,367369
-0,099345 0,137296 3,393236 1,018928 0,154394 3,158659 -1,176953 0,073138 3,337907 -0,070499 0,850915 3,380161
-0,094745 0,137411 3,393838 1,040493 0,226326 3,123112 -1,185896 0,124054 3,351765 -0,070226 0,854526 3,380102
-0,096355 0,145341 3,391783 1,035984 0,478211 2,991409 -1,266238 0,336819 3,368265 -0,066714 0,871978 3,393019
-0,092373 0,149867 3,391523 1,032208 0,615151 2,968344 -1,256752 0,444219 3,236951 -0,059345 0,872046 3,393363
-0,085521 0,156543 3,410943 1,045970 0,795849 2,991570 -1,268767 0,604674 3,266471 -0,066790 0,881572 3,418217
-0,081671 0,153672 3,416534 1,028284 0,632146 2,948077 -1,271833 0,481104 3,220644 -0,081895 0,877786 3,417572
-0,080723 0,155725 3,423677 1,037932 0,522872 3,007573 -1,247519 0,375585 3,189910 -0,077705 0,871167 3,404815
-0,082463 0,151875 3,401768 1,021287 0,288760 3,054494 -1,241965 0,170237 3,391159 -0,077990 0,860273 3,404862
-0,086192 0,147068 3,416488 1,020844 0,188989 3,068117 -1,168757 0,077071 3,372520 -0,070226 0,854526 3,380102
-0,083540 0,148788 3,414282 1,015331 0,186530 2,982581 -1,179646 0,077120 3,438969 -0,070226 0,854526 3,380102
-0,082256 0,150836 3,420903 1,066706 0,306828 3,039731 -1,202916 0,174485 3,361471 -0,062597 0,865417 3,380424
-0,084014 0,150882 3,421020 1,069135 0,517787 2,920830 -1,267723 0,368682 3,326135 -0,063195 0,874986 3,405821
-0,085368 0,158402 3,430275 1,086974 0,616816 2,998697 -1,270330 0,447229 3,272145 -0,074081 0,871903 3,392646
-0,081094 0,156144 3,426359 1,081147 0,631836 2,997689 -1,279272 0,488370 3,269609 -0,069930 0,872580 3,380156
-0,082306 0,155497 3,415054 1,070982 0,430154 3,054859 -1,263452 0,352662 3,265368 -0,077434 0,867476 3,404475
-0,077750 0,152847 3,403965 1,050406 0,313557 3,035537 -1,240055 0,268748 3,296533 -0,069672 0,861683 3,379736
-0,082614 0,146909 3,406620 1,024397 0,180964 3,087884 -1,240639 0,148056 3,478559 -0,070226 0,854526 3,380102
-0,092458 0,151966 3,408656 1,022280 0,200988 3,063667 -1,240591 0,154909 3,469636 -0,078257 0,863916 3,405033
-0,093623 0,151755 3,406070 1,042509 0,271414 3,071374 -1,265999 0,218433 3,516942 -0,077983 0,867553 3,404967
-0,094719 0,150656 3,399885 1,028854 0,536590 2,996591 -1,279129 0,440953 3,360727 -0,070210 0,868989 3,380297
-0,097596 0,155097 3,399829 0,980038 0,993614 3,169845 -1,172205 0,765662 3,144218 -0,059031 0,873371 3,368460
-0,098304 0,156473 3,409510 0,887431 1,239619 3,332170 -1,074335 0,909969 3,058348 -0,059917 0,888989 3,418965
-0,089792 0,159229 3,417001 0,494995 1,351615 2,943921 -0,962855 1,379799 3,479884 -0,071512 0,888247 3,431222
-0,077629 0,155761 3,421574 0,290963 1,634213 3,396692 -0,604968 1,347078 3,056459 -0,075571 0,877750 3,417934
-0,077820 0,155819 3,414463 0,204750 1,581038 3,290757 -0,515539 1,405820 3,107020 -0,075034 0,870546 3,418020
