19 12
-0,001970 0,204389 3,372460 0,386389 1,516486 3,198123 -0,418940 1,440676 3,053848 0,022067 0,903586 3,345761
-0,005347 0,210020 3,387881 0,380483 1,516832 3,198050 -0,409258 1,239896 2,900305 0,022625 0,903423 3,345191
-0,013117 0,211699 3,395247 0,369048 1,502729 3,174122 -0,418661 0,808910 2,808937 0,018532 0,913840 3,358144
-0,001068 0,199967 3,356975 0,366129 1,499612 3,173817 -0,357920 0,459379 2,824570 0,031260 0,902816 3,285697
-0,001291 0,207002 3,348005 0,361794 1,499677 3,179630 -0,331548 0,406356 2,973336 0,035286 0,909360 3,297700
0,001602 0,207027 3,364618 0,346502 1,496060 3,166386 -0,307222 0,417772 3,132007 0,043148 0,921545 3,346072
-0,003165 0,216642 3,402315 0,339361 1,522034 3,193385 -0,364430 0,521776 3,064070 0,036404 0,914366 3,346013
-0,005325 0,210327 3,392926 0,344445 1,508488 3,183553 -0,407591 0,585672 2,971802 0,025062 0,907784 3,333859
0,001395 0,207289 3,399103 0,366777 1,529040 3,213087 -0,445599 0,588164 2,804672 0,029090 0,907208 3,345963
0,002246 0,205380 3,373499 0,368526 1,501256 3,188537 -0,372156 0,429671 2,843615 0,035569 0,915428 3,321764
-0,000677 0,204619 3,365690 0,372040 1,506889 3,195485 -0,332451 0,407170 2,994473 0,035569 0,915428 3,321764
0,000331 0,197785 3,378810 0,381416 1,512414 3,214688 -0,304803 0,404149 3,165259 0,043424 0,917952 3,346051
-0,006614 0,214495 3,395404 0,372262 1,515579 3,203107 -0,384011 0,542673 3,082640 0,043966 0,910697 3,345769
-0,002073 0,211900 3,389178 0,373266 1,529752 3,226868 -0,425696 0,657288 2,954038 0,025824 0,906622 3,358076
0,008411 0,207681 3,409811 0,352753 1,508636 3,179498 -0,513650 0,988466 2,810429 0,029828 0,908590 3,395415
0,013018 0,211961 3,412349 0,355130 1,506896 3,182445 -0,558617 1,264288 2,822980 0,025800 0,899420 3,357991
0,016227 0,210788 3,410250 0,347665 1,505924 3,173980 -0,542896 1,394963 2,949243 0,044325 0,912222 3,395527
0,010518 0,214746 3,390505 0,350511 1,503141 3,180537 -0,470518 1,570511 3,326908 0,040524 0,919031 3,408327
0,001685 0,211917 3,400600 0,354383 1,497997 3,182433 -0,481873 1,565706 3,431024 0,032846 0,912825 3,383170
