14 12
0,003678 0,210803 3,403537 0,331055 1,518425 3,203922 -0,473631 1,486390 3,130637 0,039891 0,906648 3,358240
0,006040 0,210037 3,427814 0,335292 1,523598 3,228673 -0,495643 1,254438 2,926492 0,047140 0,904101 3,333601
0,001635 0,207836 3,443686 0,336008 1,523033 3,224057 -0,524107 0,963115 2,677045 0,046933 0,910216 3,358173
0,002245 0,220931 3,412283 0,332799 1,519561 3,225722 -0,591928 0,388049 2,435682 0,032826 0,915408 3,408332
-0,001686 0,204151 3,402303 0,324451 1,544649 3,241041 -0,526330 -0,054997 2,406959 0,025920 0,918045 3,433880
-0,001775 0,206740 3,370614 0,316904 1,535005 3,229016 -0,509139 -0,195881 2,486374 0,025920 0,918045 3,433880
-0,007721 0,200688 3,363306 0,315178 1,534937 3,232600 -0,448471 -0,367316 2,793856 0,021784 0,903919 3,420916
-0,007718 0,204650 3,389001 0,321058 1,530816 3,222928 -0,481678 -0,342681 2,854306 0,017317 0,903221 3,433202
-0,008620 0,200139 3,373918 0,321102 1,527400 3,229273 -0,509004 -0,270322 2,814684 0,010436 0,910693 3,433698
-0,003752 0,205557 3,401813 0,305513 1,538476 3,210235 -0,607461 0,039404 2,536078 0,010606 0,915450 3,408355
0,005265 0,215567 3,413558 0,299526 1,532821 3,214069 -0,667027 0,526777 2,352012 0,015110 0,924893 3,446733
0,009362 0,210307 3,416075 0,287485 1,533990 3,202494 -0,667191 0,761447 2,373863 0,024683 0,899473 3,358160
0,003784 0,204686 3,403850 0,282520 1,532881 3,211788 -0,593075 1,340125 2,949238 0,032291 0,893455 3,333676
-0,007391 0,204494 3,418047 0,291032 1,524360 3,189648 -0,494843 1,398322 3,049516 0,010746 0,905611 3,383074
