17 12
-0,019765 0,218766 3,397681 0,586623 1,269381 2,889486 -0,445254 1,462390 3,078040 0,054061 0,912269 3,309432
-0,019361 0,218060 3,396028 0,586932 1,213385 2,896571 -0,402591 1,385473 2,925174 0,071367 0,903131 3,273335
-0,014008 0,211320 3,419184 0,428709 0,988899 2,714129 -0,365910 1,237087 2,766097 0,067922 0,877915 3,284988
-0,015326 0,216859 3,410574 0,247698 0,811356 2,928453 -0,232270 0,941872 2,548155 0,051186 0,926770 3,395642
-0,012813 0,213152 3,414024 0,124708 0,713936 2,916153 -0,201405 0,829112 2,514738 0,043484 0,927778 3,370790
-0,012787 0,217159 3,433407 -0,085919 0,584593 2,768026 -0,131807 0,686475 2,612045 0,041484 0,953165 3,357663
-0,015553 0,216179 3,422753 -0,054873 0,622520 2,820204 -0,136533 0,684536 2,635642 0,042052 0,957273 3,345588
-0,013721 0,219314 3,421851 -0,042224 0,583053 2,698793 -0,165803 0,697039 2,602508 0,019866 0,927941 3,273810
-0,011957 0,221244 3,420016 -0,031253 0,572328 2,700191 -0,149702 0,731571 2,657557 0,036607 0,989424 3,371621
-0,012919 0,213771 3,414893 -0,072659 0,633525 2,730877 -0,126348 0,718378 2,617469 0,038839 0,949783 3,358189
-0,015049 0,224260 3,424589 -0,003666 0,692145 2,692460 -0,144473 0,707111 2,547379 0,039976 0,935487 3,358574
-0,012643 0,218663 3,420213 0,037488 0,757047 2,655930 -0,159614 0,817408 2,596712 0,047036 0,927253 3,383071
-0,010873 0,213569 3,416728 0,135093 0,851936 2,500662 -0,254985 1,041999 2,735199 0,079245 0,884222 3,296535
-0,012526 0,213454 3,411742 0,219661 0,961330 2,531313 -0,317558 1,172966 2,807804 0,090701 0,896597 3,332477
-0,015764 0,214217 3,389474 0,441825 1,233213 2,888154 -0,387991 1,339716 2,869102 0,078717 0,891364 3,296721
-0,013875 0,214086 3,375447 0,457246 1,363268 3,111934 -0,522291 1,494814 3,176623 0,060877 0,921907 3,333438
-0,017834 0,211685 3,371821 0,476609 1,459314 3,274978 -0,528088 1,505096 3,257774 0,054009 0,928171 3,358143
