25 12
-0,087160 0,180194 3,501360 0,239974 1,534931 3,269245 -0,483720 1,524877 3,368426 -0,051969 0,874392 3,418795
-0,086704 0,168997 3,502258 0,239161 1,539736 3,283658 -0,483677 1,526032 3,334059 -0,048418 0,867823 3,406354
-0,083739 0,174533 3,517540 0,229090 1,554692 3,304858 -0,497698 1,450982 3,103327 -0,044551 0,874446 3,419092
-0,087488 0,166096 3,518354 0,240934 1,545900 3,293540 -0,411419 1,266197 2,822037 -0,032840 0,856851 3,406003
-0,087497 0,168191 3,517534 0,238603 1,544500 3,291664 -0,390151 1,134266 2,694009 -0,025722 0,853318 3,406506
-0,088225 0,169766 3,498640 0,241360 1,526122 3,275369 -0,406099 0,849620 2,497891 -0,036138 0,875016 3,468763
-0,090450 0,179278 3,510580 0,232706 1,564336 3,329156 -0,353360 0,496631 2,383570 -0,042962 0,919297 3,484314
-0,085352 0,128144 3,486302 0,241633 1,536130 3,305786 -0,365329 0,347034 2,375064 -0,038545 0,916289 3,471710
-0,064324 0,268282 3,390362 0,236914 1,537578 3,286068 -0,362305 0,064323 2,489085 -0,039103 0,901277 3,471012
-0,078650 0,179845 3,445610 0,240676 1,536551 3,279085 -0,372270 -0,128737 2,552603 -0,038024 0,886661 3,471354
-0,080674 0,164457 3,443596 0,234709 1,561340 3,341750 -0,374279 -0,195075 2,623433 -0,038572 0,879183 3,471128
-0,088160 0,167452 3,447901 0,238353 1,537073 3,294122 -0,364320 -0,278248 2,720268 -0,038131 0,869489 3,445119
-0,088685 0,173085 3,465278 0,227394 1,544007 3,307516 -0,392529 -0,290771 2,774318 -0,041901 0,874846 3,484157
-0,091630 0,170843 3,474662 0,231839 1,535141 3,301154 -0,398393 -0,264922 2,738127 -0,041893 0,882284 3,484277
-0,093448 0,181231 3,485308 0,229806 1,548053 3,312804 -0,427007 -0,161146 2,638644 -0,045540 0,886613 3,471099
-0,063406 0,205638 3,394704 0,230277 1,559507 3,323815 -0,436957 0,020128 2,558099 -0,046348 0,897611 3,471003
-0,072778 0,146510 3,428894 0,223397 1,556987 3,316232 -0,445155 0,150019 2,495456 -0,042963 0,911844 3,484193
-0,081000 0,174904 3,483351 0,225705 1,548795 3,300757 -0,463934 0,444897 2,406072 -0,049950 0,919406 3,484522
-0,080528 0,176014 3,482702 0,217372 1,536602 3,295986 -0,501745 0,768202 2,438462 -0,010066 0,865397 3,380831
-0,082658 0,162626 3,480749 0,225878 1,536786 3,288638 -0,516313 0,919788 2,528836 -0,018552 0,871599 3,407178
-0,082871 0,178123 3,483353 0,226939 1,541525 3,292882 -0,500301 1,218828 2,780802 -0,033068 0,875127 3,406578
-0,089295 0,167827 3,466731 0,237439 1,532717 3,284398 -0,558072 1,391862 2,996438 -0,044335 0,868504 3,393750
-0,093336 0,165028 3,471163 0,228636 1,544604 3,315567 -0,557934 1,457242 3,124127 -0,052522 0,867113 3,418958
-0,102090 0,172245 3,442275 0,245661 1,545743 3,301929 -0,532847 1,536555 3,385439 -0,070755 0,868974 3,380432
-0,108332 0,169619 3,449323 0,239960 1,521351 3,262677 -0,554515 1,506127 3,502434 -0,077976 0,874835 3,405070
