19 12
-0,010242 0,193660 3,407851 0,372358 1,483611 3,222400 -0,408184 1,521017 3,165008 0,040476 0,913781 3,358111
-0,008939 0,203018 3,402159 0,361744 1,494709 3,228066 -0,383741 1,437734 3,012004 0,033430 0,910134 3,357873
-0,007711 0,201574 3,400097 0,349231 1,475193 3,201579 -0,384378 1,130972 2,731405 0,041379 0,922535 3,407917
-0,006891 0,206176 3,398782 0,344863 1,481811 3,213522 -0,334495 0,654523 2,616571 0,004364 0,920422 3,272171
0,000745 0,196583 3,377895 0,338991 1,483289 3,190727 -0,340700 0,500594 2,743014 0,030891 0,952266 3,381872
0,002478 0,192492 3,356843 0,354585 1,496991 3,219475 -0,306894 0,362406 3,081401 0,039125 0,941697 3,382908
0,007067 0,198979 3,350900 0,354849 1,492733 3,231686 -0,320037 0,378299 3,180894 0,042975 0,944885 3,395419
0,006084 0,190882 3,374627 0,358814 1,499706 3,241602 -0,321888 0,385558 3,154517 0,046849 0,948093 3,408005
0,001676 0,202695 3,379268 0,355491 1,496798 3,231760 -0,387279 0,405615 2,915649 0,046487 0,941658 3,382785
0,011708 0,202246 3,372272 0,361104 1,488268 3,222399 -0,360223 0,380559 2,904213 0,042975 0,944885 3,395419
0,007053 0,198337 3,373483 0,365801 1,488871 3,221184 -0,336262 0,373346 3,014709 0,035299 0,938528 3,370474
0,002443 0,197579 3,376054 0,349743 1,501870 3,213106 -0,318357 0,369369 3,122478 0,047152 0,951825 3,408330
-0,003674 0,201093 3,388106 0,344073 1,494392 3,219545 -0,376428 0,469848 3,096287 0,035866 0,931406 3,370820
-0,006862 0,203344 3,401593 0,346224 1,502207 3,230402 -0,414042 0,556540 2,952185 0,040567 0,933647 3,408518
-0,007798 0,190711 3,403281 0,338918 1,491555 3,216858 -0,501785 0,838881 2,691699 0,036400 0,919560 3,395744
-0,002412 0,193077 3,400874 0,334928 1,487595 3,208652 -0,569834 1,172346 2,757987 0,040524 0,919030 3,408327
0,000170 0,193714 3,408019 0,341726 1,478855 3,199564 -0,555783 1,302031 2,846878 0,040817 0,922658 3,408306
-0,006070 0,192125 3,392222 0,346412 1,480457 3,220562 -0,487624 1,525262 3,217588 0,033138 0,916427 3,383140
-0,007475 0,192108 3,397599 0,346381 1,477588 3,213052 -0,458549 1,532311 3,288842 0,033138 0,916427 3,383140
