17 12
0,002403 0,211023 3,396055 0,749411 1,314044 3,068835 -0,770857 1,238129 3,073014 -0,014436 0,902437 3,369916
0,004949 0,208156 3,396861 0,904920 0,792574 2,553379 -1,113855 0,949543 3,315322 0,003485 0,889890 3,333457
-0,000795 0,212379 3,410545 1,003887 0,623704 2,667794 -1,082120 0,657081 3,026464 0,014995 0,885587 3,345264
-0,007082 0,204206 3,384345 1,109588 0,318198 3,002303 -1,116031 0,262483 3,034261 0,010543 0,870726 3,357858
-0,004629 0,199230 3,383816 1,080561 0,175294 3,216676 -0,996689 0,057079 2,959586 0,010263 0,867133 3,357833
-0,003421 0,199647 3,356499 1,022177 0,182045 3,075481 -0,996094 0,046494 3,132687 0,002603 0,864886 3,333251
-0,008654 0,204375 3,361134 1,089466 0,395670 3,100657 -1,022079 0,185782 3,129292 0,007243 0,884467 3,370241
0,000993 0,208998 3,383308 1,072792 0,656198 3,083489 -1,044134 0,482210 3,051989 0,003638 0,894709 3,382764
-0,000687 0,205083 3,379259 1,063354 0,659244 3,026905 -1,081494 0,567774 3,117404 0,007550 0,895251 3,370189
0,004271 0,201526 3,408506 1,091566 0,463056 3,061739 -1,096819 0,443683 3,085541 0,018514 0,893515 3,407981
-0,000425 0,201521 3,386326 1,083367 0,174244 3,145646 -1,057473 0,146743 3,014786 0,022072 0,875938 3,395162
0,006722 0,210121 3,404648 1,072221 0,076137 3,238155 -1,024505 0,036682 3,003017 0,018313 0,880216 3,382694
0,002572 0,209905 3,400761 0,985084 0,060189 3,097698 -1,011153 -0,030804 3,271703 0,021870 0,870024 3,370147
0,000200 0,207561 3,394259 1,029887 0,337923 3,237238 -1,131677 0,229965 3,291826 0,017516 0,891088 3,382862
0,000707 0,209749 3,387964 1,052175 0,555251 2,940332 -1,089290 0,427312 3,069532 -0,003662 0,908107 3,407966
0,001755 0,205476 3,387193 0,925203 1,026879 2,939773 -1,032376 0,938995 3,151113 -0,003742 0,895874 3,357891
0,001796 0,212645 3,387602 0,740799 1,535553 3,527624 -0,737185 1,124351 2,808856 -0,011060 0,901933 3,382630
