24 12
-0,111989 0,162441 3,475636 0,225914 1,528601 3,268467 -0,520224 1,513418 3,247981 -0,067983 0,876619 3,444069
-0,108651 0,166422 3,475588 0,226154 1,530436 3,286328 -0,468588 1,436690 3,058422 -0,063741 0,874972 3,405943
-0,110935 0,165354 3,473452 0,230081 1,530819 3,300137 -0,431213 1,344555 2,905810 -0,056691 0,885888 3,483660
-0,109387 0,160812 3,485228 0,242535 1,526202 3,295957 -0,411228 1,179229 2,700258 -0,048925 0,865054 3,457512
-0,113372 0,159258 3,482652 0,230359 1,534740 3,310574 -0,296487 0,901256 2,459442 -0,080392 0,893126 3,562986
-0,111484 0,168043 3,490848 0,231732 1,532969 3,315481 -0,282629 0,754337 2,402264 -0,085402 0,909686 3,522040
-0,113113 0,164800 3,495272 0,231801 1,535642 3,321016 -0,275073 0,481437 2,372789 -0,081292 0,920708 3,536471
-0,116445 0,121799 3,484564 0,236647 1,540824 3,312168 -0,239961 0,231228 2,353866 -0,061928 0,919559 3,470223
-0,129617 0,094853 3,515809 0,235625 1,529423 3,309911 -0,228898 0,138039 2,399708 -0,070090 0,922036 3,495859
-0,081528 0,205225 3,396869 0,232732 1,544779 3,321011 -0,211289 0,005371 2,491423 -0,062468 0,911826 3,469160
-0,074415 0,225247 3,347117 0,237902 1,550575 3,325817 -0,227417 -0,047644 2,523442 -0,070084 0,914559 3,495733
-0,071503 0,225449 3,360300 0,237213 1,542243 3,298154 -0,221316 -0,048465 2,524994 -0,061925 0,912132 3,470103
-0,076097 0,220850 3,354643 0,238759 1,544426 3,314614 -0,239724 -0,021547 2,496261 -0,061925 0,912132 3,470103
-0,114161 0,106632 3,492698 0,237356 1,528869 3,292136 -0,245854 0,075753 2,477959 -0,078083 0,928450 3,522320
-0,112120 0,114414 3,480123 0,235789 1,531795 3,290046 -0,255406 0,141067 2,456274 -0,070631 0,921675 3,494733
-0,107317 0,149776 3,492037 0,231611 1,533042 3,285770 -0,282686 0,318326 2,394876 -0,059713 0,940464 3,480763
-0,097924 0,168736 3,490821 0,234135 1,535376 3,289474 -0,315109 0,548919 2,392284 -0,061978 0,914889 3,496810
-0,093714 0,165101 3,493744 0,236974 1,536856 3,296248 -0,333115 0,664509 2,412975 -0,064570 0,899526 3,510038
-0,094609 0,156052 3,509499 0,241417 1,532298 3,295351 -0,352786 0,904344 2,496187 -0,071752 0,886769 3,535359
-0,091014 0,162466 3,490048 0,242381 1,525536 3,273007 -0,442052 1,113633 2,656464 -0,061558 0,905344 3,550874
-0,091259 0,164824 3,475452 0,246768 1,548164 3,304056 -0,462683 1,212008 2,746053 -0,041758 0,873816 3,432218
-0,092375 0,163946 3,465544 0,237493 1,533891 3,276836 -0,469334 1,369029 2,946810 -0,041751 0,881154 3,432326
-0,094624 0,165337 3,470198 0,238052 1,537368 3,290278 -0,534847 1,467560 3,131518 -0,049715 0,883459 3,457803
-0,095018 0,167583 3,468450 0,238121 1,547638 3,282584 -0,529225 1,503097 3,218333 -0,060788 0,880326 3,444388
