21 12
0,011667 0,209285 3,433436 0,316686 1,528272 3,224940 -0,359691 1,486080 3,109267 0,021776 0,900044 3,345884
0,003981 0,199542 3,421553 0,326931 1,527119 3,232643 -0,338995 1,393285 2,927808 0,022712 0,904895 3,395108
0,009161 0,206342 3,440177 0,323132 1,525651 3,220287 -0,319908 1,228591 2,726308 0,034167 0,894344 3,381738
0,007956 0,198012 3,448494 0,323909 1,537660 3,240814 -0,299080 0,990940 2,538250 0,031377 0,895905 3,418425
0,007991 0,206932 3,432999 0,317388 1,521405 3,223140 -0,268499 0,735473 2,403638 0,033101 0,921703 3,433893
-0,004956 0,207634 3,438705 0,315357 1,527755 3,228566 -0,236925 0,493613 2,354108 0,031985 0,936180 3,433204
-0,010356 0,151070 3,444843 0,310645 1,521391 3,220972 -0,209095 0,283824 2,343696 0,032275 0,922645 3,408160
0,049349 0,271211 3,232276 0,301281 1,523777 3,209061 -0,203624 0,105250 2,377219 0,032826 0,925358 3,433850
0,042275 0,251612 3,262869 0,300837 1,531150 3,213809 -0,191209 -0,021887 2,445675 0,028958 0,914869 3,420954
0,040506 0,232112 3,270195 0,296583 1,523072 3,214545 -0,187673 -0,097511 2,482718 0,039666 0,915310 3,407981
0,041474 0,223371 3,255116 0,296401 1,526786 3,222852 -0,184103 -0,133029 2,519461 0,039084 0,907845 3,407268
0,045434 0,228517 3,255079 0,302178 1,523655 3,218293 -0,182884 -0,120157 2,513227 0,039084 0,907845 3,407268
0,043305 0,251377 3,269834 0,312806 1,530972 3,223024 -0,179889 -0,040866 2,480401 0,031953 0,914113 3,432905
0,004819 0,155301 3,449025 0,319043 1,517110 3,225929 -0,200519 0,102041 2,444419 0,036126 0,925792 3,420857
0,017507 0,204752 3,443145 0,329722 1,519208 3,230037 -0,234556 0,310900 2,413580 0,015628 0,961128 3,430719
0,021980 0,209863 3,428835 0,329668 1,523838 3,228872 -0,274665 0,551355 2,439698 0,034223 0,921549 3,433405
0,020633 0,207916 3,446856 0,342005 1,537328 3,238829 -0,311812 0,771474 2,465304 0,038594 0,909738 3,445328
0,028919 0,206051 3,435262 0,337391 1,536193 3,231747 -0,353340 1,010879 2,578888 0,066549 0,885180 3,344322
0,029312 0,210648 3,436187 0,340983 1,526905 3,233328 -0,390142 1,199190 2,726032 0,058340 0,895161 3,370196
0,031599 0,198876 3,443120 0,341904 1,519403 3,232340 -0,413174 1,338565 2,866418 0,056008 0,905232 3,382123
0,026381 0,200402 3,429938 0,337996 1,519994 3,223425 -0,417789 1,440759 3,033364 0,052234 0,904788 3,394980
