46 12
-0,055213 0,162494 3,446404 0,302209 1,523472 3,247145 -0,437027 1,593450 3,383726 -0,014511 0,873558 3,369550
-0,052421 0,162577 3,454189 0,304794 1,514210 3,225175 -0,443052 1,592085 3,336407 -0,004303 0,880239 3,382632
-0,051069 0,164552 3,459959 0,301534 1,519016 3,240452 -0,458543 1,565454 3,236529 -0,003715 0,886216 3,407669
-0,050791 0,170234 3,470002 0,311321 1,515756 3,249821 -0,449843 1,521290 3,104955 -0,003432 0,889813 3,407514
-0,049105 0,162035 3,467433 0,299472 1,523763 3,255393 -0,446112 1,427415 2,961565 -0,003452 0,882522 3,407415
-0,048626 0,172283 3,472068 0,296566 1,516259 3,233784 -0,440041 1,314989 2,847431 -0,002906 0,882355 3,406752
-0,051636 0,166749 3,477906 0,299062 1,520347 3,242195 -0,415596 1,137674 2,706881 -0,007181 0,872252 3,394618
-0,046562 0,162119 3,466997 0,300946 1,511229 3,243024 -0,403036 0,954717 2,651966 -0,007182 0,870909 3,419866
-0,050870 0,166114 3,476218 0,297751 1,518599 3,251272 -0,403594 0,729339 2,649673 -0,011406 0,888644 3,433155
-0,051074 0,173656 3,461730 0,297109 1,509213 3,228872 -0,396348 0,540768 2,708709 0,006047 0,885668 3,345565
-0,046896 0,171041 3,456499 0,295156 1,538235 3,274762 -0,391821 0,387745 2,830660 0,002264 0,905481 3,382624
-0,044345 0,163166 3,431736 0,300960 1,526250 3,257987 -0,388384 0,304414 2,974655 0,002255 0,898231 3,382532
-0,043162 0,172783 3,459179 0,301087 1,524821 3,248733 -0,381618 0,280448 3,099914 -0,000823 0,908671 3,395514
-0,036820 0,172072 3,442420 0,304844 1,527995 3,269888 -0,369274 0,287706 3,204265 0,017545 0,905586 3,383043
-0,034290 0,168612 3,459515 0,300517 1,533609 3,273654 -0,356858 0,316361 3,273923 0,017545 0,905586 3,383043
-0,031122 0,173336 3,453573 0,294101 1,527598 3,246708 -0,354454 0,331964 3,303498 0,013957 0,915951 3,395696
-0,034027 0,174839 3,456373 0,291188 1,543217 3,257931 -0,370760 0,322206 3,266757 0,010317 0,911777 3,408241
-0,031639 0,177336 3,472111 0,297828 1,533280 3,245947 -0,394739 0,303383 3,203902 0,017545 0,905586 3,383043
-0,028878 0,172544 3,463570 0,288693 1,542662 3,257934 -0,414870 0,283823 3,134041 0,006669 0,914902 3,420959
-0,027196 0,171836 3,464677 0,288112 1,524126 3,221674 -0,441601 0,267505 3,055563 0,009756 0,888649 3,357885
-0,028345 0,177694 3,468660 0,281089 1,532405 3,230351 -0,463295 0,261518 2,999056 -0,000674 0,892901 3,345776
-0,025167 0,174639 3,460323 0,277115 1,525468 3,198136 -0,473991 0,257480 2,950555 0,003099 0,901987 3,382994
-0,026119 0,173538 3,464062 0,269586 1,542172 3,241215 -0,467404 0,249261 2,953952 0,002812 0,898341 3,382891
-0,022581 0,172720 3,463083 0,287635 1,527863 3,223230 -0,447056 0,243881 2,986132 0,009483 0,892182 3,357703
-0,025149 0,164140 3,454242 0,274865 1,542276 3,239709 -0,415831 0,254413 3,066082 0,010041 0,892292 3,358071
-0,029765 0,173115 3,459321 0,277818 1,533189 3,239124 -0,384568 0,268332 3,157500 0,010458 0,901988 3,383046
-0,025461 0,160490 3,446395 0,277021 1,536309 3,255113 -0,360355 0,292213 3,243617 0,006669 0,914902 3,420959
-0,026385 0,168567 3,440423 0,280334 1,521251 3,221449 -0,347627 0,313669 3,305872 0,010317 0,911777 3,408241
-0,029318 0,170042 3,439902 0,280340 1,533672 3,238147 -0,363464 0,315097 3,303916 0,006669 0,914902 3,420959
-0,032778 0,169073 3,459271 0,283191 1,532315 3,230534 -0,385911 0,300309 3,245300 0,006669 0,914902 3,420959
-0,036264 0,164397 3,454455 0,285569 1,536090 3,252744 -0,411669 0,293142 3,185660 0,006096 0,907460 3,420480
-0,035675 0,175613 3,465743 0,277753 1,537749 3,252870 -0,444182 0,300037 3,085049 0,003013 0,895911 3,358124
-0,036573 0,171286 3,464851 0,285551 1,533841 3,264693 -0,481782 0,332972 2,986893 -0,001120 0,897713 3,395235
-0,033994 0,166248 3,463273 0,279741 1,533041 3,250787 -0,518356 0,407644 2,858705 -0,001120 0,897713 3,395235
-0,032338 0,159448 3,477240 0,281667 1,531658 3,262887 -0,556677 0,529595 2,760703 -0,000028 0,890477 3,395181
-0,030581 0,162125 3,471170 0,285914 1,520204 3,227478 -0,581144 0,657405 2,692844 0,003318 0,876624 3,382644
-0,026108 0,163260 3,473150 0,275379 1,530240 3,253744 -0,584990 0,829125 2,669901 -0,011391 0,895988 3,433260
-0,023498 0,165172 3,472979 0,286027 1,511533 3,221327 -0,589392 0,977238 2,664229 -0,004054 0,869377 3,382458
-0,027800 0,164680 3,485165 0,286355 1,514906 3,242113 -0,585992 1,108507 2,702405 -0,003941 0,896004 3,433384
-0,024748 0,163507 3,479101 0,291775 1,527049 3,257041 -0,593346 1,260552 2,801030 -0,004238 0,884992 3,433265
-0,028449 0,169271 3,490194 0,291731 1,509854 3,243978 -0,609147 1,386786 2,913280 -0,004278 0,878954 3,407728
-0,024733 0,165164 3,473893 0,290903 1,532925 3,278953 -0,603379 1,465253 3,034351 -0,007425 0,883196 3,394969
-0,031426 0,168424 3,488939 0,300322 1,524512 3,272251 -0,570440 1,515463 3,154092 -0,011118 0,886200 3,407538
-0,034043 0,166835 3,476389 0,304308 1,517947 3,256459 -0,546524 1,550436 3,262083 -0,003715 0,886216 3,407669
-0,037042 0,169381 3,472914 0,301661 1,517962 3,265587 -0,521577 1,573984 3,320303 -0,018519 0,886178 3,407378
-0,042079 0,164508 3,464137 0,296877 1,525293 3,288970 -0,508240 1,584642 3,395561 -0,015352 0,883206 3,395005
