25 12
0,016261 0,209630 3,366237 0,313664 1,418907 3,095659 -0,408046 1,521812 3,344577 0,061558 0,910124 3,357900
0,021371 0,206379 3,370719 0,447488 1,432104 3,179059 -0,517686 1,394071 3,138006 0,065568 0,914200 3,345591
0,017961 0,202393 3,389040 0,648518 1,057598 2,618052 -0,881393 1,350970 3,502329 0,054810 0,910150 3,358033
0,013075 0,198103 3,387061 0,768429 0,917036 2,574186 -1,005688 1,146169 3,350369 0,041061 0,911653 3,408010
0,007570 0,185997 3,376154 1,112230 0,677961 3,045324 -1,089826 0,602406 2,907964 0,026001 0,898268 3,382765
0,005317 0,190569 3,370427 1,099605 0,310194 3,139913 -1,027790 0,238659 2,831162 0,025672 0,904474 3,408223
0,005418 0,185899 3,351037 1,141399 0,191140 3,349517 -1,011818 0,115354 2,911354 0,018177 0,888681 3,358015
0,010821 0,186479 3,351291 1,013309 0,093071 3,258663 -0,980709 -0,038166 3,224675 0,014464 0,892877 3,345775
0,009799 0,176861 3,331047 1,021712 0,193148 3,154338 -0,996658 0,078606 3,300828 0,024784 0,880435 3,309417
0,006840 0,194008 3,351912 1,044859 0,314099 3,094229 -1,028563 0,177202 3,281934 0,032558 0,889856 3,333564
0,011791 0,188480 3,345353 1,147784 0,652707 3,231237 -1,071597 0,468613 3,083441 0,043626 0,892799 3,345707
0,009603 0,190814 3,358680 1,114834 0,846031 3,206602 -1,085534 0,673618 3,028848 0,047543 0,905509 3,382938
0,005939 0,192206 3,371820 1,094619 0,792996 3,083925 -1,099097 0,693684 3,096022 0,044251 0,902397 3,370301
0,012614 0,190719 3,382218 1,146384 0,553339 3,196009 -1,124085 0,491663 3,075947 0,033359 0,898249 3,382755
0,009180 0,187406 3,373887 1,110034 0,226352 3,308085 -1,026995 0,170735 2,895979 0,021933 0,891678 3,370413
0,010537 0,182553 3,366854 1,066859 0,129245 3,380642 -0,976312 0,057239 2,945633 0,018620 0,891034 3,382654
0,017510 0,179959 3,359116 0,964532 -0,012778 3,311266 -0,941198 -0,039646 3,271671 0,029269 0,891662 3,370409
0,013281 0,186742 3,375513 0,971687 0,096692 3,080321 -1,034028 0,102305 3,391413 0,035761 0,883338 3,321433
0,019010 0,189276 3,365969 1,009517 0,238667 3,039684 -1,072660 0,228489 3,295599 0,039580 0,895846 3,358099
0,017440 0,191184 3,362438 1,137763 0,617553 3,186209 -1,127033 0,608287 3,104703 0,054494 0,899370 3,357960
0,018143 0,206760 3,366791 1,059084 1,168753 3,508175 -0,892492 0,914997 2,742389 0,065568 0,914200 3,345591
0,018773 0,206140 3,347874 0,956716 1,437221 3,717542 -0,775477 1,063391 2,761536 0,068481 0,905057 3,309072
0,022711 0,212324 3,351196 0,512913 1,469842 3,212468 -0,600636 1,459939 3,290168 0,065594 0,921383 3,345670
0,026171 0,207493 3,347485 0,383537 1,539520 3,353809 -0,390847 1,420103 3,096963 0,069755 0,920807 3,357744
0,023243 0,208023 3,367671 0,353043 1,461304 3,181581 -0,366246 1,508409 3,247419 0,069164 0,913670 3,357808
