20 12
-0,120142 0,151699 3,461169 0,217571 1,509706 3,273233 -0,481821 1,513164 3,193372 -0,075446 0,869185 3,443589
-0,114911 0,150218 3,461526 0,224035 1,485615 3,257375 -0,322879 1,321402 2,795689 -0,074505 0,855951 3,417660
-0,118689 0,140557 3,468853 0,225890 1,495347 3,277941 -0,240010 1,217470 2,654196 -0,090319 0,858716 3,494054
-0,111693 0,149584 3,469901 0,216789 1,552513 3,353434 -0,158097 1,016180 2,568818 -0,096620 0,894192 3,617259
-0,119170 0,154645 3,490510 0,235426 1,496789 3,323575 0,008408 0,592254 2,277648 -0,079657 0,921378 3,603899
-0,114094 0,153776 3,493727 0,244197 1,503942 3,325618 0,038494 0,424891 2,286449 -0,073029 0,956496 3,458295
-0,109144 0,149310 3,533967 0,254321 1,500226 3,345366 0,069353 0,098448 2,405018 -0,089894 0,918718 3,423734
-0,173192 0,133816 3,688742 0,247648 1,505345 3,353163 0,043445 -0,129025 2,531178 -0,083987 0,898245 3,442946
-0,180680 0,120413 3,703777 0,250471 1,513298 3,366905 0,037685 -0,207157 2,611847 -0,092236 0,893992 3,441084
-0,164221 0,136595 3,685247 0,262630 1,521835 3,393292 0,038690 -0,304798 2,670646 -0,095418 0,880055 3,428399
-0,118464 0,177948 3,517046 0,263004 1,521632 3,385397 0,027946 -0,323954 2,692422 -0,094881 0,866776 3,402817
-0,140398 0,150940 3,608936 0,259714 1,519809 3,374922 0,041738 -0,303160 2,664549 -0,098857 0,876997 3,415415
-0,174045 0,119380 3,707031 0,259775 1,528449 3,382066 0,036576 -0,190677 2,587280 -0,095429 0,887390 3,428513
-0,108792 0,136516 3,523854 0,265259 1,515458 3,357885 0,075239 0,035573 2,418468 -0,092010 0,898642 3,414971
-0,084375 0,166909 3,528260 0,267314 1,523216 3,369830 0,069433 0,192349 2,387635 -0,093890 0,922119 3,408598
-0,087892 0,162680 3,514078 0,251664 1,503677 3,321310 0,032919 0,549846 2,361776 -0,078860 0,925672 3,605344
-0,083007 0,145028 3,499176 0,235545 1,500448 3,398948 -0,111715 0,955297 2,603416 -0,066566 0,895966 3,676692
-0,080457 0,146762 3,488733 0,249693 1,499857 3,325330 -0,182627 1,119647 2,704416 -0,065895 0,901041 3,647657
-0,079668 0,138429 3,487141 0,259275 1,493765 3,322603 -0,270411 1,318674 2,811489 -0,068586 0,865079 3,522637
-0,081543 0,141401 3,473922 0,259024 1,502383 3,321755 -0,485782 1,524568 3,261523 -0,048952 0,855456 3,431688
