46 12
-0,072120 0,170315 3,417319 0,279960 1,520004 3,228409 -0,463531 1,572549 3,246110 -0,029544 0,890385 3,394543
-0,064833 0,158903 3,420829 0,275091 1,520836 3,248234 -0,464351 1,498981 3,091195 -0,018467 0,880173 3,382190
-0,071391 0,165112 3,418922 0,277910 1,519447 3,236338 -0,484367 1,418988 2,989769 -0,022107 0,877187 3,369633
-0,069865 0,167490 3,416695 0,273234 1,519105 3,232608 -0,496878 1,326084 2,851865 -0,014775 0,877213 3,369806
-0,071599 0,164179 3,411890 0,270521 1,500671 3,213714 -0,499471 1,152026 2,691524 -0,021933 0,872206 3,394280
-0,074527 0,162875 3,416784 0,269149 1,512978 3,215797 -0,505721 0,970346 2,627468 -0,021933 0,872206 3,394280
-0,077126 0,164959 3,427604 0,269950 1,523135 3,247807 -0,484526 0,752556 2,560921 -0,022477 0,872280 3,394644
-0,080803 0,166373 3,417591 0,273915 1,500800 3,204304 -0,472931 0,545166 2,565533 -0,011916 0,891070 3,382620
-0,074992 0,162597 3,398727 0,275632 1,517823 3,240882 -0,450664 0,378503 2,672000 -0,009065 0,898705 3,369720
-0,065152 0,161793 3,378740 0,269179 1,520113 3,234408 -0,428695 0,271379 2,798933 -0,019583 0,915339 3,407820
-0,065965 0,163172 3,379243 0,278003 1,516337 3,230902 -0,408869 0,225497 2,919406 -0,008775 0,901272 3,394991
-0,065993 0,170405 3,394983 0,272496 1,527802 3,255636 -0,392282 0,206632 3,044530 -0,019981 0,924244 3,459034
-0,062800 0,162783 3,406194 0,262539 1,536881 3,267317 -0,382028 0,230580 3,158550 -0,008462 0,917464 3,446364
-0,060342 0,174890 3,424674 0,278533 1,527684 3,254583 -0,374651 0,259585 3,249398 -0,015301 0,912299 3,395391
-0,060735 0,175166 3,438715 0,267651 1,542155 3,278472 -0,370719 0,276535 3,293863 -0,012169 0,909152 3,382731
-0,055237 0,173972 3,423621 0,272484 1,534741 3,268601 -0,380918 0,268014 3,275212 -0,026813 0,917970 3,433282
-0,053681 0,175399 3,427441 0,277611 1,532862 3,275535 -0,402933 0,239171 3,239473 -0,034695 0,927949 3,458955
-0,052284 0,174639 3,435056 0,277330 1,529329 3,267161 -0,419543 0,202201 3,168625 -0,027025 0,930773 3,485476
-0,053455 0,169509 3,438879 0,268405 1,527810 3,246211 -0,437988 0,179700 3,085881 -0,027098 0,914250 3,433120
-0,054734 0,173872 3,436182 0,266442 1,520606 3,245584 -0,457744 0,159355 3,005335 -0,016291 0,926471 3,498523
-0,049363 0,167546 3,442872 0,259004 1,539018 3,274272 -0,469351 0,155494 2,949069 -0,023862 0,926445 3,498390
-0,047067 0,169144 3,446889 0,263535 1,519089 3,240894 -0,462243 0,159758 2,951555 -0,027870 0,926834 3,484805
-0,049037 0,163696 3,441902 0,258949 1,546875 3,301995 -0,441567 0,165329 2,997250 -0,031856 0,919763 3,471115
-0,048231 0,170206 3,444709 0,278421 1,527893 3,257624 -0,415878 0,176647 3,075933 -0,023696 0,913662 3,445855
-0,047124 0,173184 3,443249 0,267011 1,526082 3,268765 -0,391218 0,205859 3,159208 -0,034416 0,924289 3,459002
-0,048798 0,167334 3,441096 0,269609 1,527407 3,270954 -0,374177 0,238287 3,246861 -0,027091 0,921604 3,433226
-0,048601 0,176030 3,438127 0,270833 1,543353 3,295852 -0,375363 0,263503 3,307684 -0,030445 0,931256 3,472273
-0,051832 0,176102 3,451350 0,276535 1,533120 3,284256 -0,385635 0,256947 3,292054 -0,030445 0,931256 3,472273
-0,051398 0,175768 3,450943 0,269912 1,532079 3,287098 -0,413018 0,241471 3,260192 -0,015905 0,911159 3,420520
-0,049172 0,166986 3,447897 0,286347 1,535240 3,270058 -0,433620 0,224142 3,162465 -0,004791 0,900773 3,407842
-0,050881 0,166416 3,450947 0,285743 1,527961 3,254233 -0,459487 0,220049 3,075448 -0,004791 0,900773 3,407842
-0,045875 0,170850 3,461210 0,286761 1,529626 3,258073 -0,484246 0,248624 2,962658 -0,008229 0,894109 3,395233
-0,044599 0,173770 3,464500 0,276706 1,517713 3,240164 -0,504389 0,303683 2,840971 -0,008501 0,897702 3,395154
-0,041397 0,172674 3,468038 0,286892 1,521527 3,254218 -0,534021 0,410122 2,754558 -0,004791 0,900773 3,407842
-0,037362 0,161683 3,472929 0,284471 1,516380 3,244541 -0,551071 0,535906 2,678637 -0,004532 0,889872 3,407828
-0,036335 0,164936 3,469578 0,283071 1,518256 3,251110 -0,571807 0,707186 2,636073 0,002773 0,876606 3,382616
-0,031241 0,165826 3,464104 0,283856 1,531564 3,256813 -0,586353 0,866396 2,624873 -0,007408 0,889243 3,420332
-0,025329 0,158514 3,454612 0,291560 1,533531 3,262072 -0,596260 1,008598 2,656804 -0,000545 0,881967 3,420499
-0,027091 0,162325 3,462919 0,280191 1,526113 3,235326 -0,598962 1,139543 2,698616 0,003405 0,882605 3,407835
-0,026649 0,164878 3,460695 0,282212 1,519303 3,241164 -0,592558 1,250324 2,781781 0,006771 0,875976 3,395208
-0,028724 0,160681 3,467445 0,284496 1,530523 3,254924 -0,576254 1,345772 2,865767 0,000018 0,889255 3,420449
-0,030078 0,160749 3,458430 0,294441 1,536376 3,269969 -0,555829 1,428327 2,978119 -0,003715 0,886216 3,407669
-0,034317 0,163082 3,456586 0,289383 1,536736 3,270457 -0,537398 1,494866 3,095652 0,003038 0,873007 3,382625
-0,035031 0,162497 3,467602 0,282944 1,520698 3,250764 -0,522849 1,542342 3,208414 0,002773 0,876606 3,382616
-0,035155 0,163373 3,456681 0,292338 1,523680 3,256232 -0,507151 1,564345 3,283639 -0,007957 0,889273 3,420500
-0,041270 0,163670 3,468705 0,290996 1,517015 3,240735 -0,493910 1,577052 3,349526 -0,007987 0,875959 3,395037
