25 12
-0,050828 -0,142518 3,384134 0,267483 1,279822 3,283187 -0,488090 1,188873 3,103514 -0,022881 0,598869 3,415941
-0,053202 -0,137204 3,393621 0,264743 1,279194 3,288014 -0,724134 1,086555 3,306415 -0,023082 0,595275 3,416030
-0,055114 -0,136420 3,396964 0,267002 1,282452 3,287210 -0,807173 0,882374 3,143826 -0,023082 0,595275 3,416030
-0,059749 -0,144049 3,393410 0,270599 1,285124 3,297448 -0,864845 0,446825 2,903428 -0,023095 0,588078 3,415929
-0,065461 -0,144686 3,387942 0,272021 1,286376 3,294195 -0,683497 0,129371 2,698165 -0,015736 0,592105 3,441591
-0,068472 -0,134319 3,400410 0,274469 1,280621 3,290473 -0,582336 0,051097 2,691822 -0,011804 0,600926 3,428921
-0,068109 -0,133490 3,384147 0,270926 1,275557 3,279077 -0,417221 0,023416 3,078483 -0,023458 0,602441 3,416151
-0,056758 -0,130543 3,370542 0,267259 1,282418 3,277412 -0,367070 0,052055 3,121623 -0,026998 0,608118 3,428829
-0,058133 -0,132750 3,382142 0,268961 1,278226 3,275175 -0,456944 0,016949 3,264788 -0,026914 0,596833 3,403421
-0,039384 -0,142068 3,397729 0,269266 1,285539 3,301052 -0,665379 -0,067229 2,876689 -0,016118 0,592071 3,441597
-0,034608 -0,149297 3,400584 0,273586 1,281385 3,288176 -0,801452 -0,099170 2,920765 -0,005036 0,586093 3,403731
-0,040436 -0,143517 3,413213 0,269146 1,287771 3,298374 -0,704390 -0,094125 2,789493 -0,016118 0,592071 3,441597
-0,053701 -0,131573 3,391870 0,269147 1,280606 3,298445 -0,526279 -0,094783 3,111177 -0,015521 0,602970 3,441615
-0,058796 -0,162364 3,388246 0,260976 1,284395 3,288195 -0,294603 0,026468 2,869855 -0,013158 0,622955 3,453923
-0,054864 -0,153582 3,371359 0,263973 1,294950 3,292798 -0,271802 0,049866 3,043348 -0,023440 0,616850 3,416354
-0,039835 -0,136532 3,368203 0,266394 1,282187 3,289150 -0,366335 -0,040725 2,997717 -0,020183 0,597176 3,428504
-0,033428 -0,140826 3,381078 0,270892 1,291874 3,288475 -0,736589 -0,150956 3,417811 -0,004839 0,589703 3,403830
-0,031135 -0,144036 3,382730 0,273377 1,288183 3,287492 -0,834806 -0,137528 3,289399 -0,005036 0,586093 3,403731
-0,011529 -0,151978 3,408540 0,276355 1,285524 3,292012 -0,879941 -0,021824 2,948242 0,002706 0,597780 3,454895
-0,008697 -0,152891 3,402476 0,276195 1,287996 3,291736 -0,834517 0,226078 2,793077 -0,004853 0,582531 3,403733
-0,006904 -0,144139 3,411391 0,274607 1,295180 3,298930 -0,797846 0,375109 2,715827 0,002814 0,597335 3,429263
-0,005080 -0,137170 3,408268 0,275122 1,290577 3,297844 -0,759678 0,825078 2,996861 0,006577 0,599373 3,442094
-0,009812 -0,144480 3,415512 0,274784 1,289052 3,289191 -0,559310 1,012129 2,806407 0,002615 0,593716 3,429242
-0,014079 -0,144455 3,412866 0,274403 1,283454 3,289073 -0,491113 1,138994 2,945141 0,010162 0,597780 3,454976
-0,025703 -0,142216 3,385473 0,278338 1,279926 3,288450 -0,377487 1,357185 3,321705 0,006377 0,595742 3,442069
