24 12
0,002791 -0,140008 3,383740 0,372886 1,307465 3,344273 -0,416875 1,238127 3,085106 0,021647 0,602976 3,442160
0,000264 -0,147342 3,387168 0,373103 1,303927 3,334528 -0,454330 1,100424 3,057600 0,018181 0,594107 3,454656
-0,003107 -0,142190 3,397350 0,374211 1,302116 3,333492 -0,480337 0,962180 2,985143 0,018398 0,597192 3,428478
-0,008674 -0,148720 3,383314 0,379140 1,302418 3,342037 -0,526572 0,614388 2,846079 0,014372 0,592086 3,441761
-0,012845 -0,140461 3,387801 0,378410 1,300535 3,348136 -0,523729 0,297186 2,827919 0,031541 0,596398 3,379181
-0,012509 -0,134065 3,397042 0,377941 1,301797 3,343945 -0,510067 0,172134 2,820063 0,025062 0,611220 3,404274
-0,012433 -0,136788 3,394718 0,380539 1,304796 3,357037 -0,449251 0,025000 3,103062 0,028145 0,594435 3,366904
-0,010981 -0,140599 3,393888 0,380973 1,307968 3,354167 -0,399603 -0,004829 3,141293 0,031745 0,599982 3,379305
-0,010729 -0,133781 3,397504 0,378728 1,307075 3,356015 -0,385562 -0,005626 3,202949 0,027980 0,605090 3,367038
-0,006962 -0,135801 3,403150 0,370831 1,299831 3,329142 -0,390975 -0,013129 3,186426 0,028228 0,609164 3,391846
-0,007654 -0,136120 3,411306 0,371498 1,307258 3,345087 -0,395308 -0,009716 3,183243 0,035365 0,605551 3,391694
-0,010168 -0,138915 3,414277 0,375234 1,300279 3,342515 -0,393862 -0,013386 3,163501 0,031830 0,607605 3,404240
-0,006836 -0,136687 3,407434 0,373673 1,303304 3,342439 -0,389299 -0,011845 3,194281 0,028228 0,609164 3,391846
-0,010732 -0,138137 3,419714 0,377396 1,296133 3,341305 -0,396473 -0,011102 3,180608 0,028460 0,606088 3,416896
-0,011397 -0,137234 3,413308 0,375006 1,299222 3,336408 -0,395197 -0,012551 3,191683 0,031764 0,607112 3,379393
-0,012337 -0,139203 3,406931 0,376177 1,301348 3,346293 -0,414133 -0,003601 3,117630 0,024201 0,595997 3,354676
-0,012724 -0,132027 3,401223 0,371778 1,305047 3,343382 -0,432477 0,061194 3,075629 0,031847 0,614786 3,404333
-0,009185 -0,134317 3,402288 0,371775 1,303377 3,342272 -0,437932 0,140619 2,995498 0,039213 0,614768 3,404289
-0,007129 -0,142495 3,407825 0,375130 1,301447 3,340143 -0,462451 0,347354 2,814398 0,027818 0,601954 3,391516
-0,005454 -0,148413 3,399452 0,372265 1,301381 3,340703 -0,455388 0,672285 2,710605 0,022364 0,588745 3,466874
-0,004002 -0,145068 3,398929 0,373489 1,298708 3,337378 -0,456707 0,822171 2,716888 0,010545 0,597776 3,454839
-0,003039 -0,136062 3,406344 0,372588 1,306460 3,353083 -0,415871 1,125195 2,985354 0,014394 0,599333 3,441864
-0,006155 -0,144565 3,401274 0,373346 1,301679 3,349523 -0,401746 1,223938 3,076909 0,010545 0,597776 3,454839
-0,009146 -0,149526 3,412769 0,375337 1,300061 3,346385 -0,383405 1,258959 3,127800 0,018002 0,597770 3,454903
