21 12
-0,017819 -0,140443 3,393915 0,326494 1,285723 3,295803 -0,361401 1,175541 3,222742 0,002434 0,585753 3,378979
-0,020300 -0,128709 3,396489 0,323157 1,279949 3,293642 -0,329121 1,024979 3,058112 0,002994 0,582169 3,378601
-0,024092 -0,147657 3,396358 0,326131 1,287111 3,297813 -0,321832 0,915500 2,971696 0,006666 0,569840 3,390902
-0,027400 -0,164353 3,387955 0,319909 1,291367 3,295284 -0,323984 0,706288 2,846904 -0,000602 0,573696 3,415895
-0,024296 -0,153930 3,378705 0,316697 1,284228 3,303787 -0,268607 0,643520 2,692813 0,014505 0,566413 3,415365
-0,028429 -0,161109 3,396731 0,318179 1,279818 3,299987 -0,244450 0,677370 2,681573 -0,000185 0,570278 3,440566
-0,030050 -0,156943 3,390879 0,319202 1,274055 3,287262 -0,213281 0,832517 2,689693 0,022836 0,544259 3,411231
-0,031368 -0,148917 3,382282 0,316078 1,288280 3,307123 -0,192927 0,910677 2,672218 0,029431 0,562725 3,414996
-0,028167 -0,157119 3,368165 0,312293 1,288808 3,290035 -0,187942 0,880447 2,654649 0,026404 0,542422 3,398737
-0,030425 -0,164671 3,366719 0,324735 1,268078 3,297033 -0,177557 0,784732 2,681720 0,022795 0,537095 3,411135
-0,032679 -0,168921 3,369774 0,324103 1,281160 3,303962 -0,149111 0,769319 2,677138 0,015699 0,522393 3,382853
-0,033323 -0,162850 3,367880 0,327129 1,277150 3,311591 -0,143397 0,803317 2,675734 0,022078 0,537268 3,363160
-0,037462 -0,155799 3,372815 0,320402 1,274426 3,285464 -0,149693 0,920904 2,627773 0,022425 0,562872 3,439782
-0,041184 -0,164033 3,374675 0,315822 1,273959 3,278399 -0,160476 0,944637 2,613004 0,029460 0,544516 3,388638
-0,034893 -0,153479 3,377111 0,316370 1,283190 3,289672 -0,163456 0,924519 2,628214 0,037126 0,555343 3,413809
-0,030712 -0,155778 3,376288 0,311540 1,269637 3,292863 -0,173045 0,885525 2,675853 0,022321 0,547990 3,387941
-0,020101 -0,142064 3,356472 0,318174 1,280368 3,288552 -0,236206 0,956023 2,789808 0,017581 0,567923 3,378594
-0,016038 -0,135376 3,371937 0,320944 1,278422 3,273208 -0,261876 1,003779 2,875833 0,024597 0,582523 3,404000
-0,007501 -0,135832 3,371199 0,318944 1,280920 3,287338 -0,287679 1,124848 3,000377 0,024796 0,586114 3,404038
-0,005690 -0,148811 3,370429 0,321250 1,278943 3,285761 -0,358003 1,204091 3,202298 0,016872 0,582168 3,378999
-0,007105 -0,125651 3,359833 0,318355 1,277362 3,286897 -0,349353 1,200500 3,252324 0,016902 0,596419 3,379178
