23 12
-0,000715 -0,139127 3,356065 0,224470 1,240775 3,253109 -0,325543 1,184043 3,209893 0,021439 0,598891 3,416682
-0,003027 -0,142397 3,373408 0,222818 1,246421 3,262260 -0,418751 1,160813 3,299171 0,024844 0,593703 3,429396
0,000857 -0,142397 3,366133 0,225644 1,237697 3,266315 -0,478629 1,075450 3,233568 0,021217 0,588104 3,416634
-0,001451 -0,143164 3,370965 0,222340 1,247497 3,273280 -0,583349 0,758857 2,788866 0,025025 0,590096 3,429336
-0,007216 -0,136122 3,387045 0,226840 1,236541 3,263349 -0,599669 0,616595 2,754465 0,028804 0,591679 3,416603
-0,008189 -0,146097 3,389613 0,223611 1,243341 3,272227 -0,552815 0,569964 2,623818 0,028781 0,584482 3,416507
-0,013997 -0,141900 3,385334 0,220415 1,233674 3,258299 -0,426539 0,608977 2,674674 0,032958 0,579173 3,428658
-0,020944 -0,146697 3,409227 0,209129 1,242414 3,269100 -0,169322 0,571602 2,430318 0,022139 0,577867 3,467081
-0,017965 -0,151564 3,400390 0,207129 1,238374 3,261694 -0,106992 0,596258 2,618257 0,025996 0,579849 3,480134
-0,015164 -0,145710 3,400798 0,222104 1,232870 3,273906 -0,151885 0,564944 2,674688 0,010855 0,575906 3,454030
-0,013092 -0,141796 3,389428 0,235312 1,222366 3,248781 -0,386433 0,610065 2,942855 0,024826 0,586482 3,429297
-0,009303 -0,137917 3,402916 0,241996 1,227881 3,262713 -0,463381 0,597030 2,815999 0,028658 0,588475 3,442075
-0,014834 -0,146069 3,402694 0,241879 1,226178 3,282608 -0,484478 0,582113 2,651348 0,025005 0,582877 3,429237
-0,033761 -0,156483 3,428603 0,229515 1,231617 3,281900 -0,261189 0,547444 2,388110 0,007478 0,578149 3,492627
-0,039766 -0,151449 3,438470 0,222816 1,226900 3,268721 -0,167144 0,545415 2,452677 0,007187 0,577884 3,466922
-0,049784 -0,145809 3,419856 0,215605 1,229178 3,265839 -0,091056 0,537794 2,674610 -0,000217 0,581876 3,492950
-0,047657 -0,142355 3,410015 0,221157 1,220717 3,256676 -0,209519 0,531594 2,825054 0,006918 0,584846 3,441570
-0,043251 -0,153057 3,415458 0,225337 1,216779 3,257570 -0,259302 0,541051 2,794483 0,010542 0,575642 3,428743
-0,032884 -0,149675 3,424897 0,231545 1,224351 3,254006 -0,296759 0,697159 2,747615 0,010715 0,571997 3,428410
-0,026731 -0,138767 3,418032 0,226309 1,236270 3,263611 -0,341616 0,946024 2,839083 0,009872 0,582536 3,403924
-0,022535 -0,130098 3,418829 0,230031 1,236549 3,273154 -0,344154 1,058396 2,988523 0,010088 0,593301 3,404046
-0,017835 -0,128822 3,424270 0,223290 1,234564 3,262394 -0,311397 1,212907 3,193156 0,021054 0,598897 3,416793
-0,020124 -0,139802 3,406900 0,227772 1,238461 3,270421 -0,309840 1,232346 3,284374 0,017434 0,593712 3,429376
