32 12
-0,105166 -0,142505 3,400317 0,206135 1,217568 3,266010 -0,447252 1,392570 3,265633 -0,093301 0,585660 3,400197
-0,098992 -0,141539 3,418609 0,194459 1,219795 3,244954 -0,446647 1,397844 3,259841 -0,090062 0,591222 3,413013
-0,096518 -0,143132 3,418941 0,188428 1,226781 3,243473 -0,462688 1,343109 3,134380 -0,093492 0,589195 3,400193
-0,092085 -0,135189 3,413956 0,190707 1,224052 3,234921 -0,452433 1,261161 3,045862 -0,086030 0,596969 3,425897
-0,089917 -0,143265 3,424560 0,186318 1,226151 3,234054 -0,435841 1,169137 2,938029 -0,093301 0,585660 3,400197
-0,098513 -0,144309 3,419128 0,187400 1,218156 3,212225 -0,435292 0,943790 2,844585 -0,093110 0,582112 3,400117
-0,099428 -0,144641 3,409149 0,188990 1,221779 3,229039 -0,392073 0,667420 2,770163 -0,092228 0,571123 3,374799
-0,100657 -0,149343 3,413960 0,195450 1,217100 3,223854 -0,405860 0,604645 2,799334 -0,089486 0,587726 3,412882
-0,091490 -0,143710 3,413641 0,194712 1,227848 3,241465 -0,430732 0,572802 2,775641 -0,089490 0,580537 3,412777
-0,084564 -0,149617 3,400347 0,194316 1,225619 3,232239 -0,465804 0,715731 2,764690 -0,078034 0,582246 3,400728
-0,081393 -0,149418 3,426823 0,197158 1,215639 3,222486 -0,465211 0,784244 2,750543 -0,078041 0,575084 3,400628
-0,076988 -0,143681 3,440428 0,192018 1,228053 3,233009 -0,450287 0,858562 2,742597 -0,070866 0,582629 3,426092
-0,079342 -0,157152 3,441698 0,190965 1,222107 3,234856 -0,392591 0,665006 2,669784 -0,078235 0,571500 3,400760
-0,083988 -0,148042 3,427446 0,193563 1,216414 3,226487 -0,381164 0,559191 2,671188 -0,078415 0,589395 3,401114
-0,087671 -0,157400 3,416306 0,194148 1,221016 3,234062 -0,388081 0,371831 2,735819 -0,085498 0,581796 3,375724
-0,081828 -0,153263 3,398351 0,195889 1,216254 3,231861 -0,416967 0,331338 2,791294 -0,078988 0,592838 3,400961
-0,079228 -0,153858 3,387326 0,200276 1,221311 3,242633 -0,430504 0,353924 2,806503 -0,063906 0,585879 3,401843
-0,070496 -0,143870 3,422741 0,195256 1,221650 3,234326 -0,451461 0,447998 2,755436 -0,072010 0,596923 3,426623
-0,066465 -0,152735 3,424935 0,192913 1,223910 3,233675 -0,460406 0,570795 2,732544 -0,063718 0,582325 3,401791
-0,066471 -0,140130 3,434525 0,188264 1,228918 3,238288 -0,449615 0,609332 2,710545 -0,071436 0,593452 3,426799
-0,070781 -0,145089 3,423717 0,185287 1,219732 3,216037 -0,439964 0,613247 2,698946 -0,063906 0,585879 3,401843
-0,077642 -0,148461 3,436944 0,184961 1,225281 3,230595 -0,416335 0,443663 2,668872 -0,064284 0,592943 3,401697
-0,083991 -0,156166 3,421540 0,191265 1,218184 3,226057 -0,422761 0,362636 2,703866 -0,064284 0,592943 3,401697
-0,089972 -0,139432 3,388714 0,191693 1,220116 3,236822 -0,427792 0,240202 2,784629 -0,071271 0,596041 3,376503
-0,090052 -0,145556 3,383423 0,187489 1,222845 3,217500 -0,421058 0,279058 2,767822 -0,082062 0,598072 3,388562
-0,090577 -0,156651 3,391748 0,191516 1,219411 3,233524 -0,410164 0,342499 2,731348 -0,085307 0,585388 3,375751
-0,087843 -0,155938 3,381316 0,186406 1,220607 3,229447 -0,389838 0,565931 2,758594 -0,082312 0,584171 3,413391
-0,085577 -0,159006 3,397358 0,196046 1,216372 3,224101 -0,404380 0,849810 2,717428 -0,082126 0,573407 3,413129
-0,083765 -0,149159 3,388518 0,191668 1,220634 3,231532 -0,413302 0,990559 2,793862 -0,085309 0,578271 3,375654
-0,079645 -0,151038 3,399842 0,192361 1,222798 3,239099 -0,395549 1,240116 3,010400 -0,078415 0,589395 3,401114
-0,087286 -0,147083 3,395168 0,193839 1,223006 3,228433 -0,414136 1,321571 3,119958 -0,078608 0,585779 3,401079
-0,086482 -0,142234 3,390141 0,195305 1,223646 3,232202 -0,395898 1,341619 3,163510 -0,078019 0,596581 3,400929
