22 12
-0,050294 -0,119923 3,430361 0,373846 1,270148 3,392696 -0,524728 1,358827 3,560779 -0,004751 0,597775 3,454783
-0,045617 -0,121737 3,446003 0,367905 1,274440 3,375441 -0,684008 1,032966 2,985567 0,010286 0,594577 3,480870
-0,044826 -0,141959 3,449899 0,366224 1,271682 3,351790 -0,867368 0,661967 3,029160 0,006774 0,592966 3,493883
-0,045890 -0,146813 3,458977 0,366369 1,274185 3,352981 -0,888276 0,400340 2,853978 0,006577 0,589286 3,493852
-0,045869 -0,148921 3,444359 0,365096 1,266445 3,340906 -0,925136 -0,079631 2,816006 0,002573 0,583574 3,480558
-0,055838 -0,137479 3,455792 0,364896 1,270211 3,340530 -0,819347 -0,410687 2,699218 -0,012612 0,571982 3,428508
-0,055814 -0,131438 3,453148 0,368561 1,271172 3,348520 -0,775291 -0,539411 2,750393 -0,015957 0,573989 3,441371
-0,063343 -0,136327 3,422909 0,369719 1,271495 3,367711 -0,714300 -0,770193 3,045761 -0,016147 0,570345 3,441278
-0,063403 -0,148297 3,426291 0,366804 1,284858 3,395491 -0,650265 -0,827866 3,044125 -0,023218 0,563129 3,440972
-0,063301 -0,140166 3,419179 0,362668 1,283077 3,388272 -0,639398 -0,852380 3,068412 -0,015804 0,574293 3,467077
-0,059833 -0,132929 3,434554 0,359419 1,287773 3,384980 -0,613985 -0,870690 3,120392 -0,015585 0,573993 3,441192
-0,059042 -0,137562 3,432450 0,358378 1,277285 3,376141 -0,614650 -0,872551 3,113782 -0,015610 0,577931 3,466996
-0,065344 -0,143401 3,432442 0,361767 1,276031 3,374200 -0,609358 -0,863833 3,094809 -0,019886 0,572287 3,454049
-0,067645 -0,144091 3,434802 0,359248 1,292474 3,371386 -0,614768 -0,852734 3,071936 -0,023830 0,577844 3,466833
-0,060887 -0,138507 3,415689 0,360789 1,280277 3,368666 -0,610002 -0,721591 3,011392 -0,023385 0,573973 3,441184
-0,052844 -0,150972 3,403152 0,359450 1,277577 3,373347 -0,621023 -0,592320 2,961177 -0,019886 0,572287 3,454049
-0,030275 -0,142747 3,465621 0,354754 1,285869 3,357959 -0,655791 -0,199476 2,778556 -0,012053 0,583591 3,480315
-0,011955 -0,136229 3,445766 0,348635 1,294894 3,343606 -0,627949 0,349558 2,556943 0,002586 0,590893 3,480672
-0,000381 -0,159553 3,443776 0,347136 1,292138 3,353477 -0,625471 0,585877 2,505112 0,021464 0,593321 3,520249
-0,006086 -0,137298 3,467305 0,348610 1,289812 3,355609 -0,549133 1,153068 3,099372 0,017795 0,586486 3,429155
-0,025207 -0,139791 3,474370 0,356938 1,260771 3,350695 -0,438207 1,247595 3,123014 0,002965 0,590923 3,480700
-0,040572 -0,123234 3,454921 0,359916 1,261193 3,360210 -0,397286 1,304329 3,256119 -0,000788 0,603488 3,467822
