21 12
-0,070803 -0,147212 3,380396 0,191854 1,240882 3,207074 -0,379245 1,359631 3,179682 -0,063516 0,593093 3,401855
-0,065520 -0,148993 3,379010 0,186979 1,240674 3,206486 -0,394728 1,331534 3,143563 -0,067217 0,587488 3,389195
-0,071258 -0,138733 3,391460 0,190219 1,242248 3,209283 -0,489756 1,151056 2,852088 -0,063516 0,593093 3,401855
-0,073612 -0,149842 3,410384 0,192361 1,230030 3,199280 -0,507126 0,929374 2,743873 -0,059799 0,591525 3,414412
-0,074349 -0,151597 3,404667 0,193836 1,231778 3,198369 -0,501416 0,746318 2,628393 -0,059989 0,595124 3,414634
-0,079077 -0,146577 3,386288 0,200075 1,229810 3,200911 -0,512322 0,451623 2,710044 -0,063902 0,593049 3,401945
-0,079151 -0,135040 3,401923 0,203411 1,230979 3,210664 -0,556397 0,378046 2,821297 -0,063899 0,600222 3,402047
-0,074133 -0,138049 3,394158 0,206663 1,229561 3,209060 -0,576216 0,409513 2,825721 -0,063899 0,600222 3,402047
-0,064233 -0,141282 3,436286 0,203691 1,231639 3,208484 -0,602508 0,578821 2,706259 -0,056077 0,592706 3,377384
-0,062047 -0,150004 3,430307 0,201286 1,237709 3,213505 -0,566855 0,677526 2,621778 -0,056276 0,581994 3,377238
-0,060857 -0,147451 3,441614 0,199197 1,232372 3,203181 -0,534878 0,636142 2,593958 -0,056083 0,585583 3,377290
-0,071134 -0,145731 3,407297 0,197902 1,225475 3,203292 -0,515159 0,478478 2,709731 -0,049002 0,589574 3,402552
-0,070594 -0,139836 3,395177 0,199382 1,229520 3,209234 -0,537757 0,324784 2,751008 -0,030687 0,593902 3,341487
-0,069990 -0,146972 3,392818 0,199302 1,233732 3,205013 -0,536484 0,306757 2,767571 -0,034391 0,581713 3,353393
-0,065562 -0,154067 3,403711 0,192712 1,232427 3,196424 -0,535228 0,391654 2,717887 -0,052554 0,587572 3,389881
-0,057114 -0,152877 3,389774 0,192680 1,241368 3,226859 -0,499936 0,602251 2,599984 -0,059706 0,576832 3,389323
-0,056045 -0,143694 3,391558 0,195201 1,224208 3,188428 -0,485297 0,711097 2,585428 -0,059323 0,576818 3,388908
-0,051832 -0,143901 3,410421 0,197289 1,239302 3,215735 -0,431062 0,987078 2,793818 -0,052561 0,580427 3,389783
-0,048275 -0,140932 3,405345 0,196709 1,226167 3,205165 -0,415793 1,135199 2,861519 -0,059689 0,591120 3,389518
-0,050167 -0,146727 3,401392 0,198939 1,232879 3,215156 -0,405099 1,205070 2,927967 -0,056358 0,589536 3,402236
-0,058390 -0,149053 3,391806 0,199738 1,234157 3,216395 -0,346096 1,350170 3,177112 -0,063712 0,589494 3,401892
