24 12
-0,097506 -0,137688 3,353235 0,255921 1,300275 3,251438 -0,434451 1,177538 3,148165 -0,066871 0,590660 3,364514
-0,100837 -0,146782 3,356421 0,256055 1,298388 3,253998 -0,455823 1,078158 3,090078 -0,070699 0,585495 3,376578
-0,102457 -0,153633 3,364803 0,251044 1,297916 3,245543 -0,481671 0,952177 3,014799 -0,074355 0,583883 3,388664
-0,096106 -0,139956 3,378870 0,255363 1,300818 3,262751 -0,544582 0,649593 2,836312 -0,074541 0,594584 3,388907
-0,098227 -0,135603 3,372895 0,259658 1,291582 3,238053 -0,603388 0,463613 2,906057 -0,063261 0,592224 3,352477
-0,092279 -0,132695 3,383789 0,248180 1,309577 3,269206 -0,613803 0,399725 2,925377 -0,063261 0,592224 3,352477
-0,092252 -0,135986 3,388313 0,257610 1,294222 3,263334 -0,641252 0,314547 2,841313 -0,059484 0,590280 3,340459
-0,102988 -0,141180 3,413496 0,263209 1,303208 3,274741 -0,685382 0,313450 2,807943 -0,067065 0,587081 3,364474
-0,100698 -0,127087 3,412855 0,259249 1,298524 3,275694 -0,701295 0,330271 2,707315 -0,067059 0,601282 3,364661
-0,095180 -0,147929 3,421044 0,252478 1,293476 3,257907 -0,701119 0,346990 2,587201 -0,059779 0,587126 3,364821
-0,084598 -0,137202 3,401408 0,245666 1,298691 3,284382 -0,642355 0,330386 2,590585 -0,048955 0,596279 3,377734
-0,085664 -0,132056 3,399103 0,244823 1,299038 3,286044 -0,624098 0,335160 2,673130 -0,056187 0,595762 3,352768
-0,091182 -0,133515 3,404572 0,250529 1,293417 3,284827 -0,611133 0,325752 2,786891 -0,048729 0,592306 3,353110
-0,108519 -0,133867 3,420256 0,250348 1,296018 3,287655 -0,638225 0,286169 2,789199 -0,063261 0,592224 3,352477
-0,111766 -0,136481 3,427569 0,253222 1,296573 3,287463 -0,662718 0,281080 2,740279 -0,063261 0,592224 3,352477
-0,123541 -0,135082 3,415068 0,241707 1,292416 3,273219 -0,711263 0,283719 2,479478 -0,071080 0,592540 3,376610
-0,122707 -0,134733 3,400427 0,232807 1,291484 3,260826 -0,687625 0,313604 2,428645 -0,071080 0,592540 3,376610
-0,117035 -0,134051 3,398174 0,234747 1,293239 3,266559 -0,666101 0,350829 2,425679 -0,078386 0,592486 3,376225
-0,111255 -0,138917 3,403082 0,228327 1,294760 3,258869 -0,623376 0,505001 2,561202 -0,085498 0,596037 3,375919
-0,100320 -0,138453 3,392681 0,232771 1,294809 3,262434 -0,559920 0,728167 2,500225 -0,078798 0,589316 3,401062
-0,101408 -0,136780 3,399513 0,226112 1,301140 3,268847 -0,549401 0,853277 2,563505 -0,085304 0,592508 3,375848
-0,100791 -0,142698 3,397318 0,228674 1,299794 3,273942 -0,490485 1,154595 2,937656 -0,081869 0,594530 3,388492
-0,109476 -0,135926 3,392580 0,228557 1,292491 3,247916 -0,475012 1,219805 3,032696 -0,096712 0,597946 3,387657
-0,110259 -0,142103 3,382331 0,229534 1,294006 3,253536 -0,451384 1,242891 3,095284 -0,093495 0,596364 3,400298
