25 12
-0,088050 -0,145361 3,367219 0,246510 1,323952 3,301742 -0,460631 1,358034 3,368029 -0,064191 0,579410 3,452437
-0,083235 -0,150893 3,363640 0,251401 1,323392 3,307740 -0,509243 1,309094 3,352376 -0,064383 0,575763 3,452471
-0,090016 -0,143803 3,354679 0,257128 1,307649 3,297629 -0,617618 0,961736 2,911262 -0,061188 0,577684 3,465501
-0,094271 -0,147624 3,366770 0,258461 1,325855 3,312350 -0,666939 0,590689 2,841027 -0,064383 0,575763 3,452471
-0,095894 -0,149376 3,358092 0,259494 1,314543 3,308875 -0,665279 0,437621 2,825424 -0,052835 0,562793 3,414587
-0,093180 -0,148104 3,361285 0,258904 1,304089 3,283183 -0,638227 0,263200 2,948078 -0,041487 0,564299 3,377604
-0,090433 -0,150710 3,354214 0,260266 1,313858 3,304320 -0,526823 0,295312 2,765793 -0,034589 0,563980 3,352985
-0,083831 -0,152152 3,353005 0,255709 1,319569 3,318465 -0,491219 0,370638 2,687056 -0,056656 0,571895 3,427206
-0,076223 -0,147935 3,359507 0,259751 1,315295 3,297410 -0,450937 0,619264 2,721919 -0,056098 0,568290 3,426651
-0,070289 -0,145162 3,370186 0,258203 1,309537 3,299340 -0,457160 0,759927 2,711497 -0,056662 0,564684 3,427099
-0,071504 -0,141134 3,366965 0,261618 1,307640 3,282874 -0,475538 0,734416 2,732348 -0,056098 0,568290 3,426651
-0,068204 -0,146295 3,361899 0,264789 1,322920 3,338203 -0,478961 0,553100 2,701815 -0,056473 0,568304 3,427071
-0,072985 -0,149755 3,365142 0,270630 1,319266 3,331521 -0,493892 0,424179 2,747224 -0,053011 0,573543 3,414734
-0,072174 -0,151882 3,364658 0,270186 1,318401 3,322907 -0,474166 0,405624 2,732161 -0,041670 0,568105 3,402539
-0,072010 -0,150677 3,369783 0,269651 1,309482 3,322357 -0,453287 0,495395 2,698926 -0,052465 0,562808 3,414348
-0,069572 -0,156001 3,361845 0,267536 1,315275 3,314792 -0,430914 0,729306 2,610997 -0,044750 0,548437 3,413896
-0,066757 -0,148230 3,372430 0,268328 1,323448 3,285353 -0,451974 0,835612 2,641670 -0,048306 0,553729 3,401257
-0,062033 -0,147372 3,384698 0,267982 1,312371 3,310885 -0,455800 0,915151 2,669862 -0,041495 0,564764 3,427489
-0,057853 -0,147437 3,368246 0,268504 1,315500 3,313125 -0,475371 0,920877 2,717737 -0,038246 0,566690 3,440612
-0,058856 -0,146068 3,368511 0,271203 1,310033 3,311023 -0,469959 0,940465 2,741710 -0,049075 0,568340 3,427398
-0,051709 -0,152048 3,379702 0,271329 1,318203 3,316692 -0,447158 1,045842 2,891682 -0,053086 0,573862 3,440135
-0,048833 -0,145522 3,368974 0,273753 1,320474 3,316966 -0,454020 1,163278 3,010467 -0,049493 0,575842 3,453148
-0,048998 -0,136878 3,374661 0,270863 1,316825 3,303599 -0,450259 1,238696 3,111677 -0,045676 0,588783 3,466340
-0,043529 -0,148310 3,390195 0,270393 1,331021 3,322723 -0,413519 1,351753 3,333226 -0,037882 0,573649 3,415256
-0,049745 -0,136026 3,382216 0,263257 1,324950 3,316469 -0,393825 1,352138 3,350213 -0,042032 0,582758 3,427958
