26 12
-0,071576 -0,136036 3,427991 0,305902 1,335742 3,338392 -0,463886 1,392926 3,285172 -0,056448 0,589947 3,427389
-0,075484 -0,124933 3,431779 0,305290 1,331223 3,334537 -0,441149 1,269150 3,147914 -0,071436 0,593452 3,426799
-0,075492 -0,137235 3,425076 0,303139 1,330463 3,326904 -0,427742 1,130157 3,021111 -0,064178 0,593941 3,452662
-0,076562 -0,136833 3,436937 0,308066 1,327575 3,338262 -0,436629 0,827959 2,905184 -0,063988 0,590306 3,452426
-0,080515 -0,149632 3,441977 0,309226 1,328410 3,343417 -0,414531 0,558503 2,843570 -0,060688 0,584651 3,439963
-0,081705 -0,136485 3,445146 0,308510 1,330113 3,350085 -0,411549 0,464837 2,863195 -0,064560 0,601167 3,452871
-0,079165 -0,147817 3,462618 0,305356 1,327839 3,346803 -0,408749 0,342510 2,834014 -0,056740 0,589462 3,402144
-0,088215 -0,133581 3,493114 0,298125 1,320473 3,333824 -0,377301 0,304327 2,708081 -0,052997 0,595122 3,415045
-0,092299 -0,137495 3,488559 0,299335 1,322208 3,345037 -0,386718 0,303310 2,648349 -0,049191 0,593131 3,402592
-0,089806 -0,141078 3,482447 0,291861 1,321191 3,343769 -0,410627 0,311024 2,567407 -0,042026 0,589977 3,428063
-0,079659 -0,136675 3,468486 0,294937 1,316435 3,336861 -0,418986 0,314947 2,641793 -0,057210 0,589798 3,427202
-0,079772 -0,141340 3,476203 0,297777 1,325283 3,353333 -0,408658 0,316778 2,697297 -0,064283 0,585773 3,401595
-0,081414 -0,134870 3,486966 0,296766 1,323969 3,370005 -0,381575 0,323463 2,812546 -0,060376 0,595080 3,414720
-0,091226 -0,124014 3,495486 0,301427 1,319569 3,359204 -0,357220 0,288089 2,746046 -0,049185 0,600306 3,402693
-0,091184 -0,137109 3,485567 0,299916 1,316892 3,351069 -0,354986 0,267904 2,688178 -0,049572 0,593029 3,402318
-0,102107 -0,139816 3,470786 0,291091 1,309281 3,339296 -0,397454 0,245516 2,478989 -0,034855 0,593096 3,402822
-0,103420 -0,144149 3,471432 0,294550 1,305127 3,324751 -0,423586 0,231757 2,460225 -0,046547 0,597813 3,388479
-0,099963 -0,141245 3,458121 0,287703 1,305000 3,323469 -0,435988 0,226387 2,450402 -0,045978 0,587405 3,389625
-0,093748 -0,136994 3,467823 0,291371 1,308963 3,337720 -0,435366 0,266591 2,497783 -0,045789 0,591052 3,389938
-0,082135 -0,144299 3,443971 0,289200 1,315440 3,338446 -0,449133 0,413133 2,530837 -0,056643 0,586324 3,427418
-0,075155 -0,154157 3,460159 0,289508 1,316881 3,341493 -0,458846 0,521296 2,549311 -0,060131 0,573838 3,439540
-0,067956 -0,148396 3,456658 0,293717 1,322149 3,348647 -0,458464 0,803596 2,712744 -0,048556 0,572129 3,451828
-0,062241 -0,139849 3,451694 0,291460 1,321915 3,337065 -0,499564 1,026507 2,823158 -0,045240 0,588003 3,415179
-0,063598 -0,142783 3,454017 0,292561 1,330259 3,345151 -0,500058 1,122409 2,889460 -0,045436 0,584393 3,415199
-0,063275 -0,146349 3,450012 0,288106 1,317977 3,321163 -0,466536 1,319010 3,129116 -0,049009 0,582404 3,402452
-0,066489 -0,137260 3,432132 0,292698 1,322075 3,327834 -0,458990 1,363777 3,206560 -0,049002 0,589574 3,402552
