33 12
-0,114161 -0,133143 3,352971 0,264752 1,294173 3,244587 -0,586843 1,401991 3,460488 -0,070886 0,596148 3,376731
-0,115601 -0,134739 3,357785 0,269471 1,295361 3,255994 -0,718958 1,346537 3,464132 -0,063899 0,600222 3,402047
-0,107025 -0,132822 3,360827 0,264978 1,291390 3,238460 -0,892019 0,940676 2,859172 -0,074348 0,594129 3,364192
-0,109510 -0,147241 3,378258 0,269253 1,296324 3,240912 -1,026507 0,540581 2,840041 -0,074736 0,590980 3,388870
-0,112966 -0,140387 3,369491 0,270907 1,294050 3,233735 -1,013383 0,320847 2,770793 -0,078412 0,596565 3,401216
-0,117338 -0,146547 3,361195 0,277649 1,287735 3,239921 -0,998284 -0,029322 3,027480 -0,081632 0,586977 3,363694
-0,129249 -0,148766 3,374397 0,277068 1,290698 3,248769 -0,778533 -0,197261 2,836767 -0,096189 0,586854 3,362797
-0,134383 -0,153316 3,386884 0,277270 1,298069 3,261654 -0,691968 -0,231178 2,864129 -0,092607 0,585328 3,375294
-0,135204 -0,150784 3,383721 0,270112 1,291436 3,249870 -0,577197 -0,238111 3,102503 -0,121109 0,588214 3,348705
-0,123892 -0,148423 3,362056 0,257877 1,313235 3,266818 -0,602797 -0,217951 3,189769 -0,117810 0,583127 3,361142
-0,116427 -0,142056 3,361537 0,254614 1,300016 3,239819 -0,711262 -0,261820 3,328978 -0,114296 0,595815 3,373769
-0,103977 -0,146861 3,376275 0,232896 1,293599 3,240508 -0,848931 -0,277144 3,027636 -0,106808 0,584797 3,349800
-0,108610 -0,161001 3,389224 0,237270 1,291275 3,246290 -0,812673 -0,266950 2,951122 -0,106806 0,577729 3,349708
-0,111357 -0,151269 3,389529 0,236947 1,299608 3,237012 -0,711169 -0,258145 2,882122 -0,106615 0,581298 3,349714
-0,131374 -0,147277 3,367052 0,243952 1,291543 3,258087 -0,562451 -0,222905 3,134165 -0,118004 0,586636 3,361240
-0,137233 -0,148956 3,361010 0,255918 1,301392 3,236818 -0,501636 -0,160583 3,109694 -0,114686 0,588641 3,373848
-0,131445 -0,149604 3,362877 0,253455 1,295887 3,227558 -0,586338 -0,190103 3,254222 -0,110735 0,586713 3,361788
-0,117668 -0,154953 3,370447 0,259408 1,283307 3,225361 -0,757675 -0,279996 3,001230 -0,099905 0,585263 3,374808
-0,112935 -0,152272 3,369016 0,257681 1,285615 3,237162 -0,901531 -0,300693 3,060987 -0,095675 0,582960 3,338370
-0,110736 -0,164346 3,378875 0,254260 1,286815 3,234485 -0,821295 -0,297007 2,928364 -0,092303 0,577863 3,350684
-0,132776 -0,152675 3,360087 0,262314 1,292717 3,263355 -0,687314 -0,296864 3,182313 -0,114245 0,581138 3,349187
-0,146633 -0,136808 3,376899 0,259083 1,292730 3,260578 -0,505163 -0,197942 2,984505 -0,107200 0,592311 3,374393
-0,147837 -0,138626 3,367495 0,260637 1,298601 3,270302 -0,519984 -0,191657 3,111598 -0,114493 0,592236 3,373849
-0,136397 -0,148239 3,373534 0,254578 1,288571 3,250091 -0,630796 -0,250150 3,030156 -0,104030 0,590732 3,387060
-0,117049 -0,149913 3,339781 0,255750 1,293331 3,254981 -1,026661 -0,307227 3,451224 -0,098833 0,577523 3,325965
-0,107432 -0,154333 3,338613 0,253804 1,290527 3,252899 -1,058214 -0,261547 3,231509 -0,098833 0,577523 3,325965
-0,097533 -0,155452 3,374676 0,250817 1,296928 3,251213 -1,049178 -0,134697 3,036598 -0,088912 0,579823 3,363165
-0,082650 -0,141392 3,351947 0,246352 1,306406 3,260873 -0,936520 0,131653 2,822022 -0,088911 0,586917 3,363259
-0,080754 -0,148358 3,358158 0,245656 1,318429 3,275005 -0,863575 0,298511 2,693866 -0,077789 0,585050 3,351639
-0,075823 -0,143923 3,372642 0,241527 1,313718 3,248813 -0,838517 0,817162 3,032376 -0,074541 0,594584 3,388907
-0,086798 -0,131918 3,388595 0,241253 1,310996 3,230510 -0,610823 1,041637 2,811523 -0,070489 0,603319 3,376724
-0,094262 -0,139355 3,397429 0,242040 1,301451 3,241381 -0,536879 1,149150 2,888060 -0,067597 0,594558 3,389223
-0,108434 -0,131857 3,358355 0,252873 1,292485 3,241824 -0,387713 1,380403 3,277549 -0,063702 0,603839 3,402094
