31 12
-0,052701 -0,133851 3,372824 0,303480 1,304652 3,249874 -0,377148 1,112937 3,074085 -0,026435 0,592835 3,378267
-0,053297 -0,137974 3,378906 0,308532 1,302630 3,238484 -0,337949 0,911892 2,948341 -0,021944 0,587816 3,413821
-0,054925 -0,147115 3,379943 0,305456 1,315118 3,262256 -0,333120 0,778371 2,888164 -0,029730 0,580758 3,414519
-0,056793 -0,141899 3,373092 0,308568 1,311201 3,256416 -0,352603 0,518137 2,903218 -0,030654 0,598844 3,415920
-0,057187 -0,130818 3,406172 0,309505 1,308940 3,268706 -0,330336 0,327855 2,903352 -0,008876 0,616268 3,391444
-0,058517 -0,132756 3,394319 0,315130 1,306906 3,268096 -0,315147 0,273330 2,899355 0,002468 0,618993 3,429543
-0,060932 -0,129204 3,386553 0,310359 1,305255 3,262751 -0,315999 0,188107 2,788313 -0,016364 0,611540 3,341862
-0,067099 -0,154694 3,385708 0,308366 1,304323 3,255197 -0,297157 0,174579 2,654024 -0,005478 0,599430 3,354072
-0,065636 -0,145333 3,399258 0,307078 1,299115 3,249576 -0,319814 0,175470 2,622379 -0,001470 0,604593 3,342351
-0,063156 -0,147246 3,418112 0,315710 1,297458 3,262526 -0,307239 0,184887 2,701171 -0,005470 0,606513 3,354157
-0,059573 -0,142696 3,405805 0,315867 1,293589 3,249695 -0,294735 0,179319 2,742729 -0,001597 0,612155 3,366742
-0,065719 -0,149231 3,416156 0,319040 1,300609 3,268531 -0,281399 0,164131 2,754711 -0,008703 0,608629 3,366715
-0,067148 -0,153931 3,403158 0,325985 1,301294 3,272773 -0,291652 0,140456 2,665487 -0,005775 0,628921 3,403274
-0,071301 -0,155626 3,420632 0,326946 1,307145 3,278726 -0,296085 0,151110 2,587839 0,005702 0,612160 3,366822
-0,064608 -0,150721 3,401174 0,321721 1,304160 3,275038 -0,310128 0,152996 2,580197 0,005691 0,605050 3,366734
-0,053187 -0,156406 3,406909 0,312180 1,299586 3,262285 -0,285710 0,152406 2,698967 0,001910 0,599039 3,330108
-0,050120 -0,154149 3,392514 0,309275 1,302008 3,264642 -0,278954 0,126697 2,750159 0,001998 0,603032 3,354419
-0,052449 -0,161261 3,391492 0,307473 1,289140 3,242030 -0,266311 0,108834 2,760312 0,002595 0,606640 3,354622
-0,053751 -0,173948 3,378681 0,313354 1,300708 3,263940 -0,283713 0,066693 2,649443 0,005881 0,601533 3,366830
-0,083533 -0,191967 3,463450 0,308162 1,299439 3,261937 -0,268840 0,056040 2,529016 -0,012754 0,630404 3,454738
-0,076899 -0,189155 3,443635 0,302031 1,296097 3,258841 -0,291926 0,059074 2,470422 -0,012362 0,623216 3,454980
-0,067148 -0,187297 3,430500 0,296600 1,296303 3,242826 -0,309913 0,073424 2,450722 -0,008622 0,625365 3,468018
-0,046350 -0,137028 3,384111 0,295549 1,308568 3,268082 -0,312331 0,163249 2,483380 0,013540 0,609181 3,391804
-0,041423 -0,139983 3,384543 0,295672 1,303534 3,252934 -0,304698 0,239969 2,518095 0,002075 0,599947 3,378968
-0,037084 -0,146287 3,399514 0,295737 1,302632 3,244852 -0,277166 0,461166 2,606476 -0,000896 0,576697 3,366342
-0,029279 -0,146190 3,383617 0,297514 1,302229 3,242524 -0,333628 0,792690 2,686218 -0,000103 0,573258 3,389735
-0,028217 -0,140194 3,380854 0,295787 1,303576 3,250816 -0,377194 0,968268 2,781752 -0,011638 0,582160 3,378314
-0,031036 -0,132556 3,362752 0,298969 1,303259 3,241116 -0,363712 1,206107 3,045790 -0,000791 0,594871 3,391312
-0,031680 -0,144910 3,364132 0,305724 1,307001 3,246678 -0,386030 1,265651 3,155010 -0,012002 0,589310 3,378735
-0,032676 -0,140305 3,354699 0,308438 1,305938 3,243366 -0,369022 1,269072 3,177832 -0,015449 0,590879 3,366216
-0,035767 -0,134992 3,348393 0,312843 1,305486 3,247098 -0,356588 1,291251 3,262127 -0,008114 0,602017 3,391268
