22 12
-0,042831 -0,130823 3,418123 0,372858 1,283034 3,362217 -0,480000 1,371105 3,455761 0,010106 0,600477 3,404141
-0,039788 -0,130960 3,414473 0,370097 1,286315 3,371573 -0,541185 1,300603 3,364743 0,010545 0,597776 3,454839
-0,039651 -0,143707 3,440639 0,365050 1,279998 3,347279 -0,660889 0,896781 2,816823 0,017816 0,593707 3,429255
-0,046710 -0,136772 3,456021 0,366366 1,281207 3,343196 -0,705075 0,394741 2,734300 0,005952 0,584129 3,391356
-0,050623 -0,125216 3,450324 0,363545 1,278898 3,329579 -0,704401 0,150848 2,700629 -0,008489 0,595732 3,441847
-0,064553 -0,130131 3,420959 0,362095 1,271374 3,327424 -0,709383 -0,284183 2,866233 -0,027215 0,590031 3,428539
-0,083507 -0,134578 3,447764 0,362999 1,265981 3,335455 -0,658504 -0,567082 2,816316 -0,038086 0,576893 3,390286
-0,094632 -0,140079 3,429993 0,363775 1,282035 3,344571 -0,652436 -0,673560 2,874384 -0,048752 0,564017 3,352752
-0,102015 -0,148028 3,402479 0,352363 1,268611 3,321580 -0,641356 -0,821215 2,968371 -0,046033 0,573824 3,440326
-0,100463 -0,155923 3,394662 0,344322 1,282204 3,345036 -0,618848 -0,830200 2,924225 -0,034683 0,568063 3,402665
-0,097523 -0,131555 3,395867 0,344002 1,272994 3,345750 -0,608103 -0,847627 2,953310 -0,042026 0,589977 3,428063
-0,093819 -0,142046 3,411631 0,340736 1,280589 3,348658 -0,609160 -0,838711 2,948322 -0,045444 0,577201 3,415097
-0,090291 -0,137217 3,409654 0,343397 1,273277 3,347654 -0,618712 -0,825692 2,950308 -0,053454 0,581027 3,440142
-0,092519 -0,139237 3,389243 0,341892 1,283390 3,350401 -0,605588 -0,781627 2,921705 -0,049207 0,571626 3,402291
-0,085951 -0,144694 3,419895 0,338637 1,283147 3,347411 -0,602895 -0,673826 2,905060 -0,049207 0,571626 3,402291
-0,068659 -0,146818 3,392968 0,329791 1,301335 3,350646 -0,557800 -0,370545 2,815882 -0,060998 0,588665 3,465766
-0,051534 -0,140985 3,385520 0,330865 1,288371 3,342091 -0,544348 -0,173478 2,774547 -0,049944 0,578527 3,401502
-0,038815 -0,141844 3,437829 0,323756 1,296388 3,341233 -0,552271 0,306502 2,795706 -0,027411 0,598163 3,480183
-0,041184 -0,123807 3,447307 0,319058 1,294937 3,333426 -0,531918 0,777200 2,725447 -0,030851 0,595218 3,415843
-0,046832 -0,126060 3,456415 0,320207 1,289883 3,335693 -0,520294 0,971178 2,865973 -0,034088 0,593233 3,403083
-0,065882 -0,128839 3,405131 0,326357 1,290269 3,343415 -0,464059 1,278825 3,245491 -0,034276 0,596809 3,403194
-0,080860 -0,129117 3,414099 0,332851 1,277267 3,341572 -0,413544 1,285218 3,275704 -0,041633 0,597237 3,428115
