30 12
-0,018685 -0,143597 3,376031 0,415792 1,273963 3,331387 -0,511799 1,364490 3,423472 0,043207 0,580513 3,391341
-0,015185 -0,149635 3,394044 0,403338 1,275593 3,311813 -0,696415 0,988627 2,810637 0,046883 0,586057 3,403950
-0,015297 -0,143282 3,393837 0,405521 1,271914 3,306503 -0,828407 0,484583 2,772672 0,039499 0,578910 3,403916
-0,017624 -0,149060 3,394798 0,400590 1,267678 3,291954 -0,855082 0,219564 2,676900 0,035946 0,573688 3,416439
-0,024946 -0,158779 3,371786 0,408141 1,268514 3,299898 -0,862848 -0,269891 2,879986 0,020409 0,566229 3,391063
-0,043522 -0,138392 3,383213 0,407764 1,271192 3,317487 -0,650250 -0,497747 2,709506 0,009721 0,571512 3,378880
-0,047833 -0,138221 3,371242 0,410452 1,276614 3,326917 -0,548640 -0,567929 2,758974 0,013300 0,569602 3,366561
-0,060512 -0,127228 3,345769 0,401136 1,272316 3,323050 -0,370584 -0,673293 3,154061 0,013495 0,573155 3,366586
-0,060789 -0,128028 3,354252 0,396364 1,267408 3,321454 -0,228114 -0,602627 3,007746 0,013653 0,577009 3,391370
-0,058085 -0,135995 3,337275 0,393660 1,268210 3,321486 -0,244247 -0,621303 3,074286 0,013458 0,573431 3,391343
-0,039893 -0,153620 3,359805 0,387431 1,262903 3,299815 -0,352540 -0,665687 2,920862 0,017023 0,571759 3,403766
-0,025766 -0,145730 3,348056 0,391424 1,270345 3,306575 -0,581676 -0,790843 3,195460 0,020626 0,577251 3,416269
-0,020027 -0,150651 3,368804 0,386490 1,266708 3,291267 -0,625770 -0,785569 3,124856 0,020806 0,573691 3,416378
-0,018557 -0,145311 3,365630 0,394663 1,271715 3,313628 -0,593396 -0,787948 3,130297 0,028135 0,573414 3,391391
-0,036701 -0,146286 3,399500 0,393834 1,269654 3,299377 -0,378633 -0,687350 2,859054 0,017221 0,582860 3,429154
-0,046951 -0,148735 3,398251 0,388155 1,256692 3,289557 -0,290368 -0,652715 2,873692 0,013422 0,573697 3,416347
-0,061182 -0,146337 3,366866 0,381073 1,247836 3,265352 -0,156956 -0,613818 3,122222 0,009541 0,575050 3,378863
-0,066522 -0,134768 3,380770 0,373978 1,251542 3,277485 -0,135420 -0,609466 3,105240 0,009494 0,582478 3,403716
-0,066539 -0,141954 3,357528 0,371885 1,247918 3,268177 -0,180953 -0,684966 3,205202 0,006232 0,577315 3,416395
-0,054420 -0,146275 3,387569 0,371696 1,246914 3,263494 -0,347946 -0,752871 2,938091 0,009856 0,575367 3,403830
-0,035439 -0,142443 3,368448 0,368871 1,260452 3,285493 -0,624047 -0,858918 3,243929 0,017218 0,575363 3,403883
-0,029653 -0,141458 3,367451 0,366236 1,258314 3,281691 -0,666772 -0,798790 3,142665 0,028639 0,581231 3,441971
-0,015710 -0,153069 3,413299 0,366763 1,261331 3,278322 -0,697758 -0,636088 2,954773 0,024790 0,572047 3,429097
0,005296 -0,152704 3,379922 0,360608 1,270250 3,275805 -0,666057 -0,319680 2,837535 0,017578 0,575669 3,429107
0,010302 -0,160961 3,380434 0,360908 1,276857 3,276562 -0,665772 -0,107929 2,767684 0,024561 0,568188 3,403812
0,024043 -0,160466 3,426257 0,353575 1,278791 3,271539 -0,672255 0,397235 2,825659 0,035693 0,581162 3,441688
0,027864 -0,158675 3,408670 0,357823 1,270424 3,279526 -0,601661 0,846138 2,749185 0,039499 0,578910 3,403916
0,022531 -0,152911 3,431648 0,360145 1,269236 3,283611 -0,546422 1,012095 2,833434 0,039499 0,578910 3,403916
0,001968 -0,143688 3,387884 0,375502 1,268553 3,315046 -0,417754 1,292367 3,294117 0,028781 0,584482 3,416507
-0,008816 -0,146473 3,397598 0,380139 1,252389 3,303101 -0,351498 1,312901 3,306031 0,031960 0,582510 3,403995
