23 12
-0,039709 -0,141953 3,383925 0,329413 1,296677 3,292100 -0,348432 1,121011 3,127508 -0,026267 0,582132 3,377911
-0,042149 -0,148288 3,382530 0,324122 1,288336 3,277138 -0,369831 1,058541 3,058308 -0,029996 0,576936 3,390126
-0,044877 -0,157258 3,379269 0,317939 1,285044 3,262077 -0,430531 0,780192 2,779759 -0,022679 0,569814 3,390264
-0,049454 -0,139798 3,373583 0,324737 1,284566 3,272145 -0,444490 0,457784 2,749941 -0,023702 0,594289 3,365907
-0,051454 -0,138022 3,378973 0,320540 1,280051 3,268734 -0,455299 0,338564 2,750874 -0,012764 0,581387 3,329488
-0,050926 -0,131699 3,371063 0,331015 1,284588 3,285518 -0,458518 0,160072 2,762380 -0,002071 0,593848 3,341594
-0,059671 -0,135796 3,389457 0,338525 1,280593 3,287836 -0,441379 0,090785 2,693061 0,001125 0,598742 3,328784
-0,061316 -0,136595 3,388728 0,333289 1,283848 3,283975 -0,448928 0,086350 2,632275 -0,001816 0,594334 3,366306
-0,056472 -0,135143 3,414386 0,330971 1,282266 3,274826 -0,468854 0,121046 2,515196 -0,005592 0,603868 3,403320
-0,042415 -0,124403 3,390215 0,328055 1,284791 3,270716 -0,457198 0,139151 2,559675 0,012541 0,598190 3,390504
-0,036067 -0,126014 3,388914 0,329928 1,285663 3,271708 -0,446101 0,155267 2,649640 0,009003 0,599830 3,378498
-0,033527 -0,124099 3,399503 0,329507 1,288751 3,289557 -0,402385 0,154473 2,841476 0,005096 0,601294 3,365781
-0,032937 -0,130386 3,400599 0,335238 1,287801 3,296690 -0,389540 0,105587 2,833539 0,001598 0,595830 3,353821
-0,037485 -0,130383 3,387402 0,330561 1,278639 3,269332 -0,386724 0,090675 2,808324 0,005180 0,593854 3,341664
-0,039191 -0,152344 3,376544 0,332363 1,284360 3,266911 -0,423474 0,065918 2,634600 0,012423 0,586802 3,341622
-0,038837 -0,131433 3,385486 0,327598 1,278889 3,242629 -0,432698 0,118725 2,569541 0,012585 0,597826 3,366162
-0,039300 -0,144022 3,385349 0,328047 1,279585 3,248577 -0,433264 0,171010 2,556310 0,015574 0,584688 3,328683
-0,026244 -0,146648 3,406264 0,327903 1,287285 3,264116 -0,399866 0,322882 2,654525 0,009407 0,571221 3,354247
-0,021047 -0,153064 3,397502 0,329934 1,286561 3,263771 -0,353400 0,544064 2,595223 -0,000602 0,573696 3,415895
-0,019755 -0,150437 3,392123 0,334594 1,287330 3,271089 -0,344499 0,703533 2,635877 0,010745 0,564508 3,402730
-0,018200 -0,137670 3,377270 0,341356 1,288244 3,284721 -0,307297 1,013085 2,902992 0,002973 0,575049 3,378511
-0,022708 -0,144931 3,376308 0,344027 1,287409 3,282510 -0,334757 1,145042 3,042014 -0,001321 0,588081 3,416393
-0,020006 -0,139329 3,378342 0,345443 1,290344 3,279676 -0,321651 1,186042 3,116739 -0,000992 0,591304 3,391381
