27 12
-0,028942 -0,141387 3,391578 0,215542 1,244095 3,269940 -0,355626 1,261405 3,315303 0,002615 0,593716 3,429242
-0,030973 -0,141919 3,389072 0,211910 1,242860 3,258307 -0,395547 1,234431 3,299997 -0,004276 0,586095 3,403421
-0,032213 -0,147268 3,380469 0,211345 1,245464 3,271531 -0,514277 0,980048 2,927544 -0,005004 0,582856 3,428927
-0,040740 -0,137542 3,409957 0,214819 1,241131 3,266191 -0,655879 0,735954 2,953973 -0,008122 0,588486 3,441573
-0,043048 -0,138915 3,401085 0,218414 1,235334 3,270376 -0,703482 0,601957 2,880759 -0,012216 0,586480 3,428888
-0,043246 -0,137775 3,413810 0,217673 1,240550 3,284692 -0,731578 0,419434 2,769658 -0,004764 0,590503 3,454674
-0,050794 -0,141441 3,427815 0,212325 1,248447 3,290482 -0,542245 0,385049 2,501828 -0,000957 0,580917 3,416315
-0,054933 -0,148157 3,427044 0,206360 1,245845 3,299551 -0,427727 0,382613 2,377758 0,002600 0,586494 3,429140
-0,060088 -0,143451 3,424972 0,196449 1,242272 3,277935 -0,240605 0,430927 2,664727 -0,000691 0,588492 3,441713
-0,050279 -0,136418 3,407501 0,201665 1,235109 3,272490 -0,397122 0,408609 2,975883 0,002798 0,590112 3,429162
-0,044368 -0,147814 3,404971 0,205978 1,237506 3,276229 -0,492461 0,421290 3,002695 0,006721 0,581249 3,441719
-0,041758 -0,144483 3,418970 0,221199 1,237005 3,297554 -0,605599 0,395540 2,716900 0,010506 0,583236 3,454625
-0,054566 -0,142669 3,445315 0,210281 1,246241 3,313881 -0,346563 0,306343 2,393455 -0,004412 0,593711 3,428972
-0,056437 -0,148975 3,417713 0,203916 1,236328 3,296843 -0,266557 0,304405 2,496422 0,002507 0,594121 3,454783
-0,055891 -0,152899 3,422979 0,191972 1,243783 3,283533 -0,256594 0,280402 2,690709 0,005869 0,584450 3,416289
-0,041020 -0,140480 3,417408 0,196854 1,231833 3,264022 -0,514947 0,344511 2,971962 0,010545 0,597776 3,454839
-0,044517 -0,145148 3,440223 0,206290 1,235471 3,271510 -0,501185 0,334960 2,716563 0,006759 0,595739 3,441927
-0,056401 -0,146409 3,422843 0,195501 1,231654 3,262281 -0,349029 0,375020 2,779929 0,002615 0,593716 3,429242
-0,067963 -0,144136 3,419926 0,182767 1,248492 3,287494 -0,111211 0,346731 2,610583 -0,000673 0,595738 3,441818
-0,061530 -0,134111 3,392130 0,176504 1,244496 3,274655 -0,067551 0,369622 2,814538 -0,004751 0,597775 3,454783
-0,058740 -0,149158 3,390914 0,175786 1,245278 3,275562 -0,077585 0,448756 2,820642 -0,004384 0,590502 3,454511
-0,046815 -0,149845 3,372642 0,191169 1,231154 3,239490 -0,161275 0,733663 2,921338 0,000765 0,540778 3,436039
-0,041054 -0,153873 3,374965 0,196431 1,238496 3,250451 -0,216075 0,914551 3,017794 -0,001006 0,559350 3,416019
-0,031768 -0,146907 3,396776 0,191546 1,245118 3,267599 -0,294005 1,128288 3,044625 -0,001071 0,588492 3,441867
-0,033448 -0,139788 3,391688 0,194121 1,243144 3,264173 -0,351843 1,213061 3,173320 -0,012204 0,593701 3,428992
-0,030809 -0,140947 3,388292 0,191564 1,239932 3,261053 -0,344303 1,226914 3,225396 -0,012204 0,593701 3,428992
-0,032647 -0,141579 3,377779 0,196115 1,247862 3,265823 -0,340933 1,217191 3,247022 -0,008510 0,591696 3,416371
