22 12
-0,083394 -0,157063 3,376831 0,258497 1,318516 3,291676 -0,455126 1,242725 3,345737 -0,056656 0,571895 3,427206
-0,090132 -0,147015 3,355162 0,259598 1,316554 3,297985 -0,511905 0,861420 2,962508 -0,060816 0,577760 3,465593
-0,095347 -0,153352 3,377902 0,253333 1,329902 3,323758 -0,506348 0,523407 2,862743 -0,060448 0,570490 3,465213
-0,097726 -0,144104 3,376705 0,259807 1,317091 3,301604 -0,507070 0,420951 2,851376 -0,045425 0,569721 3,389924
-0,098916 -0,154705 3,382642 0,255603 1,313702 3,301972 -0,501549 0,355834 2,804638 -0,056377 0,568038 3,401936
-0,097752 -0,152394 3,379683 0,250598 1,318495 3,308307 -0,448857 0,530094 2,658242 -0,056110 0,561083 3,426545
-0,094079 -0,152634 3,382416 0,254279 1,314653 3,298486 -0,458135 0,631956 2,666093 -0,063182 0,557265 3,400929
-0,084202 -0,154390 3,402539 0,254843 1,315897 3,318304 -0,448644 0,665122 2,662852 -0,056110 0,561083 3,426545
-0,087700 -0,155447 3,391858 0,258929 1,312704 3,311311 -0,437475 0,486011 2,709823 -0,056481 0,561096 3,426965
-0,089201 -0,147130 3,385812 0,259291 1,316386 3,322791 -0,447707 0,402953 2,711504 -0,049390 0,575165 3,402245
-0,092138 -0,145716 3,373644 0,261331 1,317028 3,327814 -0,453364 0,284397 2,771016 -0,038115 0,569451 3,365361
-0,089167 -0,153062 3,378245 0,257964 1,318980 3,330934 -0,447471 0,326350 2,751120 -0,052828 0,569978 3,414690
-0,086029 -0,156253 3,380436 0,259154 1,318390 3,325128 -0,441857 0,397613 2,709510 -0,056481 0,561096 3,426965
-0,083074 -0,152931 3,400920 0,256683 1,308137 3,306698 -0,449536 0,617226 2,670213 -0,056291 0,564700 3,426851
-0,082465 -0,151708 3,405509 0,257691 1,308334 3,300452 -0,472108 0,749188 2,684997 -0,055930 0,557453 3,426154
-0,079103 -0,148382 3,418728 0,256107 1,324188 3,330431 -0,472871 0,776247 2,703266 -0,056122 0,553879 3,426441
-0,079153 -0,141348 3,399773 0,260755 1,314986 3,321349 -0,462159 0,837186 2,791271 -0,056110 0,561083 3,426545
-0,081018 -0,139154 3,423544 0,260638 1,316409 3,315243 -0,478114 0,952834 2,822441 -0,056473 0,568304 3,427071
-0,075963 -0,139977 3,401460 0,258283 1,311642 3,314899 -0,475309 1,030922 2,885238 -0,056656 0,571895 3,427206
-0,073529 -0,139289 3,415767 0,259566 1,318714 3,320385 -0,447276 1,213165 3,120114 -0,056656 0,571895 3,427206
-0,072653 -0,138975 3,415191 0,260198 1,306504 3,290772 -0,454989 1,292586 3,236087 -0,060507 0,573823 3,439799
-0,072958 -0,138181 3,412765 0,261255 1,318516 3,315484 -0,441782 1,310379 3,277133 -0,056839 0,575471 3,427254
