23 12
-0,023829 -0,134352 3,297463 0,300595 1,291979 3,214480 -0,320258 1,275160 3,189022 0,002782 0,603089 3,354471
-0,028983 -0,137892 3,298095 0,302845 1,297262 3,222706 -0,295287 1,198845 3,099581 -0,000636 0,601527 3,366453
-0,030982 -0,144210 3,304574 0,301561 1,295948 3,221030 -0,279482 1,114521 3,020474 0,003150 0,595946 3,353925
-0,037893 -0,146102 3,297172 0,298320 1,289998 3,205900 -0,294873 0,843961 2,922009 -0,007614 0,583334 3,341046
-0,043489 -0,146007 3,297961 0,300470 1,293606 3,210580 -0,279887 0,643395 2,904101 -0,007614 0,583334 3,341046
-0,045981 -0,146464 3,311044 0,305649 1,294773 3,222926 -0,275069 0,581748 2,919728 -0,004393 0,581493 3,329649
-0,049456 -0,143785 3,313916 0,298703 1,293967 3,216742 -0,280971 0,506867 2,843680 -0,015427 0,586956 3,341755
-0,054660 -0,145131 3,339443 0,299205 1,291456 3,220290 -0,273435 0,508028 2,722467 -0,014861 0,583327 3,340864
-0,058487 -0,143892 3,342323 0,296585 1,282616 3,217478 -0,288829 0,519439 2,654337 -0,011058 0,581672 3,352650
-0,059821 -0,149208 3,334905 0,292368 1,284053 3,207044 -0,322410 0,524467 2,537168 -0,000498 0,583736 3,365957
-0,056810 -0,141389 3,333221 0,291760 1,279637 3,218907 -0,343347 0,504069 2,606054 -0,008177 0,586967 3,341919
-0,055079 -0,147710 3,329296 0,294744 1,283516 3,216784 -0,333281 0,493854 2,656928 -0,011601 0,588515 3,329575
-0,060241 -0,150452 3,320602 0,294098 1,279711 3,220995 -0,317292 0,475836 2,716950 -0,011820 0,577992 3,329652
-0,068954 -0,142592 3,345474 0,291337 1,284522 3,221913 -0,305187 0,443816 2,644280 -0,004511 0,596004 3,354265
-0,077449 -0,147950 3,348539 0,290354 1,283872 3,221938 -0,313442 0,448625 2,587600 -0,018988 0,581163 3,305579
-0,086566 -0,148355 3,341517 0,278134 1,283775 3,207258 -0,343108 0,465942 2,458050 -0,004348 0,585365 3,353941
-0,087324 -0,142355 3,356393 0,271086 1,285853 3,202537 -0,346676 0,538870 2,441673 -0,007815 0,579860 3,341362
-0,081250 -0,141517 3,349382 0,271546 1,289253 3,207760 -0,335057 0,587073 2,439908 -0,011060 0,577828 3,328385
-0,072794 -0,138923 3,365816 0,276437 1,295414 3,217916 -0,297931 0,761644 2,541662 -0,018174 0,570985 3,351786
-0,072865 -0,136684 3,355157 0,275540 1,286943 3,202283 -0,333476 0,949803 2,672533 -0,019074 0,588904 3,353851
-0,067525 -0,126835 3,345018 0,271847 1,286198 3,203532 -0,342098 1,047443 2,798355 -0,026242 0,592020 3,329431
-0,070112 -0,128289 3,349041 0,274916 1,294799 3,216684 -0,334399 1,155667 2,962890 -0,026430 0,595541 3,329603
-0,073203 -0,132132 3,349092 0,268622 1,291161 3,204656 -0,374067 1,190194 3,070949 -0,033454 0,599030 3,329279
