30 12
-0,147569 -0,128642 3,322805 0,300659 1,222654 3,257676 -0,400334 1,291226 3,193369 -0,078425 0,567902 3,400809
-0,137206 -0,138143 3,343016 0,223155 1,057100 3,069410 -0,420501 1,068764 2,959119 -0,075135 0,559042 3,413455
-0,130119 -0,144157 3,352673 0,239421 0,763165 2,924959 -0,409374 0,760992 2,867478 -0,075884 0,541059 3,438303
-0,129098 -0,146705 3,365893 0,232904 0,663955 2,880197 -0,416724 0,621041 2,826283 -0,083294 0,541007 3,437895
-0,114815 -0,154391 3,403672 0,160111 0,485753 2,833604 -0,366789 0,475924 2,920434 -0,090356 0,555511 3,437898
-0,109606 -0,144131 3,420557 -0,012254 0,462262 2,853961 -0,119843 0,400945 2,891994 -0,105607 0,570433 3,488190
-0,109605 -0,142730 3,437126 0,006842 0,402565 2,713386 -0,127035 0,381521 3,017311 -0,095193 0,576170 3,502895
-0,103852 -0,134603 3,440890 0,105199 0,421745 2,798446 -0,260889 0,368934 2,873770 -0,097741 0,584800 3,463223
-0,102295 -0,146194 3,446993 0,040689 0,498602 3,027454 -0,187302 0,379025 2,652819 -0,105215 0,570366 3,487293
-0,102937 -0,142134 3,452397 -0,010854 0,501684 2,958749 -0,144720 0,395576 2,716238 -0,105607 0,570433 3,488190
-0,104178 -0,142182 3,448436 0,004667 0,490015 2,844548 -0,135393 0,410192 2,877612 -0,105801 0,566779 3,488441
-0,105771 -0,138956 3,457360 0,076440 0,447243 2,770612 -0,249938 0,424497 2,940579 -0,097911 0,574134 3,488401
-0,106176 -0,141578 3,460057 0,041511 0,494856 2,942195 -0,199222 0,406060 2,694533 -0,105801 0,566779 3,488441
-0,107877 -0,154264 3,452258 -0,027255 0,497105 2,868369 -0,061644 0,420684 2,899159 -0,106355 0,555726 3,488642
-0,109891 -0,143861 3,437716 0,049041 0,443940 2,714096 -0,195500 0,431611 3,172355 -0,101571 0,568504 3,475372
-0,109715 -0,148734 3,439167 0,080832 0,454935 2,709232 -0,266900 0,430618 3,086460 -0,109237 0,564797 3,475063
-0,107444 -0,143167 3,433710 0,059302 0,447461 2,759194 -0,254653 0,418957 2,924392 -0,105801 0,566779 3,488441
-0,111051 -0,151227 3,448823 0,002564 0,464379 2,752548 -0,088045 0,443280 2,938377 -0,110053 0,565025 3,501507
-0,109755 -0,151937 3,437382 0,016210 0,460072 2,690973 -0,100805 0,439432 3,049513 -0,113024 0,555523 3,462009
-0,112688 -0,147465 3,436603 0,088464 0,468875 2,757939 -0,241600 0,403881 2,851422 -0,104813 0,570137 3,461755
-0,109562 -0,143670 3,433240 0,011951 0,520457 2,922113 -0,169220 0,390476 2,650073 -0,109669 0,572373 3,501088
-0,107991 -0,145273 3,447295 -0,009065 0,498862 2,841708 -0,133190 0,407611 2,706618 -0,098468 0,578123 3,514866
-0,111890 -0,159851 3,438139 -0,013779 0,552314 2,821019 -0,076177 0,494020 2,913788 -0,110418 0,557616 3,501555
-0,109416 -0,151872 3,415537 0,012426 0,663162 2,777917 -0,140885 0,614029 2,934363 -0,095732 0,565375 3,529306
-0,107829 -0,140259 3,412362 0,026117 0,727582 2,756516 -0,190598 0,697883 2,886011 -0,079974 0,496069 3,447775
-0,115071 -0,148058 3,386928 0,105889 0,984233 2,908997 -0,263323 0,905644 2,806428 -0,085566 0,499779 3,423633
-0,122402 -0,145528 3,391067 0,157761 1,115582 2,929980 -0,407169 1,164151 3,060374 -0,085499 0,546244 3,375237
-0,126343 -0,133970 3,389978 0,195431 1,190908 3,094335 -0,443829 1,243677 3,127368 -0,085314 0,564045 3,375460
-0,131800 -0,130784 3,355262 0,224876 1,245877 3,279795 -0,439800 1,352993 3,276071 -0,070712 0,564147 3,376291
-0,136671 -0,129142 3,355775 0,215520 1,227643 3,264005 -0,422550 1,364406 3,347544 -0,078425 0,567902 3,400809
