22 12
-0,038702 -0,132792 3,369322 0,353748 1,334117 3,311667 -0,393227 1,168921 3,277814 -0,004825 0,596877 3,403927
-0,033155 -0,134761 3,377738 0,345720 1,329695 3,301554 -0,440755 1,010692 2,992614 -0,004640 0,593297 3,403842
-0,037526 -0,154442 3,394686 0,345482 1,329912 3,301309 -0,438558 0,721769 2,838219 0,013649 0,591704 3,416659
-0,041202 -0,125549 3,415320 0,349702 1,332140 3,305634 -0,450165 0,565825 2,726714 0,009583 0,596422 3,379133
-0,038033 -0,134865 3,414004 0,353072 1,332523 3,314946 -0,490015 0,278763 2,628086 0,016714 0,599947 3,379072
-0,043857 -0,137016 3,444352 0,354715 1,324547 3,312581 -0,492522 0,070072 2,560075 -0,008423 0,618680 3,494097
-0,044882 -0,129935 3,445925 0,354105 1,324738 3,316195 -0,507075 -0,012185 2,526192 -0,008606 0,619264 3,520555
-0,047626 -0,117390 3,423864 0,359913 1,327410 3,332158 -0,537900 -0,125175 2,411849 -0,001220 0,622936 3,520586
-0,051949 -0,120151 3,428041 0,354528 1,332416 3,332757 -0,535202 -0,154645 2,377008 -0,001287 0,618625 3,494023
-0,046897 -0,125988 3,418789 0,355922 1,330907 3,342018 -0,534469 -0,164243 2,354121 0,002413 0,621343 3,533741
-0,051168 -0,119849 3,416058 0,358501 1,331021 3,346329 -0,527806 -0,174120 2,363506 0,006563 0,626685 3,520886
-0,048956 -0,120347 3,411042 0,357498 1,323303 3,331754 -0,520101 -0,181465 2,363572 -0,004622 0,628218 3,507523
-0,048033 -0,126933 3,402851 0,357514 1,329680 3,335260 -0,516845 -0,179510 2,374898 0,006156 0,619180 3,520355
-0,043111 -0,121619 3,400431 0,349961 1,326042 3,319704 -0,498865 -0,160999 2,474628 -0,004827 0,624502 3,507411
-0,032964 -0,124896 3,382652 0,349406 1,333951 3,323161 -0,497595 -0,015935 2,545487 0,017468 0,608165 3,429577
-0,028155 -0,134318 3,374234 0,355447 1,345136 3,337257 -0,482951 0,082038 2,573879 0,020706 0,621554 3,467490
-0,016227 -0,144166 3,404896 0,347866 1,348189 3,333827 -0,447241 0,372346 2,779260 0,012932 0,598340 3,391220
-0,017148 -0,134226 3,406612 0,345959 1,344276 3,313807 -0,465767 0,729964 2,758150 0,013850 0,595309 3,416688
-0,020696 -0,133309 3,409537 0,347864 1,345324 3,317654 -0,487571 0,894694 2,850546 0,006278 0,598905 3,416690
-0,028730 -0,132662 3,384280 0,353414 1,344919 3,323090 -0,445790 1,170888 3,168564 -0,008280 0,609707 3,416581
-0,035450 -0,132085 3,392917 0,349120 1,338171 3,302897 -0,407437 1,188583 3,204599 -0,008280 0,609707 3,416581
-0,042583 -0,141653 3,392195 0,348286 1,336149 3,288075 -0,400490 1,196822 3,256526 -0,008483 0,606097 3,416571
