26 12
-0,049524 -0,134516 3,358743 0,594354 0,990479 2,837901 -0,736286 1,380439 3,623943 -0,004656 0,586124 3,403746
-0,053027 -0,138371 3,359957 0,712838 0,895754 2,762940 -0,893912 1,313001 3,630969 -0,011657 0,575040 3,378222
-0,050170 -0,149968 3,352972 1,058837 0,723460 3,112033 -1,053430 0,861205 2,999938 -0,004703 0,564623 3,403456
-0,044083 -0,158673 3,352678 1,117483 0,294206 2,865339 -1,275307 0,462307 3,116153 -0,011713 0,561214 3,428142
-0,051058 -0,154528 3,352115 1,150674 0,122647 2,929891 -1,287923 0,234644 2,979388 -0,015209 0,551956 3,389939
-0,058761 -0,176642 3,320272 1,206809 -0,160970 3,113115 -1,333820 -0,162662 3,125509 -0,030692 0,523474 3,365110
-0,069064 -0,171218 3,310508 1,216184 -0,295469 3,241700 -1,220265 -0,371427 3,014510 -0,015948 0,509530 3,341002
-0,070815 -0,160058 3,313640 1,211331 -0,295614 3,250271 -1,230380 -0,436676 3,136324 -0,019578 0,518263 3,353161
-0,073845 -0,164261 3,304770 1,225989 -0,192870 3,258827 -1,230492 -0,424046 3,164003 -0,015936 0,516554 3,341085
-0,071009 -0,148931 3,296763 1,245822 0,018316 3,160381 -1,336203 -0,229677 3,262323 -0,016481 0,541183 3,390098
-0,059743 -0,165269 3,296168 1,238135 0,141278 3,130038 -1,360339 -0,074660 3,222419 -0,012633 0,542985 3,378011
-0,046291 -0,158933 3,335379 1,230609 0,364243 3,140067 -1,336268 0,230617 3,082573 -0,026693 0,564810 3,428008
-0,040812 -0,150017 3,312598 1,227063 0,445526 3,189753 -1,303253 0,366759 3,079733 -0,012062 0,560833 3,378370
-0,032415 -0,163090 3,329571 1,200525 0,393645 3,134013 -1,311333 0,365001 3,099704 -0,015768 0,559334 3,415720
-0,038340 -0,164231 3,307501 1,289855 0,241754 3,245014 -1,328799 0,213709 3,116700 -0,019817 0,543091 3,402847
-0,050861 -0,162710 3,331778 1,310584 0,002100 3,627769 -1,327380 -0,062807 3,134682 -0,012123 0,525374 3,329167
-0,048606 -0,167152 3,335009 1,335064 -0,109026 3,789790 -1,281526 -0,184663 3,054852 -0,015779 0,523546 3,365499
-0,054570 -0,153047 3,298414 1,286144 -0,241003 3,711134 -1,271768 -0,396678 3,278036 -0,012302 0,528840 3,377998
-0,060187 -0,153764 3,322834 1,225648 -0,116551 3,227699 -1,255151 -0,402867 3,264224 -0,016124 0,523508 3,365499
-0,060526 -0,158681 3,333592 1,221509 -0,021200 3,123522 -1,258795 -0,333715 3,239006 -0,020082 0,528723 3,352934
-0,052664 -0,155905 3,365308 1,175525 0,246643 3,066495 -1,272636 -0,080751 3,090729 -0,026886 0,550125 3,377903
-0,052915 -0,154519 3,371925 1,115109 0,674006 3,250097 -1,119537 0,316099 2,815393 -0,027233 0,564282 3,377944
-0,052085 -0,146903 3,373304 1,037820 0,910006 3,387750 -1,027650 0,489043 2,687287 -0,019407 0,571766 3,403229
-0,048462 -0,141371 3,383986 0,696844 1,084633 3,066832 -0,941246 1,016193 3,194997 -0,033827 0,578256 3,353419
-0,053495 -0,130161 3,382926 0,525089 1,336034 3,577492 -0,581665 1,077752 2,856153 -0,034285 0,589635 3,403094
-0,057771 -0,123109 3,385195 0,421791 1,343749 3,554101 -0,473507 1,154281 2,978769 -0,027020 0,593667 3,428620
