21 12
-0,019183 -0,138668 3,305744 0,378437 1,322558 3,282895 -0,332387 1,194002 3,166849 0,013778 0,590474 3,342102
-0,017296 -0,147602 3,306080 0,380903 1,321482 3,279000 -0,351400 1,077544 2,957087 0,013576 0,586970 3,342240
-0,020987 -0,154703 3,326800 0,374760 1,326349 3,272688 -0,270726 0,822104 2,708640 0,007171 0,562060 3,340152
-0,017706 -0,150899 3,332714 0,378625 1,323451 3,279908 -0,263191 0,673134 2,573993 0,013949 0,572486 3,317227
-0,024106 -0,143023 3,341548 0,371578 1,324849 3,276184 -0,287415 0,385437 2,434035 0,038237 0,588488 3,330208
-0,034648 -0,144492 3,365797 0,375690 1,315229 3,273351 -0,238314 0,154583 2,304417 0,013278 0,628274 3,442139
-0,046856 -0,160804 3,391190 0,376497 1,318022 3,281716 -0,226476 0,068072 2,263382 0,020912 0,625279 3,467887
-0,054821 -0,169220 3,389587 0,382800 1,321128 3,294652 -0,222056 -0,053993 2,258736 0,031733 0,626116 3,429326
-0,058729 -0,183303 3,384128 0,383830 1,317887 3,299365 -0,204116 -0,098934 2,218501 0,032074 0,625583 3,404557
-0,055080 -0,190529 3,368578 0,380736 1,312484 3,291537 -0,197473 -0,113141 2,216960 0,035696 0,624071 3,417026
-0,051092 -0,191227 3,384317 0,386540 1,313177 3,301180 -0,184853 -0,132518 2,244071 0,032074 0,625583 3,404557
-0,048899 -0,184481 3,382767 0,388349 1,317330 3,293234 -0,194510 -0,123327 2,275702 0,035801 0,631928 3,442400
-0,046353 -0,175030 3,391361 0,386205 1,318936 3,282979 -0,200280 -0,106390 2,309386 0,035502 0,627642 3,416902
-0,034339 -0,174005 3,401129 0,390690 1,317362 3,277752 -0,196674 -0,028683 2,402628 0,039326 0,615300 3,429380
-0,006686 -0,138763 3,329449 0,388160 1,324076 3,279325 -0,234946 0,141451 2,500925 0,064855 0,604947 3,366613
-0,004060 -0,146627 3,327843 0,386043 1,321513 3,277363 -0,243138 0,260265 2,530678 0,075831 0,596237 3,378647
0,004101 -0,150098 3,335977 0,390491 1,320986 3,268137 -0,236344 0,565240 2,617552 0,046029 0,584958 3,330134
0,007831 -0,147169 3,323987 0,393337 1,324393 3,276931 -0,299048 0,916467 2,789230 0,042200 0,586921 3,342336
0,010599 -0,140465 3,317039 0,391701 1,327709 3,268459 -0,322969 1,068076 2,918212 0,038622 0,588508 3,330295
0,009534 -0,137563 3,316937 0,388891 1,319463 3,266953 -0,310585 1,247966 3,139570 0,043147 0,601460 3,366699
0,006563 -0,145419 3,309946 0,388226 1,328209 3,281281 -0,313906 1,278030 3,219488 0,042581 0,586912 3,342270
