27 12
-0,082869 -0,161721 3,330183 0,373237 1,060163 3,028651 -0,491729 1,248411 3,118761 -0,056835 0,582686 3,427361
-0,079105 -0,166332 3,327382 0,407157 0,892931 2,876174 -0,459053 1,085548 2,986186 -0,048824 0,578834 3,402328
-0,078070 -0,169144 3,343482 0,413921 0,836722 2,870123 -0,445635 0,983788 2,910025 -0,048663 0,560928 3,401922
-0,078159 -0,176852 3,361292 0,391808 0,717913 2,842357 -0,424558 0,772471 2,835088 -0,055574 0,546467 3,376291
-0,079979 -0,179298 3,374963 0,358811 0,677461 2,908399 -0,311136 0,598047 2,705317 -0,059332 0,544526 3,339896
-0,076896 -0,175838 3,377691 0,337349 0,673478 2,929173 -0,274698 0,567748 2,713366 -0,048578 0,553450 3,352631
-0,072870 -0,188657 3,403350 0,245711 0,651550 2,812838 -0,177396 0,589688 2,891312 -0,053382 0,544708 3,414043
-0,074889 -0,186469 3,392845 0,180800 0,712272 2,897377 -0,062268 0,627177 2,758699 -0,068294 0,555870 3,464875
-0,077051 -0,180822 3,385656 0,169679 0,704503 2,803791 -0,015223 0,685905 2,921867 -0,057717 0,557999 3,504694
-0,078277 -0,185562 3,388511 0,200624 0,732395 2,860888 -0,040530 0,685665 2,906134 -0,061505 0,552343 3,491162
-0,071462 -0,183223 3,370422 0,204641 0,727331 2,904965 -0,078887 0,647354 2,869745 -0,057604 0,550464 3,478222
-0,074895 -0,182614 3,374867 0,209540 0,734557 2,898227 -0,061044 0,634010 2,777990 -0,073360 0,565459 3,530609
-0,067236 -0,185247 3,367404 0,174387 0,723832 2,798645 0,012637 0,701573 2,942174 -0,057780 0,554054 3,478096
-0,069295 -0,181471 3,380869 0,184942 0,718711 2,847660 -0,018122 0,688427 2,993521 -0,053544 0,559559 3,465637
-0,067500 -0,180076 3,381826 0,195600 0,713395 2,867019 -0,047879 0,659175 2,929639 -0,065251 0,565314 3,504464
-0,069606 -0,182022 3,369110 0,177639 0,711634 2,796028 0,007941 0,680387 2,953819 -0,057602 0,557767 3,478342
-0,068707 -0,186743 3,383030 0,176122 0,701292 2,758820 0,005731 0,694268 2,981097 -0,061324 0,563384 3,491440
-0,067616 -0,173799 3,370934 0,201441 0,706468 2,834751 -0,013236 0,686176 2,995968 -0,053723 0,563155 3,465597
-0,068285 -0,186425 3,354545 0,216389 0,724530 2,858135 -0,088595 0,633059 2,872959 -0,049691 0,557665 3,452857
-0,074942 -0,186230 3,381944 0,201383 0,693095 2,804552 -0,015420 0,657304 2,833032 -0,057780 0,554054 3,478096
-0,073619 -0,187758 3,368794 0,181948 0,689765 2,749739 0,014634 0,693331 2,926329 -0,057237 0,565149 3,478563
-0,076502 -0,182423 3,359159 0,199792 0,727726 2,789939 -0,021742 0,696798 2,898832 -0,076940 0,563468 3,517020
-0,074218 -0,186133 3,350669 0,207497 0,782997 2,836953 -0,112196 0,814385 3,026333 -0,048676 0,521402 3,451066
-0,076108 -0,174170 3,352621 0,212514 0,840782 2,854790 -0,174346 0,900053 3,069399 -0,056319 0,510935 3,376286
-0,077201 -0,166831 3,337129 0,291420 1,014331 3,028103 -0,290089 1,038097 2,983839 -0,059348 0,562545 3,388716
-0,076286 -0,157031 3,342801 0,295358 1,138660 3,154784 -0,460904 1,187039 3,271826 -0,052684 0,583574 3,365005
-0,080325 -0,160042 3,326366 0,308521 1,188017 3,260961 -0,471231 1,171673 3,247862 -0,056464 0,585510 3,377199
