80 12
-0,055446 -0,172017 3,284480 0,363184 0,991429 3,275384 -0,360182 0,955390 3,096850 -0,011906 0,542895 3,329251
-0,048977 -0,169126 3,301882 0,236879 0,830945 3,050819 -0,311563 0,833993 3,056507 -0,016091 0,509643 3,316918
-0,049196 -0,173777 3,311163 0,192846 0,628106 2,929296 -0,207458 0,597874 2,829032 -0,023437 0,527040 3,316825
-0,050350 -0,164287 3,325313 0,166402 0,525679 2,829819 -0,188139 0,494593 2,743115 -0,030869 0,530394 3,292487
-0,043554 -0,154939 3,351223 0,087259 0,308198 2,581347 -0,215235 0,302453 2,584363 -0,026325 0,553098 3,281594
-0,041171 -0,138474 3,362607 0,101919 0,150898 2,416761 -0,147946 0,137907 2,373570 -0,044001 0,613784 3,295920
-0,041159 -0,146415 3,376244 0,070519 0,096836 2,323215 -0,160530 0,080130 2,328188 -0,021634 0,640905 3,349851
-0,045063 -0,198962 3,363971 0,092041 0,021739 2,298677 -0,238220 -0,022190 2,188015 -0,019853 0,675894 3,404546
0,003947 -0,153509 3,247460 0,230738 -0,047824 2,114499 -0,440790 -0,115726 2,393086 -0,022178 0,638382 3,415563
-0,026517 -0,178430 3,288835 0,312462 -0,067418 2,106241 -0,553892 -0,157263 2,458325 -0,029265 0,621286 3,464451
-0,036726 -0,134326 3,348433 0,659286 -0,099505 2,497945 -0,699308 -0,195256 2,325376 -0,041864 0,564752 3,427711
-0,034517 -0,152213 3,348867 0,831214 -0,094796 2,472732 -1,038669 -0,214695 2,700669 -0,015729 0,534139 3,341254
-0,036965 -0,154558 3,332568 0,927573 -0,080081 2,574987 -1,118842 -0,188885 2,747034 -0,011938 0,535951 3,377930
-0,050147 -0,170493 3,269023 1,158605 0,030144 2,900512 -1,172939 -0,101690 2,822306 -0,037376 0,502973 3,269088
-0,042137 -0,176997 3,227836 1,168159 0,237015 3,300677 -1,109406 0,053197 2,789850 -0,033247 0,504838 3,257481
-0,045410 -0,184780 3,213478 1,123908 0,357813 3,466262 -1,036693 0,134023 2,798744 -0,033423 0,501403 3,257572
-0,045322 -0,179013 3,194885 0,758453 0,481022 3,096228 -0,913172 0,340666 3,162608 -0,040332 0,504817 3,257222
-0,051177 -0,165058 3,201629 0,550266 0,599704 3,417175 -0,580818 0,406861 2,789739 -0,044086 0,530533 3,245997
-0,051877 -0,175064 3,209762 0,416211 0,575874 3,322366 -0,489748 0,428701 2,804439 -0,047840 0,528698 3,211444
-0,043642 -0,163541 3,259029 0,168225 0,449064 2,829704 -0,382116 0,441009 2,889567 -0,040239 0,559604 3,234884
-0,054133 -0,155946 3,298147 0,124708 0,341693 2,725062 -0,290421 0,327213 2,710371 -0,050811 0,572153 3,291983
-0,055135 -0,156379 3,303424 0,130584 0,301323 2,720799 -0,270573 0,287646 2,631514 -0,051630 0,572464 3,316416
-0,050130 -0,158703 3,340973 0,051409 0,224658 2,510899 -0,278227 0,206685 2,500993 -0,051402 0,561765 3,292540
-0,056673 -0,144099 3,369851 0,051955 0,196541 2,347801 -0,205448 0,133296 2,315782 -0,025463 0,617952 3,360785
-0,058664 -0,143732 3,374756 0,056101 0,180427 2,243703 -0,218190 0,108361 2,305033 -0,007332 0,643477 3,447965
-0,069754 -0,146111 3,370377 0,146650 0,154791 2,301627 -0,300591 0,068274 2,165889 -0,040481 0,684589 3,354100
-0,062984 -0,127427 3,355144 0,302292 0,136309 2,127366 -0,525964 0,028578 2,414584 -0,053307 0,653359 3,418078
-0,065700 -0,123738 3,374640 0,413533 0,152893 2,155110 -0,647244 0,014577 2,472522 -0,069216 0,606941 3,397871
-0,068145 -0,141445 3,381309 0,748966 0,191516 2,536496 -0,797531 0,007114 2,330127 -0,067259 0,562210 3,364069
-0,062100 -0,170479 3,369276 0,953870 0,189532 2,524486 -1,127455 0,019663 2,678094 -0,055595 0,528730 3,327807
-0,058215 -0,163959 3,359585 1,066003 0,193009 2,691719 -1,207648 0,031609 2,719810 -0,044291 0,520194 3,269022
-0,054409 -0,163264 3,354639 1,228077 0,206209 2,952953 -1,260400 0,070226 2,788746 -0,041174 0,514919 3,280662
-0,049048 -0,179693 3,312649 1,309632 0,266521 3,559528 -1,302461 0,141171 2,902495 -0,040664 0,511551 3,280685
-0,050675 -0,178837 3,293887 1,345792 0,283171 4,179636 -1,278765 0,203960 2,952852 -0,047749 0,511630 3,257198
-0,050789 -0,173851 3,268937 1,160952 0,495115 3,318417 -1,256852 0,385808 3,255378 -0,047824 0,518359 3,303905
-0,050752 -0,166835 3,254926 1,090088 0,729112 3,702104 -0,992400 0,560511 2,993131 -0,047741 0,518496 3,257266
-0,053308 -0,165788 3,252697 1,002341 0,832259 3,739549 -0,889778 0,662254 3,002936 -0,055078 0,521841 3,280268
-0,064675 -0,170695 3,233720 0,702581 0,910369 3,370955 -0,773598 0,922981 3,396734 -0,051391 0,527055 3,268805
-0,076659 -0,160420 3,261726 0,574412 1,044198 3,605520 -0,560222 0,919351 3,140457 -0,058582 0,540892 3,291990
-0,078583 -0,161985 3,270543 0,500258 1,016518 3,499615 -0,512563 0,923914 3,140489 -0,051616 0,537439 3,292344
-0,082221 -0,164139 3,268283 0,334155 0,891416 3,157413 -0,459423 0,894820 3,134230 -0,045038 0,541048 3,340458
-0,088695 -0,173261 3,303404 0,256638 0,765388 3,121406 -0,329836 0,690755 2,880880 -0,048955 0,525151 3,352168
-0,088389 -0,175024 3,322199 0,188490 0,650309 3,072987 -0,293270 0,600718 2,850214 -0,048955 0,525151 3,352168
-0,074419 -0,172918 3,362868 0,082952 0,475320 2,836641 -0,264602 0,487464 2,829748 -0,073982 0,540891 3,339127
-0,077095 -0,160821 3,373035 0,083747 0,343552 2,672520 -0,216011 0,351834 2,671311 -0,077795 0,556782 3,351273
-0,074435 -0,153121 3,406946 0,068449 0,298774 2,555048 -0,224234 0,306012 2,632650 -0,060237 0,575915 3,339476
-0,066855 -0,143048 3,427212 0,082897 0,233702 2,484234 -0,343511 0,185610 2,368159 -0,060271 0,573172 3,389270
-0,060479 -0,126238 3,427571 0,260484 0,144867 2,203679 -0,588323 0,093634 2,582443 -0,072582 0,594233 3,478224
-0,066083 -0,132523 3,429393 0,342298 0,117465 2,189057 -0,710275 0,043196 2,597717 -0,078879 0,582946 3,451491
-0,071890 -0,139546 3,429152 0,655658 0,088197 2,544104 -0,842538 -0,023915 2,461331 -0,057418 0,568773 3,478617
-0,076368 -0,156785 3,419181 0,876052 0,080128 2,514971 -1,121741 -0,039375 2,770297 -0,059460 0,530479 3,364008
-0,075822 -0,169335 3,405747 0,988094 0,096352 2,669362 -1,174671 -0,027355 2,805026 -0,062950 0,521649 3,351500
-0,087192 -0,164051 3,358279 1,169278 0,163910 2,926753 -1,209535 0,032504 2,900578 -0,055602 0,521726 3,327723
-0,083224 -0,180460 3,333707 1,193031 0,310695 3,266601 -1,180204 0,140970 2,914409 -0,069681 0,514678 3,326691
-0,081866 -0,180081 3,312485 1,186034 0,399458 3,436696 -1,118163 0,208119 2,917909 -0,069681 0,514678 3,326691
-0,086111 -0,188158 3,275044 0,945407 0,502200 3,229068 -1,048741 0,400385 3,262103 -0,062347 0,507860 3,303275
-0,079772 -0,177788 3,265740 0,788951 0,686645 3,632074 -0,716465 0,489033 2,862988 -0,062497 0,532185 3,303625
-0,076548 -0,174187 3,265201 0,628364 0,688448 3,544768 -0,592729 0,528076 2,829630 -0,062315 0,535685 3,303589
-0,066034 -0,173297 3,308638 0,290151 0,555049 2,970619 -0,429075 0,570772 3,008301 -0,048769 0,542830 3,352486
-0,075806 -0,166261 3,344635 0,191238 0,458611 2,882041 -0,232151 0,431249 2,685248 -0,045407 0,562329 3,365012
-0,078274 -0,166037 3,351692 0,147670 0,398237 2,766500 -0,207495 0,388985 2,665903 -0,041478 0,571414 3,377698
-0,071756 -0,143926 3,388456 0,085575 0,294957 2,572419 -0,198994 0,283761 2,571591 -0,055099 0,570566 3,304319
-0,077289 -0,146445 3,412483 0,137047 0,238961 2,365031 -0,183404 0,203673 2,454166 -0,085842 0,586146 3,425541
-0,080459 -0,147540 3,430012 0,173350 0,207564 2,252279 -0,235239 0,179249 2,456007 -0,088321 0,608400 3,476473
-0,073771 -0,138943 3,404252 0,340066 0,167726 2,353481 -0,380590 0,091780 2,195906 -0,082780 0,636001 3,465012
-0,072343 -0,121630 3,407333 0,484368 0,097267 2,204957 -0,666582 0,012774 2,502176 -0,050622 0,604231 3,338748
-0,072432 -0,133140 3,407802 0,595370 0,068934 2,286785 -0,789071 -0,017377 2,537773 -0,066262 0,576705 3,387767
-0,069598 -0,141955 3,396057 0,941699 0,024901 2,645958 -0,903252 -0,053066 2,428278 -0,056294 0,553536 3,376857
-0,061103 -0,149671 3,364650 1,034927 0,002645 2,696036 -1,147001 -0,050751 2,685264 -0,041156 0,535799 3,328481
-0,056782 -0,168928 3,361274 1,093697 0,009827 2,781711 -1,200785 -0,031227 2,736736 -0,037331 0,523620 3,292748
-0,062556 -0,165899 3,328998 1,236059 0,049646 3,000368 -1,227575 0,047994 2,791996 -0,044300 0,513305 3,268952
-0,056658 -0,172750 3,292144 1,316546 0,127441 3,673292 -1,225098 0,192089 2,818454 -0,033869 0,518441 3,281038
-0,055002 -0,177443 3,286433 1,349331 0,226427 4,024046 -1,177947 0,281793 2,806623 -0,040831 0,514990 3,280777
-0,052774 -0,181415 3,267290 1,186052 0,501615 3,327183 -1,139525 0,518796 3,126225 -0,051228 0,516737 3,268634
-0,048021 -0,176725 3,249751 1,104352 0,782661 3,681647 -0,878770 0,664241 2,862871 -0,048083 0,525292 3,257232
-0,047639 -0,175003 3,242689 0,987641 0,895520 3,691303 -0,788172 0,758066 2,907092 -0,040803 0,535733 3,280994
-0,053003 -0,164718 3,222980 0,661868 0,932320 3,278406 -0,673314 1,005358 3,294459 -0,029927 0,544288 3,246615
-0,063850 -0,161866 3,245587 0,525555 1,069978 3,526634 -0,516707 1,010112 3,107909 -0,062479 0,553080 3,303862
-0,066730 -0,167306 3,238960 0,446864 1,067440 3,442921 -0,472332 1,045524 3,161291 -0,048497 0,553081 3,304398
-0,073207 -0,153228 3,218788 0,321156 0,973490 3,156613 -0,423993 1,033642 3,144321 -0,045011 0,547927 3,316388
