20 12
-0,039371 -0,133872 3,466841 0,301040 1,334838 3,314227 -0,335400 1,203335 3,112067 -0,034196 0,590442 3,453709
-0,032987 -0,135704 3,467024 0,297304 1,343018 3,331107 -0,289664 1,129178 2,965710 -0,034012 0,586788 3,453413
-0,034360 -0,140363 3,491749 0,289322 1,341916 3,315601 -0,235872 0,984724 2,853098 -0,033604 0,553778 3,401855
-0,040639 -0,142660 3,507021 0,278514 1,339918 3,324440 -0,036398 0,628522 2,418426 -0,050108 0,584579 3,558863
-0,044769 -0,132975 3,528245 0,274255 1,335069 3,315353 0,018624 0,497433 2,362077 -0,051228 0,599297 3,558785
-0,052886 -0,123706 3,499700 0,276374 1,323603 3,324710 0,123032 0,260571 2,507072 -0,058211 0,622564 3,586811
-0,063362 -0,112992 3,517912 0,273764 1,321350 3,314958 0,187840 0,099875 2,410090 -0,019675 0,681728 3,480404
-0,069484 -0,138141 3,510144 0,279169 1,312761 3,333290 0,212576 0,050604 2,425317 -0,041259 0,676925 3,432897
-0,075220 -0,163513 3,504930 0,289809 1,327753 3,366921 0,254121 0,000586 2,493778 -0,058759 0,659930 3,397678
-0,079249 -0,173363 3,522520 0,289433 1,324123 3,369084 0,260284 -0,002643 2,482037 -0,048050 0,666756 3,435988
-0,081510 -0,174781 3,513871 0,288377 1,317637 3,369237 0,259676 0,000779 2,505116 -0,055873 0,666213 3,433594
-0,087189 -0,158052 3,504619 0,291211 1,328573 3,370919 0,254597 0,009021 2,500704 -0,058892 0,662168 3,370824
-0,077850 -0,153908 3,501491 0,290694 1,322193 3,358402 0,199314 0,078051 2,632627 -0,073175 0,633053 3,558813
-0,071757 -0,146318 3,480583 0,292118 1,322765 3,356014 0,164275 0,142096 2,690788 -0,083329 0,607791 3,516402
-0,055058 -0,136162 3,526177 0,288374 1,336724 3,346027 0,068883 0,319538 2,650033 -0,051178 0,619421 3,614981
-0,040593 -0,144364 3,489768 0,287938 1,333235 3,347998 -0,119996 0,662700 2,902580 -0,028895 0,544323 3,510732
-0,032461 -0,135563 3,501073 0,284570 1,347741 3,352698 -0,211761 0,845135 3,018618 -0,030410 0,559669 3,466041
-0,039367 -0,132439 3,467972 0,292291 1,338787 3,350906 -0,332412 1,078637 3,033977 -0,045461 0,584769 3,440532
-0,043413 -0,133757 3,492181 0,300852 1,337366 3,349705 -0,451444 1,173497 3,290922 -0,042411 0,598108 3,479699
-0,047244 -0,133968 3,483119 0,298125 1,341391 3,347754 -0,443931 1,176130 3,308081 -0,053260 0,591935 3,440402
