28 12
-0,037016 -0,129461 3,459524 0,675374 1,189329 3,357014 -0,680738 1,241324 3,263610 -0,004418 0,595914 3,560648
-0,033373 -0,137554 3,460055 0,843187 0,788213 2,775804 -1,112094 1,136974 3,743254 0,006858 0,582303 3,520183
-0,029730 -0,139713 3,460953 0,957217 0,633675 2,746537 -1,222067 0,887775 3,541916 0,011036 0,584698 3,560540
-0,030717 -0,163664 3,458212 1,216518 0,327052 3,098022 -1,297268 0,359754 3,152649 -0,000521 0,560334 3,546398
-0,034085 -0,159537 3,454140 1,261136 -0,008279 3,176792 -1,272232 -0,040744 3,023999 -0,019775 0,558558 3,559637
-0,031968 -0,156588 3,463489 1,281129 -0,136409 3,321315 -1,229742 -0,197753 3,013638 -0,022805 0,541463 3,465684
-0,042760 -0,160478 3,425512 1,195974 -0,273033 3,263721 -1,209038 -0,450593 3,341695 -0,008193 0,541680 3,519125
-0,050823 -0,157900 3,459650 1,186889 -0,219783 3,172012 -1,172005 -0,472925 3,350031 -0,012315 0,550961 3,532738
-0,053090 -0,153403 3,453636 1,182210 -0,129247 3,130084 -1,218552 -0,425847 3,416156 -0,020133 0,558520 3,559650
-0,041782 -0,149477 3,486448 1,240392 0,082338 3,150135 -1,264557 -0,165700 3,209822 -0,019657 0,558175 3,506000
-0,037753 -0,143874 3,498488 1,216157 0,330058 3,037756 -1,258027 0,133150 3,096694 -0,027391 0,573464 3,559687
-0,031802 -0,139414 3,514834 1,237184 0,408926 3,175562 -1,264822 0,262543 3,072894 -0,027277 0,576876 3,532737
-0,030272 -0,136862 3,530877 1,249595 0,435402 3,160253 -1,259719 0,411827 3,150881 -0,000397 0,586761 3,574070
-0,027687 -0,154855 3,512316 1,248906 0,245857 3,120252 -1,313650 0,304537 3,210230 -0,008080 0,575829 3,601309
-0,030733 -0,151803 3,507078 1,264484 0,135871 3,178559 -1,329376 0,195776 3,213637 -0,007757 0,564218 3,572938
-0,043315 -0,161332 3,482019 1,280693 -0,100733 3,199031 -1,348412 -0,074323 3,281313 -0,012315 0,550961 3,532738
-0,050080 -0,160156 3,486462 1,287468 -0,296426 3,346156 -1,227222 -0,317095 3,144059 -0,019514 0,539791 3,505555
-0,055034 -0,160012 3,475040 1,256351 -0,319303 3,416711 -1,192943 -0,406112 3,181976 -0,016119 0,534290 3,519013
-0,065021 -0,159372 3,464610 1,237858 -0,298613 3,392106 -1,186306 -0,505802 3,344748 -0,019875 0,532435 3,505628
-0,063141 -0,151132 3,465274 1,221385 -0,112911 3,102772 -1,217249 -0,407673 3,372586 -0,023938 0,545169 3,492400
-0,065256 -0,161870 3,476484 1,237611 0,009503 3,167849 -1,237451 -0,294645 3,325317 -0,028026 0,547101 3,531897
-0,046694 -0,158924 3,512502 1,172343 0,312152 3,022407 -1,223010 0,046999 3,169595 -0,031208 0,563768 3,519091
-0,032830 -0,151380 3,495722 1,108093 0,698917 3,286246 -1,055344 0,434842 2,862502 -0,027646 0,576838 3,532764
-0,032800 -0,137330 3,503691 1,061805 0,885017 3,387485 -0,988872 0,618524 2,810858 -0,035081 0,580179 3,505947
-0,026456 -0,132919 3,505921 0,752859 1,048812 3,120549 -0,895271 1,085780 3,286761 -0,012061 0,591743 3,533393
-0,027635 -0,131677 3,506381 0,592213 1,368329 3,676533 -0,599030 1,147461 2,976165 -0,008252 0,593822 3,546976
-0,029502 -0,138380 3,502728 0,495804 1,386567 3,693128 -0,525374 1,215443 3,075089 -0,019657 0,591730 3,533208
-0,037978 -0,135541 3,478827 0,319402 1,247444 3,377912 -0,432712 1,372804 3,400356 -0,019028 0,591241 3,505834
