28 12
-0,024856 -0,029935 3,226320 0,292690 1,450394 3,221059 -0,386050 1,477066 3,203561 -0,022499 0,774842 3,343934
-0,024376 -0,039265 3,226727 0,289989 1,449562 3,208801 -0,421592 1,452955 3,147728 -0,015266 0,772904 3,368624
-0,017419 -0,036820 3,225785 0,286571 1,458454 3,217448 -0,476284 1,403038 3,059347 -0,007692 0,776489 3,368691
-0,020014 -0,043634 3,234208 0,277721 1,461069 3,200183 -0,557368 1,290327 2,922603 -0,008216 0,764190 3,344162
-0,015961 -0,037414 3,242003 0,287207 1,447018 3,196160 -0,766113 1,017350 2,977680 -0,004090 0,759595 3,356240
-0,016934 -0,035977 3,247924 0,286833 1,451423 3,178899 -0,775588 0,683976 2,662467 -0,004090 0,759595 3,356240
-0,025456 -0,045432 3,236249 0,294842 1,451824 3,203336 -0,874501 0,094491 2,586878 -0,033968 0,742362 3,307008
-0,029444 -0,041623 3,248054 0,300657 1,469587 3,220196 -0,824577 -0,222891 2,626431 -0,048825 0,752232 3,355045
-0,035923 -0,046372 3,247849 0,297320 1,461026 3,215692 -0,771129 -0,322313 2,700465 -0,048346 0,752297 3,355131
-0,035276 -0,042953 3,236677 0,296861 1,460891 3,217328 -0,676927 -0,447156 3,086382 -0,051383 0,741257 3,318364
-0,035329 -0,047248 3,237423 0,281682 1,467950 3,218923 -0,500702 -0,417404 2,911607 -0,052121 0,731954 3,342519
-0,035417 -0,049055 3,234549 0,284572 1,460759 3,202156 -0,494302 -0,433648 2,979857 -0,055371 0,740149 3,330335
-0,035458 -0,050081 3,250155 0,272800 1,457355 3,191484 -0,556316 -0,446516 2,890590 -0,037431 0,727184 3,318797
-0,026517 -0,049651 3,242810 0,275348 1,456028 3,208966 -0,659769 -0,458018 2,993311 -0,041116 0,743762 3,330927
-0,025804 -0,043419 3,237005 0,272280 1,460191 3,214747 -0,629391 -0,435078 2,899885 -0,041124 0,736671 3,330843
-0,022746 -0,051915 3,229314 0,272413 1,465989 3,203063 -0,559932 -0,408160 2,959845 -0,040883 0,740239 3,330894
-0,025042 -0,050961 3,241044 0,281707 1,461206 3,203632 -0,587430 -0,428453 3,003803 -0,033513 0,728340 3,306962
-0,022379 -0,042508 3,240430 0,281374 1,463273 3,198005 -0,647360 -0,451163 3,075676 -0,038125 0,737602 3,318408
-0,019571 -0,052962 3,249170 0,286031 1,479487 3,233556 -0,684291 -0,438088 3,015261 -0,033513 0,728340 3,306962
-0,025972 -0,047284 3,232934 0,281838 1,479095 3,217945 -0,618076 -0,391602 2,939459 -0,040768 0,726996 3,282987
-0,022615 -0,050528 3,252254 0,288508 1,475383 3,225326 -0,632738 -0,342744 2,949242 -0,037340 0,742730 3,343184
-0,017459 -0,048015 3,259275 0,282915 1,464108 3,198516 -0,702349 -0,145339 2,673636 -0,026378 0,747399 3,331424
-0,007731 -0,032872 3,240626 0,281285 1,477265 3,221345 -0,785126 0,213108 2,680545 -0,016223 0,760490 3,343640
-0,001949 -0,041182 3,246121 0,284660 1,463917 3,209405 -0,801581 0,432203 2,633344 -0,004808 0,763164 3,356390
0,003202 -0,039757 3,252093 0,286369 1,467692 3,230419 -0,772564 0,967113 2,866681 -0,000223 0,760586 3,343892
0,001549 -0,037669 3,255385 0,288238 1,467342 3,232419 -0,597125 1,196034 2,756536 -0,015292 0,778141 3,393563
-0,006280 -0,038817 3,265811 0,290395 1,450810 3,229273 -0,520040 1,311653 2,893652 -0,007946 0,772921 3,368769
-0,021201 -0,047719 3,233962 0,296679 1,439167 3,229227 -0,390532 1,549072 3,341172 -0,029800 0,760563 3,343563
