22 12
-0,033615 -0,070288 3,296384 0,266566 1,413585 3,209630 -0,318469 1,386621 3,175687 0,021510 0,696378 3,418098
-0,029899 -0,061574 3,316398 0,281561 1,418805 3,225489 -0,354191 1,218613 2,919990 0,028661 0,691661 3,392891
-0,025966 -0,069912 3,320934 0,280417 1,419304 3,232273 -0,337135 1,036915 2,785092 0,033763 0,680315 3,429273
-0,024814 -0,072407 3,331247 0,285102 1,413035 3,244763 -0,341928 0,894041 2,678653 0,033763 0,680315 3,429273
-0,022695 -0,067467 3,341355 0,283352 1,407724 3,252488 -0,416100 0,615855 2,412695 0,036200 0,680845 3,392650
-0,027591 -0,057096 3,353801 0,292799 1,400811 3,247612 -0,424217 0,468772 2,363613 0,009965 0,714480 3,456478
-0,024954 -0,057704 3,352002 0,291893 1,396986 3,236306 -0,434124 0,409629 2,323359 0,006502 0,719524 3,522273
-0,019308 -0,061274 3,350069 0,305104 1,395820 3,259642 -0,433185 0,334015 2,275618 0,006628 0,732098 3,549426
-0,019555 -0,063292 3,349340 0,314204 1,394651 3,276383 -0,411168 0,318075 2,248594 -0,004583 0,738488 3,563186
-0,016425 -0,057745 3,353196 0,315771 1,399053 3,274006 -0,405718 0,324155 2,244920 -0,004583 0,738488 3,563186
-0,012888 -0,066329 3,367225 0,318045 1,402597 3,286671 -0,401056 0,337900 2,257100 -0,008218 0,724644 3,549315
-0,015668 -0,064691 3,369408 0,311239 1,409814 3,287887 -0,409531 0,347220 2,271586 -0,008437 0,728373 3,549333
-0,014510 -0,063513 3,367999 0,308778 1,413323 3,304860 -0,416107 0,351238 2,274234 -0,004595 0,730954 3,563051
-0,021194 -0,061571 3,353875 0,306486 1,412964 3,283698 -0,427749 0,366583 2,270366 -0,004583 0,738488 3,563186
-0,018653 -0,063793 3,358186 0,298968 1,413960 3,280450 -0,442580 0,443623 2,280491 0,017842 0,715776 3,482711
-0,017409 -0,067282 3,359803 0,300104 1,401647 3,277765 -0,429939 0,498637 2,254250 0,025098 0,696212 3,456401
-0,017576 -0,069950 3,360962 0,306195 1,417918 3,288105 -0,430817 0,709052 2,403129 0,033140 0,684155 3,430366
-0,021560 -0,074813 3,364241 0,307579 1,405743 3,259903 -0,441475 0,900617 2,490691 0,029120 0,692728 3,417964
-0,018677 -0,079083 3,376343 0,302567 1,422736 3,272328 -0,430282 1,016685 2,600745 0,032729 0,691468 3,430730
-0,027486 -0,076989 3,351545 0,295640 1,417932 3,256627 -0,376904 1,271197 2,931815 0,025306 0,690389 3,405314
-0,038234 -0,075196 3,363187 0,288902 1,415672 3,255717 -0,344013 1,363239 3,055108 0,017920 0,706025 3,430922
-0,041650 -0,078491 3,360856 0,289308 1,416873 3,260829 -0,337660 1,430992 3,220713 0,017901 0,698758 3,430820
