14 12
-0,060661 -0,016075 3,195984 0,274432 1,419001 3,222897 -0,336960 1,426570 3,259113 -0,004200 0,804358 3,381626
-0,054316 -0,017187 3,195734 0,269205 1,423399 3,213831 -0,427749 1,290163 3,000257 -0,015968 0,797970 3,368836
-0,051212 -0,018000 3,197250 0,257956 1,424492 3,222960 -0,787663 1,233048 3,388174 -0,015425 0,799830 3,344449
-0,048176 -0,015561 3,203182 0,255651 1,420525 3,191171 -0,951412 1,019205 3,303779 -0,012047 0,798923 3,356711
-0,042404 -0,019220 3,203064 0,249710 1,430932 3,196014 -1,110249 0,582740 3,029786 -0,019164 0,793509 3,381252
-0,038364 -0,020253 3,205968 0,250580 1,422737 3,191968 -1,175430 0,433237 3,140046 -0,026508 0,793483 3,381073
-0,038768 -0,016801 3,200838 0,246967 1,425966 3,205952 -1,174097 0,412441 3,156421 -0,022788 0,798008 3,368823
-0,036176 -0,016692 3,203259 0,252355 1,425542 3,199023 -1,163074 0,443682 3,116461 -0,015478 0,790849 3,368897
-0,032777 -0,019967 3,203474 0,250181 1,442704 3,197956 -1,045857 0,586106 2,915252 -0,015221 0,794441 3,368895
-0,031745 -0,019028 3,202349 0,248773 1,435301 3,203070 -0,949135 0,696365 2,800596 -0,011562 0,797134 3,381406
-0,034513 -0,017144 3,213595 0,247141 1,422754 3,196817 -0,800633 1,113334 3,151077 0,003390 0,800740 3,381567
-0,041972 -0,018505 3,213180 0,246424 1,425488 3,208700 -0,450219 1,171555 2,801136 -0,008124 0,803462 3,394082
-0,043067 -0,019985 3,228607 0,247177 1,426618 3,207068 -0,364972 1,277277 2,959476 -0,008124 0,803462 3,394082
-0,054671 -0,020498 3,216600 0,253610 1,411772 3,227554 -0,309313 1,410103 3,197731 -0,012319 0,793468 3,381244
