34 12
-0,026956 -0,071745 3,271940 0,248334 1,403486 3,222426 -0,287351 1,458774 3,220480 0,013793 0,687041 3,367978
-0,027568 -0,075573 3,277387 0,240656 1,418661 3,230352 -0,290523 1,445671 3,192380 0,010716 0,681094 3,355044
-0,025335 -0,072450 3,282354 0,248884 1,420585 3,234168 -0,348683 1,277266 2,922922 0,017538 0,689351 3,380394
-0,026854 -0,071079 3,287612 0,243866 1,413044 3,226030 -0,392607 1,040288 2,851552 0,018157 0,678509 3,379715
-0,031411 -0,073264 3,277043 0,240603 1,411469 3,227297 -0,428143 0,869259 2,762458 0,017747 0,685753 3,380250
-0,029814 -0,068466 3,285009 0,247694 1,414929 3,230345 -0,472005 0,580340 2,701254 0,010205 0,689355 3,380344
-0,027283 -0,070371 3,281216 0,246536 1,410191 3,236378 -0,469053 0,508119 2,690225 0,002838 0,702393 3,430775
-0,023217 -0,068999 3,270932 0,247119 1,421871 3,228948 -0,446911 0,533844 2,666018 0,013738 0,695274 3,392917
-0,017957 -0,076879 3,294274 0,250611 1,425310 3,239856 -0,395638 0,724749 2,723627 0,014209 0,679856 3,367607
-0,017716 -0,078984 3,296675 0,244534 1,410224 3,220626 -0,376959 0,820065 2,706662 0,018157 0,678509 3,379715
-0,015358 -0,078598 3,286600 0,242025 1,412898 3,235723 -0,375394 0,797847 2,735019 0,018157 0,678509 3,379715
-0,024055 -0,069878 3,288173 0,244537 1,415876 3,232996 -0,418159 0,648658 2,692704 0,017747 0,685753 3,380250
-0,023666 -0,081559 3,288744 0,240378 1,425906 3,245803 -0,447314 0,613568 2,708704 0,013932 0,684493 3,392758
-0,021853 -0,074299 3,288473 0,241092 1,410485 3,239865 -0,432849 0,645282 2,658456 0,017747 0,685753 3,380250
-0,015563 -0,076481 3,290630 0,244225 1,409082 3,233751 -0,407052 0,812788 2,691860 0,018131 0,671352 3,379625
-0,019194 -0,078312 3,294611 0,242167 1,405140 3,227456 -0,417302 0,798508 2,757424 0,014209 0,679856 3,367607
-0,023277 -0,074007 3,301810 0,241687 1,419016 3,230705 -0,437115 0,744921 2,753851 0,006805 0,688074 3,392630
-0,020085 -0,071684 3,284481 0,248369 1,432289 3,245628 -0,466501 0,633198 2,713618 -0,000549 0,688071 3,392528
-0,018255 -0,082550 3,292355 0,240808 1,412458 3,244667 -0,438548 0,694836 2,658789 0,003588 0,683111 3,404563
-0,014151 -0,089610 3,302281 0,246709 1,418966 3,249364 -0,425948 0,753852 2,650225 0,010915 0,668699 3,404473
-0,016272 -0,084078 3,315212 0,241981 1,407438 3,233405 -0,413209 0,830630 2,705354 0,011229 0,671210 3,378762
-0,016412 -0,084434 3,314691 0,242267 1,406898 3,231963 -0,443168 0,740944 2,747124 -0,000777 0,684491 3,392597
-0,017131 -0,076461 3,301758 0,243815 1,413328 3,225054 -0,456965 0,693328 2,720250 0,003292 0,682145 3,379865
-0,015228 -0,081468 3,295434 0,241986 1,416784 3,233343 -0,450883 0,683375 2,720746 -0,000482 0,692750 3,417736
-0,013981 -0,089852 3,303054 0,242614 1,414568 3,230724 -0,424127 0,777685 2,658124 0,014163 0,665588 3,367433
-0,015320 -0,081478 3,306070 0,241367 1,419480 3,229190 -0,414898 0,819917 2,676009 0,011029 0,674871 3,379245
-0,011062 -0,091140 3,301658 0,243903 1,417177 3,230066 -0,421397 0,786294 2,697347 0,010600 0,674985 3,379869
-0,016812 -0,085620 3,296435 0,244334 1,412227 3,235687 -0,454216 0,725004 2,691194 0,006466 0,679904 3,367824
-0,019617 -0,081036 3,276032 0,240762 1,411032 3,225697 -0,477808 0,730377 2,698838 0,006582 0,678906 3,343227
-0,019773 -0,085824 3,285759 0,240988 1,409788 3,229270 -0,467161 0,823177 2,670693 0,010053 0,677631 3,355552
-0,016241 -0,073129 3,283693 0,241238 1,420480 3,233380 -0,453061 1,015219 2,630113 0,006595 0,691684 3,392787
-0,016553 -0,076020 3,285269 0,243032 1,403570 3,217455 -0,425625 1,132849 2,696791 0,013950 0,691682 3,392851
-0,021431 -0,073576 3,277873 0,246024 1,407422 3,226841 -0,336771 1,422417 3,083450 0,006595 0,691684 3,392787
-0,020636 -0,073905 3,284668 0,244949 1,406379 3,221915 -0,291733 1,474356 3,223152 0,010435 0,692923 3,380283
