37 12
-0,099350 -0,089483 3,311256 0,250599 1,373193 3,252431 -0,425785 1,383675 3,281012 -0,023230 0,675605 3,442684
-0,089374 -0,083479 3,290869 0,237800 1,390716 3,289472 -0,557100 1,431946 3,441305 -0,027331 0,673224 3,429631
-0,085525 -0,090246 3,310846 0,229393 1,385651 3,263247 -0,671248 1,351820 3,423807 -0,015787 0,675625 3,442863
-0,077015 -0,090943 3,318984 0,230201 1,388973 3,251982 -0,861431 0,834740 2,758661 -0,016224 0,668282 3,442592
-0,080073 -0,085195 3,332365 0,235506 1,383277 3,222896 -0,941987 0,199390 2,576030 -0,019972 0,670566 3,455411
-0,081402 -0,081765 3,330940 0,241903 1,391615 3,222028 -0,916160 -0,055482 2,503754 -0,020080 0,679900 3,507902
-0,084450 -0,079297 3,311462 0,250011 1,394927 3,234832 -0,867535 -0,505359 3,039706 -0,045562 0,660058 3,416270
-0,078886 -0,079352 3,299258 0,245325 1,405230 3,267268 -0,674811 -0,613108 2,954708 -0,037964 0,656507 3,416496
-0,079487 -0,078977 3,302374 0,236427 1,418450 3,285222 -0,620547 -0,657825 3,057911 -0,026804 0,666964 3,455256
-0,077155 -0,085878 3,320456 0,227746 1,407722 3,267572 -0,527143 -0,700301 3,250612 -0,027237 0,659633 3,455180
-0,077040 -0,077995 3,326142 0,230708 1,412697 3,279965 -0,445679 -0,645765 3,174792 -0,027022 0,663307 3,455262
-0,071613 -0,080626 3,316900 0,227485 1,399473 3,254878 -0,506038 -0,682092 3,331521 -0,034692 0,666905 3,455072
-0,063106 -0,080178 3,335017 0,220151 1,399232 3,219109 -0,640331 -0,713044 3,296125 -0,023621 0,666506 3,494498
-0,065772 -0,082831 3,330698 0,220883 1,408047 3,237717 -0,562065 -0,643166 3,085740 -0,019558 0,663329 3,455458
-0,065580 -0,083396 3,332580 0,215235 1,396672 3,223439 -0,558996 -0,651032 3,132864 -0,020040 0,660497 3,481241
-0,068028 -0,080629 3,345082 0,203731 1,418633 3,242690 -0,604848 -0,684095 3,234717 -0,019817 0,671565 3,481541
-0,066427 -0,083279 3,332463 0,211802 1,407986 3,237829 -0,596908 -0,671604 3,158315 -0,004628 0,663358 3,455760
-0,061723 -0,079088 3,328644 0,209919 1,412608 3,239494 -0,553333 -0,640324 3,080267 -0,004628 0,663358 3,455760
-0,059196 -0,084344 3,331828 0,209470 1,403047 3,239125 -0,554099 -0,656414 3,169501 -0,008764 0,662811 3,494621
-0,053220 -0,087762 3,327033 0,211613 1,408023 3,236339 -0,645559 -0,686564 3,275478 -0,008549 0,666541 3,494818
-0,053266 -0,084024 3,330408 0,207246 1,400963 3,216974 -0,600146 -0,640609 3,114655 -0,012309 0,659673 3,455528
-0,051231 -0,085635 3,336741 0,202661 1,390796 3,216874 -0,560946 -0,635566 3,157147 -0,019836 0,656865 3,481309
-0,050432 -0,084805 3,331065 0,210301 1,408076 3,258679 -0,679065 -0,686431 3,355973 -0,019610 0,667913 3,481518
-0,050838 -0,089163 3,332061 0,207798 1,413568 3,253245 -0,676718 -0,686137 3,283650 -0,020040 0,660497 3,481241
-0,056104 -0,085601 3,336175 0,216676 1,406200 3,245923 -0,606991 -0,661451 3,164795 -0,016299 0,662796 3,494484
-0,055788 -0,084745 3,325772 0,222589 1,408926 3,252430 -0,638895 -0,688408 3,290474 -0,020040 0,660497 3,481241
-0,057940 -0,086184 3,328835 0,215748 1,407656 3,253433 -0,673298 -0,683673 3,332090 -0,016075 0,673904 3,494793
-0,056071 -0,086830 3,330455 0,215661 1,396829 3,247002 -0,662357 -0,651826 3,166851 -0,016299 0,662796 3,494484
-0,056148 -0,083301 3,324178 0,216260 1,412999 3,245880 -0,689850 -0,483182 3,122254 -0,023534 0,669242 3,468374
-0,054431 -0,085345 3,325940 0,219804 1,405571 3,234656 -0,726972 -0,344908 3,036474 -0,016505 0,666424 3,494321
-0,043145 -0,087301 3,351290 0,212747 1,408418 3,249460 -0,809869 0,032580 2,807949 -0,008755 0,670188 3,494740
-0,039181 -0,092944 3,348858 0,213064 1,392772 3,223655 -0,833470 0,492697 2,616610 -0,016106 0,678611 3,521407
-0,036942 -0,091670 3,348408 0,214339 1,395846 3,250899 -0,797067 0,693072 2,582862 -0,016315 0,682285 3,521337
-0,043837 -0,093151 3,346646 0,223308 1,393999 3,251115 -0,710113 1,200022 3,060415 -0,012085 0,675283 3,481801
-0,053913 -0,093223 3,365211 0,229126 1,372739 3,243847 -0,503665 1,238471 2,957332 -0,004821 0,674289 3,455874
-0,065860 -0,098971 3,360435 0,240019 1,378904 3,244473 -0,445360 1,333487 3,126218 -0,008564 0,671977 3,442913
-0,085614 -0,088511 3,314090 0,252434 1,382066 3,299039 -0,418735 1,419345 3,369599 -0,019754 0,674259 3,455589
