20 12
0,002336 -0,038568 3,235467 0,254475 1,446497 3,166857 -0,375730 1,349219 3,239038 0,010037 0,766768 3,356637
0,006522 -0,041785 3,252638 0,262174 1,457669 3,203566 -0,487483 1,184748 2,931874 0,010290 0,770343 3,356659
0,013333 -0,042905 3,240484 0,263827 1,440945 3,167311 -0,738115 1,188494 3,205639 0,010272 0,763195 3,356574
0,015190 -0,039046 3,243147 0,262814 1,449279 3,171595 -0,854894 1,103060 3,176469 0,010523 0,766750 3,356514
0,020108 -0,048700 3,256777 0,267239 1,441216 3,174786 -0,973699 0,814031 2,820826 0,017550 0,756044 3,356533
0,022271 -0,045538 3,256241 0,273736 1,448664 3,184210 -1,194430 0,707482 3,049722 0,010253 0,756049 3,356488
0,022400 -0,038065 3,268589 0,272809 1,443464 3,168612 -1,228691 0,632968 3,023360 0,013731 0,755004 3,368827
0,023687 -0,047272 3,263135 0,273170 1,450301 3,189404 -1,253722 0,536227 2,975992 0,006533 0,746405 3,344116
0,024170 -0,044111 3,260309 0,265157 1,456832 3,190681 -1,241705 0,500407 2,959936 -0,000447 0,747819 3,368458
0,024347 -0,045522 3,258920 0,266342 1,452028 3,190457 -1,244182 0,499453 2,963310 -0,001153 0,751397 3,368601
0,027202 -0,039020 3,259167 0,262611 1,444847 3,176906 -1,251778 0,529875 2,981503 -0,000971 0,749958 3,344103
0,024063 -0,038894 3,263068 0,263226 1,450112 3,190151 -1,205066 0,561562 2,930254 -0,000971 0,749958 3,344103
0,020757 -0,042202 3,250794 0,264665 1,462065 3,200361 -1,174008 0,591655 2,914800 0,002623 0,747464 3,331974
0,020620 -0,041588 3,253170 0,266951 1,459506 3,213665 -1,122964 0,704460 3,035177 0,010253 0,756049 3,356488
0,017114 -0,047057 3,257810 0,259015 1,454723 3,199698 -0,909725 0,792907 2,816285 0,010021 0,759620 3,356552
0,018256 -0,037869 3,262415 0,254710 1,448374 3,178186 -0,814959 0,860202 2,808415 0,010253 0,756049 3,356488
0,010305 -0,040370 3,256413 0,264356 1,445920 3,188770 -0,679149 1,144968 3,184367 -0,008211 0,762160 3,368675
0,006108 -0,044547 3,264559 0,257298 1,448694 3,176147 -0,452256 1,161281 2,957115 -0,004239 0,773560 3,406270
-0,001626 -0,041140 3,263405 0,256518 1,443975 3,188868 -0,385125 1,210036 3,023836 -0,011623 0,768325 3,381035
-0,009193 -0,039843 3,247303 0,260277 1,448729 3,189112 -0,313272 1,292555 3,173247 0,002811 0,764746 3,381250
