33 12
-0,046176 -0,046870 3,270849 0,328086 1,448298 3,294524 -0,424154 1,527154 3,297600 -0,037719 0,765621 3,367982
-0,043918 -0,048793 3,270113 0,325029 1,432329 3,272143 -0,461738 1,483072 3,190664 -0,041915 0,755258 3,405035
-0,043820 -0,044417 3,274613 0,328687 1,431987 3,276744 -0,511035 1,428343 3,074522 -0,030530 0,763622 3,393034
-0,036481 -0,047155 3,280221 0,314430 1,443715 3,261561 -0,573094 1,331522 2,921001 -0,030305 0,752820 3,392908
-0,036701 -0,037718 3,279585 0,299893 1,439817 3,247461 -0,630111 1,185527 2,774196 -0,012131 0,753913 3,380854
-0,031200 -0,041261 3,281797 0,287476 1,439605 3,236656 -0,691714 0,992945 2,639941 -0,008220 0,752887 3,393417
-0,039492 -0,040002 3,294289 0,279614 1,430795 3,219374 -0,739516 0,761936 2,530210 -0,019411 0,755984 3,356043
-0,039326 -0,051201 3,290663 0,277322 1,426441 3,222858 -0,765202 0,487539 2,487589 -0,016257 0,758436 3,368140
-0,037391 -0,034394 3,292660 0,282405 1,427189 3,200827 -0,763230 0,229389 2,469353 -0,038372 0,763483 3,392536
-0,045170 -0,044075 3,292562 0,283259 1,441626 3,214079 -0,747840 0,003897 2,500009 -0,045520 0,758307 3,367387
-0,046428 -0,043589 3,278786 0,289938 1,425623 3,203955 -0,732585 -0,191239 2,570603 -0,060279 0,761385 3,417130
-0,048869 -0,046102 3,283418 0,293988 1,434305 3,216027 -0,701840 -0,338150 2,678646 -0,052585 0,738962 3,342368
-0,049517 -0,046759 3,274454 0,293324 1,437402 3,212078 -0,666289 -0,450573 2,777108 -0,059617 0,735415 3,342187
-0,047432 -0,046490 3,264458 0,291178 1,448730 3,224824 -0,625887 -0,509949 2,880787 -0,070828 0,732037 3,378573
-0,045107 -0,054609 3,266241 0,285524 1,457268 3,228246 -0,593534 -0,545483 2,980322 -0,063827 0,737066 3,403987
-0,048845 -0,041406 3,267023 0,281161 1,464215 3,231945 -0,570568 -0,564162 3,062079 -0,063590 0,740705 3,404025
-0,047538 -0,051046 3,252741 0,281675 1,458266 3,222388 -0,555578 -0,570815 3,107586 -0,066992 0,729608 3,366350
-0,050494 -0,057339 3,262240 0,282081 1,450458 3,229802 -0,553191 -0,576027 3,134069 -0,063642 0,727090 3,353981
-0,051349 -0,046096 3,267751 0,285899 1,444857 3,218798 -0,554726 -0,567346 3,136956 -0,062471 0,730777 3,353970
-0,053617 -0,044706 3,273094 0,282022 1,464662 3,222884 -0,562653 -0,554134 3,095927 -0,067455 0,736659 3,366230
-0,051157 -0,048840 3,264220 0,277892 1,443776 3,204348 -0,565119 -0,536034 3,055002 -0,067223 0,733143 3,366331
-0,050452 -0,045785 3,272396 0,272084 1,443190 3,198817 -0,582304 -0,511828 2,998044 -0,048834 0,737954 3,354865
-0,053719 -0,042844 3,264773 0,272234 1,432815 3,169080 -0,602624 -0,466827 2,935151 -0,078805 0,747742 3,403344
-0,051187 -0,048406 3,271478 0,264657 1,439023 3,189995 -0,629418 -0,379588 2,840092 -0,062930 0,745054 3,354418
-0,047808 -0,049183 3,275873 0,262793 1,435436 3,180131 -0,649863 -0,253546 2,738491 -0,064290 0,765904 3,404171
-0,046704 -0,042239 3,284307 0,257352 1,431514 3,188920 -0,666830 -0,085624 2,643510 -0,051854 0,748297 3,318526
-0,038690 -0,039166 3,272457 0,252726 1,428728 3,178918 -0,665056 0,132451 2,570483 -0,038286 0,786933 3,418241
-0,035167 -0,045368 3,273184 0,256073 1,436277 3,191740 -0,673053 0,380895 2,531494 -0,038123 0,774376 3,392864
-0,032825 -0,044104 3,275592 0,256644 1,441255 3,201184 -0,670776 0,668299 2,535950 -0,019411 0,755984 3,356043
-0,031248 -0,046054 3,277465 0,267201 1,436939 3,206553 -0,638624 0,938480 2,587423 -0,036995 0,762043 3,367728
-0,031462 -0,046002 3,273456 0,273612 1,434219 3,210174 -0,578513 1,163870 2,715660 -0,019264 0,769903 3,405980
-0,035845 -0,049338 3,278804 0,278518 1,428735 3,225325 -0,519324 1,354469 2,900185 -0,023233 0,776130 3,418594
-0,039464 -0,045766 3,278789 0,291113 1,424612 3,236839 -0,460996 1,466254 3,059136 -0,048303 0,776991 3,404917
