32 12
-0,017876 -0,073541 3,306608 0,293071 1,393085 3,280696 -0,417834 1,396138 3,241950 0,025617 0,725512 3,456896
-0,017067 -0,074811 3,298594 0,287936 1,385923 3,263097 -0,536979 1,392378 3,357466 0,017958 0,720568 3,431124
-0,015059 -0,073982 3,311482 0,289843 1,406594 3,283345 -0,618261 1,333184 3,317351 0,014324 0,723040 3,443937
-0,010582 -0,078689 3,320542 0,286131 1,379920 3,259367 -0,735216 1,019381 2,914955 0,033137 0,726831 3,482940
-0,003743 -0,076365 3,318461 0,290201 1,387548 3,271805 -0,870093 0,769439 2,965321 0,036815 0,725624 3,495958
-0,001713 -0,072886 3,322572 0,292720 1,390971 3,260480 -0,891090 0,590066 2,902045 0,029743 0,733067 3,496198
0,003876 -0,084369 3,338645 0,296295 1,387431 3,288925 -0,923990 0,278643 2,863925 0,021748 0,724346 3,469861
0,001529 -0,080913 3,332999 0,295733 1,392906 3,265821 -0,880615 0,047050 2,823187 0,014412 0,729387 3,496130
0,004109 -0,081594 3,326195 0,295370 1,410983 3,291076 -0,864681 -0,037105 2,873187 0,003047 0,726862 3,482844
0,005709 -0,082059 3,321289 0,294815 1,395701 3,268012 -0,837128 -0,167172 3,069651 -0,008485 0,723005 3,443659
0,007033 -0,080547 3,327998 0,294318 1,391645 3,274715 -0,806947 -0,213267 3,066423 -0,000813 0,719387 3,443766
0,008390 -0,080389 3,320187 0,293167 1,402767 3,280032 -0,796451 -0,236107 3,105952 -0,008282 0,714481 3,418074
0,002650 -0,080161 3,321682 0,287074 1,401817 3,280420 -0,796392 -0,258255 3,160915 -0,012213 0,725484 3,456515
0,005359 -0,087140 3,329985 0,288209 1,400059 3,269746 -0,782451 -0,256825 3,148768 -0,004750 0,718173 3,456529
0,005030 -0,074850 3,323307 0,287767 1,395067 3,275608 -0,788306 -0,247021 3,171982 -0,008282 0,714481 3,418074
0,006941 -0,079775 3,321383 0,282429 1,410816 3,253570 -0,788721 -0,246116 3,147833 -0,008264 0,719377 3,443650
0,007159 -0,082948 3,328705 0,288164 1,404989 3,257922 -0,782017 -0,241626 3,147092 -0,004560 0,716926 3,430880
0,008337 -0,083853 3,323512 0,289980 1,389943 3,256261 -0,788071 -0,243543 3,149993 -0,008282 0,714481 3,418074
0,008882 -0,083396 3,329231 0,286231 1,396279 3,280035 -0,783248 -0,240196 3,133725 -0,000595 0,715741 3,443678
0,009634 -0,080115 3,325426 0,294983 1,386571 3,254899 -0,779650 -0,225677 3,123955 -0,000813 0,719387 3,443766
0,008176 -0,082422 3,330272 0,295033 1,386375 3,255501 -0,786550 -0,213789 3,113351 -0,000813 0,719387 3,443766
0,008000 -0,081990 3,325353 0,291722 1,411404 3,275416 -0,792213 -0,156875 3,054649 0,010649 0,718204 3,456724
0,009265 -0,077303 3,320793 0,289322 1,396042 3,272749 -0,807739 -0,014811 3,040675 0,010530 0,720573 3,431078
0,012766 -0,078900 3,322324 0,291753 1,403073 3,269897 -0,815427 0,080078 2,966434 0,014089 0,719389 3,443906
0,009071 -0,079689 3,337158 0,293822 1,388364 3,265721 -0,830726 0,335363 2,859528 0,037268 0,725644 3,496052
0,008898 -0,074042 3,333567 0,292952 1,389121 3,277180 -0,754227 0,626628 2,678340 0,033374 0,730519 3,482994
0,008360 -0,078628 3,332253 0,291917 1,380772 3,253826 -0,716804 0,768065 2,675858 0,033137 0,726831 3,482940
0,003371 -0,077186 3,324096 0,296314 1,387039 3,282318 -0,632304 1,132680 2,983669 0,029246 0,724332 3,469856
-0,003812 -0,087084 3,339332 0,291878 1,390236 3,278548 -0,480569 1,229052 2,881831 0,036441 0,719349 3,443891
-0,009114 -0,075181 3,334392 0,298273 1,393861 3,284204 -0,406890 1,288588 2,967322 0,028973 0,718098 3,418395
-0,020545 -0,075239 3,317225 0,295307 1,393599 3,298967 -0,335557 1,429663 3,254016 0,033028 0,716886 3,430992
-0,021310 -0,072735 3,320527 0,301583 1,394500 3,271983 -0,371595 1,429170 3,273714 0,036678 0,722999 3,443944
