21 12
0,036328 -0,020295 3,266211 0,343580 1,437946 3,238308 -0,318049 1,278970 3,245086 0,058614 0,801530 3,419176
0,035274 -0,023162 3,269076 0,334730 1,434553 3,203381 -0,375017 1,186717 3,064742 0,059555 0,807015 3,444784
0,040035 -0,022338 3,265477 0,341903 1,430639 3,236984 -0,516129 1,182699 3,250535 0,069976 0,798710 3,406236
0,040801 -0,021378 3,264189 0,343869 1,430608 3,229123 -0,596101 1,145266 3,243261 0,056011 0,802461 3,457693
0,048301 -0,020804 3,276425 0,344066 1,435146 3,218078 -0,723048 0,933208 2,968159 0,073948 0,799606 3,444353
0,053771 -0,024427 3,264269 0,344350 1,434839 3,219223 -0,961643 0,902832 3,245028 0,066015 0,788800 3,393631
0,053376 -0,021583 3,267231 0,345050 1,434581 3,225791 -1,037838 0,835138 3,237040 0,077891 0,796816 3,431402
0,061560 -0,018464 3,284444 0,349286 1,441382 3,236958 -1,102922 0,687130 3,037961 0,069431 0,784227 3,406057
0,060961 -0,021922 3,273129 0,346762 1,430780 3,228776 -1,166481 0,662002 3,091894 0,061589 0,778982 3,381129
0,062056 -0,020669 3,274054 0,348139 1,449489 3,239103 -1,157401 0,638986 3,070507 0,065498 0,781597 3,393555
0,064614 -0,027699 3,270536 0,352370 1,450965 3,250771 -1,163817 0,626102 3,056390 0,066214 0,783289 3,418815
0,066786 -0,026326 3,276541 0,348748 1,441230 3,245922 -1,137956 0,635665 3,017481 0,070149 0,780539 3,405876
0,067055 -0,025484 3,276568 0,335725 1,441541 3,216533 -1,114272 0,646009 2,997705 0,061822 0,775381 3,381116
0,067521 -0,022708 3,277585 0,345466 1,438015 3,230130 -1,114944 0,703043 3,060059 0,080796 0,786816 3,418417
0,064327 -0,022282 3,278252 0,344260 1,443485 3,243456 -0,971346 0,746394 2,888732 0,080796 0,786816 3,418417
0,068062 -0,028679 3,277186 0,336248 1,438857 3,227480 -0,897901 0,794610 2,855663 0,077133 0,793169 3,431207
0,064044 -0,021372 3,274170 0,339509 1,441347 3,233404 -0,795490 1,012464 3,100208 0,066727 0,795994 3,444535
0,062582 -0,021708 3,284783 0,340178 1,425256 3,217112 -0,576989 1,050179 2,865131 0,070224 0,800547 3,431687
0,057889 -0,018727 3,286880 0,334120 1,446665 3,228486 -0,504509 1,117947 2,913375 0,067009 0,812574 3,470636
0,051028 -0,027506 3,272611 0,334901 1,433680 3,227248 -0,377469 1,323826 3,256107 0,056037 0,809819 3,457798
0,041452 -0,015197 3,286777 0,333455 1,430686 3,201061 -0,293576 1,311277 3,191230 0,062814 0,807905 3,431954
