38 12
-0,112681 -0,025146 3,254995 0,222351 1,267648 3,301043 -0,400678 1,384386 3,132174 -0,063170 0,741461 3,354385
-0,114142 -0,022344 3,263504 0,225462 1,261720 3,292074 -0,394612 1,332074 3,073083 -0,063402 0,752127 3,354453
-0,110128 -0,019954 3,263528 0,229055 1,249614 3,280736 -0,398031 1,258778 3,003519 -0,063404 0,744987 3,354362
-0,109043 -0,023275 3,263253 0,234960 1,222638 3,269037 -0,422143 1,153308 2,939536 -0,059676 0,743982 3,366874
-0,109199 -0,025875 3,260859 0,239312 1,169698 3,232630 -0,468338 1,053653 2,878859 -0,055428 0,727277 3,354432
-0,107062 -0,029039 3,255466 0,228966 1,107872 3,200608 -0,537175 0,925407 2,862237 -0,048372 0,730885 3,354861
-0,106781 -0,024549 3,259309 0,209902 1,045533 3,180070 -0,629072 0,808456 2,857570 -0,052841 0,729612 3,366750
-0,103811 -0,022394 3,254939 0,184776 1,008277 3,178233 -0,719279 0,705228 2,919985 -0,046204 0,741620 3,391408
-0,104777 -0,028004 3,251754 0,163878 0,975270 3,200115 -0,807077 0,618691 2,955424 -0,056587 0,730630 3,354094
-0,098951 -0,027884 3,250116 0,136793 0,972877 3,214367 -0,875104 0,555086 2,960121 -0,042622 0,744159 3,404095
-0,095244 -0,032004 3,262419 0,118667 0,970518 3,215940 -0,925043 0,521720 2,990375 -0,045762 0,733157 3,366808
-0,095304 -0,028528 3,249866 0,110687 0,966656 3,216072 -0,947540 0,504752 3,009804 -0,052819 0,728217 3,341996
-0,089023 -0,034499 3,254379 0,108535 0,973921 3,219611 -0,955256 0,499395 3,017574 -0,053783 0,730646 3,390591
-0,087709 -0,039325 3,260349 0,110179 0,980033 3,230301 -0,925655 0,510487 3,018982 -0,049763 0,731916 3,378705
-0,091890 -0,029832 3,249433 0,110725 0,971003 3,233539 -0,881878 0,527656 2,995822 -0,064291 0,736960 3,403758
-0,092189 -0,032559 3,258271 0,103864 0,970781 3,215608 -0,821280 0,554136 2,975486 -0,088341 0,764758 3,506474
-0,089337 -0,034276 3,260804 0,104385 0,966364 3,214705 -0,767045 0,582222 2,974376 -0,060682 0,745225 3,391254
-0,095454 -0,036729 3,249030 0,101348 0,962325 3,204725 -0,719606 0,602224 2,952133 -0,056815 0,726966 3,353728
-0,097168 -0,034946 3,254652 0,103994 0,963850 3,199064 -0,691350 0,608009 2,939274 -0,057093 0,731866 3,378440
-0,097138 -0,031439 3,259713 0,096971 0,969766 3,195580 -0,692153 0,597603 2,952648 -0,057664 0,749149 3,428989
-0,097936 -0,033992 3,255489 0,097502 0,959755 3,202762 -0,717848 0,590064 2,983971 -0,060909 0,734314 3,390777
-0,096515 -0,031391 3,249575 0,102982 0,963140 3,207073 -0,765448 0,561707 3,011400 -0,057146 0,740549 3,403872
-0,095438 -0,037446 3,255323 0,108289 0,969637 3,214227 -0,815691 0,518053 3,025862 -0,046203 0,734413 3,391309
-0,092183 -0,036863 3,239046 0,102825 0,968712 3,200741 -0,865963 0,488118 3,047217 -0,057664 0,749149 3,428989
-0,093557 -0,035045 3,246756 0,105949 0,969267 3,204515 -0,896946 0,474562 3,084535 -0,073051 0,755824 3,480485
-0,089351 -0,032707 3,241960 0,108355 0,969496 3,204880 -0,918916 0,473535 3,121185 -0,056633 0,739228 3,379107
-0,089337 -0,036814 3,236258 0,108397 0,955837 3,188983 -0,919929 0,473758 3,101976 -0,049769 0,740599 3,404147
-0,091361 -0,037071 3,239107 0,104434 0,971328 3,193094 -0,908971 0,503099 3,097717 -0,049538 0,737064 3,404351
-0,093725 -0,036576 3,227257 0,104380 0,974005 3,217304 -0,887679 0,556268 3,088591 -0,049302 0,723548 3,354274
-0,096952 -0,041489 3,235681 0,107803 0,978120 3,215867 -0,852996 0,627888 3,028443 -0,057318 0,728158 3,377981
-0,095567 -0,040192 3,238665 0,108170 0,965444 3,199392 -0,830494 0,737678 3,019529 -0,050225 0,733148 3,403278
-0,090744 -0,027896 3,243476 0,107893 0,974733 3,185367 -0,789579 0,855275 3,005242 -0,053559 0,741573 3,391158
-0,094735 -0,034489 3,244884 0,099983 0,980406 3,211193 -0,742256 0,999201 3,025411 -0,049302 0,723548 3,354274
-0,089998 -0,035673 3,255640 0,103386 0,966397 3,188816 -0,677248 1,142805 3,034491 -0,049760 0,730465 3,353629
-0,088289 -0,031416 3,255574 0,103016 0,975923 3,213967 -0,595998 1,253925 3,069601 -0,048840 0,732199 3,379543
-0,085335 -0,034526 3,238530 0,102649 0,965163 3,201721 -0,532747 1,340982 3,124639 -0,053071 0,733110 3,366552
-0,089122 -0,038349 3,248912 0,101805 0,972285 3,195016 -0,471151 1,397830 3,187934 -0,049530 0,727016 3,353992
-0,091573 -0,039268 3,252878 0,106311 0,972154 3,193564 -0,423700 1,425052 3,234986 -0,042431 0,731959 3,378940
