27 12
-0,026431 -0,019521 3,273915 0,309165 1,407143 3,318974 -0,333756 1,383084 3,178234 0,024597 0,752461 3,356513
-0,024014 -0,015433 3,263991 0,311487 1,421280 3,328097 -0,407436 1,331950 3,212155 0,024376 0,747452 3,332088
-0,023353 -0,015565 3,281812 0,311655 1,399767 3,318661 -0,485082 1,227288 3,143182 0,017709 0,753954 3,381202
-0,023426 -0,024040 3,276590 0,316025 1,409533 3,337376 -0,620486 0,816889 2,783727 0,025277 0,750329 3,381083
-0,025757 -0,021920 3,275582 0,322868 1,409294 3,339056 -0,706642 0,526106 2,896286 0,028367 0,756467 3,393641
-0,023225 -0,015315 3,281901 0,326216 1,405640 3,332282 -0,675318 0,398922 2,861394 0,017479 0,757549 3,381262
-0,020846 -0,016981 3,285301 0,324937 1,407229 3,332963 -0,593360 0,298755 3,051257 0,010005 0,752476 3,356467
-0,017536 -0,013166 3,274467 0,318506 1,432819 3,343445 -0,490029 0,264913 2,958830 0,020569 0,754937 3,368625
-0,011799 -0,020592 3,290032 0,314096 1,413557 3,340431 -0,497799 0,251146 3,013812 0,017262 0,768321 3,381328
-0,008678 -0,020267 3,284967 0,315636 1,415102 3,325835 -0,556431 0,205947 2,948465 0,016894 0,750989 3,332052
-0,002656 -0,022096 3,289294 0,317606 1,411836 3,331650 -0,597536 0,228607 2,986004 0,017479 0,757549 3,381262
-0,004521 -0,017536 3,282170 0,313383 1,432338 3,340677 -0,566286 0,235336 2,933980 0,017479 0,757549 3,381262
-0,005817 -0,016810 3,290082 0,315537 1,401450 3,324816 -0,513158 0,278941 3,014412 0,017247 0,761125 3,381238
-0,005420 -0,020840 3,296010 0,311682 1,400597 3,327444 -0,530268 0,286124 3,024755 0,025047 0,762685 3,406365
-0,007394 -0,021760 3,299367 0,319827 1,414927 3,347822 -0,572397 0,280198 3,048568 0,013731 0,755004 3,368827
-0,009196 -0,026919 3,299327 0,316330 1,404137 3,330554 -0,620608 0,278917 2,961246 0,013639 0,756488 3,393642
-0,010960 -0,016360 3,307099 0,317068 1,411572 3,340414 -0,585783 0,315770 2,916111 0,017659 0,762696 3,406359
-0,012025 -0,022749 3,301734 0,321245 1,428864 3,344881 -0,549665 0,340276 2,891970 0,017728 0,761146 3,381292
-0,018621 -0,023434 3,280842 0,317860 1,412322 3,351775 -0,513091 0,415676 2,938564 0,017479 0,757549 3,381262
-0,021460 -0,025660 3,299751 0,324291 1,409015 3,351332 -0,481323 0,549014 2,857319 0,017958 0,757531 3,381150
-0,021177 -0,022342 3,292878 0,318184 1,404929 3,350094 -0,462776 0,678241 2,843464 0,021354 0,741391 3,319691
-0,021851 -0,037265 3,291300 0,317368 1,407680 3,339733 -0,410197 0,989234 2,937710 0,025252 0,734559 3,356039
-0,025723 -0,023086 3,292286 0,314926 1,427758 3,354434 -0,379107 1,211520 2,966158 0,028350 0,747817 3,368756
-0,026749 -0,026523 3,287091 0,313471 1,402594 3,344133 -0,357904 1,299252 3,038356 0,024579 0,745319 3,356430
-0,031268 -0,034126 3,286698 0,313236 1,409055 3,335407 -0,301538 1,444078 3,280939 0,025053 0,745302 3,356333
-0,034826 -0,029731 3,292894 0,314164 1,402772 3,330542 -0,283341 1,444923 3,298484 0,024579 0,745319 3,356430
-0,035623 -0,021982 3,294146 0,316330 1,405027 3,347455 -0,289296 1,433056 3,291525 0,024579 0,745319 3,356430
