46 12
-0,015465 -0,043978 3,261446 0,294713 1,453832 3,218095 -0,380627 1,444893 3,138803 -0,015215 0,762640 3,319746
-0,013095 -0,037859 3,265900 0,293910 1,453242 3,210993 -0,431818 1,399124 3,063635 -0,019091 0,768719 3,331851
-0,011510 -0,039144 3,264388 0,290591 1,458819 3,223246 -0,498287 1,314732 2,962522 -0,018806 0,760107 3,307648
-0,006765 -0,044212 3,264723 0,294010 1,453942 3,222605 -0,584171 1,194897 2,870253 -0,019057 0,756578 3,307658
-0,008367 -0,032912 3,270574 0,293177 1,448704 3,210155 -0,695215 1,039266 2,784126 -0,008235 0,759117 3,319888
-0,007209 -0,044312 3,271879 0,299019 1,470323 3,235313 -0,801034 0,849866 2,743422 -0,011879 0,747443 3,331756
-0,010490 -0,043107 3,282902 0,298551 1,457230 3,229449 -0,883582 0,605916 2,703126 -0,022458 0,755543 3,319496
-0,013255 -0,042020 3,281931 0,298006 1,454601 3,209689 -0,938886 0,360087 2,641855 -0,019315 0,745983 3,307513
-0,017619 -0,047019 3,285387 0,303821 1,461219 3,215243 -0,975208 0,141414 2,692549 -0,019082 0,742481 3,307504
-0,017901 -0,049966 3,268124 0,315535 1,469975 3,235058 -0,963076 -0,040088 2,735187 -0,034008 0,748784 3,355577
-0,025547 -0,043403 3,269780 0,309435 1,449357 3,215893 -0,942532 -0,189822 2,793966 -0,048589 0,748703 3,355083
-0,022856 -0,047226 3,270479 0,312901 1,452051 3,223297 -0,896342 -0,289292 2,855575 -0,041590 0,743661 3,330670
-0,027707 -0,055950 3,267605 0,313023 1,475256 3,264309 -0,843556 -0,354303 2,913062 -0,047905 0,735303 3,306542
-0,026063 -0,043152 3,262242 0,308598 1,455107 3,234821 -0,776716 -0,407085 2,943380 -0,037498 0,732878 3,294898
-0,029993 -0,051295 3,258151 0,301385 1,450134 3,219169 -0,696572 -0,436964 2,976509 -0,033743 0,731838 3,306984
-0,030373 -0,044875 3,262448 0,299728 1,451061 3,222199 -0,610580 -0,446005 2,991454 -0,041594 0,736570 3,330586
-0,031588 -0,043778 3,254185 0,293738 1,448389 3,215971 -0,550379 -0,438674 2,998399 -0,041829 0,732948 3,330296
-0,029761 -0,054022 3,248274 0,295888 1,460306 3,232928 -0,536394 -0,438508 2,994107 -0,041132 0,729584 3,330760
-0,023721 -0,051000 3,251998 0,289820 1,464149 3,222317 -0,567241 -0,473169 3,027689 -0,040893 0,733150 3,330811
-0,020484 -0,052295 3,243446 0,289883 1,465827 3,218822 -0,637906 -0,507568 3,078555 -0,041362 0,733086 3,330712
-0,016755 -0,053922 3,256190 0,292737 1,449299 3,205965 -0,714205 -0,510995 3,096197 -0,041132 0,729584 3,330760
-0,013511 -0,050591 3,249970 0,290665 1,461276 3,214150 -0,726162 -0,483253 3,058943 -0,033513 0,728340 3,306962
-0,015128 -0,040991 3,257101 0,289085 1,456506 3,191915 -0,702268 -0,494835 3,080890 -0,041357 0,740175 3,330796
-0,013009 -0,049340 3,248383 0,293356 1,452045 3,212235 -0,631337 -0,481785 3,031776 -0,033513 0,728340 3,306962
-0,012559 -0,049778 3,250430 0,289529 1,461223 3,214061 -0,573788 -0,463544 3,010825 -0,029726 0,734307 3,319055
-0,015679 -0,056094 3,254960 0,291926 1,458878 3,186471 -0,547993 -0,444297 3,016701 -0,033752 0,724798 3,306907
-0,012465 -0,049990 3,255604 0,292830 1,448577 3,198341 -0,568193 -0,460423 3,029570 -0,029968 0,730771 3,319074
-0,011647 -0,053776 3,240803 0,292748 1,460329 3,202224 -0,631298 -0,480500 3,071875 -0,029957 0,737836 3,319154
-0,012202 -0,049116 3,253148 0,286607 1,460433 3,215706 -0,701828 -0,487742 3,118836 -0,022584 0,732125 3,343423
-0,013351 -0,048817 3,249256 0,295278 1,460173 3,200190 -0,718875 -0,486379 3,102143 -0,033743 0,731838 3,306984
-0,012517 -0,044483 3,250976 0,291244 1,463192 3,215232 -0,673029 -0,476115 3,087095 -0,033734 0,738880 3,307062
-0,011212 -0,047105 3,245363 0,286061 1,459640 3,190676 -0,623932 -0,449629 3,039573 -0,037422 0,734247 3,318877
-0,012070 -0,053426 3,250622 0,290721 1,454476 3,212004 -0,623089 -0,418281 3,029640 -0,033502 0,735381 3,307040
-0,008678 -0,050001 3,257217 0,292065 1,471460 3,215769 -0,662468 -0,388737 2,984173 -0,026863 0,740244 3,331215
-0,007289 -0,046515 3,237514 0,294813 1,459503 3,213208 -0,729020 -0,322316 2,928132 -0,023204 0,737802 3,319216
-0,000829 -0,047819 3,245726 0,290029 1,481127 3,223980 -0,801724 -0,217835 2,871391 -0,023275 0,742729 3,343469
0,002205 -0,047637 3,227680 0,286394 1,468969 3,208772 -0,859340 -0,076156 2,807814 -0,008470 0,751386 3,368498
0,013539 -0,048746 3,231465 0,279360 1,472469 3,199084 -0,896596 0,112951 2,747982 -0,000842 0,760114 3,393621
0,018342 -0,037086 3,242225 0,282718 1,483040 3,223165 -0,910897 0,337073 2,718622 -0,000877 0,769343 3,368872
0,021299 -0,040980 3,234630 0,289949 1,474575 3,216698 -0,887896 0,592010 2,715476 0,006428 0,762175 3,368863
0,025141 -0,045342 3,231135 0,291145 1,474666 3,230483 -0,846199 0,849977 2,747341 0,002887 0,758111 3,332067
0,021000 -0,045222 3,233079 0,288512 1,464631 3,212270 -0,754379 1,060699 2,810741 0,010009 0,753097 3,308030
0,018084 -0,038544 3,218584 0,290359 1,467580 3,224171 -0,653224 1,242225 2,911618 0,010290 0,770343 3,356659
0,013385 -0,036400 3,234737 0,291911 1,460153 3,217858 -0,560722 1,372475 3,022609 0,002602 0,782724 3,381426
0,005276 -0,043607 3,217382 0,292704 1,465470 3,221709 -0,465185 1,465366 3,145496 -0,004290 0,777486 3,356572
-0,006469 -0,037925 3,230490 0,300551 1,457096 3,234506 -0,375580 1,502090 3,219024 -0,004290 0,777486 3,356572
