14 12
-0,057391 -0,019227 3,226555 0,265412 1,412612 3,237430 -0,381713 1,414011 3,303384 -0,012319 0,793468 3,381244
-0,058780 -0,021109 3,219677 0,265156 1,423468 3,247484 -0,514954 1,212680 2,962414 -0,012064 0,797113 3,381411
-0,058042 -0,016397 3,227671 0,255241 1,424718 3,225588 -0,918376 1,140440 3,419580 -0,026251 0,797087 3,381059
-0,056259 -0,018479 3,222556 0,253878 1,414858 3,204291 -1,075118 0,959308 3,338621 -0,015221 0,794441 3,368895
-0,054457 -0,018235 3,231457 0,260336 1,429130 3,227971 -1,189089 0,572248 3,138772 -0,026401 0,795316 3,356378
-0,053701 -0,013033 3,227914 0,260267 1,427484 3,231628 -1,243044 0,470225 3,241920 -0,033995 0,798848 3,405984
-0,051459 -0,018146 3,225352 0,263070 1,427527 3,219935 -1,235459 0,453292 3,233079 -0,030121 0,790795 3,368539
-0,050932 -0,013498 3,219402 0,266605 1,420745 3,219793 -1,228294 0,452353 3,215213 -0,037605 0,796120 3,393265
-0,048877 -0,024328 3,221807 0,254256 1,428984 3,241442 -1,167032 0,518783 3,107038 -0,030375 0,787184 3,368474
-0,045900 -0,017834 3,221173 0,246125 1,425713 3,217831 -1,093837 0,592333 2,998938 -0,027008 0,793420 3,380943
-0,044296 -0,016722 3,222697 0,242556 1,430552 3,223379 -0,985122 0,904654 3,133859 -0,012076 0,808035 3,432011
-0,042494 -0,019998 3,223444 0,245002 1,420053 3,209102 -0,592719 1,027430 2,711082 -0,012058 0,809797 3,406636
-0,046373 -0,016541 3,223246 0,247005 1,414028 3,207008 -0,490584 1,145462 2,820593 -0,015711 0,801604 3,368998
-0,052744 -0,017651 3,218463 0,251154 1,427452 3,225362 -0,332925 1,405059 3,264525 -0,008382 0,799823 3,393992
