23 12
-0,036219 -0,018636 3,275541 0,320834 1,429510 3,268656 -0,386962 1,535861 3,224059 -0,011592 0,782723 3,381219
-0,032431 -0,024407 3,279888 0,318128 1,411363 3,266238 -0,438895 1,374736 2,932844 -0,015038 0,781734 3,393477
-0,032033 -0,016129 3,271724 0,316404 1,407416 3,254557 -0,442645 1,131701 2,810851 -0,015012 0,776473 3,368540
-0,034630 -0,016147 3,296891 0,318221 1,423372 3,263028 -0,440189 0,957605 2,700521 -0,022419 0,774487 3,393199
-0,037974 -0,018268 3,286812 0,318247 1,413489 3,264301 -0,463028 0,642399 2,685606 -0,022657 0,778118 3,393388
-0,033475 -0,021307 3,285832 0,317756 1,415090 3,259925 -0,441125 0,422107 2,746120 0,000286 0,782320 3,281352
-0,030046 -0,019934 3,278731 0,317124 1,418638 3,276212 -0,423722 0,385035 2,833087 0,004679 0,788887 3,295005
-0,026164 -0,018147 3,292110 0,316886 1,418422 3,270337 -0,371202 0,366385 3,087561 0,008837 0,784653 3,307686
-0,024953 -0,015815 3,288156 0,321435 1,417818 3,271230 -0,348214 0,387659 3,134458 0,016984 0,793615 3,332527
-0,023175 -0,020150 3,275148 0,327623 1,409590 3,273072 -0,334977 0,408311 3,215983 0,023966 0,805992 3,356673
-0,024573 -0,010825 3,289110 0,319569 1,411091 3,278895 -0,326435 0,424264 3,249760 0,028498 0,814288 3,394376
-0,030809 -0,013684 3,300532 0,317198 1,423640 3,268843 -0,328126 0,421370 3,234927 0,032048 0,811526 3,381830
-0,031104 -0,019364 3,289439 0,312848 1,417261 3,255232 -0,319569 0,416686 3,241744 0,028234 0,810627 3,394165
-0,032778 -0,004838 3,300540 0,315849 1,419161 3,263376 -0,321625 0,416898 3,257051 0,016751 0,804246 3,332498
-0,028449 -0,011038 3,286414 0,312266 1,406711 3,259177 -0,326520 0,440789 3,206876 0,024229 0,809636 3,356952
-0,035899 -0,014232 3,298637 0,312820 1,422749 3,260311 -0,336985 0,477788 3,166780 -0,008595 0,814446 3,444862
-0,033816 -0,020877 3,291728 0,314102 1,403950 3,259025 -0,389470 0,584376 2,917063 -0,019471 0,795258 3,406295
-0,029590 -0,023564 3,289238 0,307711 1,416369 3,237635 -0,441273 0,836638 2,830445 -0,018272 0,777032 3,405359
-0,028171 -0,016047 3,283134 0,319618 1,409299 3,277241 -0,470957 0,964238 2,757981 -0,018986 0,788026 3,406174
-0,026313 -0,020719 3,297308 0,311155 1,424718 3,276000 -0,480551 1,248379 2,830043 -0,026375 0,788000 3,405985
-0,028267 -0,025928 3,302548 0,320042 1,424038 3,278586 -0,475683 1,353242 2,892586 -0,018730 0,791633 3,406086
-0,031814 -0,027680 3,288872 0,316580 1,411654 3,265588 -0,451949 1,395420 2,970498 -0,018986 0,788026 3,406174
-0,037852 -0,030477 3,283525 0,327632 1,427511 3,294347 -0,391578 1,506601 3,202489 -0,019240 0,784399 3,406178
