22 12
-0,190199 -0,075860 3,217657 0,218526 1,409777 3,257953 -0,473569 1,540754 3,401501 -0,103834 0,694637 3,388491
-0,176608 -0,078497 3,259763 0,192828 1,391032 3,204670 -0,557323 1,426800 3,120091 -0,096046 0,694720 3,388652
-0,141491 -0,073007 3,223108 0,164921 1,420609 3,253535 -0,694792 1,392075 3,170347 -0,077535 0,687928 3,352946
-0,116718 -0,070025 3,223890 0,146301 1,424335 3,208488 -0,741546 1,268520 3,027767 -0,074253 0,698531 3,390244
-0,071858 -0,068598 3,319593 0,138102 1,411987 3,173857 -0,814007 0,908273 2,568995 -0,071593 0,705678 3,428488
-0,025326 -0,044845 3,269914 0,148029 1,446736 3,199003 -0,776350 0,614562 2,454100 -0,100739 0,738833 3,545326
-0,007483 -0,031637 3,289763 0,151256 1,469665 3,209472 -0,753117 0,481009 2,382143 -0,099598 0,735967 3,491842
0,034843 -0,002705 3,381415 0,155926 1,468497 3,185929 -0,725701 0,280013 2,390134 -0,099958 0,759847 3,519030
0,063974 0,011018 3,369478 0,157362 1,474776 3,176610 -0,667012 0,182345 2,338272 -0,092314 0,754454 3,492295
0,079889 0,016355 3,387171 0,161850 1,481349 3,169446 -0,656629 0,161945 2,356051 -0,084555 0,758345 3,493102
0,098727 0,023018 3,444118 0,171737 1,490658 3,180055 -0,645584 0,146921 2,376396 -0,081479 0,768230 3,505947
0,104740 0,014656 3,430355 0,182072 1,476898 3,190106 -0,640118 0,153533 2,373950 -0,069480 0,758485 3,493853
0,103393 0,010180 3,425261 0,180458 1,480743 3,179042 -0,646490 0,163613 2,380083 -0,080777 0,757397 3,506761
0,098615 0,001436 3,412363 0,185090 1,480274 3,212587 -0,658305 0,182139 2,366130 -0,066597 0,764395 3,561248
0,090454 -0,019755 3,407052 0,187704 1,470136 3,213389 -0,707206 0,277521 2,411426 -0,061343 0,741697 3,520970
0,078236 -0,023797 3,405795 0,195239 1,469685 3,221991 -0,712915 0,348048 2,382730 -0,057398 0,739137 3,507767
0,050353 -0,046582 3,332516 0,219822 1,486347 3,287543 -0,724376 0,564253 2,434797 -0,042507 0,728063 3,508176
0,018017 -0,069091 3,361741 0,234929 1,440494 3,279482 -0,713927 0,803486 2,410501 -0,004630 0,697624 3,405283
-0,006541 -0,070626 3,368718 0,238036 1,437036 3,293097 -0,690730 0,933629 2,495414 -0,000628 0,701153 3,443466
-0,057960 -0,074908 3,261729 0,262668 1,428286 3,345419 -0,602064 1,285691 2,942654 -0,015658 0,690582 3,367637
-0,108116 -0,073625 3,320816 0,277503 1,410146 3,318937 -0,481023 1,332008 2,966313 -0,037691 0,696284 3,416990
-0,133747 -0,071595 3,284552 0,279144 1,398687 3,311249 -0,422617 1,395108 3,115509 -0,048667 0,693867 3,403927
