22 12
-0,043218 -0,039643 3,232876 0,390159 1,439328 3,266813 -0,457559 1,442601 3,148099 -0,066724 0,769027 3,366852
-0,043323 -0,046582 3,236169 0,527421 1,255772 2,921950 -0,686740 1,494169 3,413142 -0,066483 0,765446 3,366706
-0,044299 -0,040205 3,243582 0,621619 1,192074 2,860739 -0,803954 1,430230 3,369762 -0,059173 0,765505 3,367054
-0,041876 -0,044516 3,256175 0,885935 1,153699 3,138532 -0,946230 1,069401 2,896504 -0,055118 0,750790 3,330377
-0,041141 -0,044018 3,253612 0,978548 0,833222 2,780654 -1,240546 0,908405 3,164337 -0,044130 0,742680 3,342702
-0,040894 -0,044813 3,253739 1,042447 0,705560 2,794248 -1,284040 0,726997 3,089913 -0,039927 0,740144 3,330138
-0,041577 -0,052395 3,241827 1,171469 0,444782 2,916650 -1,326019 0,387679 2,986011 -0,041507 0,732241 3,379809
-0,045228 -0,056515 3,239421 1,175056 0,170714 2,980713 -1,305439 0,122817 2,991440 -0,033133 0,713098 3,354716
-0,042109 -0,058141 3,235533 1,160221 0,066338 3,077653 -1,279551 0,018881 3,005641 -0,026228 0,701354 3,330832
-0,044294 -0,060056 3,234837 1,049594 -0,076055 2,983270 -1,273904 -0,112864 3,200346 -0,033618 0,698896 3,354910
-0,042636 -0,047860 3,248741 1,043921 -0,131998 3,072816 -1,221434 -0,158355 3,140061 -0,033618 0,698896 3,354910
-0,043289 -0,048478 3,232556 1,028138 -0,139773 3,056596 -1,219016 -0,154048 3,138191 -0,029800 0,704816 3,367241
-0,042057 -0,046361 3,241076 1,038773 -0,097397 3,044488 -1,225351 -0,099843 3,073150 -0,022943 0,704850 3,367645
-0,040859 -0,046753 3,250689 1,051409 -0,000557 2,927138 -1,260637 0,051669 3,091304 -0,026161 0,721551 3,379936
-0,037863 -0,050765 3,245639 1,077499 0,082979 2,893076 -1,280729 0,152692 3,051077 -0,033817 0,716701 3,355194
-0,038401 -0,041575 3,246923 1,125214 0,332893 2,943362 -1,269762 0,448261 2,972907 -0,032856 0,730868 3,354628
-0,040139 -0,038490 3,258313 1,085068 0,663922 2,980927 -1,098340 0,741552 2,781081 -0,048355 0,745157 3,355041
-0,040942 -0,042243 3,247279 1,026534 0,854163 3,066496 -1,003522 0,890788 2,734727 -0,044322 0,754836 3,367366
-0,041401 -0,039238 3,243676 0,785386 1,077050 2,831788 -0,884492 1,342608 3,276370 -0,051861 0,765558 3,367373
-0,046704 -0,036870 3,242376 0,621972 1,456264 3,415695 -0,570008 1,321051 2,947755 -0,048554 0,773386 3,405035
-0,040886 -0,028521 3,253395 0,490109 1,474694 3,422496 -0,479064 1,386327 3,022713 -0,048078 0,770162 3,355276
-0,048081 -0,033259 3,223761 0,302517 1,417480 3,237879 -0,338677 1,529299 3,323675 -0,059413 0,769087 3,367192
