27 12
-0,054965 -0,024980 3,231219 0,334997 1,416589 3,107864 -0,402054 1,421077 3,065645 -0,059413 0,769087 3,367192
-0,048383 -0,012363 3,251244 0,269162 1,341650 2,951876 -0,440611 1,206901 2,788400 -0,059173 0,765505 3,367054
-0,052754 -0,035329 3,249393 0,238141 1,197853 2,858984 -0,369296 0,921054 2,629603 -0,058040 0,725866 3,364864
-0,049869 -0,034199 3,261590 0,197757 1,099730 2,784610 -0,346867 0,761023 2,540889 -0,055451 0,742938 3,379128
-0,051386 -0,034697 3,261409 0,104062 0,879326 2,624263 -0,297526 0,508213 2,667912 -0,050002 0,751349 3,403960
-0,048402 -0,038090 3,266848 0,038684 0,791481 2,682704 -0,251479 0,333793 2,665885 -0,043547 0,788911 3,428512
-0,048796 -0,033192 3,270983 0,031122 0,754458 2,723577 -0,229380 0,302722 2,703081 -0,058242 0,781174 3,325689
-0,039349 -0,033573 3,280477 -0,016863 0,678010 2,685699 -0,174445 0,338565 2,812955 -0,030732 0,810748 3,444461
-0,032428 -0,030204 3,264196 -0,072047 0,638782 2,811149 -0,058100 0,441555 2,645145 -0,060581 0,781248 3,442952
-0,035421 -0,029192 3,275224 -0,079285 0,627160 2,793976 -0,037859 0,506332 2,692476 -0,052387 0,784969 3,443048
-0,034771 -0,024768 3,281333 -0,068966 0,652576 2,786082 -0,027046 0,540678 2,706192 -0,048807 0,768140 3,380021
-0,031009 -0,032178 3,275248 -0,036998 0,645967 2,712578 -0,075586 0,524653 2,829025 -0,056230 0,771333 3,430053
-0,032094 -0,026873 3,280689 -0,037506 0,654105 2,718514 -0,086105 0,484890 2,812987 -0,063393 0,773562 3,354728
-0,032816 -0,029706 3,275569 -0,034206 0,671492 2,714843 -0,107432 0,439485 2,807496 -0,048502 0,809649 3,405541
-0,031814 -0,026983 3,270477 -0,031786 0,659572 2,749824 -0,083376 0,480511 2,757113 -0,052116 0,770743 3,392295
-0,030568 -0,033121 3,275445 -0,059548 0,646379 2,795022 -0,012890 0,507802 2,687362 -0,044705 0,786936 3,417844
-0,030589 -0,027582 3,275871 -0,071518 0,651537 2,746336 -0,014429 0,572165 2,744787 -0,063571 0,762413 3,404332
-0,030696 -0,035869 3,269944 -0,060232 0,673046 2,777903 -0,033221 0,575593 2,758525 -0,048575 0,758902 3,404833
-0,030972 -0,034891 3,265453 -0,059901 0,666492 2,751164 -0,054610 0,580985 2,798179 -0,048575 0,758902 3,404833
-0,027123 -0,029172 3,269880 -0,025044 0,697083 2,734949 -0,110138 0,569009 2,730217 -0,049049 0,766117 3,405016
-0,030508 -0,038166 3,282922 0,042602 0,763748 2,617880 -0,195630 0,656336 2,804146 -0,059501 0,749044 3,391675
-0,034429 -0,051596 3,271159 0,083186 0,843695 2,638376 -0,259143 0,732979 2,813715 -0,052663 0,736052 3,417074
-0,039751 -0,037085 3,257834 0,217869 1,081138 2,832852 -0,352880 0,901680 2,685719 -0,054986 0,735670 3,378444
-0,044579 -0,028668 3,267267 0,273396 1,231012 2,834348 -0,478967 1,163959 2,846214 -0,063565 0,769654 3,404434
-0,044989 -0,024628 3,259190 0,317115 1,301515 2,892195 -0,505048 1,258945 2,911650 -0,055627 0,759390 3,354925
-0,050143 -0,023333 3,246682 0,399352 1,404265 3,073487 -0,473510 1,445944 3,152533 -0,059222 0,774281 3,391844
-0,053817 -0,026041 3,239262 0,371659 1,472860 3,274397 -0,385739 1,447386 3,151445 -0,066830 0,770629 3,391621
