23 12
-0,085515 -0,038638 3,295373 0,260280 1,412322 3,277523 -0,355541 1,453599 3,053557 -0,094935 0,794586 3,506531
-0,091063 -0,037532 3,310140 0,254168 1,426223 3,284306 -0,301120 1,409364 2,929850 -0,094187 0,783291 3,505360
-0,094196 -0,037130 3,317953 0,248068 1,421813 3,275232 -0,235164 1,298962 2,749140 -0,097999 0,782170 3,517879
-0,096314 -0,043086 3,325116 0,244618 1,393096 3,236379 -0,166915 1,154877 2,595433 -0,095793 0,802044 3,560329
-0,100727 -0,039872 3,333808 0,231579 1,434703 3,273026 -0,094464 0,928567 2,414979 -0,079758 0,800275 3,533792
-0,101047 -0,034500 3,332531 0,229217 1,431985 3,269067 -0,053110 0,661823 2,272676 -0,083471 0,868128 3,588077
-0,104324 -0,029904 3,329527 0,225692 1,420513 3,249245 -0,036088 0,411864 2,235755 -0,077871 0,874384 3,519129
-0,106873 -0,021750 3,327732 0,228234 1,424504 3,247343 -0,022826 0,182206 2,255002 -0,092626 0,883363 3,462686
-0,106651 -0,051008 3,332448 0,232987 1,413641 3,258075 -0,018603 0,005528 2,323812 -0,086899 0,850997 3,431786
-0,116498 -0,065984 3,346791 0,243377 1,418302 3,266370 -0,024127 -0,109021 2,382304 -0,086392 0,850890 3,462418
-0,119075 -0,070245 3,340931 0,243750 1,411448 3,272121 -0,020342 -0,165482 2,410647 -0,082598 0,843056 3,476494
-0,123216 -0,070817 3,344004 0,237038 1,432178 3,278115 -0,011506 -0,161370 2,405960 -0,096858 0,841028 3,450718
-0,114397 -0,054014 3,342467 0,242749 1,437590 3,292776 -0,004747 -0,116420 2,378506 -0,088942 0,849990 3,425577
-0,110247 -0,027510 3,328062 0,239574 1,419250 3,256233 -0,003800 -0,016128 2,340401 -0,089914 0,855283 3,449394
-0,111161 -0,015577 3,347068 0,238851 1,429493 3,276784 -0,011253 0,136117 2,290775 -0,096142 0,879966 3,479043
-0,105865 -0,033846 3,342701 0,235848 1,424574 3,270519 -0,030782 0,332677 2,276456 -0,103174 0,873360 3,481822
-0,105087 -0,035780 3,339973 0,237378 1,428786 3,276578 -0,071187 0,563667 2,294768 -0,091429 0,864007 3,586891
-0,099597 -0,042524 3,343980 0,234851 1,441362 3,273077 -0,121503 0,810701 2,400865 -0,096928 0,828910 3,616298
-0,092305 -0,046661 3,342761 0,249368 1,388125 3,256503 -0,184029 1,050625 2,560345 -0,095848 0,807647 3,587159
-0,090699 -0,045572 3,331827 0,248830 1,411416 3,272407 -0,234242 1,246036 2,708575 -0,098368 0,796653 3,570131
-0,084809 -0,044427 3,329516 0,253155 1,410146 3,287476 -0,292049 1,376372 2,885653 -0,098565 0,795203 3,545019
-0,083138 -0,047741 3,313934 0,248642 1,418386 3,279422 -0,326200 1,453276 3,044003 -0,087878 0,792760 3,533746
-0,079693 -0,043165 3,309236 0,253691 1,417881 3,296177 -0,330864 1,492402 3,171310 -0,091413 0,804893 3,520292
