38 12
-0,034254 -0,017213 3,302817 0,293277 1,362044 3,214281 -0,295017 1,425984 3,201985 0,016973 0,743109 3,380863
-0,036404 -0,019530 3,296706 0,282468 1,340511 3,176325 -0,265432 1,394151 3,142870 0,017217 0,746743 3,381059
-0,033182 -0,026602 3,302314 0,262277 1,314665 3,125358 -0,240272 1,361641 3,101820 0,017916 0,743152 3,380970
-0,035894 -0,030046 3,295338 0,228747 1,280689 3,057255 -0,203159 1,303027 3,027357 0,013664 0,726355 3,368476
-0,034292 -0,027372 3,316498 0,203533 1,234357 2,999190 -0,168299 1,257577 2,964042 0,017852 0,721606 3,380699
-0,032215 -0,029397 3,311041 0,176266 1,177729 2,938653 -0,137803 1,204154 2,895674 0,017789 0,700086 3,380430
-0,032540 -0,029136 3,331192 0,151316 1,122927 2,880873 -0,113667 1,137869 2,832267 0,017930 0,674979 3,379934
-0,031087 -0,032736 3,322322 0,125407 1,049738 2,830420 -0,097368 1,079573 2,767938 0,002151 0,649924 3,379603
-0,030646 -0,038897 3,326196 0,100751 0,972810 2,803548 -0,087485 1,018902 2,713953 0,002414 0,716871 3,430782
-0,030877 -0,034898 3,335788 0,090248 0,924162 2,732716 -0,088581 0,952101 2,657589 0,009528 0,728988 3,456124
-0,035388 -0,032607 3,341911 0,080716 0,845997 2,715738 -0,097115 0,888237 2,616471 0,005961 0,722919 3,443461
-0,033350 -0,035219 3,340280 0,082300 0,810934 2,663348 -0,115439 0,845599 2,561054 0,010264 0,739300 3,509287
-0,027642 -0,035653 3,350819 0,095482 0,759050 2,649496 -0,146928 0,788019 2,543207 0,006658 0,740475 3,496189
-0,029853 -0,032067 3,346814 0,113741 0,715748 2,604435 -0,177588 0,739663 2,511914 0,010981 0,750515 3,509666
-0,028419 -0,044289 3,340300 0,147097 0,701601 2,568334 -0,219666 0,684242 2,515853 0,002839 0,737909 3,482959
-0,026026 -0,033950 3,354272 0,174425 0,658003 2,575646 -0,268458 0,652345 2,509112 -0,004703 0,747488 3,456965
-0,027256 -0,029379 3,359830 0,213591 0,636952 2,592836 -0,319436 0,617547 2,512285 -0,012164 0,749650 3,431177
-0,024985 -0,026320 3,361810 0,260531 0,608469 2,598561 -0,376429 0,586299 2,521538 -0,008904 0,759438 3,443841
-0,029371 -0,032750 3,361172 0,313032 0,596386 2,604074 -0,441032 0,569659 2,521979 -0,004774 0,744572 3,405870
-0,025717 -0,025510 3,362541 0,372547 0,587034 2,599106 -0,504339 0,566573 2,541092 -0,004750 0,759049 3,406065
-0,023623 -0,025624 3,356777 0,428961 0,590159 2,607208 -0,558454 0,565021 2,552842 0,002537 0,746745 3,380970
-0,023470 -0,025359 3,361426 0,487220 0,600676 2,634720 -0,615071 0,591716 2,579911 0,002537 0,746745 3,380970
-0,028693 -0,020554 3,349911 0,540121 0,625776 2,675572 -0,672487 0,618417 2,590541 0,009502 0,738135 3,356097
-0,026440 -0,019587 3,348493 0,588627 0,651447 2,703556 -0,719276 0,650955 2,637214 0,016973 0,743109 3,380863
-0,024612 -0,024971 3,350260 0,624718 0,691157 2,725344 -0,758674 0,697525 2,670542 0,017445 0,743169 3,381083
-0,027189 -0,019252 3,341388 0,647138 0,742060 2,768204 -0,788964 0,750333 2,709322 0,017690 0,746764 3,381113
-0,031057 -0,033438 3,344510 0,659598 0,796860 2,814542 -0,809484 0,803233 2,750369 0,024782 0,751804 3,406145
-0,031111 -0,025501 3,339510 0,669406 0,864779 2,838471 -0,818395 0,869409 2,806266 0,020757 0,752833 3,393453
-0,027035 -0,024255 3,349797 0,664707 0,923516 2,879584 -0,822098 0,927400 2,831848 0,009766 0,748159 3,405921
-0,026988 -0,020304 3,332129 0,662520 1,001422 2,946701 -0,812055 0,993117 2,879904 0,017690 0,746764 3,381113
-0,032769 -0,022858 3,328978 0,648330 1,064971 2,990679 -0,792164 1,048280 2,906588 0,016986 0,750298 3,380953
-0,032781 -0,026390 3,327979 0,621294 1,116706 3,022027 -0,760299 1,110330 2,955158 0,016752 0,753834 3,380764
-0,035095 -0,028479 3,318514 0,588330 1,167274 3,075354 -0,723279 1,170549 3,002738 0,010010 0,751819 3,406116
-0,034821 -0,014010 3,314658 0,544717 1,208515 3,126198 -0,675130 1,214414 3,051300 0,016752 0,753834 3,380764
-0,035473 -0,022716 3,322247 0,510053 1,252521 3,154887 -0,631425 1,257520 3,097332 0,016986 0,750298 3,380953
-0,037006 -0,018804 3,309262 0,470239 1,285250 3,205802 -0,579289 1,300295 3,140706 0,016986 0,750298 3,380953
-0,040245 -0,021503 3,313686 0,423398 1,320086 3,263511 -0,529998 1,335314 3,187886 0,006030 0,752841 3,393409
-0,038270 -0,024092 3,305899 0,382385 1,358736 3,309382 -0,476324 1,369331 3,221121 0,013238 0,747778 3,368529
