14 12
-0,077267 -0,029639 3,218513 0,271112 1,369622 3,189332 -0,423550 1,521767 3,371684 -0,041831 0,800605 3,431146
-0,075198 -0,025873 3,231789 0,427945 1,448596 3,370130 -0,546170 1,402689 3,140106 -0,052086 0,792415 3,392591
-0,072025 -0,027434 3,221356 0,660139 1,072417 2,758583 -0,975657 1,434073 3,610599 -0,043976 0,788730 3,392094
-0,070852 -0,036596 3,225870 0,802391 0,937395 2,722138 -1,177211 1,225695 3,537161 -0,059272 0,783157 3,416888
-0,067967 -0,038269 3,220424 1,208180 0,715839 3,160280 -1,285965 0,589561 2,936401 -0,063333 0,758796 3,404182
-0,065977 -0,039575 3,217221 1,251835 0,348456 3,117827 -1,314319 0,192469 2,925843 -0,062871 0,744276 3,403529
-0,065750 -0,045414 3,204357 1,290081 0,246769 3,209966 -1,311328 0,056077 2,978853 -0,059000 0,718953 3,366277
-0,070096 -0,060507 3,189277 1,280692 0,137931 3,186191 -1,312192 -0,075728 3,092072 -0,063147 0,719018 3,403443
-0,065266 -0,056091 3,197144 1,271769 0,256043 3,153772 -1,339662 0,061586 3,094706 -0,052620 0,711791 3,366679
-0,064270 -0,047277 3,204784 1,273990 0,377005 3,154386 -1,326519 0,201870 3,014003 -0,056864 0,728376 3,378718
-0,055577 -0,041256 3,220489 1,129686 0,684037 2,997904 -1,285462 0,612713 3,010741 -0,051384 0,758338 3,366867
-0,054054 -0,024816 3,230051 1,004304 1,222574 3,548283 -0,891093 0,913640 2,595875 -0,040960 0,782606 3,380409
-0,058068 -0,028090 3,226035 0,834455 1,421674 3,651309 -0,747715 1,069652 2,655881 -0,033964 0,784525 3,356023
-0,062527 -0,023348 3,223383 0,389203 1,362872 3,159802 -0,508888 1,520887 3,390796 -0,037687 0,810732 3,444177
