40 12
-0,033016 -0,032352 3,215598 0,341384 1,375825 3,264152 -0,429919 1,448601 3,337963 -0,056449 0,796875 3,430525
-0,035127 -0,030720 3,235151 0,394744 1,369472 3,236675 -0,475127 1,461946 3,356438 -0,056203 0,793225 3,430377
-0,034846 -0,033365 3,228042 0,479962 1,331437 3,213325 -0,547612 1,440813 3,363501 -0,048787 0,784256 3,405271
-0,029956 -0,033374 3,229445 0,561463 1,289816 3,159481 -0,644201 1,424271 3,361664 -0,055957 0,789554 3,430142
-0,030666 -0,030812 3,236907 0,681547 1,228796 3,149781 -0,763526 1,396601 3,373331 -0,040960 0,782606 3,380409
-0,030653 -0,027587 3,236890 0,778193 1,153839 3,111023 -0,893620 1,318660 3,358090 -0,040971 0,775406 3,380313
-0,033218 -0,032349 3,247885 0,882895 1,065426 3,079336 -1,015168 1,214705 3,299152 -0,034026 0,777091 3,405684
-0,033573 -0,039953 3,235935 0,974427 0,958884 3,079559 -1,120930 1,087361 3,257647 -0,041231 0,764610 3,380245
-0,032052 -0,036558 3,254041 1,075099 0,845498 3,077614 -1,217810 0,947260 3,216334 -0,040983 0,768210 3,380219
-0,036854 -0,039885 3,242779 1,160135 0,743305 3,089237 -1,291595 0,800794 3,198529 -0,030165 0,762092 3,368173
-0,035090 -0,044228 3,240886 1,189238 0,607982 3,059422 -1,341484 0,652119 3,139137 -0,026318 0,761084 3,380591
-0,037738 -0,044294 3,253873 1,216062 0,488951 3,100527 -1,367484 0,496969 3,108277 -0,015295 0,758560 3,368443
-0,039899 -0,042777 3,246175 1,224622 0,377496 3,138194 -1,375240 0,350537 3,109655 -0,026332 0,753893 3,380498
-0,039863 -0,043019 3,239743 1,222585 0,270187 3,166963 -1,336680 0,213882 3,052556 -0,026819 0,746679 3,380439
-0,043266 -0,049400 3,241268 1,199566 0,187129 3,199886 -1,297055 0,109924 3,063013 -0,026345 0,746704 3,380404
-0,038708 -0,043991 3,240132 1,165313 0,114244 3,197415 -1,247591 0,025443 3,062071 -0,033543 0,741670 3,355440
-0,043833 -0,048303 3,243038 1,122839 0,064230 3,198439 -1,199376 -0,031984 3,079847 -0,030209 0,733435 3,367808
-0,046335 -0,043098 3,248602 1,086775 0,022955 3,213013 -1,159511 -0,076165 3,095369 -0,041640 0,753201 3,430461
-0,044431 -0,053703 3,238955 1,054689 0,013929 3,213437 -1,121422 -0,097997 3,106632 -0,033824 0,751744 3,405265
-0,043080 -0,048473 3,256857 1,023238 -0,009773 3,226568 -1,093254 -0,107713 3,110580 -0,026358 0,739518 3,380310
-0,044958 -0,050836 3,239766 0,997440 -0,016715 3,223622 -1,063686 -0,121751 3,113790 -0,041880 0,749535 3,430399
-0,044770 -0,047572 3,238553 0,979357 -0,011744 3,215929 -1,053320 -0,118819 3,125757 -0,045485 0,746960 3,417515
-0,044278 -0,048331 3,239794 0,964328 -0,005998 3,192409 -1,049147 -0,115542 3,143589 -0,034067 0,748123 3,405283
-0,045955 -0,045487 3,253760 0,966781 -0,001511 3,201811 -1,055740 -0,108538 3,137350 -0,044800 0,741932 3,392197
-0,043958 -0,050193 3,250417 0,967560 0,002807 3,175088 -1,073501 -0,093523 3,139225 -0,033836 0,744508 3,405165
-0,041851 -0,047272 3,250349 0,970266 0,030703 3,143674 -1,110070 -0,066783 3,163736 -0,041880 0,749535 3,430399
-0,040312 -0,044311 3,248684 0,980402 0,059847 3,106421 -1,157487 0,003948 3,142560 -0,034299 0,751719 3,405316
-0,040996 -0,042414 3,252350 1,006805 0,120010 3,096651 -1,208060 0,094617 3,124758 -0,041194 0,758945 3,405114
-0,036325 -0,054480 3,250940 1,023367 0,180538 3,046864 -1,238397 0,201776 3,020438 -0,038067 0,761527 3,417974
-0,034584 -0,040380 3,246841 1,041196 0,288471 3,028917 -1,224028 0,370665 2,965530 -0,037575 0,768818 3,418018
-0,034334 -0,041070 3,255406 1,054882 0,421011 3,012748 -1,201080 0,543970 2,908114 -0,034036 0,769844 3,405583
-0,030710 -0,037325 3,256648 1,050774 0,565299 3,000471 -1,137174 0,718885 2,887831 -0,041363 0,778723 3,430756
-0,026862 -0,045094 3,246729 1,020769 0,732677 3,036099 -1,057151 0,892893 2,881004 -0,041231 0,764610 3,380245
-0,025602 -0,034451 3,257325 0,960604 0,905472 3,109761 -0,955172 1,036993 2,913629 -0,041845 0,785999 3,430933
-0,027668 -0,033484 3,250391 0,865914 1,054865 3,159429 -0,843316 1,161034 2,946995 -0,030754 0,781636 3,393173
-0,026306 -0,037818 3,270801 0,752834 1,187793 3,205645 -0,724272 1,271512 3,017581 -0,041392 0,791553 3,405643
-0,031238 -0,035022 3,257618 0,638158 1,283033 3,267306 -0,601759 1,341125 3,083666 -0,056449 0,796875 3,430525
-0,035217 -0,032043 3,242599 0,538407 1,373454 3,312459 -0,487821 1,409247 3,147552 -0,055917 0,787831 3,404929
-0,037432 -0,030551 3,245565 0,438036 1,415149 3,341867 -0,403870 1,413123 3,202565 -0,067158 0,797705 3,417193
-0,039854 -0,039332 3,231053 0,364174 1,441658 3,370972 -0,366606 1,463804 3,292047 -0,063545 0,791397 3,404742
