34 12
-0,053346 -0,036172 3,348496 0,271515 1,355005 3,149510 -0,300227 1,340509 3,017078 -0,019313 0,740944 3,405585
-0,052106 -0,034557 3,356718 0,240140 1,310030 3,063584 -0,268423 1,243130 2,924784 -0,026112 0,735013 3,430219
-0,053622 -0,039856 3,362485 0,206792 1,268448 3,008387 -0,235855 1,128902 2,841479 -0,018215 0,715476 3,404132
-0,048602 -0,038720 3,365578 0,159934 1,221641 2,949996 -0,209274 0,994187 2,786975 -0,033663 0,711970 3,404565
-0,048711 -0,040099 3,369226 0,111831 1,166753 2,902880 -0,182756 0,859546 2,746173 -0,030825 0,730240 3,443263
-0,048339 -0,038142 3,375710 0,075381 1,103256 2,869180 -0,169103 0,732132 2,758858 -0,031517 0,711809 3,442401
-0,049129 -0,051989 3,374414 0,039603 1,047773 2,852110 -0,152485 0,636283 2,773170 -0,017718 0,685685 3,439540
-0,046566 -0,048028 3,380844 -0,007345 0,981175 2,804514 -0,150356 0,570682 2,780607 -0,019965 0,734136 3,482409
-0,045425 -0,047979 3,378249 -0,037634 0,928832 2,785667 -0,144065 0,525473 2,795991 -0,016452 0,732933 3,495398
-0,039798 -0,046363 3,381281 -0,053314 0,895030 2,785174 -0,141398 0,507584 2,831379 -0,009358 0,747576 3,495029
-0,039558 -0,036449 3,377865 -0,066844 0,877785 2,790951 -0,137997 0,499805 2,827269 -0,000944 0,742715 3,469923
-0,035337 -0,047777 3,389344 -0,069817 0,858648 2,783415 -0,129833 0,515882 2,832354 -0,005565 0,750190 3,508351
-0,037981 -0,040520 3,380482 -0,068437 0,838976 2,766783 -0,119781 0,554726 2,854259 -0,004829 0,751971 3,536131
-0,032347 -0,047525 3,378865 -0,068929 0,843110 2,791781 -0,110260 0,596138 2,803201 -0,008456 0,735348 3,469704
-0,034491 -0,038235 3,389097 -0,078400 0,834659 2,811737 -0,102712 0,664189 2,814397 -0,004250 0,740178 3,456865
-0,029444 -0,040133 3,368908 -0,058306 0,864731 2,876822 -0,100353 0,736599 2,797104 -0,008421 0,745645 3,522678
-0,031271 -0,048382 3,371704 -0,037523 0,882012 2,849756 -0,107260 0,760305 2,795478 -0,004962 0,729119 3,456556
-0,030297 -0,034218 3,375163 -0,045843 0,921303 2,930231 -0,107694 0,789175 2,813933 -0,008187 0,751597 3,496230
-0,030155 -0,049837 3,372932 -0,040730 0,928629 2,903006 -0,104943 0,793631 2,803104 0,002782 0,744492 3,536088
-0,030475 -0,050515 3,380919 -0,036258 0,922870 2,894793 -0,101986 0,797161 2,825193 -0,004644 0,743050 3,509353
-0,028950 -0,046564 3,376765 -0,043229 0,922834 2,895071 -0,095083 0,789639 2,813891 -0,012219 0,730509 3,482629
-0,030170 -0,041254 3,376162 -0,022364 0,912446 2,877704 -0,095198 0,790901 2,820697 0,003077 0,741621 3,483073
-0,030861 -0,052153 3,366611 -0,026827 0,917111 2,886098 -0,096734 0,787223 2,808407 -0,020142 0,725361 3,456031
-0,029608 -0,042282 3,372813 -0,012499 0,911796 2,848981 -0,102715 0,779766 2,799856 -0,012208 0,737888 3,482744
-0,030029 -0,046965 3,369166 0,010887 0,907163 2,777830 -0,114547 0,786263 2,801111 -0,011971 0,741601 3,482844
-0,031677 -0,040333 3,374475 0,033679 0,943350 2,785122 -0,136909 0,809666 2,804924 -0,007961 0,747893 3,496125
-0,030585 -0,041027 3,372751 0,060568 0,998030 2,796057 -0,172838 0,860300 2,787213 -0,012443 0,734156 3,482554
-0,035302 -0,044174 3,367136 0,076772 1,088452 2,857299 -0,222365 0,940723 2,792355 -0,027213 0,690291 3,404567
-0,036684 -0,041962 3,369436 0,129087 1,148942 2,880404 -0,271441 1,036993 2,811460 -0,018941 0,697585 3,404804
-0,039785 -0,038439 3,367073 0,176120 1,215219 2,931903 -0,310932 1,135019 2,851935 -0,019114 0,722872 3,405285
-0,042472 -0,038379 3,368736 0,220600 1,291281 3,029364 -0,342872 1,225806 2,916133 -0,022979 0,731218 3,392818
-0,041672 -0,018952 3,360938 0,265934 1,331877 3,066871 -0,366367 1,321136 2,992122 -0,030316 0,745607 3,392811
-0,044218 -0,036474 3,350543 0,295416 1,359467 3,161233 -0,378241 1,395604 3,076831 -0,019161 0,762154 3,456892
-0,045737 -0,027962 3,341108 0,312360 1,396014 3,233266 -0,380950 1,444708 3,151206 -0,019512 0,766259 3,405899
