36 12
-0,060922 -0,047295 3,224358 0,257118 1,411561 3,165048 -0,360938 1,518231 3,228086 -0,059310 0,758811 3,318282
-0,057892 -0,042944 3,235935 0,253122 1,427598 3,176960 -0,358925 1,509284 3,165363 -0,059109 0,771070 3,342692
-0,051639 -0,043470 3,242996 0,256338 1,434165 3,183166 -0,347060 1,495902 3,112361 -0,055369 0,770112 3,354973
-0,051027 -0,039002 3,238559 0,257949 1,423392 3,177855 -0,315709 1,450279 2,989464 -0,058921 0,769073 3,366927
-0,050056 -0,033808 3,261911 0,257992 1,432294 3,201766 -0,281689 1,403777 2,876489 -0,066185 0,775689 3,415608
-0,047813 -0,048793 3,247021 0,268466 1,430946 3,194566 -0,232902 1,319500 2,748877 -0,061858 0,758401 3,401819
-0,048517 -0,052808 3,254670 0,267300 1,441876 3,199262 -0,178325 1,206944 2,620175 -0,061664 0,740201 3,400881
-0,046273 -0,060697 3,271970 0,254945 1,468488 3,209220 -0,123308 1,084020 2,533253 -0,065052 0,735125 3,411543
-0,051270 -0,051265 3,271991 0,264406 1,443608 3,203834 -0,055642 0,940998 2,427073 -0,070739 0,765400 3,454078
-0,054222 -0,050160 3,287921 0,265922 1,418126 3,199336 0,001340 0,798027 2,365191 -0,063415 0,767613 3,429469
-0,052299 -0,052617 3,285531 0,266342 1,424427 3,202478 0,043912 0,661105 2,315699 -0,066036 0,800018 3,480785
-0,052692 -0,047729 3,293709 0,267044 1,434121 3,206209 0,084754 0,531568 2,286597 -0,054910 0,832636 3,494915
-0,055201 -0,043895 3,305967 0,269786 1,424943 3,197044 0,125956 0,417297 2,293383 -0,066961 0,833981 3,451867
-0,051079 -0,039176 3,304444 0,276484 1,443587 3,223580 0,161598 0,318980 2,305151 -0,067023 0,863448 3,452342
-0,052960 -0,045207 3,306263 0,278061 1,429718 3,206305 0,186686 0,238405 2,317963 -0,080920 0,884552 3,401910
-0,054539 -0,058099 3,295430 0,280262 1,413646 3,230477 0,213580 0,170667 2,333735 -0,081094 0,871570 3,348469
-0,059357 -0,062116 3,298534 0,284683 1,424886 3,219293 0,234570 0,130494 2,358625 -0,073745 0,883338 3,323522
-0,063772 -0,079142 3,261071 0,283696 1,425597 3,218882 0,249833 0,097653 2,376304 -0,078493 0,898676 3,357701
-0,066368 -0,076336 3,257082 0,286683 1,424918 3,217671 0,260907 0,081372 2,393026 -0,072845 0,871031 3,301440
-0,066002 -0,084462 3,250931 0,284809 1,416890 3,218327 0,271048 0,072805 2,385366 -0,073865 0,869704 3,297061
-0,065137 -0,079872 3,262203 0,287957 1,418173 3,218130 0,273357 0,075090 2,395373 -0,067409 0,865018 3,293117
-0,063013 -0,077755 3,265709 0,285459 1,414023 3,221636 0,268087 0,090111 2,388874 -0,063276 0,882457 3,334753
-0,055848 -0,069829 3,284243 0,287137 1,419428 3,229922 0,259751 0,109550 2,385863 -0,067581 0,884603 3,344248
-0,052728 -0,060868 3,294290 0,286841 1,414145 3,232241 0,249292 0,138085 2,368870 -0,067096 0,892562 3,346959
-0,050855 -0,044702 3,309421 0,278098 1,428352 3,218645 0,226865 0,187770 2,360944 -0,074491 0,895264 3,372559
-0,045748 -0,046237 3,312139 0,279871 1,418984 3,219575 0,202936 0,262520 2,345759 -0,069467 0,866195 3,416101
-0,043709 -0,045635 3,316599 0,278947 1,432241 3,221300 0,165882 0,361650 2,343306 -0,073095 0,858317 3,429134
-0,044645 -0,041391 3,320872 0,282811 1,434162 3,231806 0,114903 0,489872 2,332893 -0,076649 0,849102 3,468768
-0,042641 -0,047009 3,314305 0,287719 1,412439 3,235704 0,067288 0,635738 2,369132 -0,053927 0,835185 3,522928
-0,043146 -0,053587 3,304371 0,281241 1,412344 3,225347 0,006683 0,794669 2,408295 -0,048332 0,765568 3,455192
-0,044578 -0,046192 3,318244 0,283325 1,459356 3,253433 -0,061227 0,961456 2,481762 -0,058889 0,762689 3,440768
-0,045824 -0,052653 3,302836 0,293526 1,391940 3,212225 -0,135303 1,118935 2,585927 -0,065262 0,746160 3,412565
-0,045237 -0,053649 3,292263 0,295897 1,419526 3,220903 -0,201656 1,253096 2,690338 -0,066498 0,743099 3,415584
-0,049208 -0,047297 3,284275 0,292240 1,412527 3,230190 -0,266309 1,361922 2,820622 -0,066457 0,764872 3,415897
-0,053924 -0,044279 3,292356 0,293421 1,437479 3,229122 -0,319475 1,442806 2,951517 -0,062834 0,765982 3,403834
-0,053316 -0,047688 3,267316 0,291453 1,429413 3,223531 -0,354227 1,499703 3,082301 -0,077482 0,766349 3,353956
