26 12
-0,036973 -0,043083 3,230633 0,324686 1,374703 3,136034 -0,320617 1,428446 3,142763 -0,044150 0,748370 3,318731
-0,032956 -0,037897 3,231794 0,330870 1,383174 3,084746 -0,310615 1,406586 3,058755 -0,040379 0,754413 3,330843
-0,028084 -0,043061 3,253405 0,298540 1,332994 2,939718 -0,308319 1,339404 2,923125 -0,047877 0,745146 3,354802
-0,024347 -0,038521 3,257140 0,277374 1,249998 2,845642 -0,210554 1,172177 2,692102 -0,043010 0,723398 3,316907
-0,026829 -0,044715 3,270767 0,252854 1,170890 2,819360 -0,185473 1,101633 2,618956 -0,039533 0,711666 3,328953
-0,020486 -0,061143 3,279438 0,181022 1,015938 2,675839 -0,169977 0,972373 2,533281 -0,029931 0,689486 3,342707
-0,014409 -0,049430 3,283254 0,187165 0,852233 2,546443 -0,124932 0,832039 2,415179 -0,027051 0,727760 3,430531
-0,013712 -0,057183 3,292347 0,183324 0,829023 2,529560 -0,132458 0,774557 2,381513 -0,042123 0,738568 3,430142
-0,012280 -0,037952 3,303234 0,208129 0,675853 2,482262 -0,199155 0,614446 2,245636 -0,052365 0,767130 3,392332
-0,009115 -0,032450 3,309657 0,262701 0,569007 2,383776 -0,271428 0,522161 2,306115 -0,052601 0,794183 3,417910
-0,010559 -0,036671 3,307255 0,304279 0,514206 2,370229 -0,321912 0,474978 2,307421 -0,052601 0,794183 3,417910
-0,009571 -0,039341 3,309451 0,410394 0,482554 2,509004 -0,412612 0,379432 2,187783 -0,048543 0,786161 3,380262
-0,008723 -0,032201 3,313212 0,489948 0,438965 2,392619 -0,566253 0,375703 2,361861 -0,043702 0,786651 3,416324
-0,008565 -0,037317 3,316531 0,540252 0,435842 2,410563 -0,629385 0,372500 2,381881 -0,055673 0,784187 3,404702
-0,007912 -0,041850 3,316715 0,661927 0,474003 2,543510 -0,705908 0,371247 2,317008 -0,048582 0,755845 3,355174
-0,006621 -0,043506 3,316058 0,720313 0,476214 2,448223 -0,880239 0,455678 2,500677 -0,033271 0,731864 3,306939
-0,007457 -0,041446 3,312369 0,768990 0,507711 2,493754 -0,919754 0,502295 2,523481 -0,018777 0,722369 3,260107
-0,009526 -0,039469 3,301772 0,916104 0,612895 2,692197 -0,956835 0,617271 2,566842 -0,011660 0,727131 3,283725
-0,010315 -0,042731 3,296230 0,968024 0,742795 2,767078 -1,005023 0,764224 2,630692 -0,011190 0,727084 3,283417
-0,011291 -0,044720 3,294683 0,992913 0,827959 2,836543 -0,992845 0,834284 2,657714 -0,019095 0,735436 3,307427
-0,015376 -0,042946 3,282175 0,884303 0,922156 2,742068 -0,957596 1,064299 2,912830 -0,029713 0,741374 3,319135
-0,018978 -0,041412 3,270306 0,824845 1,147631 3,027592 -0,789673 1,134025 2,787195 -0,030294 0,753418 3,343517
-0,019679 -0,042615 3,278465 0,759609 1,247054 3,081760 -0,716058 1,202433 2,844942 -0,033753 0,759521 3,355726
-0,027669 -0,033462 3,258765 0,576903 1,263980 2,964177 -0,592194 1,430261 3,247618 -0,040853 0,761523 3,331147
-0,025779 -0,038626 3,251529 0,443866 1,463031 3,343215 -0,416838 1,374765 3,073391 -0,044376 0,758974 3,318926
-0,029748 -0,036916 3,250121 0,374652 1,463984 3,359696 -0,354589 1,401537 3,106886 -0,048089 0,763015 3,355186
