35 12
-0,055432 -0,035945 3,219718 0,394334 1,324682 3,197777 -0,534348 1,481783 3,404345 -0,067311 0,785048 3,391940
-0,052701 -0,036226 3,227966 0,461995 1,312803 3,159193 -0,618059 1,467319 3,390215 -0,071557 0,793078 3,429797
-0,050536 -0,026927 3,239251 0,537149 1,272034 3,115744 -0,719821 1,416047 3,340994 -0,056449 0,796875 3,430525
-0,051871 -0,034352 3,246121 0,620847 1,234208 3,071993 -0,837101 1,346727 3,305616 -0,052112 0,786888 3,417541
-0,048757 -0,037178 3,255453 0,712384 1,155508 2,999379 -0,959535 1,267042 3,245402 -0,058980 0,770634 3,391534
-0,048389 -0,036296 3,267602 0,811251 1,056237 2,939708 -1,079507 1,131673 3,180274 -0,055655 0,768115 3,379635
-0,045983 -0,029199 3,258090 0,904002 0,925495 2,910192 -1,185621 0,956555 3,130312 -0,048565 0,766142 3,404934
-0,052212 -0,040470 3,261264 0,989069 0,780890 2,869968 -1,265544 0,772171 3,073110 -0,044779 0,756355 3,392393
-0,051064 -0,052989 3,264682 1,056201 0,609593 2,880248 -1,315148 0,566590 3,003099 -0,049055 0,758876 3,404914
-0,052838 -0,040985 3,256917 1,078540 0,439796 2,892995 -1,311839 0,363273 2,912452 -0,049055 0,758876 3,404914
-0,051224 -0,044832 3,251221 1,138716 0,290948 3,024900 -1,297676 0,191484 2,927074 -0,041017 0,746636 3,379934
-0,053851 -0,040016 3,252309 1,095935 0,167474 3,101312 -1,256279 0,056741 2,955879 -0,041205 0,751707 3,405013
-0,053640 -0,046379 3,240391 1,022392 0,061947 3,153549 -1,198332 -0,055814 2,981252 -0,041260 0,743040 3,379960
-0,056123 -0,043437 3,249257 0,958718 0,005420 3,185530 -1,137091 -0,121722 3,043339 -0,052133 0,740476 3,367132
-0,053490 -0,042683 3,241526 0,894175 -0,045681 3,207831 -1,083202 -0,181872 3,074495 -0,041260 0,743040 3,379960
-0,057712 -0,041585 3,251894 0,844330 -0,088764 3,208775 -1,039538 -0,211489 3,105842 -0,048585 0,751664 3,404732
-0,057595 -0,041699 3,234678 0,803233 -0,089519 3,188328 -1,011282 -0,228667 3,125914 -0,041017 0,746636 3,379934
-0,056384 -0,047035 3,238874 0,773361 -0,085658 3,165257 -0,993848 -0,229248 3,137851 -0,045254 0,743354 3,417469
-0,057666 -0,045504 3,247511 0,760382 -0,078793 3,139491 -0,990538 -0,233466 3,153268 -0,048585 0,751664 3,404732
-0,060094 -0,039259 3,239730 0,743631 -0,074564 3,115017 -1,000920 -0,225503 3,167836 -0,044790 0,749142 3,392294
-0,058814 -0,041450 3,234377 0,749885 -0,054294 3,094391 -1,017458 -0,212856 3,169092 -0,049062 0,751637 3,404813
-0,058086 -0,037789 3,251004 0,760635 -0,037857 3,063838 -1,046576 -0,194163 3,169523 -0,056002 0,760381 3,429714
-0,057873 -0,045824 3,250951 0,776350 -0,025191 3,038567 -1,081953 -0,146940 3,144127 -0,048828 0,748042 3,404764
-0,055060 -0,035727 3,268130 0,801704 0,018208 3,004198 -1,124723 -0,081807 3,115400 -0,056239 0,764042 3,429946
-0,054699 -0,045529 3,245681 0,834350 0,066247 2,966956 -1,170373 0,004836 3,058749 -0,052395 0,761464 3,417351
-0,056789 -0,037567 3,267315 0,868606 0,141025 2,919177 -1,204019 0,144070 3,007227 -0,041137 0,767764 3,430433
-0,055708 -0,038388 3,257751 0,906500 0,254150 2,910321 -1,218343 0,297342 2,917039 -0,045683 0,774031 3,443439
-0,052952 -0,035722 3,275749 0,932096 0,387396 2,893187 -1,202986 0,472285 2,871053 -0,048803 0,771384 3,430366
-0,053755 -0,047369 3,255977 0,947987 0,556059 2,936863 -1,151739 0,650582 2,841702 -0,049055 0,758876 3,404914
-0,054318 -0,036253 3,266285 0,898138 0,718669 2,911777 -1,083752 0,830824 2,852091 -0,041612 0,775074 3,430781
-0,055376 -0,031634 3,261229 0,861610 0,904830 3,018866 -0,986478 0,980650 2,881654 -0,063558 0,776899 3,404537
-0,055599 -0,034641 3,261725 0,785711 1,072247 3,052603 -0,884693 1,120752 2,936991 -0,045699 0,779616 3,417893
-0,058368 -0,032755 3,268949 0,702110 1,213591 3,135295 -0,776593 1,238496 2,993595 -0,064228 0,787607 3,455765
-0,058547 -0,037209 3,254844 0,605781 1,316047 3,215552 -0,659760 1,324738 3,070464 -0,068142 0,797675 3,468730
-0,063689 -0,024819 3,262440 0,520261 1,392097 3,287803 -0,542805 1,374587 3,134429 -0,075227 0,792126 3,442376
