24 12
-0,119360 -0,072049 3,261796 0,264919 1,420651 3,251291 -0,483228 1,359251 3,075492 -0,044877 0,697610 3,366865
-0,121144 -0,075655 3,270054 0,256888 1,409925 3,256260 -0,575156 1,421466 3,087628 -0,044899 0,689387 3,342273
-0,126787 -0,073360 3,260365 0,262539 1,413132 3,270829 -0,620836 1,391584 2,989257 -0,048642 0,691672 3,354364
-0,135651 -0,079041 3,246809 0,260075 1,407337 3,272856 -0,700649 1,171657 2,602040 -0,055208 0,687066 3,329618
-0,142647 -0,075431 3,255107 0,268903 1,396266 3,246366 -0,760689 0,961939 2,593415 -0,051703 0,696472 3,342004
-0,141531 -0,075341 3,256514 0,262731 1,386377 3,211380 -0,733974 0,767270 2,420739 -0,056418 0,699824 3,378736
-0,147518 -0,066622 3,223082 0,275250 1,396479 3,224036 -0,678189 0,506363 2,502276 -0,052397 0,708260 3,366714
-0,157930 -0,052646 3,236697 0,274913 1,418866 3,234995 -0,420260 0,384974 2,303607 -0,056182 0,717795 3,379057
-0,157006 -0,044188 3,235559 0,266718 1,411949 3,228097 -0,361914 0,405709 2,403451 -0,056408 0,721340 3,379026
-0,154145 -0,043161 3,231695 0,253915 1,416252 3,200059 -0,284106 0,545183 2,704182 -0,041752 0,714254 3,379477
-0,127705 -0,041248 3,196086 0,238138 1,413757 3,191253 -0,443650 0,685685 2,974567 -0,044859 0,711902 3,367048
-0,119107 -0,018814 3,199695 0,235499 1,414844 3,197846 -0,539045 0,732475 3,028264 -0,026622 0,721561 3,380135
-0,097647 -0,017632 3,238848 0,238977 1,424924 3,203155 -0,628138 0,749088 2,860509 -0,026622 0,721561 3,380135
-0,108498 -0,019148 3,281163 0,242922 1,423872 3,199340 -0,559542 0,717585 2,724131 -0,011973 0,724188 3,430854
-0,112562 -0,018277 3,304246 0,245120 1,424039 3,204008 -0,502325 0,678956 2,649138 -0,015215 0,721702 3,417847
-0,120704 -0,015159 3,305228 0,253246 1,421258 3,214329 -0,423021 0,643030 2,823019 -0,004063 0,721842 3,456464
-0,130869 -0,004471 3,330479 0,255394 1,404785 3,182886 -0,444112 0,665372 2,981747 -0,019230 0,725491 3,456341
-0,130248 -0,005496 3,355062 0,263308 1,415103 3,199670 -0,470047 0,715094 3,056260 -0,019452 0,729151 3,456451
-0,132498 0,011327 3,320111 0,279374 1,435631 3,222188 -0,514128 0,839267 2,994625 -0,022894 0,756804 3,522368
-0,139728 0,011917 3,324323 0,291011 1,408359 3,205492 -0,558824 0,998185 3,086930 -0,019550 0,746756 3,509171
-0,145705 0,013744 3,324618 0,295836 1,407441 3,227057 -0,539636 1,042048 3,092354 -0,019324 0,743041 3,509051
-0,155271 0,012786 3,303348 0,303361 1,426937 3,247386 -0,467795 1,233981 3,266050 -0,041604 0,734096 3,481645
-0,160695 -0,008403 3,306106 0,295111 1,418056 3,278663 -0,326853 1,307276 3,267994 -0,037772 0,724232 3,468572
-0,162458 -0,004284 3,284999 0,294206 1,424317 3,286179 -0,329070 1,319040 3,278671 -0,041852 0,723049 3,481639
