31 12
-0,117198 0,053442 3,326593 0,202554 1,492754 3,338209 -0,429037 1,496656 3,313619 -0,131903 0,804053 3,362562
-0,108867 0,059056 3,315430 0,199135 1,492280 3,344386 -0,421343 1,492152 3,299294 -0,128090 0,806726 3,374530
-0,108085 0,050765 3,321735 0,199490 1,489926 3,332757 -0,422804 1,494451 3,294526 -0,124350 0,800545 3,362803
-0,104261 0,049994 3,322207 0,215940 1,493770 3,367203 -0,430320 1,488327 3,258520 -0,105808 0,805282 3,351995
-0,095099 0,048572 3,314245 0,220599 1,491327 3,351103 -0,466522 1,502810 3,268572 -0,106074 0,801744 3,352251
-0,094116 0,056048 3,318405 0,221494 1,491856 3,350670 -0,510299 1,446751 3,217277 -0,105808 0,805282 3,351995
-0,085831 0,051509 3,339391 0,231547 1,504791 3,372250 -0,622747 1,100554 2,757049 -0,091001 0,794678 3,352493
-0,073455 0,047943 3,320232 0,240972 1,485551 3,349493 -0,725440 0,789418 2,790463 -0,103628 0,804512 3,414540
-0,071464 0,048341 3,332055 0,242378 1,468550 3,382069 -0,752368 0,569724 2,771709 -0,099095 0,796413 3,377063
-0,066211 0,045682 3,332535 0,250019 1,489546 3,353219 -0,762237 0,194907 2,724419 -0,106086 0,787440 3,352064
-0,066771 0,039135 3,337826 0,252172 1,496757 3,361794 -0,734646 -0,120544 2,715586 -0,105181 0,773510 3,303753
-0,061795 0,036758 3,348740 0,252087 1,483806 3,339927 -0,714777 -0,245926 2,735438 -0,112730 0,782096 3,327129
-0,061721 0,051429 3,331159 0,253849 1,491617 3,352146 -0,679357 -0,460180 2,927252 -0,092279 0,803765 3,378160
-0,067500 0,061729 3,350829 0,247184 1,498797 3,354992 -0,625683 -0,566204 2,912311 -0,084943 0,811058 3,378707
-0,063978 0,068183 3,346406 0,240019 1,484742 3,382461 -0,603738 -0,601709 2,950372 -0,067035 0,817613 3,392372
-0,059387 0,059940 3,355478 0,234242 1,495571 3,339861 -0,559999 -0,656327 3,081744 -0,073609 0,821096 3,391467
-0,061037 0,074204 3,363075 0,237223 1,497870 3,339453 -0,529544 -0,651414 3,045154 -0,074395 0,817543 3,392002
-0,057765 0,064095 3,355184 0,234490 1,507407 3,347646 -0,530422 -0,656093 3,062968 -0,069743 0,818357 3,379154
-0,053884 0,061095 3,363847 0,229307 1,501013 3,333921 -0,536951 -0,642497 3,029643 -0,070274 0,811209 3,379517
-0,056066 0,064703 3,362361 0,235841 1,465242 3,366552 -0,552140 -0,638475 3,041774 -0,070011 0,814794 3,379378
-0,057501 0,061634 3,359037 0,236352 1,499672 3,339190 -0,558033 -0,631926 3,042503 -0,062614 0,805828 3,355096
-0,062743 0,066797 3,366883 0,231459 1,480769 3,357419 -0,562087 -0,608235 3,017939 -0,081051 0,815552 3,366588
-0,059483 0,059670 3,350564 0,233059 1,502900 3,334664 -0,557365 -0,513771 2,987310 -0,069290 0,796816 3,330070
-0,058751 0,056161 3,336652 0,229800 1,510733 3,339884 -0,549203 -0,417298 2,956172 -0,080803 0,804754 3,366247
-0,047593 0,043371 3,340745 0,229063 1,503112 3,337706 -0,558227 -0,098070 2,881500 -0,095156 0,795658 3,340914
-0,045407 0,043440 3,348637 0,225685 1,485126 3,365425 -0,554592 0,301953 2,859865 -0,106849 0,798161 3,352625
-0,045928 0,044606 3,349501 0,225748 1,498606 3,334080 -0,532649 0,517845 2,806205 -0,084295 0,789577 3,329484
-0,062583 0,039641 3,319920 0,225731 1,504897 3,338667 -0,506373 1,033354 2,981141 -0,095161 0,806238 3,389057
-0,079737 0,047753 3,355417 0,223567 1,500772 3,335243 -0,489895 1,336764 3,054458 -0,084943 0,811058 3,378707
-0,086753 0,044465 3,347959 0,222182 1,499739 3,340178 -0,449566 1,427327 3,146448 -0,091248 0,805470 3,352999
-0,106381 0,046939 3,329974 0,219603 1,490119 3,324402 -0,398694 1,499831 3,304370 -0,098247 0,803605 3,328429
