23 12
-0,064750 0,034693 3,342581 0,277161 1,414917 3,343644 -0,486467 1,400615 3,308367 -0,026696 0,840367 3,381661
-0,058795 0,036737 3,344166 0,279064 1,417874 3,349274 -0,576413 1,126989 2,920263 -0,015716 0,849027 3,419773
-0,059575 0,038315 3,339579 0,279323 1,413133 3,343440 -0,624945 0,796563 2,923650 -0,026896 0,851899 3,432328
-0,060908 0,041423 3,345939 0,281561 1,416088 3,353469 -0,622936 0,575855 2,869817 -0,026627 0,855584 3,432404
-0,059541 0,041710 3,348563 0,283158 1,407936 3,338733 -0,611994 0,205417 2,958628 -0,034182 0,853336 3,406723
-0,063006 0,034431 3,366086 0,288344 1,419315 3,358272 -0,564618 -0,042640 2,918227 -0,049466 0,857657 3,457489
-0,064233 0,046464 3,372191 0,290743 1,408656 3,343570 -0,553735 -0,130634 2,928315 -0,049239 0,849564 3,406104
-0,059482 0,039741 3,358392 0,289263 1,418871 3,363758 -0,552791 -0,258566 2,943151 -0,030681 0,854815 3,445117
-0,055916 0,042678 3,361141 0,287409 1,413012 3,356109 -0,562670 -0,317031 2,934265 -0,041773 0,859150 3,432004
-0,055409 0,040220 3,374674 0,286092 1,414246 3,354384 -0,561864 -0,326938 2,932539 -0,030411 0,858513 3,445190
-0,053062 0,036160 3,370902 0,286878 1,420890 3,363041 -0,564222 -0,321916 2,934945 -0,034489 0,857750 3,457986
-0,049528 0,032706 3,364385 0,287988 1,414816 3,357810 -0,560717 -0,310753 2,935788 -0,038053 0,864426 3,471007
-0,052506 0,040093 3,374419 0,289170 1,415449 3,359819 -0,564210 -0,306075 2,929837 -0,033960 0,857767 3,457928
-0,053345 0,034283 3,371979 0,286677 1,414798 3,350615 -0,566799 -0,294174 2,924583 -0,026627 0,855584 3,432404
-0,045731 0,046366 3,372863 0,285946 1,411230 3,346190 -0,576103 -0,249772 2,925942 -0,034481 0,865131 3,458099
-0,048266 0,043036 3,355685 0,290844 1,418955 3,366218 -0,576084 -0,213775 2,923616 -0,037877 0,858473 3,444966
-0,044346 0,040587 3,358096 0,291955 1,412947 3,360376 -0,575007 -0,020286 2,906102 -0,026896 0,851899 3,432328
-0,036427 0,043680 3,353778 0,293200 1,417003 3,351589 -0,543026 0,273777 2,866758 -0,012268 0,855571 3,432564
-0,033189 0,036316 3,346927 0,293046 1,410303 3,358979 -0,538632 0,471462 2,854840 -0,012017 0,857836 3,458499
-0,035765 0,037658 3,342346 0,292059 1,421507 3,369795 -0,525693 0,931371 2,968819 -0,011482 0,851968 3,432631
-0,037642 0,030854 3,346906 0,287181 1,411312 3,350328 -0,511017 1,247101 3,056212 -0,019238 0,861525 3,458447
-0,040168 0,034922 3,352968 0,289668 1,416572 3,362649 -0,445157 1,324623 3,127841 -0,026355 0,859246 3,432393
-0,060697 0,045778 3,326909 0,277981 1,418986 3,354208 -0,390379 1,428866 3,350128 -0,033922 0,849717 3,406688
