29 12
-0,118551 0,043268 3,308326 0,192101 1,485574 3,310110 -0,552862 1,445901 3,294816 -0,091257 0,798314 3,352907
-0,117647 0,045054 3,323140 0,194969 1,490328 3,309474 -0,635859 1,304880 3,186006 -0,091513 0,801931 3,353241
-0,116483 0,039169 3,342741 0,196299 1,484435 3,302232 -0,769715 0,759960 2,646572 -0,106337 0,798186 3,352426
-0,117103 0,044249 3,336802 0,192525 1,485368 3,296138 -0,827653 0,242007 2,739835 -0,120101 0,794285 3,350339
-0,117099 0,042219 3,333491 0,197959 1,484545 3,305487 -0,835463 0,000644 2,720136 -0,124094 0,789729 3,362253
-0,119014 0,048782 3,331265 0,197798 1,485145 3,298755 -0,841643 -0,395278 2,927514 -0,120213 0,785556 3,326843
-0,120952 0,041602 3,330672 0,194557 1,486004 3,308171 -0,764413 -0,537539 2,920717 -0,114512 0,807074 3,376839
-0,123092 0,061111 3,357766 0,189524 1,494282 3,304261 -0,696216 -0,570514 2,941139 -0,110539 0,811591 3,364786
-0,124991 0,055857 3,343321 0,186424 1,482391 3,287593 -0,551330 -0,659385 3,204691 -0,110797 0,807979 3,364803
-0,129587 0,056760 3,353159 0,184172 1,491599 3,289044 -0,350191 -0,574036 2,902078 -0,106069 0,808900 3,352345
-0,126037 0,045480 3,328228 0,183286 1,502528 3,303926 -0,367783 -0,585447 2,970244 -0,106593 0,801762 3,352614
-0,119953 0,053590 3,364030 0,184461 1,481115 3,277888 -0,415050 -0,620389 2,976973 -0,088361 0,815470 3,366157
-0,112085 0,054597 3,343652 0,185114 1,507670 3,305079 -0,433560 -0,616524 2,969565 -0,083953 0,812713 3,353550
-0,107744 0,056070 3,348393 0,187732 1,498202 3,293559 -0,377685 -0,600545 2,913459 -0,081313 0,811959 3,366657
-0,107424 0,064941 3,348844 0,194767 1,501776 3,310612 -0,349915 -0,584303 2,912634 -0,081058 0,808366 3,366493
-0,104629 0,061632 3,332294 0,191472 1,495831 3,299727 -0,493720 -0,653764 3,096919 -0,077610 0,811136 3,379127
-0,106040 0,065646 3,339490 0,196729 1,489226 3,294679 -0,479693 -0,638736 2,995814 -0,070529 0,814815 3,379672
-0,109285 0,065250 3,349852 0,192265 1,489961 3,298944 -0,383913 -0,599296 3,027083 -0,081754 0,817466 3,391603
-0,102240 0,066422 3,352148 0,193930 1,489036 3,290221 -0,417724 -0,604156 3,041546 -0,076932 0,809252 3,354207
-0,106301 0,066300 3,345569 0,192792 1,488043 3,306058 -0,484930 -0,632519 3,119026 -0,081058 0,808366 3,366493
-0,105127 0,066859 3,358613 0,192958 1,488362 3,301526 -0,537205 -0,598763 3,034861 -0,070011 0,814794 3,379377
-0,094922 0,062872 3,326591 0,193690 1,492992 3,308479 -0,423292 -0,468489 2,889867 -0,081058 0,808366 3,366493
-0,093108 0,065146 3,323051 0,199048 1,482928 3,292933 -0,426665 -0,361521 2,937280 -0,080548 0,801124 3,365921
-0,082550 0,060598 3,346309 0,200201 1,502408 3,315006 -0,496195 -0,029405 2,749891 -0,091504 0,800042 3,377228
-0,072271 0,056083 3,320195 0,197065 1,500881 3,311942 -0,580246 0,446653 2,753722 -0,073114 0,792313 3,341967
-0,071330 0,048235 3,333512 0,201404 1,490358 3,295556 -0,613444 0,726531 2,706951 -0,069767 0,803939 3,378960
-0,075042 0,039610 3,309700 0,206536 1,491060 3,321448 -0,584851 1,246630 3,024674 -0,069755 0,811147 3,379058
-0,090029 0,045751 3,328899 0,213003 1,477425 3,308403 -0,465243 1,360615 3,033871 -0,076942 0,802092 3,354115
-0,097427 0,048118 3,324291 0,210454 1,485201 3,313064 -0,413574 1,463239 3,242683 -0,087845 0,808224 3,365568
