22 12
-0,040951 0,037621 3,244123 0,277288 1,421009 3,234011 -0,358331 1,380993 3,119689 -0,004458 0,816871 3,357085
-0,043269 0,034876 3,249864 0,287048 1,438192 3,270784 -0,336894 1,211277 2,988063 -0,000572 0,817713 3,344865
-0,045419 0,030702 3,276376 0,279132 1,430730 3,254358 -0,200034 0,942322 2,776878 0,000385 0,796089 3,343685
-0,049181 0,031363 3,261561 0,281728 1,427782 3,265656 -0,172125 0,860699 2,796847 0,003216 0,790062 3,332322
-0,049767 0,030975 3,269227 0,278579 1,436437 3,258328 -0,247095 0,663671 2,636737 0,007423 0,799742 3,344185
-0,037937 0,040611 3,276293 0,279905 1,420043 3,243407 -0,606775 0,674482 3,047831 0,002575 0,793721 3,284648
-0,034319 0,030802 3,265617 0,287933 1,422665 3,260194 -0,730770 0,625767 2,884077 0,006584 0,805184 3,320554
-0,031618 0,030834 3,265729 0,295068 1,426105 3,274333 -0,681202 0,649110 2,924973 -0,015124 0,805151 3,320222
-0,038205 0,039008 3,266891 0,282320 1,437549 3,270750 -0,537638 0,644458 2,853210 -0,000900 0,808727 3,320542
-0,045403 0,039117 3,256095 0,267848 1,429100 3,240761 -0,635047 0,670886 3,025195 -0,007869 0,810558 3,344669
-0,045754 0,042459 3,262936 0,269301 1,435451 3,252764 -0,802265 0,590560 2,703776 -0,007907 0,799850 3,296376
-0,045601 0,041075 3,251888 0,273782 1,424502 3,229137 -0,943985 0,670237 2,869689 -0,022344 0,812222 3,320134
-0,047512 0,042237 3,260675 0,275422 1,427626 3,231342 -0,951896 0,698120 2,918045 -0,019266 0,814924 3,332356
-0,053196 0,052017 3,240083 0,277145 1,426971 3,233697 -1,012511 0,643988 2,834171 -0,022608 0,808674 3,320147
-0,056515 0,054135 3,216606 0,272211 1,437415 3,248277 -1,186508 0,711765 3,028364 -0,022860 0,812201 3,320161
-0,052204 0,057482 3,216201 0,272047 1,433022 3,238280 -1,116106 0,741476 2,926636 -0,026355 0,823978 3,356732
-0,057177 0,064073 3,204703 0,270369 1,430796 3,238752 -1,048603 0,938859 3,124579 -0,033390 0,827529 3,356506
-0,054099 0,063961 3,204616 0,266657 1,438699 3,250883 -0,836388 1,052503 2,885232 -0,022246 0,820958 3,296296
-0,052742 0,071084 3,192689 0,263018 1,427407 3,237812 -0,747691 1,150033 2,913189 -0,029694 0,824454 3,296200
-0,053376 0,064626 3,182354 0,264998 1,428438 3,240297 -0,612296 1,467943 3,363360 -0,022571 0,829972 3,320388
-0,059834 0,074399 3,196518 0,265110 1,436510 3,257116 -0,385386 1,406552 3,124311 -0,029694 0,824454 3,296200
-0,062194 0,066914 3,187958 0,267790 1,428631 3,241975 -0,362469 1,469688 3,275164 -0,026320 0,818219 3,284356
