32 12
-0,122301 0,052065 3,306718 0,226431 1,489432 3,285863 -0,564721 1,445920 3,385701 -0,121407 0,819423 3,351854
-0,120693 0,048397 3,307190 0,233145 1,487391 3,295723 -0,706195 1,057151 2,911397 -0,121669 0,822963 3,351898
-0,125350 0,051468 3,321285 0,238089 1,489116 3,288960 -0,887795 0,726875 3,068300 -0,118362 0,825793 3,364510
-0,123250 0,060341 3,318341 0,241807 1,487377 3,280108 -0,895377 0,543165 3,029837 -0,114510 0,835917 3,377241
-0,126851 0,056982 3,320304 0,241907 1,486210 3,280999 -0,871784 0,307372 3,217610 -0,127959 0,813841 3,326863
-0,129906 0,059808 3,343363 0,239782 1,476505 3,276441 -0,625447 0,171962 2,951483 -0,143781 0,828208 3,374740
-0,131464 0,057001 3,327510 0,242906 1,478658 3,275359 -0,594584 0,164825 3,028781 -0,154558 0,821596 3,361377
-0,129355 0,059092 3,336344 0,244366 1,492214 3,279230 -0,625329 0,058361 3,032959 -0,158657 0,824298 3,373430
-0,126957 0,067057 3,334017 0,239570 1,486452 3,278938 -0,797898 -0,034065 3,247567 -0,136215 0,822719 3,350742
-0,132130 0,061034 3,332557 0,232260 1,493133 3,286057 -0,774803 -0,037050 3,116986 -0,142670 0,817102 3,325711
-0,131653 0,061642 3,336102 0,221366 1,481396 3,271186 -0,670557 -0,012676 3,183401 -0,142412 0,820699 3,325740
-0,121404 0,070726 3,276968 0,225692 1,483921 3,271520 -0,419091 0,082351 2,861141 -0,136477 0,826237 3,350721
-0,119852 0,095066 3,279739 0,220213 1,469553 3,245406 -0,418682 0,091536 2,938978 -0,135978 0,831318 3,326296
-0,137570 0,075202 3,338605 0,220336 1,471795 3,245634 -0,499259 -0,007678 2,844165 -0,126442 0,836210 3,363620
-0,142896 0,069212 3,349982 0,221411 1,470426 3,247923 -0,527735 -0,012799 2,846922 -0,119401 0,839797 3,363865
-0,126212 0,088175 3,308368 0,220878 1,478585 3,256522 -0,459348 0,014583 2,780464 -0,122459 0,840630 3,351647
-0,110821 0,096775 3,261660 0,231740 1,480311 3,278993 -0,395393 0,118180 2,832721 -0,132727 0,827023 3,338661
-0,139916 0,060741 3,355052 0,231394 1,470199 3,245495 -0,613108 0,049788 3,092607 -0,132210 0,827168 3,338886
-0,136854 0,065308 3,346341 0,240656 1,484718 3,282783 -0,718050 0,030504 3,053294 -0,129725 0,833340 3,351009
-0,138271 0,053419 3,323208 0,246178 1,485062 3,284869 -0,726386 0,034633 2,985561 -0,119294 0,834952 3,389404
-0,126247 0,058782 3,303333 0,246570 1,480890 3,289534 -0,509516 0,092434 2,773067 -0,132957 0,825554 3,363376
-0,134047 0,060769 3,323007 0,245126 1,474908 3,278014 -0,512019 0,130672 2,911616 -0,143229 0,833372 3,350248
-0,140251 0,053768 3,346542 0,238183 1,474039 3,268451 -0,635129 0,063649 2,748101 -0,136215 0,822719 3,350742
-0,135067 0,064369 3,330608 0,232965 1,489946 3,285633 -0,839927 0,078493 2,943883 -0,127430 0,828091 3,326800
-0,135432 0,059065 3,344843 0,229440 1,482625 3,276226 -0,778466 0,108777 2,835102 -0,128224 0,824471 3,327003
-0,137230 0,057958 3,339603 0,238491 1,487640 3,287537 -0,673393 0,263333 2,941669 -0,118622 0,829325 3,364470
-0,136448 0,056862 3,318891 0,240905 1,487743 3,283878 -0,758419 0,499106 2,993119 -0,129683 0,835621 3,376192
-0,132384 0,057287 3,317847 0,232532 1,474425 3,263224 -0,822805 0,637791 2,924553 -0,113759 0,824702 3,328089
-0,130440 0,055712 3,322808 0,230513 1,475060 3,268197 -0,836688 1,011510 2,966707 -0,114016 0,821081 3,327952
-0,134827 0,061772 3,316173 0,229797 1,482227 3,279743 -0,701635 1,218344 2,878381 -0,121409 0,826586 3,351950
-0,135806 0,053358 3,311704 0,234410 1,479516 3,280588 -0,615395 1,310384 2,964200 -0,129678 0,828406 3,376089
-0,145038 0,055005 3,302996 0,233312 1,480458 3,279791 -0,463492 1,526824 3,414487 -0,135692 0,829943 3,350735
