26 12
-0,025352 0,035183 3,287081 0,308840 1,438159 3,286093 -0,386230 1,479934 3,299782 -0,025725 0,825580 3,332144
-0,027249 0,042582 3,282065 0,305544 1,442201 3,277440 -0,420212 1,429127 3,171568 -0,025725 0,825580 3,332144
-0,026564 0,038802 3,287515 0,306414 1,431800 3,264283 -0,486872 1,350390 3,144067 -0,017348 0,826921 3,306975
-0,026851 0,045321 3,295399 0,304765 1,439995 3,276383 -0,531102 1,246058 3,037830 -0,025454 0,829100 3,331969
-0,034800 0,053944 3,315186 0,308545 1,440641 3,284315 -0,565901 1,029366 2,797684 -0,025454 0,829100 3,331969
-0,038060 0,045003 3,306927 0,301826 1,447901 3,296116 -0,335417 0,798411 2,480679 -0,025543 0,814705 3,284157
-0,046809 0,040689 3,309680 0,299376 1,441083 3,294197 -0,206594 0,722363 2,388299 -0,025109 0,820004 3,307492
-0,052363 0,026104 3,312719 0,290226 1,447994 3,288180 0,017559 0,778754 2,813245 -0,026272 0,811357 3,332170
-0,044677 0,036292 3,306151 0,290617 1,430579 3,266201 -0,022116 0,778126 2,928662 -0,018419 0,820134 3,308177
-0,033731 0,032919 3,306223 0,295119 1,442268 3,288165 -0,115723 0,787977 2,962660 -0,015146 0,830392 3,369346
-0,023418 0,031766 3,312338 0,308067 1,439355 3,304782 -0,292590 0,743738 2,690654 -0,021606 0,828253 3,343931
-0,020497 0,031139 3,301983 0,300443 1,447617 3,297294 -0,125948 0,629110 2,399544 -0,022203 0,833945 3,369087
-0,021489 0,038131 3,342312 0,306784 1,429567 3,304722 -0,032070 0,638912 2,491074 -0,018673 0,823693 3,308342
-0,013051 0,036065 3,298343 0,301140 1,426639 3,285118 0,088014 0,698560 2,796026 -0,043878 0,818960 3,272066
0,003961 0,035827 3,271547 0,303314 1,425512 3,284386 -0,034658 0,739193 2,859687 -0,029120 0,839462 3,393313
0,013023 0,031334 3,286259 0,307944 1,434930 3,314386 -0,129503 0,731966 2,729036 0,004105 0,829024 3,331972
0,012444 0,031620 3,288559 0,301660 1,411224 3,345871 -0,083335 0,709052 2,695354 -0,010700 0,848164 3,431922
0,013419 0,036613 3,274702 0,305887 1,426810 3,295809 0,086388 0,638268 2,672740 -0,007221 0,856296 3,419663
0,017017 0,035743 3,276231 0,308266 1,430235 3,298994 0,129580 0,665651 2,838173 0,014970 0,840473 3,320151
0,024494 0,041555 3,280498 0,304348 1,452371 3,318283 0,025111 0,649443 2,650764 0,004044 0,830607 3,307905
0,030674 0,032149 3,250149 0,313951 1,437447 3,314777 -0,206406 0,885836 2,806986 -0,002129 0,819699 3,353896
0,033102 0,041154 3,259854 0,306641 1,474509 3,327381 -0,311658 0,971318 2,785603 0,005246 0,796295 3,328697
0,028780 0,039087 3,256013 0,321880 1,429807 3,282722 -0,413727 1,140226 2,728243 0,007817 0,817185 3,295486
0,025726 0,051581 3,242991 0,310943 1,456999 3,291396 -0,523812 1,324471 2,944097 -0,010917 0,836276 3,332414
0,028484 0,044336 3,245473 0,314234 1,444479 3,286225 -0,511539 1,367473 2,990021 -0,006745 0,840458 3,319822
0,012484 0,048324 3,224971 0,305251 1,457358 3,292767 -0,412239 1,520371 3,294782 -0,010872 0,839326 3,284559
