25 12
-0,004322 0,054950 3,270444 0,321571 1,457462 3,311384 -0,330372 1,256077 2,924387 0,022974 0,876918 3,369065
-0,009519 0,056710 3,286293 0,314823 1,472346 3,325086 -0,325513 0,961462 2,748232 0,027241 0,855540 3,354789
-0,011939 0,061246 3,296616 0,316669 1,458028 3,317078 -0,275649 0,630442 2,635074 0,024667 0,892272 3,358074
-0,011114 0,068122 3,295093 0,318566 1,453069 3,315594 -0,265876 0,550780 2,670786 0,032518 0,894699 3,382940
-0,008510 0,061205 3,305774 0,317598 1,450248 3,318264 -0,237803 0,466367 2,717115 0,033094 0,901921 3,382959
-0,004550 0,057118 3,312576 0,323434 1,447924 3,305841 -0,146317 0,634031 2,595363 0,040429 0,894646 3,382822
-0,001500 0,059415 3,308730 0,325926 1,451853 3,306654 -0,117546 0,719589 2,686911 0,040142 0,891047 3,382845
0,007049 0,052690 3,303770 0,327814 1,452002 3,316188 -0,112354 0,641694 2,720551 0,036603 0,891638 3,370377
0,013275 0,049415 3,302899 0,331735 1,449899 3,324355 -0,141400 0,578105 2,742764 0,041036 0,904352 3,407914
0,011559 0,043714 3,320288 0,335522 1,456210 3,339113 -0,126313 0,621175 2,671840 0,044278 0,897672 3,395343
0,008020 0,050064 3,303235 0,328405 1,449846 3,305685 -0,100009 0,731337 2,778181 0,043578 0,878456 3,345546
0,014542 0,049090 3,290146 0,331232 1,456857 3,329031 -0,159894 0,576785 2,851025 0,040689 0,895705 3,357673
0,010166 0,067240 3,308250 0,326618 1,452916 3,320848 -0,161256 0,558589 2,752913 0,041325 0,907930 3,407724
0,013099 0,053739 3,306531 0,324976 1,455351 3,314448 -0,099479 0,759806 2,770616 0,040376 0,884979 3,357774
0,016957 0,058132 3,301034 0,331424 1,450666 3,311467 -0,119783 0,691195 2,792388 0,035747 0,880813 3,370219
0,015398 0,054807 3,308386 0,325243 1,441795 3,298003 -0,148459 0,638153 2,873010 0,044225 0,895173 3,370215
0,012757 0,057520 3,288878 0,330914 1,445209 3,315354 -0,159574 0,681745 2,816229 0,036603 0,891638 3,370377
0,009255 0,041356 3,274783 0,328944 1,454928 3,316757 -0,149824 0,957897 2,893368 0,045088 0,856372 3,343241
0,016237 0,040945 3,284540 0,326130 1,445258 3,301186 -0,185149 1,017047 2,941134 0,041081 0,859549 3,356545
0,005760 0,047748 3,268062 0,331888 1,452211 3,322644 -0,297326 0,951584 2,730060 0,041327 0,855826 3,356030
0,003588 0,063252 3,277048 0,343290 1,447899 3,329851 -0,445088 1,094073 2,901528 0,033324 0,881339 3,357532
-0,001619 0,060719 3,273541 0,341913 1,459824 3,332945 -0,489665 1,155176 2,909342 0,028982 0,888075 3,370446
0,000602 0,061409 3,272535 0,329742 1,463645 3,320463 -0,514169 1,345586 3,010602 0,029844 0,898767 3,370094
-0,003625 0,063967 3,266104 0,335979 1,452554 3,318952 -0,461418 1,396725 3,010895 0,036603 0,891638 3,370377
-0,004526 0,060950 3,275062 0,328207 1,456758 3,313323 -0,390115 1,421090 3,082142 0,037206 0,905969 3,370165
