26 12
0,004078 0,049800 3,241420 0,324393 1,434695 3,242347 -0,417235 1,366718 3,091394 -0,000997 0,834675 3,249897
-0,000668 0,042631 3,250658 0,323913 1,429314 3,231331 -0,352085 1,198372 2,934520 -0,003214 0,825130 3,283954
-0,007947 0,047526 3,248103 0,320664 1,444104 3,254496 -0,330320 1,104517 2,903407 -0,010160 0,814473 3,283275
-0,005585 0,047087 3,239597 0,319588 1,434786 3,247274 -0,295875 0,971329 2,869233 -0,016517 0,805233 3,257859
-0,009203 0,046422 3,247380 0,315268 1,434992 3,237942 -0,268895 0,888271 2,866104 -0,010659 0,821681 3,284111
-0,007918 0,035759 3,212933 0,316339 1,425925 3,232781 -0,320272 0,873508 2,918716 -0,021891 0,826059 3,272594
0,010741 0,046171 3,270925 0,320614 1,432934 3,238918 -0,488578 0,772361 2,741806 -0,007571 0,833113 3,272974
0,019948 0,056354 3,213650 0,321446 1,441978 3,259183 -0,792178 0,801523 2,946193 0,002486 0,818077 3,238234
0,031872 0,053807 3,227920 0,328839 1,431624 3,248632 -0,768510 0,742241 2,769051 -0,011407 0,839390 3,284867
0,048306 0,048195 3,237462 0,337656 1,444777 3,270732 -0,681713 0,751037 2,867284 0,003180 0,828837 3,284873
0,057008 0,058888 3,219059 0,338264 1,426003 3,231434 -0,724299 0,743164 3,006532 0,013591 0,822325 3,226768
0,068821 0,052016 3,210118 0,339059 1,452944 3,263139 -0,807364 0,748712 3,060391 0,024685 0,844969 3,309048
0,087176 0,052760 3,248125 0,362192 1,434849 3,259382 -0,878225 0,716286 2,882287 0,039048 0,833799 3,261385
0,091201 0,051329 3,216788 0,368296 1,442515 3,247952 -0,704031 0,682279 2,725000 0,049625 0,826013 3,273048
0,104350 0,050696 3,220267 0,375388 1,431243 3,243146 -0,687547 0,688235 2,831898 0,053007 0,823292 3,261273
0,109738 0,053865 3,237595 0,383578 1,432041 3,246836 -0,766249 0,625324 2,820129 0,079338 0,843907 3,320192
0,124314 0,051544 3,210426 0,395430 1,429084 3,234836 -1,098388 0,689416 3,167908 0,097815 0,830123 3,306955
0,134921 0,054008 3,221758 0,404973 1,432333 3,241159 -1,130349 0,674507 3,094283 0,089758 0,828331 3,283658
0,135140 0,046766 3,223071 0,413092 1,432667 3,244288 -1,090706 0,634429 3,044736 0,096512 0,819268 3,259648
0,142396 0,048885 3,230348 0,408647 1,453187 3,271302 -0,911389 0,655386 2,790960 0,096512 0,819268 3,259648
0,137791 0,052428 3,230649 0,404961 1,457376 3,274920 -0,868062 0,729961 2,852933 0,093264 0,821993 3,271479
0,132527 0,054918 3,231275 0,397412 1,450811 3,248919 -0,819030 0,953149 3,003692 0,089268 0,835466 3,283978
0,123714 0,060988 3,242282 0,392048 1,436553 3,242647 -0,653367 1,071822 2,809365 0,085670 0,836223 3,272240
0,119743 0,051058 3,259785 0,384781 1,445913 3,250424 -0,587738 1,167759 2,861848 0,098125 0,840634 3,306742
0,100104 0,044332 3,213613 0,375890 1,438037 3,219386 -0,452655 1,427184 3,241118 0,087290 0,841374 3,294772
0,085442 0,048069 3,246544 0,368267 1,443457 3,253520 -0,309579 1,411110 3,141563 0,076542 0,853780 3,332194
