31 12
-0,065725 0,049865 3,239142 0,233355 1,477022 3,285869 -0,409294 1,465090 3,108261 -0,076362 0,816219 3,306038
-0,063122 0,048694 3,244405 0,232426 1,495582 3,269421 -0,349384 1,316358 2,912508 -0,076371 0,809150 3,305957
-0,066456 0,058297 3,247749 0,234800 1,490379 3,265710 -0,330358 1,211394 2,799342 -0,082334 0,807143 3,280997
-0,072947 0,043708 3,258904 0,235695 1,493675 3,274565 -0,352719 0,936795 2,620714 -0,075092 0,791204 3,304062
-0,081183 0,049241 3,271789 0,235285 1,491269 3,271956 -0,313238 0,714696 2,508810 -0,064350 0,806387 3,293420
-0,087184 0,051072 3,278055 0,234906 1,491587 3,284900 -0,332034 0,647535 2,468751 -0,069071 0,807404 3,282657
-0,094520 0,055012 3,275194 0,234343 1,493703 3,275323 -0,321545 0,529877 2,511879 -0,069526 0,814619 3,330465
-0,086575 0,050645 3,266766 0,230573 1,489882 3,263725 -0,327222 0,467027 2,686108 -0,073600 0,820882 3,342616
-0,082717 0,050129 3,249794 0,233936 1,490284 3,265761 -0,310378 0,505618 2,769938 -0,054475 0,828924 3,330902
-0,080592 0,051322 3,267239 0,234198 1,494691 3,270920 -0,315428 0,585959 2,704129 -0,083389 0,807256 3,281898
-0,085569 0,057658 3,277614 0,230521 1,493541 3,269461 -0,339766 0,660970 2,555212 -0,076104 0,812665 3,305813
-0,088052 0,053213 3,277507 0,226517 1,507213 3,291184 -0,355440 0,640571 2,479101 -0,079495 0,809943 3,293669
-0,088435 0,049431 3,274607 0,228522 1,490140 3,267421 -0,298551 0,511446 2,598302 -0,076371 0,809150 3,305957
-0,079849 0,046397 3,251338 0,231398 1,494054 3,274137 -0,319193 0,522452 2,781509 -0,058789 0,824587 3,343262
-0,075511 0,047053 3,257925 0,234751 1,480469 3,263425 -0,300073 0,545281 2,803580 -0,062586 0,827326 3,355370
-0,076106 0,048226 3,274926 0,235610 1,484553 3,269144 -0,335066 0,519471 2,550139 -0,096468 0,837426 3,415847
-0,081898 0,045389 3,280399 0,232593 1,492556 3,263984 -0,333618 0,563474 2,419924 -0,095664 0,822569 3,365792
-0,077631 0,043246 3,276802 0,227312 1,489910 3,259406 -0,322240 0,525598 2,406142 -0,069789 0,811060 3,330523
-0,071018 0,044879 3,286438 0,225733 1,487547 3,251751 -0,265154 0,536624 2,720725 -0,054747 0,825405 3,331104
-0,065291 0,038156 3,272529 0,233623 1,489631 3,269508 -0,273961 0,577580 2,743547 -0,057983 0,811947 3,318462
-0,068398 0,042001 3,281966 0,237659 1,491151 3,278227 -0,270689 0,553106 2,696730 -0,061440 0,809227 3,306267
-0,075224 0,053322 3,275728 0,233697 1,484124 3,254191 -0,346425 0,537846 2,404279 -0,058238 0,815534 3,318749
-0,076120 0,048466 3,287487 0,233413 1,500594 3,273288 -0,363793 0,493005 2,476006 -0,058505 0,812007 3,318875
-0,070044 0,043903 3,271092 0,233963 1,487078 3,254181 -0,359992 0,501854 2,632192 -0,069078 0,800382 3,282581
-0,065166 0,048264 3,272505 0,246415 1,489645 3,277598 -0,350275 0,600292 2,762672 -0,058447 0,801328 3,271334
-0,063539 0,040946 3,261869 0,247287 1,494606 3,267256 -0,426949 0,785359 2,792961 -0,057744 0,801252 3,318013
-0,061024 0,046026 3,262451 0,247624 1,500983 3,280058 -0,468005 0,927507 2,768256 -0,057997 0,804855 3,318378
-0,064132 0,048304 3,265479 0,240032 1,491191 3,261176 -0,492877 1,227824 2,865781 -0,061339 0,805676 3,259434
-0,068155 0,047565 3,261671 0,241943 1,491795 3,259324 -0,485407 1,377810 2,940078 -0,069424 0,812755 3,306474
-0,069570 0,044008 3,270568 0,238930 1,479669 3,292475 -0,432008 1,421444 3,018582 -0,072959 0,811876 3,318173
-0,076105 0,048396 3,253366 0,235927 1,495767 3,262552 -0,357732 1,496210 3,245514 -0,076362 0,816219 3,306038
