22 12
-0,139586 0,039455 3,350774 0,203941 1,493519 3,313797 -0,464462 1,465958 3,133959 -0,093053 0,798351 3,403232
-0,138128 0,037487 3,370285 0,199788 1,502026 3,333677 -0,513265 1,411021 3,054696 -0,084961 0,789443 3,378413
-0,141775 0,030004 3,378635 0,201201 1,489403 3,318102 -0,538689 1,285143 2,897237 -0,085713 0,785775 3,378476
-0,142457 0,042293 3,395265 0,195269 1,507022 3,324860 -0,607864 0,936526 2,521602 -0,081579 0,786800 3,366356
-0,151588 0,028953 3,415345 0,199284 1,498958 3,325885 -0,589589 0,640934 2,445595 -0,078802 0,791196 3,403970
-0,152651 0,034269 3,407850 0,201793 1,498658 3,330757 -0,586525 0,493035 2,391564 -0,091124 0,804759 3,467604
-0,156344 0,057273 3,414497 0,200954 1,493699 3,336822 -0,597397 0,277706 2,367828 -0,090364 0,824935 3,442081
-0,151048 0,072958 3,402352 0,205063 1,479362 3,321479 -0,578671 0,176439 2,368666 -0,087158 0,818303 3,428988
-0,152810 0,071767 3,391158 0,200356 1,474296 3,317337 -0,572604 0,152298 2,353539 -0,087136 0,816739 3,455028
-0,158967 0,076147 3,401370 0,198444 1,486465 3,322991 -0,564280 0,143713 2,376175 -0,090871 0,817492 3,441796
-0,165403 0,072271 3,403945 0,197710 1,488647 3,329966 -0,570234 0,154266 2,375170 -0,090618 0,813889 3,441867
-0,173700 0,063718 3,403938 0,198288 1,479695 3,321898 -0,575659 0,159971 2,380701 -0,094354 0,820375 3,454684
-0,168547 0,061964 3,419176 0,199790 1,480337 3,324981 -0,581668 0,170015 2,385386 -0,090618 0,813889 3,441867
-0,165159 0,061603 3,400577 0,196642 1,485713 3,326110 -0,577446 0,194305 2,369422 -0,094856 0,812908 3,454402
-0,162189 0,056174 3,419348 0,194788 1,485840 3,357051 -0,566910 0,235007 2,359930 -0,101498 0,810965 3,428325
-0,158035 0,045294 3,404327 0,199944 1,498773 3,341969 -0,535401 0,388142 2,460779 -0,099363 0,815478 3,466690
-0,139472 0,038743 3,398026 0,199431 1,486709 3,353279 -0,511944 0,624315 2,436598 -0,074169 0,785005 3,391440
-0,134882 0,025625 3,392167 0,204742 1,483184 3,319962 -0,507391 0,765074 2,469229 -0,081091 0,772479 3,366018
-0,123189 0,028016 3,399679 0,208147 1,507454 3,337775 -0,460665 1,121940 2,761090 -0,074416 0,788616 3,391600
-0,112203 0,022210 3,367852 0,200988 1,489685 3,369117 -0,472055 1,327160 2,893567 -0,081771 0,788542 3,391199
-0,107653 0,029319 3,369892 0,199076 1,494039 3,353612 -0,436890 1,412260 3,021867 -0,078135 0,782295 3,378879
-0,105756 0,028355 3,367487 0,203764 1,499063 3,339752 -0,373664 1,490304 3,264566 -0,077471 0,780645 3,354141
