21 12
-0,051235 0,013305 3,392411 0,292706 1,479039 3,337481 -0,427866 1,445511 3,216933 0,010136 0,817084 3,406983
-0,053284 0,013105 3,388813 0,294363 1,485708 3,339061 -0,412834 1,288058 3,035858 0,010647 0,817104 3,407024
-0,046634 0,020656 3,403741 0,295394 1,484748 3,341335 -0,426809 1,140978 2,878334 0,006631 0,810714 3,394359
-0,047605 0,011012 3,410068 0,288323 1,486093 3,347317 -0,488172 0,764841 2,576470 0,025416 0,809824 3,406978
-0,055478 0,014479 3,414989 0,292896 1,472174 3,337972 -0,466122 0,482439 2,505075 0,009645 0,839220 3,457742
-0,054488 0,024996 3,442553 0,287314 1,483780 3,342900 -0,469731 0,378527 2,461539 0,001554 0,840544 3,431097
-0,056963 0,022088 3,423084 0,294836 1,470469 3,335821 -0,489439 0,231944 2,376889 0,009131 0,853720 3,457034
-0,053826 0,025165 3,389498 0,296431 1,471919 3,347540 -0,462745 0,154563 2,368404 0,023392 0,845559 3,405130
-0,045449 0,040635 3,380942 0,298988 1,465655 3,341561 -0,457827 0,133051 2,370710 0,009393 0,850168 3,457486
-0,040327 0,029256 3,397307 0,303223 1,478388 3,360720 -0,454172 0,115972 2,375022 0,023657 0,842076 3,405669
-0,034045 0,025700 3,388229 0,303158 1,474158 3,349709 -0,459342 0,112212 2,379530 0,016620 0,853713 3,457010
-0,033725 0,041844 3,381399 0,301877 1,473242 3,349698 -0,463889 0,111741 2,391407 0,027740 0,841427 3,418785
-0,035214 0,037156 3,398753 0,302488 1,466366 3,339944 -0,469044 0,112644 2,395992 0,020330 0,848741 3,418939
-0,037962 0,023749 3,415916 0,299970 1,480439 3,341223 -0,473599 0,153404 2,403577 0,020533 0,854581 3,444598
-0,037374 0,023168 3,395872 0,302131 1,468165 3,340463 -0,460593 0,196961 2,401487 0,012690 0,860214 3,469522
-0,031002 0,015231 3,427903 0,301689 1,484540 3,346672 -0,403402 0,376180 2,511034 0,016807 0,867076 3,483307
-0,022391 0,013659 3,394222 0,294355 1,459617 3,352952 -0,422540 0,675647 2,583950 0,040705 0,809716 3,406676
-0,019466 0,017737 3,395424 0,299015 1,501398 3,351590 -0,445074 0,872882 2,703497 0,024946 0,807957 3,381896
-0,024122 0,017907 3,388786 0,303614 1,496704 3,344121 -0,444903 1,229744 2,958017 0,021454 0,816027 3,369581
-0,032506 0,012761 3,383059 0,304180 1,467173 3,320105 -0,469417 1,402775 3,140640 0,017632 0,822400 3,382074
-0,038543 0,019651 3,383812 0,305483 1,479260 3,334836 -0,411672 1,438138 3,223068 0,017382 0,825989 3,382050
