21 12
-0,101692 0,012965 3,249461 0,260729 1,444290 3,298399 -0,417434 1,484464 3,258991 -0,069809 0,789723 3,330265
-0,088449 0,010808 3,235270 0,261637 1,438055 3,290260 -0,396223 1,412668 3,145639 -0,055314 0,789844 3,330930
-0,083268 0,009773 3,270058 0,266465 1,455859 3,321170 -0,369323 1,202087 2,975557 -0,055092 0,787972 3,355030
-0,085418 0,014862 3,281938 0,266741 1,458025 3,333127 -0,227656 0,805789 2,683095 -0,051333 0,778235 3,342841
-0,086809 0,015609 3,299613 0,272027 1,450735 3,332874 -0,184853 0,629141 2,620505 -0,045044 0,792498 3,343451
-0,094994 0,024603 3,287428 0,263843 1,444979 3,324694 -0,125918 0,364847 2,586411 -0,049251 0,815176 3,431097
-0,105318 0,016139 3,315498 0,262680 1,440406 3,317101 0,000749 0,185573 2,330412 -0,047814 0,846583 3,363382
-0,110423 0,011928 3,322927 0,259933 1,441476 3,312355 0,036861 0,143800 2,311965 -0,047989 0,854751 3,414368
-0,107824 0,014905 3,331888 0,262408 1,435532 3,314604 0,066940 0,110809 2,323852 -0,054369 0,853188 3,391227
-0,111910 0,006735 3,356047 0,267785 1,445839 3,328917 0,082562 0,091562 2,288292 -0,036140 0,853835 3,378564
-0,103867 0,010990 3,346700 0,265766 1,433107 3,311861 0,091411 0,088854 2,302647 -0,051322 0,855699 3,402508
-0,110120 -0,000600 3,330425 0,266849 1,441979 3,325012 0,084699 0,094117 2,325519 -0,047519 0,852823 3,390018
-0,108901 0,013065 3,315404 0,269638 1,445885 3,320658 0,046353 0,132553 2,364650 -0,047782 0,856205 3,389232
-0,109091 0,006421 3,312751 0,269893 1,442245 3,319296 0,026330 0,176054 2,411589 -0,054622 0,849366 3,390513
-0,105801 0,022550 3,320757 0,272611 1,440855 3,323215 0,002639 0,304278 2,471433 -0,049243 0,842288 3,406001
-0,086670 0,009684 3,276376 0,276221 1,443953 3,322359 -0,137127 0,542798 2,744807 -0,037420 0,805128 3,368500
-0,089841 0,003947 3,282691 0,272936 1,443697 3,311467 -0,192631 0,693543 2,820333 -0,043768 0,783424 3,367171
-0,090057 0,007329 3,289665 0,273148 1,456049 3,326557 -0,275831 0,946711 2,750336 -0,054387 0,778620 3,378091
-0,086343 0,009518 3,274489 0,277688 1,445206 3,316743 -0,476546 1,274220 3,037748 -0,055569 0,786268 3,330894
-0,091424 0,012013 3,271757 0,268152 1,450211 3,309455 -0,502863 1,362902 3,093097 -0,062817 0,786211 3,330583
-0,091296 0,012599 3,250378 0,264176 1,437119 3,284567 -0,441362 1,515097 3,371443 -0,062881 0,795087 3,355056
