47 12
-0,043445 0,031678 3,261982 0,338016 1,429022 3,257530 -0,347787 1,488653 3,158643 -0,003677 0,829164 3,332472
-0,044451 0,045681 3,256392 0,336136 1,428992 3,263618 -0,350246 1,441331 3,061776 0,002637 0,821826 3,284930
-0,040426 0,040349 3,249614 0,334837 1,425569 3,256040 -0,333408 1,386410 2,941091 0,003497 0,823674 3,308426
-0,048727 0,041072 3,262984 0,337795 1,429824 3,264505 -0,320703 1,282383 2,819760 0,003497 0,823674 3,308425
-0,049690 0,039014 3,272812 0,334954 1,450584 3,290780 -0,307996 1,135093 2,709090 0,003810 0,818424 3,332195
-0,050822 0,042289 3,291185 0,333314 1,429246 3,270918 -0,295979 0,981012 2,619826 -0,002476 0,803736 3,330031
-0,059377 0,045364 3,299388 0,336810 1,428101 3,281646 -0,292725 0,844850 2,538020 0,007181 0,833518 3,320585
-0,060355 0,051215 3,265597 0,337239 1,431092 3,275702 -0,275505 0,712304 2,477115 0,002890 0,818310 3,284869
-0,061958 0,044907 3,269182 0,332756 1,432602 3,273827 -0,242830 0,620359 2,514434 0,017089 0,843472 3,333080
-0,060514 0,045161 3,278982 0,337514 1,428077 3,280570 -0,232614 0,536329 2,595060 0,013656 0,844243 3,321050
-0,059443 0,040036 3,268467 0,338362 1,423436 3,278196 -0,215648 0,539050 2,679633 0,021627 0,849869 3,345307
-0,052808 0,042113 3,290375 0,340126 1,428736 3,285221 -0,191326 0,556476 2,698585 0,020819 0,846293 3,345289
-0,054856 0,052818 3,271610 0,336770 1,436072 3,284585 -0,192382 0,582290 2,643507 0,013534 0,846302 3,345281
-0,051119 0,040319 3,281434 0,338626 1,432602 3,280138 -0,182732 0,594475 2,576691 0,013762 0,835128 3,296983
-0,056577 0,043593 3,299227 0,331255 1,447011 3,291528 -0,209700 0,645573 2,487995 0,010483 0,834337 3,308793
-0,057590 0,038753 3,289630 0,330442 1,435912 3,278436 -0,223875 0,684070 2,435230 0,010082 0,825343 3,285005
-0,059695 0,042510 3,269606 0,333624 1,437704 3,288811 -0,200518 0,652863 2,408108 0,013809 0,849901 3,345388
-0,061071 0,036781 3,286737 0,335861 1,429980 3,266275 -0,192039 0,592712 2,461183 0,013914 0,840687 3,320996
-0,056674 0,043163 3,288827 0,333731 1,436986 3,285207 -0,183615 0,558891 2,603506 0,009683 0,830798 3,308813
-0,055584 0,036464 3,267764 0,338123 1,441819 3,290096 -0,179002 0,574642 2,730791 0,024534 0,858453 3,382284
-0,053493 0,054185 3,279911 0,343006 1,438313 3,309573 -0,180561 0,614664 2,797313 0,013673 0,851353 3,321126
-0,059832 0,038073 3,272780 0,344762 1,432077 3,301163 -0,172367 0,638625 2,752238 0,003181 0,849167 3,357535
-0,055790 0,047093 3,273078 0,346809 1,432815 3,304818 -0,157897 0,632589 2,680571 0,006415 0,844244 3,321005
-0,064083 0,034963 3,281730 0,345193 1,445559 3,318398 -0,173955 0,645879 2,578396 0,009426 0,834298 3,308713
-0,062238 0,047506 3,262897 0,343631 1,434968 3,306172 -0,199877 0,663354 2,490168 0,010084 0,839932 3,333080
-0,062758 0,043239 3,275462 0,346606 1,427571 3,295449 -0,188512 0,633822 2,512550 0,006142 0,840669 3,320911
-0,068731 0,053195 3,262000 0,337200 1,429589 3,285275 -0,185306 0,569053 2,552146 0,017104 0,850606 3,333161
-0,061761 0,052504 3,257797 0,335009 1,430792 3,270983 -0,191631 0,543265 2,678362 0,017717 0,858530 3,382527
-0,060611 0,048446 3,259145 0,336426 1,427485 3,282203 -0,190699 0,575530 2,790534 0,017456 0,862126 3,382501
-0,051795 0,042822 3,255455 0,344739 1,420417 3,288852 -0,189146 0,603968 2,820029 0,017398 0,861332 3,333347
-0,058811 0,043712 3,255642 0,341110 1,434053 3,302807 -0,170448 0,602815 2,769029 0,017975 0,854912 3,382469
-0,062455 0,046110 3,264630 0,338415 1,423181 3,279896 -0,166206 0,600002 2,686634 0,009426 0,834298 3,308713
-0,063926 0,046595 3,273470 0,337380 1,441265 3,288037 -0,180853 0,624485 2,581512 0,010210 0,830817 3,308852
-0,066823 0,049384 3,292371 0,338227 1,437530 3,291550 -0,198179 0,653285 2,527437 0,010463 0,827256 3,308718
-0,062699 0,048935 3,278795 0,327984 1,432492 3,267762 -0,199574 0,612945 2,532311 0,006548 0,828071 3,296860
-0,059969 0,051106 3,264136 0,334857 1,421767 3,271755 -0,200567 0,585083 2,681961 0,002837 0,847062 3,333102
-0,052587 0,054250 3,252103 0,330267 1,433693 3,265030 -0,214074 0,612977 2,797235 0,006262 0,853462 3,345330
-0,055999 0,040358 3,248293 0,334567 1,433530 3,263065 -0,219354 0,670174 2,868688 -0,001370 0,837070 3,320681
-0,052599 0,053334 3,271180 0,342731 1,430918 3,277319 -0,219007 0,743010 2,875759 0,003095 0,843495 3,333034
-0,047696 0,044469 3,250010 0,339645 1,436109 3,274314 -0,240335 0,870460 2,892005 0,000849 0,840892 3,368345
-0,047553 0,041992 3,250096 0,345169 1,430477 3,273031 -0,295212 1,039953 2,921150 -0,006549 0,820961 3,343401
-0,040270 0,049285 3,257901 0,341585 1,432560 3,266378 -0,386226 1,180124 2,976394 -0,008339 0,840653 3,320753
-0,044557 0,046606 3,246174 0,343892 1,434883 3,263647 -0,430649 1,302544 3,039065 0,003181 0,849167 3,357535
-0,037546 0,046840 3,261135 0,346672 1,436808 3,266731 -0,465730 1,394486 3,085423 -0,008081 0,837119 3,320755
-0,038999 0,039095 3,255521 0,348101 1,433713 3,272435 -0,470885 1,444995 3,154897 -0,000841 0,837131 3,320856
-0,040872 0,045485 3,270470 0,343961 1,434736 3,282434 -0,450164 1,477567 3,177925 -0,001112 0,833558 3,320768
-0,036077 0,050527 3,240749 0,338712 1,437275 3,264165 -0,401580 1,486454 3,204055 -0,000826 0,844239 3,320933
