25 12
-0,058490 0,035728 3,317793 0,305135 1,446343 3,365315 -0,394368 1,438968 3,287086 -0,019529 0,843060 3,458136
-0,054966 0,033982 3,326942 0,302522 1,450946 3,364919 -0,394700 1,302135 3,034969 -0,004629 0,831611 3,407043
-0,059056 0,022717 3,344969 0,302806 1,453430 3,369800 -0,302415 1,036712 2,783728 -0,006812 0,817957 3,444004
-0,066368 0,029372 3,354837 0,300504 1,449979 3,365008 -0,277173 0,900478 2,679187 -0,010784 0,818891 3,431502
-0,069723 0,025163 3,364174 0,303338 1,452316 3,372325 -0,298908 0,692051 2,487766 -0,003813 0,824667 3,457997
-0,072791 0,021500 3,383705 0,308903 1,449277 3,368567 -0,294857 0,619206 2,400225 0,002600 0,840940 3,432531
-0,068482 0,024195 3,371497 0,309850 1,449825 3,368387 -0,290618 0,588526 2,402497 0,006388 0,851186 3,445541
-0,066872 0,017647 3,383896 0,309760 1,446017 3,355193 -0,258075 0,503796 2,601379 0,002867 0,844646 3,432725
-0,060071 0,024125 3,353150 0,317164 1,443019 3,348569 -0,260988 0,517004 2,717625 0,010178 0,846749 3,458422
-0,061014 0,026785 3,375739 0,314121 1,451324 3,345044 -0,253213 0,548576 2,703159 0,010447 0,850481 3,458631
-0,063251 0,022681 3,368581 0,308375 1,445162 3,349527 -0,285306 0,582678 2,564722 0,010312 0,844647 3,432775
-0,060351 0,020938 3,355902 0,302200 1,444392 3,339273 -0,278103 0,475087 2,655418 0,002867 0,844646 3,432725
-0,055892 0,028426 3,360398 0,304120 1,450621 3,338533 -0,260319 0,457620 2,739646 0,006534 0,841760 3,419959
-0,058583 0,031339 3,368042 0,304876 1,450649 3,345071 -0,272115 0,493126 2,614949 0,009911 0,842995 3,458127
-0,060819 0,031068 3,358624 0,300802 1,458677 3,349096 -0,284793 0,532612 2,604149 0,025430 0,850462 3,458640
-0,055586 0,029967 3,373281 0,297177 1,458750 3,338863 -0,283777 0,504739 2,679057 0,018026 0,848325 3,432920
-0,050503 0,026789 3,372911 0,308931 1,454202 3,358701 -0,274176 0,544099 2,783018 0,013844 0,843833 3,445463
-0,056763 0,029720 3,373856 0,305401 1,456938 3,355542 -0,345784 0,668434 2,741607 0,018261 0,837337 3,432752
-0,052024 0,033732 3,378157 0,305564 1,459894 3,347505 -0,360574 0,672707 2,739619 0,017993 0,833678 3,432715
-0,053164 0,030750 3,355083 0,302372 1,447888 3,325106 -0,319668 0,748267 2,966995 0,013674 0,830769 3,419693
-0,048857 0,034275 3,349151 0,312131 1,460744 3,346161 -0,396026 0,980476 3,045639 -0,004336 0,833674 3,432536
-0,055189 0,031617 3,354176 0,309521 1,456287 3,341861 -0,460244 1,102045 3,071889 -0,004322 0,840996 3,432640
-0,046914 0,035486 3,330097 0,307630 1,459536 3,336020 -0,474012 1,332966 3,209187 -0,004362 0,835267 3,407139
-0,048247 0,034315 3,323324 0,311769 1,455588 3,351535 -0,486135 1,421673 3,311327 -0,004362 0,835267 3,407139
-0,047046 0,028988 3,325706 0,309009 1,451967 3,327969 -0,426911 1,413516 3,272909 0,010566 0,841005 3,432788
