29 12
-0,016712 0,044623 3,195006 0,503429 1,448224 3,243318 -0,461414 1,429157 3,167144 0,020251 0,836628 3,273318
-0,020256 0,049339 3,189255 0,695315 1,073364 2,639843 -0,817083 1,474933 3,593641 0,017364 0,847059 3,333189
-0,021559 0,044285 3,195977 0,812239 0,931459 2,575249 -1,003148 1,301905 3,538425 0,020685 0,831591 3,296980
-0,015621 0,034396 3,214928 1,144872 0,677022 2,990075 -1,151071 0,721819 2,940046 -0,001050 0,839143 3,345098
-0,008647 0,041529 3,193077 1,145535 0,246229 2,917467 -1,206580 0,314797 2,930099 0,009939 0,827278 3,308834
-0,003457 0,045977 3,200266 1,145114 0,080149 3,030762 -1,183441 0,140515 2,892538 -0,000331 0,830004 3,320639
-0,001900 0,043167 3,216677 1,026185 -0,161023 2,968999 -1,175133 -0,142155 3,032798 0,009683 0,816449 3,261457
0,005558 0,034736 3,197888 0,980551 -0,174125 3,034199 -1,095039 -0,209156 3,015653 0,009683 0,816449 3,261457
0,004374 0,042250 3,215265 0,970483 -0,116010 2,942956 -1,131877 -0,174849 3,122189 0,013594 0,822632 3,273223
0,007617 0,034038 3,200499 1,078700 0,093540 3,044563 -1,155539 0,008278 3,039411 0,017779 0,825277 3,284793
0,004734 0,044874 3,211428 1,093906 0,339079 2,878706 -1,256872 0,270463 3,132673 0,024685 0,844969 3,309048
0,006798 0,041236 3,204300 1,125818 0,432693 2,855965 -1,280447 0,386827 3,098653 0,020959 0,835120 3,297008
0,006510 0,043273 3,212797 1,166978 0,454834 2,973020 -1,235716 0,490342 3,062114 0,024919 0,834321 3,308856
0,008702 0,037217 3,200466 1,158339 0,261939 2,964437 -1,173415 0,280571 2,953744 0,017583 0,829233 3,332978
0,006612 0,045555 3,206947 1,159259 0,151092 3,032610 -1,151098 0,175120 2,914385 0,003605 0,836299 3,332663
0,008300 0,038778 3,205886 1,074750 -0,025589 2,960063 -1,135170 0,005797 2,991362 0,002873 0,811281 3,284797
0,001709 0,043988 3,203500 1,054890 -0,088487 3,003373 -1,092325 -0,078882 2,949287 0,002873 0,811281 3,284797
0,002129 0,048731 3,196106 1,034360 -0,096936 2,973661 -1,104019 -0,111308 3,009588 -0,004053 0,816419 3,261172
0,000040 0,050572 3,198306 1,056355 -0,066471 2,979175 -1,141122 -0,151683 2,951901 0,003684 0,821704 3,284371
-0,005849 0,055770 3,174643 1,067622 0,023163 3,001902 -1,101779 -0,094309 2,943179 0,006714 0,826118 3,273106
0,000432 0,055670 3,180529 1,075567 0,083512 2,997950 -1,094879 -0,029244 2,959744 0,017275 0,832373 3,285112
0,000910 0,057830 3,176022 1,111652 0,235715 3,028081 -1,106112 0,108907 2,956056 0,010228 0,837900 3,308927
0,005100 0,052136 3,177511 1,131632 0,368272 2,936917 -1,204039 0,299384 3,036275 0,011020 0,849101 3,357318
0,004365 0,048568 3,182421 1,137517 0,474273 2,962126 -1,205817 0,410544 2,985784 0,021430 0,844211 3,320971
0,009844 0,056280 3,177167 1,116143 0,652857 2,984001 -1,193518 0,663266 3,005278 0,018452 0,854061 3,332748
0,006846 0,053593 3,183318 1,047257 1,022135 3,305963 -0,995543 0,881492 2,765537 0,024665 0,837884 3,308975
0,007817 0,059814 3,174937 0,958500 1,192766 3,405967 -0,891062 0,999267 2,761283 0,017313 0,846450 3,285251
-0,000480 0,051316 3,156686 0,614988 1,301435 3,102690 -0,706867 1,449996 3,291011 0,017570 0,842908 3,285130
-0,010300 0,055760 3,188007 0,461738 1,422645 3,032458 -0,364696 1,447889 3,114277 0,028475 0,852741 3,297104
