22 12
-0,138085 0,042121 3,428083 0,195249 1,463151 3,449911 -0,467243 1,529267 3,392506 -0,123436 0,786892 3,451545
-0,139007 0,047494 3,425102 0,200190 1,493520 3,401283 -0,451379 1,500761 3,280298 -0,112832 0,800849 3,465863
-0,138418 0,042178 3,438873 0,199814 1,495273 3,424662 -0,420545 1,400921 3,078229 -0,101649 0,792660 3,479358
-0,142717 0,036649 3,453801 0,173159 1,258123 3,451012 -0,219543 1,095655 2,653463 -0,095608 0,759641 3,461007
-0,143637 0,032808 3,446779 0,206382 1,497715 3,434535 -0,147010 0,947454 2,529442 -0,112218 0,780144 3,489556
-0,151530 0,048779 3,454929 0,205160 1,488466 3,433943 -0,085242 0,685221 2,482247 -0,111508 0,818935 3,586705
-0,159182 0,064721 3,465806 0,207682 1,485692 3,453859 -0,011836 0,391759 2,372113 -0,107632 0,886689 3,523107
-0,162757 0,063859 3,442158 0,202288 1,454790 3,478141 0,000557 0,282006 2,367838 -0,106888 0,876564 3,526886
-0,162188 0,062485 3,462668 0,196968 1,405709 3,531337 0,021457 0,140736 2,400059 -0,116326 0,868422 3,490107
-0,152490 0,072330 3,489474 0,214660 1,485745 3,465066 0,044118 0,088257 2,398931 -0,112372 0,864480 3,504900
-0,153601 0,076827 3,498340 0,213312 1,489517 3,466392 0,051560 0,078230 2,399263 -0,115817 0,861411 3,491361
-0,152547 0,063724 3,500575 0,216333 1,456963 3,499751 0,068065 0,082008 2,390038 -0,123353 0,861295 3,490861
-0,150850 0,066245 3,495287 0,207318 1,457052 3,509786 0,060582 0,097827 2,410117 -0,128001 0,871281 3,502657
-0,149306 0,082726 3,491348 0,198866 1,404665 3,550675 0,049631 0,100960 2,409114 -0,127530 0,879202 3,504169
-0,156985 0,047026 3,460047 0,209559 1,437404 3,508128 0,038080 0,145200 2,392271 -0,117210 0,863008 3,515714
-0,155223 0,051443 3,435333 0,216742 1,486586 3,452215 -0,012278 0,328541 2,545068 -0,143301 0,869272 3,558360
-0,154084 0,064556 3,430881 0,213153 1,484669 3,448618 -0,030962 0,460412 2,602244 -0,154996 0,838544 3,624751
-0,152178 0,033795 3,440201 0,210475 1,481903 3,431853 -0,077398 0,819944 2,627325 -0,110541 0,779481 3,505446
-0,150924 0,046128 3,429863 0,212462 1,484980 3,428028 -0,321844 1,296641 3,060569 -0,113492 0,799001 3,492040
-0,147221 0,044607 3,440598 0,216188 1,487604 3,448287 -0,425055 1,438439 3,155218 -0,113335 0,793453 3,465971
-0,158995 0,047615 3,411655 0,211120 1,488234 3,440910 -0,489649 1,513126 3,246070 -0,117167 0,799874 3,478786
-0,162890 0,044802 3,413804 0,207155 1,492044 3,435683 -0,480265 1,482955 3,329712 -0,128287 0,802465 3,490635
