27 12
-0,023559 0,056735 3,217837 0,461022 1,310214 2,990152 -0,440812 1,531613 3,384277 0,031368 0,835863 3,285136
-0,021746 0,047957 3,203485 0,673775 1,327210 3,134660 -0,603259 1,310204 3,042717 0,030834 0,835803 3,284899
-0,015833 0,048955 3,210700 0,843837 0,893863 2,585012 -1,131279 1,285874 3,618523 0,016803 0,832735 3,332815
-0,003417 0,045619 3,213489 0,964759 0,748444 2,598619 -1,222278 0,981774 3,348051 0,020863 0,830021 3,320911
-0,003087 0,049894 3,218112 1,183080 0,423667 2,935358 -1,261587 0,420688 3,006335 0,028869 0,835544 3,345144
0,005815 0,041039 3,193742 1,160117 0,085158 3,036487 -1,161916 0,053231 2,876482 0,018352 0,825543 3,332426
0,009220 0,046822 3,186255 1,133765 -0,016852 3,032554 -1,162876 -0,029443 2,981421 0,021712 0,824410 3,296416
0,022469 0,049729 3,207247 1,132161 -0,035023 2,984496 -1,192373 -0,043246 3,050214 0,017779 0,825277 3,284793
0,028271 0,035738 3,207047 1,148569 0,228535 2,896343 -1,247953 0,254096 3,007998 0,017507 0,821802 3,284921
0,027720 0,042398 3,206092 1,183152 0,373045 2,910772 -1,228179 0,409778 2,931871 0,010354 0,828839 3,284945
0,029036 0,043900 3,210717 1,229014 0,539730 2,995175 -1,239417 0,600950 3,037088 0,025470 0,841298 3,308534
0,040677 0,034773 3,209733 1,202134 0,273149 2,951812 -1,175764 0,308707 2,897551 0,036138 0,833473 3,320683
0,046440 0,031103 3,195486 1,200512 0,122058 3,050009 -1,167353 0,126855 2,854990 0,021365 0,822897 3,320740
0,047984 0,038813 3,198560 1,094837 -0,096412 3,035400 -1,152790 -0,141143 3,036118 0,010727 0,816330 3,260938
0,046603 0,039921 3,193461 1,101283 0,042623 2,922096 -1,236696 -0,016185 3,141136 0,009936 0,812957 3,261407
0,046206 0,042584 3,197018 1,148991 0,170194 2,941896 -1,220805 0,141339 2,997692 0,013725 0,821015 3,296840
0,056058 0,049304 3,212584 1,220613 0,432087 3,082281 -1,230715 0,479895 3,075001 0,025413 0,843414 3,332901
0,060108 0,043770 3,222178 1,211550 0,306154 2,994483 -1,214836 0,414705 3,026478 0,032925 0,839767 3,332622
0,058967 0,039984 3,225178 1,214016 0,189002 3,050482 -1,186717 0,280874 2,940443 0,040223 0,841861 3,357268
0,056911 0,038580 3,208986 1,090054 -0,073563 3,016702 -1,179627 0,007551 2,975356 0,025146 0,823660 3,308584
0,049996 0,033812 3,207601 1,072005 -0,044533 2,959614 -1,173000 -0,011974 3,044040 0,021686 0,817358 3,296345
0,044565 0,041504 3,205907 1,091650 0,047784 2,896347 -1,245087 0,084231 3,126489 0,017528 0,828835 3,284991
0,036656 0,040539 3,196373 1,222186 0,387075 3,027437 -1,264339 0,475777 3,034846 0,028149 0,819086 3,273136
0,041869 0,036369 3,199223 1,167217 0,842387 3,218488 -1,056695 0,806883 2,808980 0,031853 0,821774 3,284930
0,035358 0,044402 3,196188 1,123343 1,060805 3,361354 -0,979549 0,957345 2,835361 0,032426 0,835737 3,284694
0,030990 0,045746 3,172051 0,801091 1,223580 3,066149 -0,830143 1,371685 3,296466 0,018634 0,842615 3,284024
0,018524 0,049122 3,181099 0,591593 1,591879 3,687807 -0,423508 1,291767 2,861838 0,017549 0,835870 3,285061
