26 12
-0,104407 -0,050720 3,292975 0,347790 1,348219 3,279453 -0,577798 1,418117 3,381650 -0,069913 0,669294 3,328803
-0,108435 -0,050990 3,294208 0,351886 1,350940 3,290447 -0,592681 1,411236 3,342754 -0,077544 0,673706 3,352763
-0,105813 -0,057618 3,311244 0,355900 1,345455 3,280227 -0,602701 1,338042 3,170567 -0,077544 0,673706 3,352763
-0,107860 -0,053147 3,306709 0,356668 1,352748 3,281008 -0,478727 1,197632 2,940012 -0,077142 0,669235 3,328419
-0,107644 -0,058564 3,316993 0,357341 1,351002 3,271124 -0,396766 1,088622 2,832380 -0,076102 0,654296 3,303753
-0,117476 -0,058025 3,313145 0,339272 1,347932 3,237162 -0,227774 0,991329 3,025011 -0,088293 0,626032 3,363452
-0,126503 -0,075507 3,309456 0,325565 1,349645 3,253709 -0,018162 0,743947 2,825842 -0,088975 0,633830 3,388486
-0,124641 -0,076621 3,330323 0,307017 1,346074 3,236842 0,027291 0,719225 2,929734 -0,085900 0,631580 3,376210
-0,128308 -0,072248 3,342166 0,299188 1,330304 3,215199 -0,005144 0,703597 2,840249 -0,081864 0,649009 3,414033
-0,113579 -0,073061 3,297238 0,317655 1,316156 3,202769 -0,281900 0,880531 3,089322 -0,069032 0,613669 3,373894
-0,109202 -0,059835 3,318110 0,330193 1,319464 3,212244 -0,573231 0,906750 3,069824 -0,059016 0,653908 3,341161
-0,101268 -0,053546 3,330456 0,381817 1,332157 3,294499 -0,814325 0,750879 2,655538 -0,055675 0,658781 3,329362
-0,097095 -0,053082 3,343265 0,392524 1,346409 3,301087 -0,788770 0,686715 2,639293 -0,077335 0,663059 3,352524
-0,105338 -0,052301 3,356091 0,393203 1,349579 3,318667 -0,647543 0,648923 2,560520 -0,080971 0,664350 3,340257
-0,114463 -0,073066 3,308098 0,356728 1,334045 3,230740 -0,358325 0,752176 3,023281 -0,077335 0,646050 3,376442
-0,125550 -0,065425 3,326789 0,334159 1,320696 3,188879 -0,140764 0,702369 2,822768 -0,082524 0,649815 3,439666
-0,120809 -0,061635 3,332799 0,321952 1,294850 3,134579 -0,196302 0,741055 2,954431 -0,081207 0,636765 3,364228
-0,101609 -0,065326 3,353006 0,333005 1,278908 3,140594 -0,488883 0,622417 2,466244 -0,069306 0,637541 3,327906
-0,085433 -0,065836 3,336758 0,355341 1,265994 3,144987 -0,999188 0,694921 3,021936 -0,066693 0,653820 3,340910
-0,086985 -0,052942 3,332137 0,369795 1,271060 3,168908 -1,024229 0,632930 2,908376 -0,077549 0,666600 3,352672
-0,089872 -0,057624 3,330358 0,395466 1,318542 3,231107 -0,995996 0,632692 2,966915 -0,073132 0,656512 3,316344
-0,092939 -0,051592 3,331511 0,385799 1,345061 3,295424 -0,826863 0,708276 2,811474 -0,077335 0,663059 3,352524
-0,098403 -0,058599 3,337856 0,374493 1,356128 3,287843 -0,758283 0,789327 2,798294 -0,080535 0,664356 3,339968
-0,096607 -0,047788 3,346943 0,340118 1,342198 3,238217 -0,669750 1,096035 3,055309 -0,080751 0,667902 3,340197
-0,098854 -0,057295 3,319522 0,323228 1,336674 3,247846 -0,603279 1,261465 3,053298 -0,081178 0,672378 3,364697
-0,100224 -0,054731 3,318883 0,310454 1,336758 3,236278 -0,584677 1,335802 3,156355 -0,084598 0,670100 3,352191
