39 12
-0,105027 -0,026854 3,301588 0,294437 1,383260 3,363094 -0,486898 1,358997 3,169324 -0,077540 0,680816 3,352855
-0,111914 -0,029343 3,309186 0,296058 1,385947 3,365490 -0,454719 1,284484 3,095467 -0,080963 0,678516 3,340436
-0,109246 -0,028116 3,309201 0,295305 1,385760 3,365398 -0,386429 1,185598 3,004699 -0,087526 0,670453 3,315676
-0,114425 -0,038147 3,311654 0,296792 1,395964 3,373684 -0,285876 1,071572 2,959504 -0,083720 0,658574 3,327320
-0,111695 -0,048891 3,292668 0,295182 1,381180 3,360870 -0,180199 0,948888 2,953241 -0,079351 0,607496 3,336504
-0,121766 -0,072178 3,294165 0,293410 1,378879 3,348199 -0,101079 0,834376 2,930316 -0,083148 0,638831 3,439572
-0,124156 -0,065223 3,306135 0,286391 1,381839 3,346582 -0,040839 0,788748 2,964831 -0,071613 0,647650 3,427619
-0,116547 -0,059135 3,326038 0,284026 1,381443 3,344045 -0,046700 0,768694 2,943153 -0,071953 0,663979 3,479324
-0,117522 -0,055276 3,315817 0,277731 1,375108 3,341663 -0,107025 0,765979 2,847883 -0,076329 0,670901 3,518852
-0,112152 -0,059080 3,323483 0,279132 1,374345 3,343334 -0,236674 0,790636 2,796678 -0,077737 0,657611 3,401514
-0,101907 -0,057043 3,319096 0,279064 1,369344 3,337967 -0,457008 0,774680 2,720629 -0,069232 0,641705 3,351461
-0,093364 -0,045645 3,325093 0,285988 1,367508 3,329548 -0,698426 0,754977 2,769052 -0,063216 0,670239 3,353474
-0,083298 -0,045238 3,325613 0,284608 1,369534 3,333433 -0,899506 0,701061 2,801311 -0,073340 0,667051 3,316564
-0,081576 -0,042138 3,326875 0,299129 1,371498 3,355273 -1,061152 0,656212 2,865925 -0,062683 0,669347 3,329159
-0,082439 -0,047066 3,310469 0,305163 1,376134 3,384403 -1,106928 0,608061 2,914354 -0,074101 0,675995 3,365256
-0,078266 -0,052981 3,311891 0,309123 1,371247 3,373304 -1,062436 0,570596 2,899383 -0,077979 0,666527 3,352633
-0,089064 -0,053440 3,328441 0,309163 1,381926 3,375871 -0,944092 0,548589 2,836689 -0,081830 0,668729 3,364726
-0,085493 -0,043680 3,325196 0,309096 1,387079 3,374508 -0,784227 0,562899 2,820531 -0,073345 0,660017 3,316481
-0,093817 -0,038202 3,337884 0,304556 1,374564 3,344703 -0,605571 0,585101 2,785578 -0,062773 0,677384 3,353467
-0,094243 -0,036624 3,329918 0,293189 1,375075 3,318438 -0,442152 0,605172 2,737837 -0,062568 0,666715 3,353162
-0,099737 -0,054225 3,340237 0,288197 1,369931 3,294965 -0,345941 0,641500 2,794039 -0,059088 0,661845 3,365540
-0,093203 -0,050491 3,337070 0,284918 1,357196 3,267424 -0,358414 0,652501 2,812491 -0,062578 0,659612 3,353072
-0,089434 -0,049842 3,332011 0,293754 1,343032 3,257577 -0,473772 0,641208 2,772477 -0,051763 0,653952 3,341484
-0,084823 -0,049839 3,343193 0,300086 1,332363 3,231137 -0,664833 0,612180 2,773644 -0,062387 0,650913 3,304973
-0,081881 -0,045366 3,346097 0,319608 1,338901 3,253595 -0,875126 0,596812 2,867078 -0,069706 0,658718 3,328583
-0,074720 -0,053475 3,347259 0,338332 1,349115 3,281145 -1,071504 0,546863 2,911050 -0,056000 0,671246 3,378432
-0,071736 -0,056729 3,336138 0,362507 1,348325 3,310236 -1,214795 0,533923 3,045917 -0,056000 0,671246 3,378432
-0,071840 -0,048657 3,314975 0,379540 1,363126 3,340814 -1,265634 0,515977 3,135199 -0,056000 0,671246 3,378432
-0,071236 -0,055173 3,319919 0,392868 1,368518 3,375740 -1,247621 0,491682 3,157730 -0,063433 0,666642 3,353355
-0,082014 -0,052909 3,303006 0,400126 1,367867 3,396050 -1,211722 0,484884 3,180951 -0,063216 0,670239 3,353474
-0,084737 -0,050721 3,318838 0,398766 1,375789 3,410630 -1,150524 0,490269 3,115942 -0,073722 0,664411 3,340659
-0,087488 -0,036505 3,321459 0,396083 1,370960 3,411278 -1,054737 0,514575 3,040943 -0,077322 0,677271 3,352706
-0,097368 -0,046512 3,320718 0,382964 1,372120 3,399744 -0,947812 0,559399 2,966140 -0,084368 0,669171 3,328007
-0,102271 -0,057268 3,328769 0,366984 1,359130 3,348144 -0,859229 0,643777 2,969993 -0,081178 0,672378 3,364697
-0,100250 -0,046399 3,327992 0,347563 1,359137 3,322925 -0,776189 0,752725 2,957166 -0,088953 0,669671 3,388985
-0,103626 -0,045909 3,343970 0,333912 1,361130 3,297503 -0,706809 0,886295 2,913164 -0,091648 0,666475 3,351495
-0,099013 -0,051379 3,319468 0,321260 1,351799 3,273214 -0,623001 1,081262 2,855928 -0,092084 0,673572 3,351900
-0,091727 -0,048265 3,329225 0,313126 1,347181 3,256401 -0,601348 1,219794 2,991669 -0,084368 0,669171 3,328007
-0,106292 -0,057939 3,308948 0,310429 1,354092 3,277077 -0,523459 1,445326 3,450366 -0,078589 0,679202 3,402417
