19 12
-0,139093 -0,042293 3,308568 0,333003 1,368635 3,362377 -0,593549 1,311963 3,146263 -0,092087 0,666467 3,351808
-0,138197 -0,042739 3,305553 0,330372 1,370677 3,364598 -0,596340 1,206577 2,962805 -0,084157 0,658598 3,327771
-0,135764 -0,043114 3,340764 0,316965 1,355954 3,326649 -0,648593 0,772029 2,492394 -0,085490 0,667414 3,376898
-0,140645 -0,038187 3,343204 0,322423 1,347185 3,318459 -0,643539 0,331783 2,461704 -0,078616 0,669843 3,352014
-0,149025 -0,034817 3,338725 0,326427 1,350107 3,330296 -0,646615 0,129075 2,475251 -0,109676 0,688110 3,451419
-0,150445 -0,030094 3,337339 0,331469 1,355159 3,341026 -0,632237 -0,174302 2,641829 -0,109683 0,695416 3,451538
-0,144696 -0,032271 3,375357 0,332000 1,364667 3,363432 -0,637885 -0,316527 2,692661 -0,094260 0,690839 3,426821
-0,144825 -0,044255 3,370888 0,328834 1,363707 3,361422 -0,641641 -0,347474 2,735765 -0,094479 0,694385 3,426657
-0,139281 -0,026361 3,390779 0,327156 1,355529 3,352543 -0,648569 -0,348989 2,733288 -0,081830 0,682994 3,364917
-0,139392 -0,036269 3,371939 0,327562 1,364736 3,365557 -0,660652 -0,329675 2,731970 -0,093962 0,689680 3,401314
-0,142023 -0,035219 3,388467 0,324605 1,364624 3,355586 -0,655249 -0,317181 2,706112 -0,094996 0,691845 3,452231
-0,148900 -0,049781 3,363945 0,322976 1,365853 3,349056 -0,654139 -0,296366 2,695428 -0,101659 0,683503 3,426240
-0,151690 -0,037577 3,362445 0,328830 1,346178 3,324454 -0,654445 -0,257375 2,685159 -0,109894 0,691678 3,451269
-0,152467 -0,039699 3,360005 0,328028 1,352734 3,337861 -0,645345 -0,199085 2,671680 -0,093740 0,678953 3,401371
-0,144587 -0,040361 3,375475 0,317243 1,355526 3,330798 -0,622542 0,044062 2,676453 -0,105065 0,681140 3,413285
-0,127740 -0,052960 3,347869 0,316905 1,364169 3,338165 -0,580096 0,420432 2,593418 -0,091870 0,662928 3,351646
-0,129965 -0,050734 3,351954 0,318533 1,368828 3,338373 -0,578972 0,653120 2,595792 -0,090950 0,651457 3,326774
-0,132066 -0,047738 3,344095 0,327059 1,368844 3,364325 -0,532365 1,145817 3,002355 -0,091870 0,662928 3,351646
-0,134853 -0,047621 3,339016 0,341515 1,356531 3,348948 -0,564550 1,344946 3,234263 -0,100112 0,667268 3,375979
