37 12
-0,181572 -0,067313 3,208935 -0,056217 1,559850 3,317781 -0,589783 1,423798 3,287929 -0,118736 0,686832 3,254884
-0,174298 -0,072858 3,217092 -0,075406 1,553218 3,307840 -0,665221 1,278418 2,953735 -0,126730 0,687702 3,277662
-0,170569 -0,081110 3,226617 -0,049203 1,578591 3,340044 -0,873720 1,182312 3,068274 -0,134141 0,692212 3,300692
-0,165609 -0,075420 3,242315 -0,063756 1,547820 3,266171 -0,967174 1,010886 2,970150 -0,140748 0,684055 3,276429
-0,168636 -0,070224 3,258096 -0,069931 1,557988 3,313689 -1,031477 0,514388 2,547778 -0,140743 0,677090 3,276348
-0,175859 -0,075846 3,268796 -0,077006 1,545429 3,315326 -1,074156 0,091359 2,586058 -0,127637 0,681650 3,301135
-0,184223 -0,073964 3,262707 -0,059719 1,534399 3,276839 -1,049822 -0,095761 2,566291 -0,134812 0,688560 3,300639
-0,189972 -0,078644 3,248751 -0,069485 1,576354 3,366339 -1,016806 -0,419164 2,903335 -0,143909 0,681767 3,264393
-0,197738 -0,073787 3,263648 -0,098289 1,562715 3,328094 -0,703413 -0,502135 2,640202 -0,137039 0,685300 3,265057
-0,200399 -0,066224 3,268159 -0,094173 1,565379 3,303457 -0,597769 -0,519883 2,702623 -0,129938 0,685406 3,265648
-0,196736 -0,077533 3,268204 -0,091638 1,590996 3,398127 -0,539286 -0,548662 2,796731 -0,134594 0,692134 3,300763
-0,187910 -0,073231 3,265010 -0,071655 1,530107 3,257830 -0,688816 -0,635815 3,014903 -0,123722 0,686452 3,289618
-0,180195 -0,077347 3,276637 -0,107307 1,533814 3,227350 -0,719045 -0,607531 2,959519 -0,126507 0,691235 3,277712
-0,173258 -0,073484 3,298141 -0,110411 1,515922 3,250934 -0,721145 -0,599682 2,946483 -0,120256 0,692338 3,301912
-0,164692 -0,076565 3,287172 -0,116658 1,557494 3,261188 -0,654677 -0,549460 2,877201 -0,112249 0,691426 3,278805
-0,164193 -0,075558 3,280901 -0,119550 1,551281 3,304502 -0,732944 -0,579722 2,970162 -0,113082 0,692432 3,302444
-0,169507 -0,062739 3,279661 -0,096880 1,614709 3,401191 -0,796367 -0,557117 2,885185 -0,113700 0,697031 3,326462
-0,171017 -0,079621 3,282747 -0,102166 1,532419 3,265163 -0,662516 -0,529669 2,760326 -0,113082 0,692432 3,302444
-0,169772 -0,082551 3,262870 -0,082875 1,556939 3,290908 -0,644312 -0,524622 2,845546 -0,109199 0,690200 3,290809
-0,174497 -0,074719 3,274394 -0,098370 1,562719 3,344464 -0,728473 -0,534175 2,775143 -0,113082 0,692432 3,302444
-0,173135 -0,077268 3,284303 -0,078566 1,554497 3,303695 -0,843389 -0,543940 2,907716 -0,098726 0,692604 3,303426
-0,170835 -0,080237 3,263948 -0,068194 1,592090 3,391584 -0,791525 -0,541918 2,832654 -0,098202 0,681091 3,279636
-0,179216 -0,082288 3,259473 -0,069711 1,569459 3,341139 -0,676214 -0,543053 2,974627 -0,102041 0,683290 3,291216
-0,176983 -0,077140 3,281577 -0,092734 1,543299 3,288590 -0,646185 -0,540787 2,915949 -0,112248 0,684454 3,278726
-0,180666 -0,076241 3,259091 -0,067287 1,558751 3,294670 -0,718437 -0,592770 2,997789 -0,105905 0,692520 3,302949
-0,174318 -0,077295 3,275886 -0,078189 1,547152 3,291718 -0,799370 -0,582347 2,896525 -0,102043 0,690285 3,291296
-0,166361 -0,078019 3,257609 -0,075655 1,559498 3,302707 -0,854490 -0,578291 2,963528 -0,098726 0,692604 3,303426
-0,165635 -0,067286 3,276752 -0,075166 1,549191 3,266921 -0,842229 -0,562739 2,936354 -0,105339 0,687981 3,279242
-0,165286 -0,080738 3,260232 -0,064413 1,608759 3,387830 -0,817544 -0,512374 2,937505 -0,112248 0,684454 3,278726
-0,164355 -0,079299 3,253238 -0,074609 1,561174 3,311531 -0,754221 -0,362037 2,856503 -0,112248 0,684454 3,278726
-0,159546 -0,080442 3,261514 -0,077447 1,547918 3,254189 -0,741473 -0,257212 2,828755 -0,119607 0,694773 3,278296
-0,154781 -0,075458 3,269641 -0,082723 1,561575 3,334023 -0,746206 0,057734 2,736437 -0,126504 0,684265 3,277632
-0,157537 -0,087361 3,252048 -0,077184 1,600019 3,377663 -0,773555 0,469620 2,717218 -0,122608 0,682080 3,266188
-0,158987 -0,083111 3,250594 -0,069649 1,564479 3,323678 -0,781055 0,697728 2,673596 -0,126050 0,684310 3,277424
-0,166474 -0,080502 3,229807 -0,040050 1,584608 3,325396 -0,739023 1,159958 3,004439 -0,126279 0,687780 3,277606
-0,178812 -0,071217 3,235980 -0,073373 1,517348 3,213068 -0,647829 1,307765 3,023714 -0,118736 0,686832 3,254884
-0,180475 -0,068069 3,231397 -0,065695 1,548811 3,276682 -0,588706 1,357519 3,166982 -0,109199 0,690200 3,290809
