35 12
-0,206963 -0,046445 3,309971 0,207944 1,350898 3,299638 -0,598648 1,373603 3,298109 -0,171505 0,664317 3,320894
-0,212121 -0,055598 3,294706 0,205771 1,355565 3,300149 -0,609782 1,371733 3,270951 -0,173699 0,676727 3,369655
-0,220104 -0,051879 3,280666 0,197489 1,350631 3,293954 -0,621617 1,351046 3,234797 -0,179932 0,672075 3,344308
-0,217496 -0,051316 3,299904 0,199004 1,351721 3,298935 -0,631531 1,358729 3,182525 -0,168608 0,670040 3,333266
-0,214077 -0,041815 3,305405 0,196568 1,349378 3,291564 -0,642284 1,342234 3,129043 -0,162300 0,667535 3,358311
-0,218133 -0,046653 3,310170 0,190102 1,342314 3,290828 -0,641437 1,320783 3,067180 -0,175582 0,659393 3,332508
-0,220677 -0,050414 3,324982 0,187901 1,347555 3,295124 -0,619401 1,242738 2,963018 -0,168591 0,662970 3,333168
-0,227280 -0,055228 3,317082 0,187081 1,346278 3,293489 -0,578426 1,085756 2,843965 -0,173257 0,669741 3,369739
-0,231192 -0,047566 3,312437 0,192474 1,345998 3,303776 -0,544890 0,916424 2,791795 -0,161636 0,649956 3,358252
-0,232606 -0,054773 3,313312 0,196619 1,338808 3,293263 -0,513901 0,764468 2,743796 -0,173022 0,659087 3,369555
-0,238234 -0,056313 3,318102 0,195184 1,343393 3,300888 -0,497198 0,665741 2,717361 -0,175701 0,649767 3,356434
-0,230084 -0,048432 3,315172 0,197377 1,357069 3,316588 -0,514152 0,640236 2,692506 -0,188019 0,647942 3,306447
-0,229471 -0,047194 3,323421 0,197706 1,344084 3,297915 -0,531374 0,681900 2,643954 -0,168900 0,656945 3,357609
-0,233029 -0,048899 3,329355 0,201016 1,339099 3,300098 -0,553612 0,786493 2,644869 -0,164358 0,647787 3,345358
-0,226530 -0,049860 3,339440 0,198917 1,344979 3,306055 -0,566816 0,893232 2,682200 -0,156886 0,647024 3,322161
-0,225185 -0,053859 3,329130 0,201204 1,329304 3,299363 -0,569554 0,968969 2,699792 -0,156459 0,647113 3,322060
-0,227486 -0,057152 3,332999 0,206340 1,336891 3,324542 -0,557240 0,968671 2,697095 -0,157348 0,651428 3,346318
-0,228249 -0,053993 3,320423 0,208279 1,345034 3,327105 -0,528972 0,892547 2,670591 -0,156459 0,647113 3,322060
-0,230504 -0,054572 3,306061 0,208370 1,339687 3,333830 -0,518119 0,739958 2,659832 -0,163911 0,654862 3,344850
-0,234370 -0,055136 3,316453 0,210730 1,336035 3,329873 -0,477785 0,576385 2,658238 -0,161636 0,649956 3,358252
-0,239808 -0,049019 3,310052 0,217335 1,347940 3,345628 -0,464374 0,432477 2,692983 -0,168375 0,659522 3,333256
-0,236348 -0,058986 3,305748 0,222625 1,345956 3,342492 -0,467566 0,383943 2,723459 -0,161380 0,663096 3,333882
-0,233051 -0,047701 3,331694 0,224252 1,346813 3,345556 -0,480977 0,393704 2,703052 -0,173681 0,669584 3,369548
-0,224538 -0,053222 3,333644 0,220064 1,352670 3,332358 -0,490951 0,432924 2,665920 -0,168375 0,659522 3,333256
-0,220751 -0,047970 3,329839 0,216963 1,358193 3,331390 -0,503799 0,528673 2,644373 -0,153937 0,652697 3,334574
-0,212282 -0,054923 3,336136 0,211828 1,353715 3,306735 -0,499515 0,649571 2,662041 -0,156678 0,650597 3,322196
-0,209628 -0,054966 3,334696 0,206611 1,352079 3,305777 -0,508558 0,775358 2,664246 -0,152853 0,642281 3,333993
-0,203732 -0,061134 3,318881 0,204631 1,349756 3,294366 -0,508745 0,893292 2,687426 -0,156238 0,643613 3,321845
-0,201952 -0,047665 3,327376 0,203671 1,342874 3,297547 -0,510758 1,016289 2,762044 -0,165021 0,658309 3,345802
-0,202608 -0,053664 3,307813 0,198159 1,346175 3,297850 -0,521781 1,132452 2,826241 -0,161164 0,659646 3,333977
-0,196057 -0,048904 3,319587 0,189374 1,357788 3,319021 -0,539714 1,230012 2,918027 -0,161177 0,666716 3,334074
-0,195671 -0,049720 3,307110 0,186970 1,355670 3,305599 -0,547418 1,313181 3,016462 -0,158908 0,666354 3,371099
-0,196700 -0,048832 3,319474 0,191185 1,361801 3,322421 -0,556406 1,367903 3,124259 -0,161177 0,666716 3,334074
-0,199765 -0,054624 3,307132 0,193652 1,362730 3,320132 -0,549922 1,402404 3,224051 -0,158017 0,669002 3,346601
-0,203468 -0,056666 3,295078 0,193824 1,360815 3,326174 -0,534509 1,397166 3,282022 -0,163394 0,660069 3,297680
