34 12
-0,141837 -0,069841 3,195500 -0,019704 1,584079 3,320663 -0,601707 1,392747 3,236126 -0,126507 0,691235 3,277712
-0,136691 -0,071038 3,204596 -0,041565 1,594774 3,323659 -0,621325 1,366006 3,194710 -0,118736 0,686832 3,254884
-0,134790 -0,066076 3,204484 -0,038189 1,564703 3,252528 -0,664147 1,263544 3,023397 -0,112249 0,691426 3,278805
-0,133041 -0,074507 3,199623 -0,017062 1,558313 3,279088 -0,771567 1,210025 3,100044 -0,115502 0,689122 3,266809
-0,132129 -0,072418 3,205545 -0,041374 1,610186 3,347702 -0,851761 1,130657 3,097303 -0,118736 0,686832 3,254884
-0,124634 -0,077528 3,206374 -0,035156 1,557206 3,261696 -0,956017 0,827168 2,791159 -0,107936 0,689253 3,267149
-0,126118 -0,072711 3,206110 -0,040169 1,598340 3,338367 -1,209794 0,660539 3,088384 -0,096783 0,683664 3,256006
-0,126668 -0,073619 3,210715 -0,024828 1,552349 3,247045 -1,275640 0,560242 3,100003 -0,093713 0,682465 3,268053
-0,117102 -0,077556 3,196609 -0,023208 1,560754 3,264084 -1,340025 0,412306 3,252765 -0,093713 0,682465 3,268053
-0,111707 -0,080068 3,176836 -0,027693 1,587308 3,299059 -1,356053 0,380689 3,349949 -0,107593 0,674415 3,243928
-0,101735 -0,077771 3,171219 -0,048567 1,594190 3,311145 -1,355453 0,413490 3,436825 -0,104332 0,683576 3,255830
-0,098980 -0,074921 3,183779 -0,086773 1,571841 3,274574 -1,357633 0,513388 3,554611 -0,097524 0,691635 3,279630
-0,092291 -0,072641 3,178606 -0,071223 1,608649 3,336227 -1,346140 0,575266 3,512187 -0,097754 0,688137 3,279709
-0,095399 -0,078049 3,184407 -0,072911 1,585383 3,301811 -1,341875 0,591180 3,475985 -0,104990 0,699620 3,302681
-0,094487 -0,072719 3,180433 -0,040282 1,607545 3,341621 -1,327526 0,570288 3,271320 -0,097757 0,681165 3,279632
-0,109399 -0,081218 3,201141 -0,074393 1,603033 3,330069 -1,290643 0,533277 3,188043 -0,112023 0,680999 3,278634
-0,109977 -0,082552 3,206919 -0,069968 1,622776 3,341225 -1,296441 0,503896 3,155146 -0,102141 0,694929 3,315151
-0,109011 -0,085946 3,210865 -0,080288 1,617519 3,407020 -1,305630 0,431202 3,155044 -0,101058 0,671956 3,267584
-0,110213 -0,083151 3,194524 -0,068079 1,659564 3,452457 -1,353206 0,385819 3,257930 -0,097980 0,684622 3,279710
-0,105490 -0,087166 3,202117 -0,072364 1,622129 3,393917 -1,355799 0,370716 3,330927 -0,097534 0,677692 3,279477
-0,107076 -0,087923 3,191393 -0,088967 1,618872 3,336048 -1,363631 0,396313 3,592648 -0,104437 0,681093 3,278826
-0,107324 -0,075581 3,192264 -0,059488 1,609371 3,341693 -1,317892 0,438434 3,565228 -0,107936 0,689253 3,267149
-0,110638 -0,087730 3,198767 -0,091828 1,590662 3,292830 -1,323511 0,466743 3,607489 -0,112175 0,685498 3,301987
-0,115847 -0,077100 3,189110 -0,101157 1,604952 3,305071 -1,327922 0,488710 3,597905 -0,112022 0,687969 3,278712
-0,122498 -0,082942 3,188876 -0,076963 1,611951 3,320770 -1,340995 0,496656 3,566089 -0,104332 0,683576 3,255830
-0,122368 -0,079715 3,205070 -0,095203 1,620298 3,353712 -1,349984 0,495136 3,515733 -0,104332 0,683576 3,255830
-0,124759 -0,079673 3,217574 -0,064006 1,630534 3,397225 -1,331152 0,524693 3,357979 -0,115902 0,690185 3,290255
-0,127901 -0,076195 3,214976 -0,066729 1,629454 3,410053 -1,242065 0,609506 3,178534 -0,119804 0,692414 3,301866
-0,128890 -0,076822 3,216499 -0,080892 1,616583 3,384876 -1,166915 0,667984 3,067542 -0,120030 0,688876 3,301886
-0,126878 -0,079341 3,211532 -0,063631 1,590419 3,322699 -1,110012 0,932613 3,226108 -0,116126 0,679666 3,290190
-0,130300 -0,076217 3,219380 -0,064213 1,610216 3,349073 -0,834539 1,050797 2,919074 -0,127677 0,689850 3,325207
-0,133699 -0,073218 3,205441 -0,070502 1,590218 3,330603 -0,747998 1,143572 2,955614 -0,126948 0,684153 3,277535
-0,142710 -0,074101 3,187967 -0,047873 1,573312 3,303317 -0,626885 1,385679 3,365524 -0,126730 0,687702 3,277662
-0,143605 -0,072559 3,215252 0,004880 1,538564 3,244034 -0,499878 1,317974 3,219794 -0,118736 0,686832 3,254884
