34 12
-0,198493 -0,061468 3,315541 0,202006 1,377652 3,244992 -0,609477 1,399689 3,260922 -0,173098 0,709110 3,370282
-0,201127 -0,057357 3,305851 0,198349 1,370658 3,230238 -0,631019 1,389994 3,234210 -0,167005 0,710397 3,395971
-0,202276 -0,061019 3,321373 0,200158 1,376034 3,240465 -0,640535 1,358122 3,173865 -0,172869 0,712720 3,370216
-0,202516 -0,050028 3,310173 0,200062 1,366274 3,230381 -0,638260 1,316688 3,094482 -0,181654 0,710116 3,394420
-0,204395 -0,057818 3,321726 0,205623 1,378768 3,253761 -0,624230 1,174821 3,020501 -0,177263 0,718614 3,382428
-0,210283 -0,061192 3,299587 0,211892 1,366880 3,247405 -0,590484 1,004659 2,927034 -0,176780 0,711478 3,381993
-0,215800 -0,055462 3,318628 0,219081 1,379352 3,253869 -0,558160 0,829744 2,806743 -0,187158 0,694570 3,368127
-0,215251 -0,064448 3,306496 0,219195 1,373654 3,254351 -0,552289 0,715358 2,810684 -0,173077 0,694803 3,370074
-0,209297 -0,061376 3,321411 0,228024 1,372756 3,238392 -0,562888 0,648879 2,796240 -0,181181 0,702998 3,394142
-0,208844 -0,061888 3,319742 0,225969 1,370023 3,240847 -0,590897 0,642803 2,755534 -0,191828 0,703959 3,380569
-0,207564 -0,063868 3,321576 0,228505 1,378968 3,249407 -0,614157 0,691371 2,728983 -0,168726 0,696139 3,358053
-0,200200 -0,067997 3,341535 0,225345 1,374919 3,243496 -0,642211 0,791896 2,750498 -0,166536 0,703274 3,395722
-0,196601 -0,068616 3,340938 0,222299 1,368567 3,243533 -0,664000 0,894864 2,798797 -0,169705 0,700835 3,382825
-0,190633 -0,073954 3,328064 0,213967 1,364432 3,231031 -0,669843 0,962377 2,776576 -0,172853 0,698412 3,370010
-0,191199 -0,069049 3,344413 0,209569 1,364933 3,243232 -0,649985 0,973070 2,780859 -0,166536 0,703274 3,395722
-0,188251 -0,073677 3,355705 0,210248 1,368424 3,256465 -0,616863 0,888393 2,752456 -0,167505 0,700817 3,420896
-0,194368 -0,063749 3,328150 0,208873 1,370539 3,258244 -0,580781 0,745368 2,732321 -0,170220 0,698380 3,407338
-0,198483 -0,070304 3,316652 0,211627 1,382324 3,288255 -0,544828 0,545894 2,732632 -0,167237 0,713932 3,395971
-0,202300 -0,046959 3,325790 0,218390 1,373947 3,277856 -0,521450 0,375489 2,811163 -0,147697 0,716095 3,335021
-0,205179 -0,044559 3,303824 0,218277 1,378191 3,273149 -0,534046 0,285028 2,890359 -0,147095 0,714723 3,310465
-0,195191 -0,052380 3,317465 0,226536 1,381702 3,262408 -0,564553 0,267620 2,901497 -0,147697 0,716095 3,335021
-0,193394 -0,065053 3,316685 0,223080 1,380137 3,256018 -0,591244 0,293696 2,868800 -0,151513 0,715007 3,347239
-0,184480 -0,058980 3,332493 0,224556 1,379739 3,239527 -0,615728 0,349843 2,826090 -0,154473 0,709138 3,334976
-0,178811 -0,065806 3,332314 0,217742 1,377001 3,232045 -0,633618 0,445124 2,774266 -0,161240 0,702110 3,334558
-0,178896 -0,058589 3,319764 0,213343 1,386557 3,234041 -0,643972 0,572184 2,765052 -0,173321 0,705482 3,370264
-0,175266 -0,073695 3,319703 0,210355 1,377728 3,222997 -0,650178 0,703778 2,777221 -0,166536 0,703274 3,395722
-0,172060 -0,064978 3,328054 0,204037 1,379410 3,229193 -0,647759 0,837883 2,797357 -0,164848 0,690296 3,346223
-0,169166 -0,064095 3,314606 0,193663 1,374318 3,223229 -0,641549 0,965537 2,816800 -0,164624 0,693880 3,346166
-0,174473 -0,071117 3,306491 0,197877 1,380026 3,227079 -0,637882 1,098972 2,884822 -0,173088 0,701955 3,370178
-0,177325 -0,065480 3,315729 0,190170 1,375660 3,218782 -0,633736 1,221457 2,981347 -0,173098 0,709110 3,370282
-0,182007 -0,064775 3,321332 0,192933 1,374683 3,214122 -0,621993 1,315098 3,075985 -0,177240 0,704253 3,382214
-0,181125 -0,068239 3,303734 0,199076 1,374537 3,237255 -0,596180 1,370852 3,173283 -0,164624 0,693880 3,346166
-0,180910 -0,058270 3,310472 0,200218 1,377545 3,233322 -0,572266 1,413668 3,269824 -0,172386 0,705574 3,369632
-0,188674 -0,064680 3,307986 0,206189 1,380938 3,243727 -0,550030 1,414034 3,308842 -0,173321 0,705482 3,370264
