26 12
-0,163865 -0,066360 3,185750 0,002977 1,561457 3,292830 -0,558714 1,410744 3,210846 -0,123280 0,693557 3,289804
-0,158430 -0,072970 3,196204 0,017863 1,546665 3,273631 -0,599977 1,261875 3,014822 -0,112248 0,684454 3,278726
-0,150509 -0,064520 3,193784 -0,005655 1,591156 3,316565 -0,691394 1,096428 3,027936 -0,112022 0,687969 3,278712
-0,144114 -0,076809 3,202845 -0,002129 1,581047 3,366865 -0,756500 0,922444 2,990352 -0,123051 0,683098 3,289617
-0,139580 -0,069337 3,204088 -0,017451 1,580728 3,295928 -0,818562 0,448513 2,709425 -0,118510 0,676477 3,254715
-0,134125 -0,072855 3,227873 -0,012839 1,605414 3,368255 -0,894089 0,053319 2,776684 -0,118509 0,683399 3,254789
-0,135996 -0,080839 3,225589 -0,026055 1,595749 3,319734 -0,910319 -0,133740 2,772668 -0,125819 0,679811 3,254256
-0,141862 -0,084899 3,224859 -0,029963 1,580663 3,337222 -0,922829 -0,425163 2,884705 -0,121948 0,677655 3,242961
-0,149105 -0,074820 3,228373 -0,026178 1,567291 3,311115 -0,897058 -0,560344 2,885956 -0,111871 0,683414 3,255352
-0,152851 -0,074152 3,220795 -0,052403 1,557493 3,263016 -0,876313 -0,605719 2,916554 -0,104557 0,687010 3,255912
-0,156061 -0,078687 3,220464 -0,060987 1,589060 3,316287 -0,844693 -0,694068 3,070929 -0,105000 0,679976 3,255705
-0,161263 -0,077838 3,225553 -0,066409 1,569330 3,317497 -0,809690 -0,714770 3,048115 -0,105000 0,679976 3,255705
-0,160459 -0,077200 3,211457 -0,052035 1,556252 3,302742 -0,812697 -0,720934 3,062868 -0,098423 0,684515 3,279562
-0,164768 -0,070650 3,200799 -0,053922 1,539191 3,267691 -0,818073 -0,709049 3,042579 -0,094386 0,685855 3,268199
-0,170068 -0,071089 3,224964 -0,068553 1,571275 3,308070 -0,839762 -0,705108 3,064957 -0,101502 0,685775 3,267744
-0,175499 -0,071186 3,225911 -0,069576 1,545213 3,266099 -0,851134 -0,698161 3,061568 -0,104781 0,683501 3,255846
-0,179730 -0,068904 3,229389 -0,071315 1,567579 3,297569 -0,866309 -0,663716 3,015325 -0,111279 0,678994 3,232265
-0,182157 -0,073806 3,213637 -0,060414 1,559389 3,314797 -0,893852 -0,616386 3,030463 -0,111056 0,682480 3,232322
-0,182253 -0,078024 3,210317 -0,050537 1,569845 3,311908 -0,891203 -0,550607 2,974805 -0,118735 0,679907 3,254810
-0,168896 -0,075584 3,245125 -0,061673 1,542891 3,235069 -0,879732 -0,292655 2,859628 -0,111648 0,679998 3,255338
-0,164463 -0,078201 3,218437 -0,070924 1,585819 3,351966 -0,830730 0,088412 2,752874 -0,115276 0,678731 3,266639
-0,161691 -0,077991 3,244476 -0,070036 1,594778 3,362969 -0,808466 0,329058 2,638000 -0,132900 0,679710 3,253675
-0,160828 -0,080109 3,244190 -0,042340 1,589681 3,348814 -0,773107 0,885289 2,878615 -0,132673 0,676282 3,253567
-0,176150 -0,066925 3,250716 -0,057241 1,521183 3,217579 -0,698600 1,193759 2,900955 -0,132213 0,683215 3,253276
-0,182842 -0,079991 3,248790 -0,049174 1,564452 3,259535 -0,646817 1,310776 3,009448 -0,132445 0,679757 3,253459
-0,195592 -0,073395 3,203514 -0,025235 1,554891 3,321548 -0,564592 1,421983 3,335307 -0,129485 0,678540 3,265510
