27 12
-0,107165 -0,043123 3,324764 0,333742 1,364896 3,319150 -0,545832 1,425030 3,436144 -0,085046 0,681762 3,376951
-0,110666 -0,044399 3,320385 0,341046 1,368540 3,323237 -0,561106 1,438249 3,434692 -0,099894 0,678026 3,376085
-0,109537 -0,053907 3,317374 0,347340 1,365347 3,338818 -0,594447 1,370277 3,248381 -0,077544 0,673706 3,352763
-0,109922 -0,053232 3,326344 0,346658 1,358976 3,329167 -0,581231 1,308566 3,134637 -0,100114 0,681575 3,376178
-0,111143 -0,040553 3,337404 0,341677 1,365900 3,331790 -0,546474 1,203957 2,996063 -0,099449 0,678032 3,375749
-0,116187 -0,056435 3,332018 0,331489 1,356797 3,304070 -0,475376 1,021417 2,969430 -0,088002 0,660757 3,339672
-0,123255 -0,069207 3,331470 0,315982 1,368380 3,331358 -0,200240 0,708579 2,668450 -0,107147 0,657332 3,399543
-0,120134 -0,066141 3,330967 0,309888 1,375160 3,333044 -0,115880 0,654617 2,757736 -0,078174 0,650445 3,401877
-0,117124 -0,068386 3,355602 0,288965 1,359800 3,288895 -0,019760 0,671626 3,008305 -0,075302 0,660767 3,440366
-0,118767 -0,071877 3,318171 0,291023 1,351830 3,288289 -0,116553 0,783978 3,070253 -0,075516 0,649835 3,440216
-0,114363 -0,073841 3,310254 0,295847 1,339923 3,263484 -0,293378 0,865215 3,112023 -0,070590 0,629536 3,426419
-0,101470 -0,059101 3,371009 0,333981 1,372553 3,338612 -0,655083 0,725088 2,487501 -0,091870 0,662928 3,351646
-0,099895 -0,050279 3,347744 0,354462 1,346730 3,301128 -0,944197 0,739221 2,796926 -0,081188 0,660782 3,340237
-0,101513 -0,052409 3,354221 0,369724 1,362275 3,340652 -0,840565 0,675061 2,658834 -0,089122 0,668661 3,364305
-0,110484 -0,052225 3,346340 0,360822 1,361427 3,335845 -0,648127 0,757863 3,057823 -0,099678 0,667310 3,375811
-0,120594 -0,061736 3,329540 0,344134 1,366564 3,301192 -0,262410 0,663315 2,698481 -0,091008 0,648621 3,350195
-0,122533 -0,056570 3,347621 0,334801 1,344179 3,249394 -0,231241 0,704858 2,900202 -0,081634 0,648222 3,389132
-0,105298 -0,066563 3,370130 0,327580 1,330013 3,209359 -0,436550 0,602474 2,496187 -0,070231 0,649698 3,377167
-0,087364 -0,065410 3,336766 0,350231 1,304185 3,172481 -1,001372 0,682185 3,130642 -0,069925 0,655179 3,328634
-0,085702 -0,061134 3,339714 0,370134 1,301081 3,174078 -1,116203 0,628098 3,037950 -0,076755 0,650805 3,304237
-0,078313 -0,056002 3,342486 0,409948 1,339406 3,280218 -1,141915 0,572482 3,024717 -0,085057 0,667454 3,376757
-0,080017 -0,056456 3,339685 0,406378 1,367808 3,323514 -1,012962 0,603878 2,915372 -0,084588 0,658557 3,327904
-0,078134 -0,065010 3,332704 0,401646 1,365559 3,334338 -0,942462 0,651636 2,859380 -0,080978 0,659883 3,316051
-0,081830 -0,054706 3,325081 0,373421 1,355096 3,292204 -0,856116 0,907337 3,134835 -0,077544 0,673706 3,352763
-0,082685 -0,051766 3,324216 0,354687 1,359676 3,296615 -0,692376 1,082835 2,978751 -0,077328 0,670164 3,352614
-0,082216 -0,052520 3,327154 0,347872 1,357734 3,281773 -0,651946 1,203583 3,073933 -0,085269 0,678173 3,377014
-0,083116 -0,063544 3,309742 0,331478 1,353645 3,271630 -0,587122 1,423719 3,452979 -0,081184 0,665250 3,364604
