30 12
-0,147353 -0,067337 3,206817 0,008127 1,575442 3,289646 -0,475938 1,353112 3,140104 -0,118922 0,691376 3,278075
-0,152161 -0,070669 3,199705 0,004702 1,601967 3,321047 -0,480496 1,327139 3,101392 -0,113082 0,692432 3,302444
-0,154140 -0,073668 3,213186 0,003893 1,602792 3,327379 -0,522600 1,189632 2,890524 -0,112021 0,694942 3,278790
-0,157355 -0,077205 3,214096 -0,047870 1,612215 3,324171 -0,679574 1,073337 3,001056 -0,129486 0,685484 3,265587
-0,156265 -0,070807 3,211089 -0,036783 1,567122 3,301662 -0,837632 0,949437 3,037655 -0,118280 0,686875 3,254694
-0,165115 -0,081630 3,218862 -0,046488 1,636558 3,397986 -0,999977 0,569831 2,744422 -0,132900 0,679710 3,253675
-0,149705 -0,077522 3,200253 -0,059590 1,623819 3,348145 -1,335776 0,425038 3,120468 -0,123277 0,686563 3,289721
-0,145111 -0,081717 3,188787 -0,055743 1,660373 3,425187 -1,374646 0,380520 3,183604 -0,118735 0,679907 3,254810
-0,134282 -0,087629 3,209687 -0,070704 1,614225 3,330520 -1,393646 0,405612 3,437928 -0,118509 0,683399 3,254789
-0,125167 -0,084876 3,183451 -0,093023 1,646631 3,356643 -1,354631 0,453655 3,435730 -0,129257 0,688971 3,265481
-0,119857 -0,074496 3,193242 -0,098451 1,612033 3,311328 -1,359295 0,484787 3,469841 -0,124918 0,685764 3,231225
-0,121918 -0,089005 3,203377 -0,065169 1,657707 3,392646 -1,330561 0,494345 3,305267 -0,126735 0,694674 3,277742
-0,128483 -0,087025 3,220514 -0,078851 1,636327 3,381520 -1,214676 0,479984 3,099780 -0,126279 0,687780 3,277606
-0,134450 -0,090689 3,213653 -0,067841 1,628073 3,366096 -1,206577 0,468613 3,092942 -0,129712 0,681980 3,265616
-0,135670 -0,085417 3,209590 -0,095551 1,645226 3,395238 -1,227059 0,427518 3,094702 -0,123277 0,686563 3,289721
-0,128834 -0,081969 3,201022 -0,070224 1,652857 3,406552 -1,361911 0,400471 3,314065 -0,112248 0,684454 3,278726
-0,119089 -0,082166 3,200636 -0,062200 1,647520 3,384766 -1,365038 0,391901 3,376563 -0,118510 0,676477 3,254715
-0,123501 -0,084599 3,192482 -0,064681 1,686426 3,492835 -1,375764 0,424363 3,726346 -0,128324 0,681051 3,242011
-0,120383 -0,081896 3,189511 -0,079305 1,662733 3,428521 -1,324933 0,458343 3,693615 -0,124688 0,682339 3,231054
-0,121171 -0,081749 3,176554 -0,091795 1,711985 3,515829 -1,326998 0,488652 3,715325 -0,126049 0,691279 3,277503
-0,129364 -0,078053 3,175292 -0,107216 1,658982 3,410808 -1,324400 0,525909 3,652876 -0,126049 0,691279 3,277503
-0,130519 -0,074278 3,171588 -0,118326 1,633695 3,362429 -1,348871 0,581570 3,633942 -0,126049 0,691279 3,277503
-0,131637 -0,072956 3,173198 -0,100346 1,596209 3,305622 -1,337475 0,613768 3,539468 -0,125814 0,694760 3,277322
-0,135852 -0,075422 3,173142 -0,087529 1,612658 3,362823 -1,309630 0,713401 3,402305 -0,126507 0,691235 3,277712
-0,136878 -0,063319 3,182362 -0,048603 1,600049 3,361062 -1,114029 0,822146 3,110219 -0,126730 0,687702 3,277662
-0,137341 -0,063574 3,177466 -0,066341 1,617426 3,386328 -1,028865 0,909658 3,039192 -0,126507 0,691235 3,277712
-0,137310 -0,070672 3,192651 -0,067813 1,542064 3,251459 -0,916283 1,198674 3,337874 -0,134141 0,692212 3,300691
-0,139164 -0,073225 3,195861 -0,067920 1,597813 3,349892 -0,653113 1,219338 3,057598 -0,134366 0,688674 3,300724
-0,141971 -0,067065 3,199675 -0,055942 1,552626 3,274198 -0,575787 1,268181 3,093335 -0,126730 0,687702 3,277662
-0,143868 -0,075000 3,194748 -0,011844 1,557273 3,306027 -0,493854 1,360140 3,270632 -0,120032 0,695894 3,301970
