20 12
-0,276374 -0,070070 3,314898 0,213366 1,302719 3,323742 -0,716978 1,313092 3,253132 -0,238961 0,629075 3,300100
-0,275585 -0,070329 3,316406 0,213640 1,311604 3,329337 -0,734519 1,220783 3,043530 -0,230334 0,628690 3,277541
-0,279033 -0,070547 3,321149 0,205847 1,299879 3,289539 -0,749095 1,038270 2,840865 -0,230708 0,621543 3,277211
-0,279291 -0,070414 3,332309 0,205430 1,301251 3,286218 -0,766022 0,780473 2,699394 -0,230311 0,621742 3,277451
-0,279292 -0,071944 3,342309 0,204859 1,285054 3,243392 -0,767456 0,476569 2,660085 -0,230524 0,625124 3,277415
-0,278353 -0,063382 3,333346 0,210162 1,288269 3,255104 -0,753748 0,251633 2,700254 -0,233397 0,636829 3,324959
-0,280246 -0,068737 3,337479 0,211134 1,291587 3,239089 -0,751043 0,067707 2,784685 -0,223446 0,625285 3,278360
-0,277524 -0,069131 3,327833 0,205538 1,285476 3,227545 -0,750628 -0,023016 2,848176 -0,212218 0,623475 3,267997
-0,265838 -0,065511 3,345096 0,200931 1,297636 3,224760 -0,757694 -0,063599 2,875811 -0,203610 0,626627 3,245832
-0,265635 -0,067263 3,347326 0,207734 1,297669 3,235720 -0,759231 -0,057791 2,887181 -0,223656 0,628654 3,278243
-0,258738 -0,076107 3,348048 0,204526 1,299476 3,227587 -0,758544 -0,032303 2,869576 -0,216363 0,625440 3,279279
-0,260181 -0,076074 3,355754 0,202108 1,304788 3,239487 -0,758816 0,004753 2,852764 -0,212239 0,630406 3,268084
-0,265350 -0,060598 3,352898 0,201116 1,304392 3,233723 -0,757264 0,090293 2,810087 -0,217599 0,629562 3,302970
-0,254207 -0,065007 3,334613 0,199608 1,307398 3,231107 -0,765381 0,256989 2,754994 -0,208885 0,632709 3,280380
-0,255575 -0,066639 3,320272 0,197629 1,306432 3,238431 -0,767142 0,479901 2,768367 -0,212027 0,627030 3,268136
-0,250412 -0,070724 3,334718 0,192828 1,313777 3,240121 -0,784273 0,754626 2,753170 -0,223039 0,625451 3,278458
-0,245823 -0,073744 3,306270 0,193003 1,310663 3,233524 -0,758229 1,029035 2,858844 -0,217408 0,633153 3,303112
-0,253053 -0,063077 3,322653 0,193324 1,314554 3,237073 -0,730500 1,232085 3,028796 -0,223469 0,632237 3,278452
-0,252744 -0,074085 3,310721 0,196276 1,306727 3,231137 -0,707147 1,347445 3,226815 -0,214755 0,628443 3,256090
-0,252771 -0,066101 3,318460 0,197938 1,304658 3,239707 -0,677136 1,389910 3,389469 -0,213035 0,634712 3,291743
