39 12
-0,210439 -0,074134 3,205615 -0,029309 1,510498 3,234627 -0,619791 1,348697 3,096060 -0,143914 0,688710 3,264471
-0,213301 -0,073043 3,217179 -0,021022 1,569577 3,315716 -0,726379 1,358109 3,148459 -0,143914 0,688710 3,264471
-0,207487 -0,075289 3,193999 -0,032612 1,503748 3,192586 -0,772610 1,298262 3,085414 -0,151849 0,693120 3,287330
-0,206552 -0,076033 3,206045 -0,001160 1,560238 3,334115 -0,843105 1,018912 2,673749 -0,153505 0,678371 3,228772
-0,210432 -0,076713 3,226295 -0,039134 1,539704 3,302490 -0,965091 0,822690 2,750128 -0,153505 0,678371 3,228772
-0,206734 -0,074732 3,233097 -0,034250 1,581220 3,383785 -0,975245 0,642184 2,652169 -0,153277 0,674985 3,228722
-0,210689 -0,073895 3,252299 -0,027763 1,518298 3,243102 -0,981330 0,293649 2,530078 -0,153505 0,678371 3,228772
-0,217516 -0,079288 3,267789 -0,046559 1,579798 3,367835 -0,962081 -0,012357 2,527206 -0,147707 0,675836 3,252191
-0,218558 -0,078034 3,278490 -0,050517 1,543506 3,289245 -0,944970 -0,138949 2,539370 -0,147495 0,679377 3,252372
-0,229217 -0,069442 3,251950 -0,041942 1,567491 3,348750 -0,907380 -0,357852 2,754073 -0,155423 0,683707 3,275070
-0,235083 -0,064618 3,289951 -0,091594 1,539508 3,308443 -0,714375 -0,422832 2,598891 -0,155434 0,690674 3,275154
-0,236211 -0,071372 3,287135 -0,053199 1,547396 3,301226 -0,624990 -0,433825 2,609844 -0,155434 0,690674 3,275154
-0,233735 -0,064763 3,277046 -0,055254 1,543789 3,308686 -0,533101 -0,413186 2,758461 -0,155434 0,690674 3,275154
-0,231574 -0,071285 3,277530 -0,067084 1,561322 3,325197 -0,619032 -0,434188 2,815856 -0,155434 0,690674 3,275154
-0,227750 -0,070348 3,279689 -0,063315 1,521981 3,252400 -0,725900 -0,450488 2,840067 -0,147719 0,682755 3,252270
-0,213753 -0,070005 3,284054 -0,062518 1,570766 3,358829 -0,845275 -0,407979 2,612306 -0,140644 0,682869 3,252887
-0,214180 -0,069071 3,285117 -0,052960 1,538146 3,289808 -0,899520 -0,375733 2,673215 -0,143349 0,680745 3,241228
-0,213368 -0,081707 3,280334 -0,059857 1,541350 3,290227 -0,837891 -0,380903 2,621602 -0,136511 0,677341 3,241728
-0,218560 -0,068614 3,290154 -0,063328 1,555348 3,339984 -0,724052 -0,424628 2,842711 -0,147505 0,686298 3,252450
-0,218369 -0,071947 3,267339 -0,058442 1,582941 3,352762 -0,629862 -0,401787 2,747775 -0,155647 0,687107 3,274975
-0,212633 -0,072534 3,266043 -0,085029 1,512920 3,245187 -0,693466 -0,441058 2,808531 -0,147505 0,686298 3,252450
-0,209134 -0,067934 3,274719 -0,049759 1,606481 3,398572 -0,784758 -0,451561 2,646961 -0,144354 0,681652 3,264328
-0,207800 -0,078441 3,276906 -0,039908 1,560111 3,333400 -0,860529 -0,444181 2,720553 -0,143356 0,687644 3,241301
-0,209125 -0,073099 3,297734 -0,046075 1,578454 3,367800 -0,814132 -0,439377 2,667850 -0,140644 0,682869 3,252887
-0,214499 -0,074460 3,282068 -0,058102 1,571615 3,376401 -0,717849 -0,475439 2,858131 -0,147870 0,690909 3,275867
-0,222804 -0,079051 3,276847 -0,042771 1,569344 3,328415 -0,555860 -0,422818 2,710876 -0,147495 0,679377 3,252372
-0,214790 -0,080398 3,280201 -0,076258 1,558294 3,332310 -0,570376 -0,435624 2,777757 -0,140644 0,682869 3,252887
-0,207800 -0,078364 3,275666 -0,058294 1,579282 3,355916 -0,648326 -0,460010 2,671113 -0,137480 0,685154 3,264830
-0,198739 -0,069895 3,270083 -0,067155 1,603029 3,419493 -0,837293 -0,490581 2,876361 -0,133343 0,679598 3,253592
-0,196451 -0,080784 3,256767 -0,056230 1,578022 3,342200 -0,872854 -0,464363 2,853350 -0,140197 0,676095 3,253030
-0,193998 -0,080072 3,264983 -0,067925 1,586579 3,363785 -0,888593 -0,386220 2,788933 -0,132903 0,686633 3,253750
-0,189066 -0,080543 3,274263 -0,050685 1,575779 3,333322 -0,866652 -0,247881 2,767447 -0,140968 0,680523 3,276391
-0,186278 -0,070813 3,268037 -0,069202 1,558689 3,293617 -0,856555 -0,136716 2,738612 -0,141193 0,683941 3,276358
-0,183262 -0,089189 3,259145 -0,052500 1,557533 3,254199 -0,842790 0,167071 2,692203 -0,143909 0,681767 3,264393
-0,176560 -0,084189 3,259742 -0,052928 1,548938 3,267175 -0,820202 0,560943 2,645731 -0,136587 0,685380 3,264982
-0,181377 -0,080938 3,235815 -0,038966 1,585827 3,357332 -0,798006 0,751474 2,623459 -0,146826 0,682984 3,252384
-0,185741 -0,077455 3,215962 -0,023298 1,512165 3,221815 -0,745908 1,174572 3,001682 -0,147278 0,682903 3,252477
-0,198407 -0,077458 3,222730 -0,020500 1,524443 3,239284 -0,648225 1,301871 2,999161 -0,147056 0,686412 3,252506
-0,208238 -0,067590 3,227176 -0,030846 1,542425 3,317887 -0,587388 1,357859 3,093876 -0,149952 0,687610 3,240565
