21 12
-0,176803 0,024717 3,306496 0,312465 1,337681 3,277835 -0,654972 1,382854 3,316157 -0,142339 0,714332 3,324363
-0,172929 0,036117 3,315203 0,300264 1,303938 3,136287 -0,621218 1,334582 3,133344 -0,151630 0,710636 3,287446
-0,171930 0,031544 3,327909 0,274980 1,262772 3,035675 -0,592773 1,253161 2,993270 -0,146598 0,700306 3,252413
-0,174740 0,022656 3,318750 0,172715 1,125233 2,824894 -0,563985 1,068640 2,815430 -0,145962 0,690671 3,311667
-0,175864 0,004832 3,333143 0,110910 0,999169 2,828918 -0,424309 0,849680 2,616088 -0,160521 0,663337 3,333975
-0,171913 0,007565 3,338182 0,079905 0,934486 2,828767 -0,364349 0,785400 2,582274 -0,154836 0,671303 3,359209
-0,171545 0,007633 3,358629 -0,030292 0,795797 2,675695 -0,247089 0,818473 2,736872 -0,151403 0,689135 3,396529
-0,173688 0,017167 3,356030 -0,031209 0,789184 2,700257 -0,212211 0,803768 2,671024 -0,132122 0,711111 3,476085
-0,174930 -0,015905 3,317602 -0,037469 0,821606 2,703984 -0,230952 0,792969 2,678711 -0,161177 0,666716 3,334074
-0,173818 -0,007937 3,335711 -0,004674 0,846341 2,772510 -0,265916 0,728624 2,640546 -0,152075 0,678295 3,396904
-0,178333 -0,012202 3,326545 -0,021169 0,896637 2,805965 -0,245489 0,726101 2,589646 -0,177858 0,649249 3,237105
-0,170002 0,008639 3,347196 -0,100471 0,933920 2,865629 -0,204106 0,757117 2,542925 -0,128886 0,681257 3,373774
-0,170517 0,005719 3,325328 -0,086069 0,870249 2,859825 -0,188307 0,815941 2,603455 -0,138325 0,698819 3,448855
-0,173762 0,007664 3,324069 -0,056415 0,895659 2,705717 -0,236737 0,849407 2,672809 -0,177039 0,670468 3,296243
-0,174181 -0,001659 3,303944 -0,025341 0,898109 2,675819 -0,261981 0,871537 2,692037 -0,148613 0,677079 3,409706
-0,165713 0,018753 3,317999 0,071842 1,043862 2,809276 -0,326663 0,925777 2,622833 -0,151721 0,631483 3,331428
-0,172110 0,026348 3,326760 0,177355 1,079993 2,676221 -0,493622 1,124247 2,846592 -0,143408 0,689187 3,323269
-0,173279 0,032452 3,314521 0,248580 1,147847 2,752702 -0,561863 1,209939 2,926589 -0,145752 0,701296 3,311874
-0,168790 0,030428 3,309404 0,416000 1,304146 3,078204 -0,626840 1,310739 3,029290 -0,147189 0,721462 3,360649
-0,166444 0,027999 3,298049 0,449233 1,317021 3,203387 -0,705607 1,361038 3,231996 -0,149166 0,709387 3,299657
-0,163034 0,030964 3,296385 0,463758 1,331375 3,301044 -0,699595 1,376984 3,323075 -0,149166 0,709387 3,299657
