22 12
-0,233344 -0,050398 3,320202 0,228905 1,322547 3,308235 -0,622689 1,384784 3,279232 -0,169353 0,671054 3,357779
-0,234951 -0,053564 3,326899 0,234704 1,320600 3,294442 -0,642560 1,357744 3,158684 -0,163176 0,656638 3,297694
-0,236697 -0,056290 3,331495 0,235577 1,317079 3,297806 -0,653117 1,275200 3,018536 -0,167947 0,659644 3,333291
-0,243389 -0,055529 3,329188 0,242854 1,313623 3,292093 -0,699624 1,051121 2,702971 -0,165021 0,658309 3,345802
-0,246874 -0,052303 3,331643 0,246322 1,313974 3,293606 -0,689645 0,885681 2,631258 -0,163369 0,646077 3,297503
-0,250255 -0,054725 3,333666 0,240873 1,309405 3,275788 -0,670336 0,768470 2,547732 -0,156678 0,650597 3,322196
-0,238586 -0,047897 3,348180 0,229697 1,302558 3,265628 -0,619367 0,651856 2,702370 -0,163369 0,646077 3,297503
-0,222297 -0,057734 3,321349 0,219004 1,314091 3,275534 -0,577410 0,641494 2,786667 -0,168375 0,659522 3,333256
-0,219004 -0,058856 3,313979 0,219770 1,321055 3,293542 -0,575825 0,711920 2,874195 -0,161655 0,664183 3,358452
-0,215956 -0,056617 3,325052 0,219553 1,322330 3,305803 -0,612898 0,828727 2,794939 -0,171285 0,660864 3,320900
-0,218210 -0,046275 3,336975 0,223044 1,326647 3,315789 -0,712394 0,928606 2,852817 -0,168389 0,666591 3,333354
-0,216789 -0,057465 3,332329 0,226082 1,318147 3,315572 -0,726767 0,899253 2,769912 -0,163176 0,656638 3,297694
-0,227600 -0,052970 3,325606 0,246952 1,331665 3,337470 -0,727543 0,759894 2,609838 -0,163176 0,656638 3,297694
-0,233521 -0,063288 3,325230 0,256356 1,318911 3,300512 -0,616892 0,588609 2,545537 -0,171273 0,653822 3,320807
-0,230854 -0,059827 3,306002 0,258594 1,311234 3,289910 -0,586910 0,563308 2,661416 -0,171491 0,657273 3,320800
-0,220833 -0,055456 3,309175 0,251964 1,317307 3,280890 -0,542845 0,613725 2,928009 -0,171285 0,660864 3,320900
-0,218108 -0,051443 3,287513 0,248054 1,315435 3,292541 -0,578515 0,733137 2,977320 -0,175153 0,659516 3,332527
-0,216752 -0,051009 3,294578 0,239951 1,318581 3,288196 -0,599137 0,811165 2,948078 -0,167947 0,659644 3,333291
-0,213074 -0,049159 3,301897 0,228851 1,323482 3,286335 -0,633712 1,013968 2,929396 -0,175376 0,662996 3,332605
-0,217887 -0,054792 3,302750 0,219902 1,341652 3,313660 -0,684575 1,209329 3,007059 -0,172485 0,668750 3,345152
-0,216366 -0,066043 3,288517 0,218399 1,338365 3,301919 -0,676300 1,277765 3,069345 -0,160269 0,662311 3,309966
-0,217623 -0,063389 3,299201 0,219468 1,336226 3,312477 -0,644410 1,428830 3,352059 -0,157125 0,664567 3,322327
