27 12
-0,200094 0,026431 3,329310 0,252323 1,307923 3,280753 -0,675726 1,406200 3,370049 -0,153588 0,723624 3,335581
-0,201881 0,029046 3,319525 0,305393 1,269382 3,225371 -0,722750 1,402439 3,370369 -0,160571 0,719978 3,334727
-0,201986 0,020726 3,330439 0,483948 1,280954 3,411221 -0,799581 1,184511 2,994103 -0,167789 0,719844 3,333989
-0,204910 0,016552 3,343066 0,665234 0,921387 2,846273 -1,084461 1,128449 3,241318 -0,169438 0,713818 3,358397
-0,200083 0,021343 3,343833 0,776201 0,788932 2,829925 -1,213033 0,978022 3,194808 -0,181668 0,717321 3,394532
-0,209865 0,020937 3,345985 1,004985 0,494282 3,083455 -1,247686 0,527521 2,743132 -0,208216 0,703617 3,341494
-0,203845 0,024023 3,347781 0,996897 0,154490 2,986905 -1,333009 0,228536 2,833147 -0,216910 0,704549 3,365148
-0,209813 0,024587 3,323667 1,003882 0,033313 3,071853 -1,351825 0,102257 2,850049 -0,216687 0,708175 3,365125
-0,212888 0,028383 3,330226 0,978499 -0,136329 3,100167 -1,359328 -0,077645 2,985217 -0,225568 0,700850 3,326997
-0,211957 0,031426 3,317803 0,949183 -0,202955 3,170843 -1,327159 -0,155020 2,955769 -0,219908 0,709226 3,352466
-0,208582 0,024529 3,329447 0,935061 -0,191698 3,147225 -1,338792 -0,147134 3,000543 -0,222626 0,703276 3,339626
-0,210547 0,032424 3,332622 0,966957 -0,127473 3,149856 -1,331985 -0,024602 2,885447 -0,221108 0,702176 3,315303
-0,211614 0,027990 3,354790 0,974172 0,001029 3,148639 -1,297692 0,155067 2,830557 -0,226673 0,716258 3,351353
-0,213143 0,018684 3,352956 0,959002 0,032024 3,082309 -1,310181 0,202517 2,899930 -0,222397 0,706860 3,339513
-0,212829 0,026820 3,332849 0,971124 -0,057640 3,101268 -1,308769 0,129857 2,864955 -0,222887 0,713871 3,339860
-0,213192 0,015725 3,321282 0,952917 -0,170015 3,168988 -1,299387 -0,013139 2,844733 -0,222609 0,696182 3,339525
-0,217489 0,032038 3,332700 0,949024 -0,200468 3,243344 -1,305557 -0,073772 2,900206 -0,222626 0,703276 3,339626
-0,214009 0,029697 3,315054 0,927184 -0,160607 3,200054 -1,301812 -0,100692 2,941011 -0,219889 0,702104 3,352361
-0,211928 0,025886 3,322765 0,953217 0,037174 3,064385 -1,249756 0,097729 2,806785 -0,219436 0,709314 3,352226
-0,215703 0,025554 3,322927 0,968275 0,157130 3,092408 -1,238493 0,251578 2,786167 -0,222626 0,703276 3,339626
-0,212425 0,023158 3,333937 0,985904 0,353904 3,059565 -1,237175 0,581400 2,898121 -0,210440 0,716770 3,390852
-0,213936 0,024216 3,334122 0,982202 0,546259 3,121240 -1,099766 0,818641 2,754220 -0,185963 0,706354 3,319925
-0,216186 0,024073 3,335239 0,953877 0,671988 3,159512 -1,021492 0,942091 2,781707 -0,185504 0,706473 3,319911
-0,217057 0,023649 3,330181 0,776568 0,870503 2,980441 -0,916513 1,288241 3,274485 -0,169216 0,704468 3,273940
-0,218226 0,029324 3,314618 0,632450 1,216114 3,452837 -0,691319 1,301687 3,113401 -0,169452 0,707904 3,274012
-0,220270 0,032404 3,305102 0,517036 1,308955 3,493613 -0,626918 1,338767 3,190896 -0,163267 0,719730 3,298487
-0,216639 0,027519 3,289816 0,305318 1,285108 3,251610 -0,576535 1,388943 3,352385 -0,168260 0,719765 3,334133
