21 12
-0,215736 -0,021654 3,347279 0,204515 1,360299 3,324066 -0,611249 1,429600 3,342003 -0,177263 0,718614 3,382428
-0,220612 -0,031873 3,355316 0,203931 1,359318 3,329058 -0,641567 1,326150 3,083141 -0,170186 0,715114 3,383184
-0,219794 -0,029945 3,359114 0,210324 1,354547 3,320074 -0,638906 1,244894 2,965969 -0,177013 0,707875 3,382146
-0,226206 -0,024754 3,379171 0,210532 1,356590 3,331237 -0,642516 1,169055 2,862715 -0,170715 0,720055 3,408160
-0,231092 -0,020430 3,367723 0,201513 1,350459 3,327891 -0,661250 0,996585 2,677567 -0,162415 0,715329 3,383793
-0,232594 -0,028136 3,371455 0,187588 1,363777 3,339773 -0,607966 0,814392 2,601679 -0,160139 0,708199 3,421766
-0,235026 -0,024336 3,377654 0,187244 1,352299 3,336116 -0,582154 0,717442 2,575635 -0,159442 0,706975 3,396628
-0,228047 -0,029279 3,374573 0,186895 1,358081 3,333389 -0,526573 0,649760 2,838787 -0,166544 0,710478 3,395830
-0,213823 -0,032415 3,360732 0,187948 1,357169 3,332416 -0,519660 0,696638 2,911548 -0,174893 0,715183 3,420339
-0,210939 -0,032127 3,364824 0,190029 1,362025 3,340535 -0,521726 0,759295 2,937041 -0,172381 0,698424 3,369532
-0,210198 -0,039858 3,385055 0,199361 1,352812 3,340743 -0,563451 0,833890 2,750689 -0,171473 0,714072 3,433245
-0,214928 -0,033083 3,396931 0,196968 1,357222 3,340503 -0,610700 0,849538 2,715938 -0,158499 0,706989 3,395703
-0,216171 -0,029549 3,398401 0,198403 1,360730 3,343977 -0,585030 0,791643 2,646843 -0,161934 0,708154 3,383223
-0,221418 -0,030555 3,374793 0,191666 1,350806 3,323154 -0,534667 0,675987 2,743316 -0,166065 0,703283 3,395247
-0,212765 -0,028837 3,355541 0,185235 1,357195 3,320342 -0,488616 0,621590 2,835538 -0,159686 0,717738 3,396813
-0,208355 -0,029390 3,360149 0,186530 1,354132 3,323668 -0,476172 0,662399 2,930981 -0,168514 0,720233 3,446767
-0,206461 -0,034967 3,366785 0,183980 1,360620 3,328199 -0,482774 0,795974 2,954408 -0,179896 0,701863 3,369061
-0,201826 -0,034464 3,368260 0,184957 1,357034 3,321708 -0,562007 0,994674 2,972756 -0,170944 0,716408 3,408221
-0,201988 -0,036944 3,350708 0,193519 1,367489 3,331045 -0,596895 1,077513 2,972368 -0,171168 0,712742 3,408197
-0,201887 -0,030253 3,366794 0,202180 1,378844 3,344306 -0,607793 1,250721 3,079602 -0,178062 0,719913 3,407366
-0,203989 -0,029052 3,365041 0,200956 1,370590 3,337222 -0,618936 1,332758 3,160711 -0,169960 0,718756 3,383206
