21 12
-0,220766 -0,044283 3,289304 0,217710 1,390694 3,275200 -0,634778 1,463349 3,347140 -0,164645 0,715204 3,346457
-0,223939 -0,057909 3,314089 0,204632 1,375821 3,234762 -0,670125 1,339796 2,968387 -0,179790 0,704113 3,344889
-0,228909 -0,043544 3,324290 0,206135 1,364411 3,221864 -0,569162 1,171210 2,676409 -0,156028 0,689416 3,322175
-0,235712 -0,064075 3,329844 0,203939 1,381291 3,259540 -0,517301 1,003900 2,497815 -0,170410 0,689162 3,320679
-0,232380 -0,059267 3,314798 0,195992 1,370229 3,256407 -0,485755 0,666765 2,314544 -0,152536 0,678326 3,356325
-0,252074 -0,035580 3,335482 0,196216 1,374703 3,259587 -0,345299 0,318467 2,141828 -0,162022 0,805994 3,382424
-0,254931 -0,048009 3,335870 0,198963 1,368846 3,286769 -0,326463 0,197882 2,139961 -0,154201 0,769017 3,338150
-0,253810 -0,042691 3,332668 0,205764 1,366679 3,292520 -0,291811 0,042810 2,214720 -0,175912 0,771773 3,366310
-0,259599 -0,045344 3,346987 0,204442 1,368501 3,300599 -0,277490 -0,006328 2,220937 -0,183585 0,766747 3,392694
-0,249955 -0,050099 3,329217 0,209558 1,372033 3,302031 -0,274047 -0,013900 2,220269 -0,175270 0,768918 3,368590
-0,259374 -0,057259 3,352480 0,220915 1,376098 3,332453 -0,280515 -0,006260 2,219225 -0,168374 0,761423 3,367669
-0,254785 -0,064582 3,348709 0,221512 1,371477 3,306187 -0,280718 0,003443 2,220278 -0,172697 0,760057 3,378819
-0,249279 -0,041489 3,318937 0,230026 1,365855 3,301157 -0,282394 0,008671 2,214783 -0,172094 0,764389 3,381256
-0,254090 -0,063161 3,305164 0,226553 1,360368 3,286906 -0,298063 0,026823 2,202382 -0,173662 0,757975 3,403758
-0,243827 -0,028765 3,298037 0,221726 1,371460 3,291175 -0,321227 0,083993 2,213296 -0,163588 0,764285 3,330546
-0,243081 -0,032383 3,310711 0,221553 1,374438 3,292808 -0,348319 0,155602 2,222649 -0,162475 0,795558 3,362425
-0,232089 -0,019970 3,318827 0,210691 1,371025 3,278126 -0,382848 0,379241 2,201581 -0,160893 0,748001 3,422473
-0,234017 -0,057853 3,308874 0,210090 1,374235 3,282254 -0,501025 0,711769 2,350486 -0,137713 0,681267 3,334662
-0,223275 -0,049270 3,293745 0,222161 1,358544 3,247063 -0,531669 0,876271 2,454012 -0,149063 0,686009 3,323084
-0,220617 -0,053088 3,289709 0,231848 1,376020 3,303354 -0,527704 1,189607 2,759012 -0,153334 0,698841 3,335155
-0,224968 -0,047420 3,277839 0,239872 1,369255 3,277657 -0,619352 1,351719 3,021007 -0,164857 0,697400 3,346321
