24 12
-0,197743 0,018414 3,327365 0,480960 1,178510 2,993200 -0,862263 1,352974 3,310215 -0,176248 0,720931 3,357749
-0,194648 0,022809 3,341026 0,718868 1,098906 3,205843 -0,966750 0,942026 2,718025 -0,166792 0,721259 3,396108
-0,201499 0,009204 3,325170 0,842222 0,696587 2,769197 -1,226597 0,689863 2,916202 -0,158532 0,709377 3,371771
-0,199863 0,014286 3,335059 0,902553 0,534077 2,799607 -1,246279 0,469972 2,820791 -0,161474 0,703400 3,358900
-0,196384 0,028522 3,370371 0,968350 0,223236 2,890415 -1,260056 0,129089 2,768378 -0,156955 0,696379 3,322811
-0,191543 0,013702 3,330669 0,966471 -0,005687 2,993322 -1,256290 -0,107075 2,779662 -0,152863 0,691770 3,334633
-0,198506 0,002658 3,309058 0,940290 -0,080495 3,020326 -1,241267 -0,171879 2,805138 -0,148901 0,677886 3,299331
-0,200886 0,014669 3,300653 0,902528 -0,168250 2,995967 -1,240226 -0,221454 2,882898 -0,142317 0,686075 3,323999
-0,200427 0,014929 3,323630 0,904763 -0,136325 2,973678 -1,281489 -0,119171 2,908986 -0,157156 0,697574 3,346763
-0,193699 0,009185 3,332457 0,919836 -0,072611 2,952490 -1,301115 -0,013648 2,868319 -0,161692 0,692673 3,358854
-0,187261 0,007731 3,327252 0,937029 0,029484 2,995299 -1,314404 0,223209 2,861757 -0,158056 0,695111 3,371279
-0,195816 0,025273 3,346335 0,937361 -0,032658 2,993853 -1,327554 0,218462 2,850123 -0,160779 0,695143 3,334499
-0,202081 -0,009858 3,289628 0,941577 -0,082738 3,020590 -1,315815 0,154758 2,815856 -0,156710 0,678787 3,322563
-0,211359 0,013190 3,336171 0,906169 -0,158710 3,032464 -1,323806 -0,015244 2,868977 -0,150143 0,694128 3,347596
-0,217487 -0,007836 3,305132 0,908594 -0,160173 3,083350 -1,264925 -0,085390 2,867071 -0,173067 0,687654 3,369970
-0,210300 0,016595 3,320575 0,904994 -0,086838 2,995326 -1,279214 -0,042857 2,928730 -0,161931 0,700976 3,383118
-0,214454 0,012551 3,351670 0,949835 0,143200 3,049587 -1,265560 0,202163 2,810721 -0,179089 0,693611 3,344623
-0,208997 0,005091 3,331833 0,966913 0,344579 3,007195 -1,193964 0,522804 2,719361 -0,153560 0,695267 3,335202
-0,204196 0,005479 3,347855 0,974563 0,452164 3,041582 -1,139788 0,677653 2,721174 -0,154436 0,699928 3,359666
-0,211171 0,004960 3,343621 0,890011 0,667634 2,956548 -1,080957 1,084476 3,120906 -0,172861 0,705564 3,370113
-0,214309 0,005693 3,356961 0,797680 1,012974 3,280686 -0,803676 1,175982 2,898035 -0,192079 0,714673 3,380785
-0,216658 0,004271 3,358221 0,703771 1,158178 3,378293 -0,709864 1,257111 2,996460 -0,192079 0,714673 3,380785
-0,213686 0,008404 3,315870 0,449554 1,222583 3,091745 -0,594315 1,472777 3,430210 -0,200320 0,723034 3,405011
-0,212261 0,010415 3,316065 0,274743 1,409781 3,489569 -0,544695 1,444442 3,387154 -0,197237 0,725580 3,418128
