23 12
-0,179160 -0,063419 3,223552 0,017666 1,447940 3,123992 -0,591047 1,397165 3,016200 -0,128557 0,677603 3,242190
-0,178560 -0,065703 3,224941 0,070080 1,462834 3,184891 -0,615446 1,326859 2,902874 -0,128785 0,681038 3,242366
-0,174007 -0,071975 3,234585 0,016957 1,516104 3,211570 -0,679736 1,034240 2,475516 -0,125143 0,675416 3,231184
-0,176755 -0,069461 3,261124 -0,065393 1,519840 3,261066 -0,685405 0,802716 2,377634 -0,111279 0,678994 3,232265
-0,175066 -0,066959 3,257303 -0,059054 1,605076 3,398084 -0,688407 0,631822 2,299519 -0,111725 0,685734 3,232070
-0,176177 -0,065221 3,257843 -0,039088 1,556976 3,335365 -0,691322 0,345034 2,192874 -0,116589 0,707542 3,290404
-0,176008 -0,062599 3,254348 -0,041160 1,536563 3,255873 -0,651848 0,160775 2,139803 -0,134242 0,738843 3,360450
-0,179594 -0,054937 3,254483 -0,066753 1,555749 3,307425 -0,635896 0,111766 2,140242 -0,133495 0,733917 3,335964
-0,170648 -0,059145 3,267860 -0,050434 1,551050 3,274653 -0,625424 0,059119 2,171401 -0,132776 0,736112 3,311899
-0,166705 -0,059791 3,258656 -0,065840 1,535708 3,283402 -0,608870 0,047338 2,158694 -0,127187 0,742353 3,360465
-0,163623 -0,061034 3,247969 -0,064644 1,568050 3,292703 -0,601923 0,053293 2,159883 -0,131195 0,744796 3,372565
-0,163522 -0,054222 3,247939 -0,080794 1,567871 3,304871 -0,596944 0,060027 2,163025 -0,117308 0,738783 3,290040
-0,164030 -0,066091 3,241598 -0,076862 1,605148 3,394552 -0,590035 0,067543 2,153792 -0,137534 0,750571 3,348090
-0,162627 -0,055375 3,252665 -0,061103 1,543276 3,261454 -0,593886 0,067252 2,154943 -0,126291 0,748239 3,336699
-0,165952 -0,060279 3,246868 -0,094384 1,552185 3,281878 -0,598574 0,067751 2,152394 -0,129744 0,734899 3,323604
-0,174691 -0,054600 3,263314 -0,087986 1,546024 3,294141 -0,603433 0,079716 2,159225 -0,128842 0,740771 3,300295
-0,169134 -0,063088 3,257518 -0,081315 1,535730 3,222099 -0,605078 0,092900 2,160075 -0,121650 0,733845 3,300720
-0,162032 -0,065876 3,255319 -0,081662 1,559326 3,306565 -0,607307 0,180402 2,176191 -0,125352 0,732850 3,312864
-0,158827 -0,068491 3,254255 -0,039023 1,523099 3,224333 -0,615543 0,389929 2,169107 -0,098205 0,702017 3,279870
-0,158072 -0,070954 3,257876 -0,033029 1,500392 3,224934 -0,615704 0,514742 2,200138 -0,085268 0,676234 3,199709
-0,155941 -0,069857 3,246002 -0,050690 1,518246 3,190147 -0,578564 0,829663 2,397686 -0,103241 0,674790 3,209947
-0,157096 -0,068605 3,263516 -0,001174 1,439650 3,026767 -0,598179 1,061315 2,519335 -0,114659 0,681228 3,243481
-0,160684 -0,070576 3,244123 0,051427 1,419592 3,042644 -0,589133 1,177799 2,644901 -0,114659 0,681228 3,243481
