25 12
-0,100051 -0,038468 3,325935 1,223367 0,459380 3,341341 -1,383216 0,567504 3,303469 -0,070185 0,685458 3,377645
-0,108519 -0,038054 3,312488 1,216041 0,457393 3,320228 -1,387341 0,565229 3,297021 -0,070412 0,681887 3,377778
-0,108229 -0,053677 3,313657 1,219018 0,455963 3,307298 -1,382126 0,563213 3,282120 -0,066465 0,671550 3,341119
-0,105815 -0,038466 3,322601 1,219349 0,456238 3,323130 -1,387374 0,561558 3,293751 -0,077540 0,680816 3,352855
-0,107590 -0,050206 3,315329 1,217920 0,456304 3,312407 -1,385278 0,561710 3,281298 -0,069690 0,672834 3,328753
-0,114555 -0,028321 3,319129 1,208974 0,454833 3,301036 -1,384825 0,559498 3,275031 -0,077540 0,680816 3,352855
-0,110251 -0,045237 3,320024 1,219255 0,458269 3,331125 -1,385679 0,561067 3,281319 -0,071070 0,678227 3,377777
-0,106650 -0,039662 3,309823 1,218297 0,460108 3,311815 -1,381061 0,561422 3,280275 -0,085266 0,685331 3,377113
-0,107882 -0,039124 3,327308 1,218386 0,461089 3,334963 -1,383841 0,564515 3,283442 -0,063212 0,677349 3,353565
-0,107367 -0,041023 3,317000 1,215817 0,457116 3,303102 -1,382467 0,562874 3,287624 -0,077953 0,678238 3,377436
-0,105528 -0,030639 3,324155 1,216073 0,457817 3,315046 -1,382491 0,564433 3,288117 -0,066897 0,678566 3,341150
-0,102626 -0,043561 3,325326 1,217244 0,459847 3,314758 -1,384007 0,566885 3,296180 -0,067016 0,686729 3,365786
-0,106200 -0,044901 3,335520 1,215937 0,457608 3,307048 -1,387563 0,564634 3,312605 -0,070412 0,681887 3,377778
-0,111345 -0,033828 3,337090 1,218673 0,460834 3,315843 -1,382788 0,564122 3,286532 -0,081391 0,683066 3,364947
-0,105790 -0,040339 3,311787 1,217953 0,457081 3,302303 -1,382863 0,555184 3,279090 -0,077730 0,681827 3,377378
-0,105542 -0,018788 3,319703 1,216413 0,458275 3,320873 -1,382657 0,564241 3,286746 -0,078365 0,690040 3,402548
-0,111275 -0,040547 3,316547 1,216687 0,457671 3,313382 -1,386556 0,561861 3,287864 -0,063207 0,684461 3,353656
-0,109290 -0,039421 3,320087 1,214392 0,459083 3,320273 -1,390398 0,564084 3,292481 -0,070849 0,689012 3,377990
-0,109104 -0,046150 3,322060 1,214435 0,458398 3,320972 -1,384898 0,560978 3,281184 -0,067020 0,679593 3,365692
-0,103235 -0,043309 3,306623 1,216127 0,455245 3,320109 -1,385062 0,563404 3,281564 -0,077761 0,677233 3,352830
-0,108423 -0,040051 3,336423 1,216784 0,452053 3,317280 -1,381596 0,564233 3,274112 -0,070849 0,689012 3,377990
-0,107320 -0,036080 3,329530 1,220608 0,453634 3,323472 -1,392630 0,566768 3,301048 -0,070630 0,685458 3,377925
-0,108300 -0,035526 3,326133 1,223857 0,452742 3,332587 -1,388738 0,566780 3,272856 -0,074315 0,686671 3,365417
-0,104563 -0,034494 3,318704 1,222829 0,453497 3,336407 -1,384198 0,568579 3,287570 -0,077540 0,680816 3,352855
-0,103350 -0,036948 3,318992 1,222811 0,450172 3,322204 -1,390213 0,566540 3,279272 -0,070346 0,669223 3,328753
