22 12
-0,212075 -0,072486 3,252768 0,001416 1,475493 3,170955 -0,642077 1,395365 3,009236 -0,153042 0,657849 3,228459
-0,211610 -0,079759 3,252217 0,029159 1,502784 3,202574 -0,628533 1,313007 2,858616 -0,143109 0,656668 3,240966
-0,207028 -0,076336 3,250306 -0,053763 1,486102 3,139546 -0,617219 1,054277 2,563155 -0,142887 0,653259 3,240854
-0,206706 -0,080569 3,256350 -0,078570 1,583870 3,341182 -0,391155 0,702405 2,231030 -0,132669 0,655536 3,253345
-0,215558 -0,070612 3,284465 -0,058646 1,543350 3,304126 -0,314720 0,533082 2,140611 -0,151273 0,704457 3,347398
-0,221943 -0,069223 3,266281 -0,085589 1,596550 3,372741 -0,168994 0,276555 2,275173 -0,144857 0,716482 3,372780
-0,220098 -0,060437 3,270109 -0,095533 1,560885 3,322393 -0,055858 0,106609 2,179708 -0,126879 0,758140 3,254141
-0,226245 -0,067671 3,272647 -0,064557 1,591725 3,313724 -0,016986 0,066386 2,217465 -0,141429 0,763611 3,279226
-0,211972 -0,081575 3,333934 -0,112015 1,592813 3,343346 0,033916 0,017165 2,295599 -0,136349 0,756892 3,246796
-0,203342 -0,080911 3,336165 -0,099171 1,592376 3,318671 0,045181 0,006994 2,302916 -0,132971 0,763206 3,259731
-0,208755 -0,092738 3,322499 -0,115622 1,581477 3,348969 0,048425 0,011734 2,302427 -0,129961 0,761963 3,270552
-0,205994 -0,089552 3,317165 -0,122853 1,584751 3,327380 0,036336 0,025251 2,276955 -0,129994 0,768952 3,270643
-0,207008 -0,081990 3,313830 -0,083333 1,560265 3,278844 0,026192 0,043051 2,296816 -0,136382 0,763833 3,246882
-0,212438 -0,074069 3,307604 -0,107621 1,561451 3,240326 0,014500 0,052710 2,296564 -0,134328 0,770741 3,279803
-0,218455 -0,066836 3,269114 -0,091539 1,586655 3,356866 -0,027396 0,095548 2,244005 -0,123945 0,773450 3,292284
-0,211935 -0,072947 3,256735 -0,101065 1,605094 3,367090 -0,094440 0,207584 2,303354 -0,146107 0,740990 3,423729
-0,209312 -0,077827 3,266394 -0,067073 1,553155 3,259693 -0,146242 0,297679 2,310464 -0,143047 0,739855 3,436632
-0,194484 -0,075781 3,261540 -0,091507 1,599828 3,377589 -0,247417 0,520472 2,198630 -0,114588 0,703737 3,325671
-0,186392 -0,080930 3,262657 -0,007072 1,495285 3,125861 -0,468562 0,877428 2,465581 -0,111123 0,667027 3,277511
-0,191099 -0,085646 3,248891 -0,031039 1,545807 3,216211 -0,562786 1,023384 2,577079 -0,121500 0,663908 3,242626
-0,193375 -0,077840 3,235193 0,035590 1,503177 3,217617 -0,609431 1,239295 2,791112 -0,132447 0,665923 3,253313
-0,200010 -0,079177 3,219337 -0,044602 1,569462 3,300613 -0,674684 1,359568 3,018892 -0,147264 0,669067 3,252322
