28 12
-0,210158 0,021974 3,319201 0,190823 1,389036 3,310618 -0,568756 1,414003 3,257354 -0,187899 0,719504 3,368886
-0,202685 0,024183 3,316143 0,251833 1,297601 3,151797 -0,616272 1,402866 3,323802 -0,187672 0,723133 3,368886
-0,209252 0,024491 3,343834 0,320707 1,220335 3,032111 -0,691904 1,361810 3,336691 -0,179584 0,714845 3,345081
-0,201698 0,022215 3,356133 0,586876 1,179500 3,307268 -0,830160 1,037244 2,834742 -0,179821 0,728331 3,433012
-0,209676 0,016813 3,350257 0,776102 0,720802 2,768035 -1,191752 0,879736 3,169360 -0,171714 0,717700 3,433511
-0,208140 0,014040 3,350757 0,880421 0,562146 2,807353 -1,284801 0,680580 3,105581 -0,158523 0,702219 3,371667
-0,200931 0,014313 3,326085 1,021603 0,238360 3,013321 -1,331903 0,302882 2,870787 -0,143711 0,698914 3,372904
-0,204404 -0,003144 3,288211 1,030272 0,030011 3,129709 -1,369259 0,050911 2,936119 -0,158506 0,687913 3,371461
-0,206784 0,011514 3,290771 1,016578 -0,014539 3,131723 -1,361731 -0,013223 2,986756 -0,144380 0,695188 3,372866
-0,197593 -0,003736 3,301158 1,027443 0,008913 3,150806 -1,360135 -0,023200 3,013510 -0,152092 0,692692 3,397121
-0,193123 0,002506 3,311525 1,023652 0,108978 3,187421 -1,364750 0,120591 2,978161 -0,158515 0,695065 3,371564
-0,201973 0,016124 3,333707 0,987269 0,116707 3,132376 -1,308928 0,169865 2,921004 -0,158973 0,702102 3,371624
-0,201729 -0,001254 3,314968 0,992679 0,037222 3,125588 -1,323697 0,103483 2,960540 -0,161467 0,696269 3,358800
-0,190007 -0,003504 3,306612 0,999380 -0,058747 3,192986 -1,317916 -0,066814 2,936861 -0,158056 0,695111 3,371279
-0,201226 -0,001793 3,308672 0,996280 -0,074790 3,225560 -1,301502 -0,113548 2,975514 -0,152546 0,699777 3,397170
-0,200782 -0,012081 3,287996 0,988837 0,006195 3,172845 -1,297061 -0,069287 2,966574 -0,159879 0,699652 3,396473
-0,180020 0,007969 3,308991 0,988102 0,155914 3,147987 -1,305814 0,131838 2,911161 -0,155099 0,708274 3,384415
-0,197267 0,001059 3,344471 0,968142 0,168255 3,107251 -1,297634 0,179708 2,934869 -0,152108 0,707101 3,397338
-0,185710 0,021069 3,308901 0,987140 0,063473 3,139195 -1,315223 0,073336 2,913525 -0,155099 0,708274 3,384415
-0,180537 0,006940 3,308567 1,001208 -0,034553 3,195971 -1,318769 -0,036898 2,959963 -0,146708 0,700093 3,360088
-0,185023 -0,003051 3,288869 0,991894 -0,038127 3,181051 -1,324105 -0,030875 3,025157 -0,143711 0,698914 3,372904
-0,185304 0,001683 3,256763 1,026649 0,109317 3,182616 -1,303779 0,140151 2,971857 -0,150374 0,697650 3,347736
-0,185665 0,011646 3,300553 0,998779 0,445845 3,174449 -1,183278 0,486106 2,860270 -0,150381 0,704760 3,347834
-0,189174 0,010827 3,299984 0,960552 0,668998 3,281806 -1,086058 0,656136 2,769554 -0,150381 0,704760 3,347834
-0,184008 0,013808 3,276406 0,705937 0,936182 3,029412 -1,010657 1,153272 3,275687 -0,150153 0,708347 3,347790
-0,183486 0,019124 3,280209 0,548121 1,308213 3,493504 -0,722373 1,239091 3,016528 -0,160812 0,723494 3,334879
-0,169310 0,024743 3,276707 0,443230 1,379032 3,511444 -0,620800 1,317653 3,103375 -0,168518 0,728253 3,358305
-0,172334 0,020100 3,295001 0,245301 1,309817 3,257564 -0,529516 1,377964 3,296169 -0,171194 0,727210 3,408426
