23 12
-0,197580 -0,045691 3,311772 0,198071 1,412020 3,383001 -0,609168 1,381437 3,262698 -0,171309 0,674957 3,321087
-0,196986 -0,044845 3,327080 0,194852 1,410897 3,377122 -0,610578 1,332078 3,099237 -0,165056 0,679593 3,346099
-0,199104 -0,040648 3,319392 0,201360 1,409742 3,411747 -0,634634 1,090054 2,698996 -0,157137 0,671616 3,322421
-0,211099 -0,056058 3,340442 0,192234 1,422449 3,400906 -0,442457 0,732339 2,333339 -0,163680 0,651290 3,344380
-0,215669 -0,046878 3,336940 0,183200 1,403354 3,383807 -0,367353 0,536780 2,214045 -0,187123 0,691799 3,431593
-0,228153 -0,023143 3,354455 0,183120 1,410284 3,395881 -0,287750 0,221317 2,276541 -0,182063 0,695556 3,394026
-0,228461 -0,059586 3,340597 0,182772 1,402035 3,393345 -0,207647 0,009330 2,239999 -0,171465 0,707245 3,381511
-0,238876 -0,072042 3,356027 0,180113 1,398911 3,400729 -0,179685 -0,051575 2,271399 -0,188957 0,721870 3,457170
-0,233536 -0,066164 3,359788 0,182632 1,398757 3,402060 -0,135306 -0,119578 2,356665 -0,176234 0,714712 3,419785
-0,232075 -0,076007 3,364338 0,177184 1,398738 3,405099 -0,119344 -0,138119 2,347101 -0,184690 0,719469 3,444632
-0,228514 -0,075932 3,361314 0,175541 1,403106 3,407420 -0,117790 -0,142196 2,354531 -0,181318 0,725817 3,458347
-0,223734 -0,078634 3,352853 0,179196 1,408294 3,418468 -0,115219 -0,140548 2,347054 -0,170247 0,712144 3,445125
-0,219325 -0,081974 3,345369 0,181185 1,408679 3,418626 -0,126251 -0,136481 2,354390 -0,182806 0,723190 3,483649
-0,225982 -0,074306 3,373634 0,180117 1,405331 3,419299 -0,128083 -0,135050 2,361147 -0,182384 0,723469 3,484378
-0,218292 -0,079989 3,370455 0,165163 1,379976 3,393353 -0,137243 -0,119744 2,343069 -0,169633 0,716234 3,446418
-0,206848 -0,050930 3,323446 0,180618 1,413936 3,417204 -0,164556 -0,057494 2,353259 -0,189371 0,721555 3,456295
-0,202280 -0,032492 3,340983 0,179691 1,409561 3,403199 -0,176690 0,023896 2,373189 -0,170299 0,726757 3,445384
-0,202507 -0,027659 3,385057 0,184647 1,412320 3,422294 -0,199802 0,264795 2,336495 -0,178319 0,741411 3,412528
-0,185373 -0,063170 3,337307 0,186780 1,408871 3,388429 -0,323001 0,678562 2,500780 -0,143152 0,653125 3,394856
-0,182681 -0,045570 3,364176 0,188099 1,410306 3,399808 -0,395085 0,896859 2,646721 -0,138196 0,653073 3,335181
-0,184579 -0,056840 3,341385 0,192044 1,405129 3,393252 -0,461316 1,199208 2,834495 -0,149898 0,662196 3,346996
-0,186045 -0,049487 3,355483 0,196894 1,404506 3,410743 -0,604099 1,353714 3,180343 -0,155738 0,683001 3,384088
-0,192552 -0,043366 3,333387 0,195816 1,403890 3,409240 -0,613317 1,367422 3,289820 -0,159140 0,676985 3,371108
