33 12
-0,209837 -0,004453 3,361277 0,260004 1,326237 3,327977 -0,623909 1,384205 3,430174 -0,171505 0,664317 3,320894
-0,212403 -0,013624 3,370978 0,379270 1,374666 3,450360 -0,694322 1,304234 3,197050 -0,171505 0,664317 3,320894
-0,214196 -0,002325 3,382446 0,486529 1,208643 3,098234 -0,866933 1,322165 3,341148 -0,171691 0,653666 3,320619
-0,214669 -0,012844 3,398996 0,556271 1,112650 2,991960 -0,952453 1,236144 3,278096 -0,167640 0,658591 3,309073
-0,217597 -0,007968 3,392154 0,774761 0,985063 3,162666 -1,042940 0,864086 2,768256 -0,177864 0,649235 3,295949
-0,217702 -0,012841 3,400634 0,866022 0,571586 2,802327 -1,255094 0,605095 2,938744 -0,202501 0,658401 3,366247
-0,213753 -0,007507 3,371040 0,919172 0,414189 2,834908 -1,258990 0,422966 2,843926 -0,207745 0,668694 3,403311
-0,214973 -0,002225 3,387097 0,992973 0,121244 2,935988 -1,284328 0,140795 2,779593 -0,216776 0,654601 3,364397
-0,213140 -0,009966 3,367785 0,990309 -0,074394 3,071745 -1,324947 -0,032498 2,886671 -0,222936 0,653543 3,338983
-0,206318 0,000945 3,361217 1,002982 -0,147103 3,128519 -1,330579 -0,096016 2,894446 -0,222713 0,650080 3,338942
-0,211487 -0,005570 3,356492 0,949436 -0,210593 3,084953 -1,338217 -0,159722 2,980549 -0,231250 0,654271 3,362458
-0,209873 0,011442 3,355875 0,950678 -0,182255 3,072116 -1,359603 -0,092758 2,986914 -0,219774 0,659435 3,351733
-0,211861 -0,003146 3,354970 0,984701 -0,128607 3,062446 -1,343845 0,013186 2,894893 -0,231042 0,657891 3,362431
-0,206184 -0,006765 3,351041 0,973159 0,006080 3,075097 -1,342287 0,178466 2,916530 -0,225538 0,655194 3,388208
-0,204761 -0,007934 3,369603 0,990503 -0,039700 3,099574 -1,377825 0,149679 2,919334 -0,212735 0,648867 3,352492
-0,207380 -0,019919 3,359173 1,000263 -0,098286 3,126535 -1,389978 0,093657 2,924587 -0,231450 0,650635 3,362401
-0,212464 -0,013687 3,339708 0,969794 -0,205006 3,132885 -1,404313 -0,027547 2,977403 -0,231250 0,654271 3,362458
-0,213665 -0,004786 3,350142 0,959421 -0,139011 3,055816 -1,390901 0,008163 2,949787 -0,222733 0,657156 3,339043
-0,217034 -0,015183 3,367980 0,975982 -0,057554 3,072862 -1,331062 0,096550 2,814875 -0,231250 0,654271 3,362458
-0,220145 -0,019428 3,354707 0,990361 0,036945 3,124535 -1,321616 0,196894 2,872030 -0,216977 0,650963 3,364326
-0,225663 -0,028055 3,386151 0,987215 -0,068855 3,084186 -1,363029 0,102650 2,876197 -0,231228 0,647151 3,362350
-0,226577 -0,008827 3,361412 0,991775 -0,140204 3,158618 -1,358123 0,030943 2,874375 -0,231450 0,650635 3,362401
-0,232730 -0,016232 3,329849 0,893566 -0,230543 3,085466 -1,390394 -0,109570 3,054762 -0,231643 0,646982 3,362260
-0,231795 -0,005970 3,336551 0,885541 -0,174702 3,028658 -1,352693 -0,077742 3,017177 -0,235556 0,656386 3,374321
-0,227623 -0,015255 3,332376 0,922246 -0,088835 3,003844 -1,357166 0,020906 2,965985 -0,231450 0,650635 3,362401
-0,232542 -0,015813 3,357214 0,999358 0,182610 3,087079 -1,337226 0,321618 2,916412 -0,235556 0,656386 3,374321
-0,234857 -0,009311 3,353413 0,999364 0,468313 3,098499 -1,249380 0,598602 2,822688 -0,223155 0,656991 3,338946
-0,236155 -0,007767 3,369929 0,988431 0,639474 3,182438 -1,189137 0,744066 2,807012 -0,222957 0,660622 3,339087
-0,237851 -0,003713 3,349102 0,781163 0,883547 2,981910 -1,110727 1,138275 3,241973 -0,200195 0,656719 3,317598
-0,236839 0,000602 3,360173 0,621900 1,290222 3,537441 -0,791004 1,194769 2,983869 -0,197949 0,655080 3,270209
-0,238539 -0,000352 3,344653 0,488192 1,384444 3,585340 -0,688275 1,260713 3,067236 -0,194957 0,657301 3,282381
-0,232656 0,002640 3,306824 0,222642 1,310813 3,271356 -0,571505 1,390519 3,381421 -0,188917 0,661784 3,306949
-0,229330 -0,002116 3,312890 0,175801 1,348910 3,371846 -0,615152 1,377793 3,408417 -0,189118 0,658188 3,306788
