23 12
-0,224887 -0,050522 3,291162 0,217650 1,339293 3,354163 -0,614987 1,457568 3,425576 -0,171724 0,667754 3,320810
-0,222106 -0,048629 3,298138 0,216170 1,339410 3,362433 -0,666348 1,314766 3,040455 -0,165266 0,675975 3,345991
-0,225950 -0,056720 3,313376 0,220125 1,330923 3,343761 -0,745553 1,286263 2,988165 -0,153732 0,656299 3,334693
-0,232866 -0,053415 3,322697 0,224641 1,329422 3,333482 -0,764756 1,196393 2,865891 -0,165440 0,658153 3,345599
-0,244229 -0,050812 3,312772 0,228031 1,319807 3,320933 -0,773800 0,947485 2,612260 -0,157113 0,657520 3,322233
-0,244944 -0,052401 3,332179 0,230438 1,315728 3,309843 -0,666848 0,654353 2,500893 -0,152019 0,647686 3,286793
-0,240560 -0,051731 3,307717 0,226877 1,308878 3,300285 -0,636722 0,555008 2,542946 -0,149072 0,646308 3,298866
-0,224439 -0,052917 3,345862 0,225267 1,317676 3,299152 -0,587208 0,528786 2,869954 -0,157125 0,664567 3,322327
-0,208471 -0,055330 3,307214 0,220179 1,330429 3,317778 -0,640816 0,615630 2,950817 -0,153961 0,666837 3,334766
-0,202751 -0,058154 3,310479 0,220536 1,335686 3,338215 -0,675619 0,681308 2,948836 -0,142729 0,664796 3,323648
-0,201437 -0,053818 3,331665 0,224075 1,336331 3,353931 -0,723683 0,750714 2,702183 -0,142719 0,657747 3,323555
-0,210627 -0,056706 3,355127 0,234270 1,330091 3,341520 -0,745272 0,768090 2,669289 -0,149083 0,653306 3,298954
-0,214205 -0,060358 3,335394 0,239870 1,322254 3,337005 -0,691980 0,710938 2,597764 -0,145266 0,652161 3,311165
-0,216672 -0,045088 3,322475 0,251071 1,331440 3,343880 -0,620045 0,568501 2,671023 -0,150338 0,662144 3,347253
-0,219875 -0,058141 3,326924 0,262021 1,321124 3,302361 -0,554962 0,484437 2,742527 -0,149083 0,653306 3,298954
-0,210503 -0,057910 3,299727 0,261910 1,314255 3,288063 -0,546770 0,513352 2,858724 -0,164304 0,657399 3,321530
-0,198858 -0,056323 3,317253 0,261514 1,319592 3,281985 -0,541233 0,623405 2,923727 -0,154617 0,667811 3,359228
-0,198563 -0,056855 3,319365 0,251061 1,329649 3,309958 -0,610556 0,860584 2,956024 -0,150776 0,669121 3,347284
-0,200594 -0,054083 3,305308 0,239479 1,334188 3,307702 -0,638919 0,981408 2,941760 -0,160269 0,662311 3,309966
-0,195786 -0,056327 3,315369 0,232421 1,337385 3,301946 -0,652433 1,247891 3,111883 -0,153530 0,666956 3,334826
-0,195039 -0,048444 3,314443 0,218450 1,338606 3,317044 -0,661282 1,351289 3,211166 -0,160472 0,658715 3,309778
-0,195414 -0,054420 3,315479 0,221235 1,338314 3,326723 -0,649278 1,396003 3,313148 -0,160487 0,665739 3,309871
-0,206552 -0,058445 3,299385 0,220543 1,333474 3,343795 -0,608109 1,403121 3,469384 -0,161177 0,666716 3,334074
