20 12
-0,176964 0,037674 3,305614 0,312030 1,309473 3,202307 -0,622857 1,329582 3,171236 -0,142339 0,714332 3,324363
-0,171970 0,034563 3,311543 0,210745 1,183066 2,934142 -0,599913 1,211037 2,965372 -0,147639 0,714207 3,360488
-0,167615 0,029210 3,309681 0,155955 1,078927 2,904858 -0,444044 0,983259 2,690367 -0,149206 0,679880 3,346235
-0,172572 0,019753 3,330223 0,111721 0,993370 2,813453 -0,395582 0,879671 2,611502 -0,154385 0,675979 3,383155
-0,172036 0,018242 3,345893 0,023481 0,858121 2,697160 -0,334675 0,761220 2,683567 -0,141626 0,696374 3,435646
-0,180651 0,003302 3,331005 -0,089338 0,862928 2,836163 -0,205215 0,710184 2,546002 -0,130068 0,685824 3,398973
-0,173930 0,004112 3,339794 -0,079797 0,821460 2,830169 -0,182475 0,735247 2,619792 -0,145366 0,693938 3,422963
-0,178567 0,000222 3,339416 -0,046411 0,806899 2,737109 -0,195746 0,696173 2,581438 -0,138555 0,695175 3,449058
-0,174749 -0,002975 3,304895 0,006180 0,778970 2,661220 -0,242299 0,673647 2,664536 -0,138202 0,690393 3,423658
-0,176124 0,009291 3,332036 0,004748 0,797994 2,675480 -0,245333 0,659419 2,641218 -0,145139 0,697576 3,422843
-0,179420 -0,000245 3,329126 -0,045988 0,810059 2,742186 -0,187267 0,737155 2,668203 -0,148846 0,687879 3,409964
-0,177020 0,006672 3,302356 -0,057874 0,819157 2,785511 -0,188913 0,764055 2,619673 -0,146025 0,690163 3,422918
-0,173849 0,011595 3,312481 -0,060680 0,812447 2,728389 -0,210304 0,770262 2,628828 -0,174965 0,657242 3,226285
-0,177525 -0,000230 3,315436 -0,025012 0,856693 2,727653 -0,251930 0,787007 2,628361 -0,141479 0,680769 3,410524
-0,174979 0,012526 3,298605 0,027212 0,918510 2,669851 -0,362394 0,926702 2,720067 -0,121607 0,660720 3,398033
-0,170697 0,017777 3,324076 0,079219 0,983740 2,669149 -0,422320 1,010631 2,745065 -0,142921 0,654140 3,323350
-0,173822 0,022050 3,328638 0,217166 1,183476 2,889030 -0,489821 1,139422 2,792559 -0,143133 0,704878 3,348499
-0,171074 0,016562 3,290783 0,280834 1,245787 2,973019 -0,658480 1,329050 3,101606 -0,150845 0,711758 3,347877
-0,171802 0,024125 3,297574 0,329300 1,283945 3,070022 -0,692120 1,368477 3,176250 -0,148707 0,709500 3,299710
-0,172558 0,028075 3,294367 0,405923 1,329330 3,267323 -0,717231 1,379541 3,312883 -0,146118 0,713137 3,336023
