39 12
-0,145045 0,014132 3,349078 0,268614 1,153784 3,143659 -0,461450 1,189437 3,126625 -0,114286 0,674295 3,374850
-0,152247 0,005662 3,387988 0,247494 1,104597 3,093487 -0,433547 1,140749 3,078179 -0,121130 0,666138 3,349737
-0,151292 0,003621 3,391477 0,212214 1,056437 3,061751 -0,411525 1,093702 3,035670 -0,110548 0,661379 3,362752
-0,148402 0,001909 3,387798 0,177774 1,023868 3,021070 -0,403436 1,037099 3,018528 -0,124831 0,649648 3,337116
-0,154488 -0,012916 3,387853 0,156712 0,982353 3,008380 -0,401020 1,014490 3,009480 -0,132045 0,635419 3,336342
-0,156918 -0,020583 3,369141 0,142533 0,961002 2,964424 -0,401665 0,985344 2,971802 -0,136036 0,637489 3,348214
-0,147761 -0,015328 3,385747 0,138777 0,950143 2,979833 -0,402856 0,978085 2,959127 -0,131106 0,627768 3,312197
-0,146679 -0,005453 3,412170 0,147953 0,928591 2,971935 -0,406933 0,982976 2,964236 -0,139267 0,635320 3,335726
-0,155099 -0,006337 3,406616 0,168536 0,924405 2,937363 -0,415379 0,977449 2,925606 -0,146068 0,635304 3,335000
-0,151871 -0,014694 3,412668 0,190940 0,910215 2,918694 -0,419951 0,969993 2,911964 -0,148840 0,628895 3,298723
-0,150926 -0,002392 3,413110 0,210105 0,891215 2,903343 -0,419688 0,952952 2,890603 -0,152423 0,631005 3,310225
-0,156817 -0,013842 3,410805 0,216968 0,883124 2,887707 -0,404532 0,929269 2,845417 -0,148424 0,628984 3,298641
-0,155875 -0,012684 3,415542 0,204813 0,872491 2,858560 -0,396019 0,912136 2,850554 -0,151570 0,619906 3,286371
-0,154756 -0,017433 3,391909 0,180738 0,848970 2,850482 -0,368428 0,886146 2,801783 -0,156008 0,611981 3,321198
-0,161416 -0,023904 3,394580 0,146703 0,804633 2,801880 -0,335596 0,828061 2,741613 -0,154376 0,597325 3,382045
-0,156051 -0,021072 3,396532 0,113274 0,755032 2,729338 -0,292325 0,754435 2,673427 -0,145720 0,628711 3,422027
-0,167541 -0,008103 3,406445 0,077205 0,669376 2,666731 -0,258940 0,654712 2,589193 -0,151829 0,650492 3,486452
-0,158449 0,007390 3,445066 0,066672 0,555754 2,568216 -0,244980 0,555530 2,532968 -0,159366 0,649422 3,395759
-0,161303 0,014068 3,433451 0,064197 0,438230 2,500621 -0,249039 0,466282 2,495704 -0,194411 0,701354 3,522814
-0,152768 0,036551 3,453085 0,068876 0,335012 2,438674 -0,269408 0,394727 2,470586 -0,183188 0,704089 3,537243
-0,149861 0,043457 3,444878 0,101546 0,285605 2,466572 -0,297677 0,331569 2,452807 -0,195986 0,700193 3,416148
-0,146657 0,038391 3,407726 0,181302 0,235904 2,458082 -0,375511 0,286544 2,439914 -0,152702 0,713119 3,446857
-0,147029 0,052587 3,407131 0,285734 0,217108 2,480768 -0,480355 0,273158 2,426054 -0,173039 0,716560 3,484385
-0,141029 0,045912 3,422187 0,429340 0,201471 2,480018 -0,617248 0,268796 2,428449 -0,137289 0,697658 3,422919
-0,137140 0,045860 3,431518 0,585889 0,205176 2,543511 -0,769554 0,266358 2,470687 -0,133575 0,679821 3,386076
-0,143565 0,033037 3,429020 0,737157 0,217530 2,669376 -0,935853 0,272368 2,541067 -0,129228 0,658714 3,348838
-0,136743 0,027357 3,418946 0,911707 0,232324 2,787670 -1,080220 0,285090 2,651898 -0,128090 0,647448 3,324723
-0,136754 0,037613 3,395381 1,017540 0,263088 2,943860 -1,177841 0,313270 2,731034 -0,136265 0,655148 3,348368
-0,140652 0,017891 3,351528 1,062411 0,300287 3,034143 -1,236213 0,347127 2,815824 -0,135837 0,648173 3,348368
-0,149410 0,014950 3,370372 1,095283 0,348899 3,119863 -1,264334 0,395950 2,839719 -0,128096 0,654495 3,324812
-0,141467 0,026014 3,365485 1,095585 0,412355 3,160035 -1,277518 0,465807 2,897266 -0,129534 0,663291 3,373732
-0,143925 0,027036 3,369539 1,069020 0,504042 3,180812 -1,250757 0,559044 2,918506 -0,121128 0,659040 3,349644
-0,136509 0,019460 3,343922 1,033313 0,630954 3,239341 -1,207164 0,673143 2,966548 -0,121563 0,666058 3,349780
-0,137219 0,026338 3,335513 0,942877 0,764314 3,229022 -1,133079 0,819447 3,020817 -0,106832 0,669834 3,350925
-0,142158 0,016087 3,351228 0,854255 0,923600 3,285726 -1,042602 0,976839 3,072609 -0,121563 0,666058 3,349780
-0,139666 0,027690 3,344519 0,729924 1,066663 3,315396 -0,913660 1,115828 3,117365 -0,127894 0,672173 3,325051
-0,138243 0,022259 3,330058 0,591050 1,195561 3,405282 -0,786985 1,231146 3,205950 -0,136082 0,680062 3,348794
-0,139442 0,020140 3,350537 0,448336 1,275773 3,456886 -0,678953 1,321732 3,296383 -0,140324 0,685784 3,360724
-0,139990 0,034055 3,352167 0,321589 1,331364 3,518243 -0,579462 1,371993 3,361781 -0,144528 0,689240 3,397661
