29 12
-0,049086 -0,065337 3,298024 0,347573 1,425528 3,233342 -0,378489 1,390152 3,153698 -0,055508 0,707056 3,378654
-0,050774 -0,067066 3,304265 0,358901 1,435091 3,248169 -0,380321 1,363876 3,086970 -0,062977 0,695160 3,353783
-0,052042 -0,064907 3,314203 0,360552 1,435127 3,240392 -0,356779 1,297778 2,977729 -0,055531 0,692724 3,378465
-0,054750 -0,061100 3,315630 0,354359 1,423532 3,212611 -0,309893 1,202494 2,852212 -0,047966 0,695252 3,354178
-0,059503 -0,064460 3,318848 0,363762 1,426004 3,208259 -0,247910 1,059295 2,733666 -0,051309 0,683214 3,365577
-0,061236 -0,068110 3,317668 0,352562 1,411861 3,199670 -0,195198 0,919572 2,648744 -0,038199 0,644173 3,345747
-0,066831 -0,084855 3,334980 0,351526 1,405695 3,203545 -0,162979 0,785731 2,584083 -0,059220 0,685220 3,415140
-0,070686 -0,077210 3,333681 0,343516 1,391249 3,199811 -0,144480 0,691614 2,537131 -0,033945 0,679518 3,404269
-0,076685 -0,078985 3,334501 0,338229 1,395486 3,211191 -0,128036 0,640901 2,458436 -0,037275 0,681771 3,416388
-0,075934 -0,078137 3,355529 0,335060 1,392129 3,212742 -0,176899 0,615630 2,354091 -0,055936 0,699607 3,453842
-0,080065 -0,071975 3,334721 0,339696 1,407173 3,236161 -0,243943 0,532500 2,343233 -0,049588 0,703371 3,455106
-0,076924 -0,071393 3,352000 0,339501 1,399820 3,226925 -0,262860 0,471115 2,295242 -0,042534 0,719291 3,481548
-0,075116 -0,066004 3,357257 0,341049 1,417216 3,251922 -0,243851 0,456605 2,332042 -0,050025 0,725224 3,455176
-0,077098 -0,076631 3,355603 0,346373 1,410651 3,244902 -0,180138 0,445928 2,338635 -0,057333 0,730305 3,481242
-0,080080 -0,075030 3,337039 0,354243 1,413262 3,261017 -0,148475 0,457122 2,395065 -0,042361 0,720313 3,429692
-0,083065 -0,079164 3,344049 0,360256 1,422549 3,272923 -0,151836 0,457720 2,406063 -0,061705 0,725306 3,493885
-0,085140 -0,079375 3,354228 0,371567 1,431579 3,294158 -0,161807 0,466254 2,355012 -0,057787 0,730196 3,480982
-0,086042 -0,073250 3,353385 0,374306 1,427676 3,278948 -0,240784 0,451087 2,305807 -0,053894 0,727702 3,468038
-0,084252 -0,073960 3,350686 0,379918 1,431472 3,276114 -0,287071 0,432290 2,302536 -0,046628 0,723991 3,467981
-0,087123 -0,078308 3,348848 0,382073 1,431937 3,281120 -0,291801 0,460819 2,356918 -0,054167 0,732759 3,494317
-0,087249 -0,072863 3,344069 0,378318 1,430344 3,276677 -0,286341 0,484956 2,367432 -0,030808 0,703550 3,342633
-0,083492 -0,076808 3,353961 0,373844 1,424783 3,266101 -0,287186 0,538856 2,375927 -0,030263 0,697678 3,367352
-0,084575 -0,086119 3,354313 0,367763 1,424785 3,257974 -0,306321 0,630052 2,402781 -0,040448 0,685569 3,378421
-0,075876 -0,083911 3,345546 0,363536 1,425297 3,255332 -0,315189 0,758211 2,475607 -0,040418 0,686542 3,402974
-0,073709 -0,071661 3,351601 0,361599 1,427033 3,253478 -0,334092 0,902910 2,556493 -0,036282 0,676012 3,365219
-0,073580 -0,075053 3,333603 0,360947 1,418366 3,249751 -0,357941 1,059320 2,657557 -0,044223 0,686866 3,366259
-0,065065 -0,072674 3,334118 0,351891 1,419532 3,237792 -0,389153 1,198264 2,797665 -0,040902 0,698862 3,354660
-0,062031 -0,065864 3,331782 0,353969 1,425520 3,257713 -0,411984 1,300528 2,937109 -0,048398 0,709499 3,354593
-0,065273 -0,071411 3,319260 0,354180 1,435065 3,250937 -0,416870 1,354861 3,045017 -0,051692 0,703568 3,342090
