18 12
-0,087984 -0,117849 3,326843 0,312562 1,365995 3,185925 -0,554631 1,265411 3,080041 -0,066589 0,672496 3,365492
-0,092471 -0,113285 3,331520 0,318304 1,355173 3,158781 -0,772411 1,150444 3,247498 -0,051992 0,672593 3,366172
-0,090802 -0,112269 3,330665 0,332176 1,350417 3,168534 -0,784976 0,876837 3,029058 -0,054800 0,665843 3,328966
-0,095232 -0,113511 3,324900 0,350453 1,361404 3,184095 -0,759411 0,415771 3,076565 -0,062689 0,662288 3,329076
-0,103213 -0,118241 3,336365 0,361801 1,344070 3,167039 -0,624253 0,165075 3,045956 -0,055576 0,664093 3,378085
-0,098713 -0,113030 3,329096 0,367318 1,363673 3,176642 -0,706073 0,113577 3,171238 -0,055037 0,655282 3,329080
-0,087533 -0,121244 3,336785 0,361967 1,364471 3,155215 -0,778813 0,042109 2,996369 -0,059016 0,653908 3,341161
-0,089206 -0,112492 3,331513 0,350711 1,363520 3,155910 -0,662154 0,025371 2,925782 -0,055675 0,658781 3,329362
-0,085130 -0,120354 3,335536 0,348369 1,349096 3,156421 -0,677866 0,036179 3,057480 -0,051763 0,653952 3,341484
-0,087411 -0,117964 3,333059 0,351021 1,379345 3,179733 -0,775343 0,049873 2,938430 -0,048449 0,666804 3,354056
-0,088557 -0,115035 3,329907 0,365638 1,351677 3,152624 -0,728312 0,079187 2,908828 -0,051972 0,657482 3,341604
-0,090216 -0,119599 3,333256 0,373516 1,368760 3,170466 -0,751815 0,107105 3,056424 -0,051753 0,661031 3,341570
-0,085523 -0,117572 3,341098 0,377015 1,370462 3,165912 -0,850996 0,213694 2,885281 -0,048028 0,659700 3,353735
-0,073991 -0,116163 3,325982 0,374505 1,366661 3,163543 -0,904491 0,495280 2,866015 -0,048016 0,666804 3,353823
-0,073381 -0,121992 3,325319 0,372123 1,382376 3,167037 -0,845887 0,668967 2,838956 -0,048668 0,663225 3,354004
-0,059709 -0,111145 3,353105 0,359264 1,360098 3,149650 -0,740819 1,129723 3,208235 -0,047340 0,669372 3,329015
-0,059470 -0,116837 3,354777 0,344843 1,368465 3,180909 -0,522718 1,225763 3,034863 -0,063216 0,670239 3,353474
-0,069731 -0,108444 3,362083 0,339701 1,378339 3,205573 -0,456899 1,297484 3,145540 -0,048217 0,677476 3,354114
