34 12
-0,118215 -0,098212 3,447436 0,296455 1,396922 3,349837 -0,478197 1,262960 3,215498 -0,114281 0,702920 3,375245
-0,127476 -0,093887 3,421000 0,299917 1,385566 3,351418 -0,546840 1,216112 3,180104 -0,100115 0,695893 3,376376
-0,126584 -0,096679 3,441850 0,296210 1,386707 3,342667 -0,641530 1,140896 3,115951 -0,101231 0,705389 3,426739
-0,137056 -0,097311 3,433734 0,293576 1,394623 3,332919 -0,747051 1,008488 3,034630 -0,089874 0,695872 3,414619
-0,141264 -0,098065 3,447556 0,295627 1,393176 3,338578 -0,814241 0,826283 2,935366 -0,086196 0,694680 3,427476
-0,146643 -0,090236 3,447082 0,296446 1,383427 3,331673 -0,815107 0,577010 2,865755 -0,094348 0,710318 3,452931
-0,149373 -0,089126 3,441568 0,301016 1,383953 3,328946 -0,786544 0,304429 2,855566 -0,075502 0,708064 3,441111
-0,155123 -0,089761 3,439984 0,298382 1,395720 3,344223 -0,785297 0,077224 2,883460 -0,075504 0,700775 3,441000
-0,161024 -0,096211 3,444983 0,299880 1,382553 3,345259 -0,774227 -0,127687 2,896107 -0,086638 0,694607 3,427454
-0,163842 -0,098782 3,431576 0,297652 1,388647 3,349750 -0,782277 -0,303032 2,931609 -0,086638 0,694607 3,427454
-0,160583 -0,088950 3,433264 0,298715 1,385922 3,342346 -0,783549 -0,416828 2,977387 -0,090590 0,696948 3,440043
-0,167453 -0,091386 3,437519 0,295676 1,399795 3,343494 -0,797134 -0,497728 2,999794 -0,082929 0,695834 3,414856
-0,163321 -0,098031 3,436604 0,292557 1,389245 3,343681 -0,792149 -0,529381 2,979903 -0,086857 0,698173 3,427370
-0,167160 -0,096086 3,441153 0,288924 1,398800 3,332808 -0,770083 -0,556822 3,011894 -0,089825 0,691064 3,389254
-0,160832 -0,091024 3,440705 0,285725 1,383929 3,328021 -0,700266 -0,559605 3,025895 -0,094789 0,702893 3,452632
-0,157653 -0,093589 3,430560 0,285633 1,391146 3,331378 -0,662718 -0,541912 3,031529 -0,094265 0,698097 3,426931
-0,155385 -0,093632 3,446338 0,286364 1,401674 3,329423 -0,703030 -0,549279 3,001332 -0,086639 0,701868 3,427565
-0,153684 -0,097651 3,441765 0,283989 1,380989 3,328446 -0,769741 -0,538582 2,975077 -0,075725 0,704374 3,440991
-0,152078 -0,094485 3,435721 0,285159 1,397104 3,323149 -0,781202 -0,513434 2,977928 -0,090874 0,712806 3,466153
-0,147474 -0,098661 3,436468 0,283238 1,391173 3,324376 -0,753709 -0,509661 2,999560 -0,086417 0,698283 3,427564
-0,145155 -0,097288 3,452427 0,280548 1,401359 3,317622 -0,732285 -0,479609 2,997283 -0,082489 0,695943 3,415055
-0,149046 -0,102113 3,444323 0,283866 1,390849 3,323234 -0,776414 -0,455970 2,968442 -0,086638 0,694607 3,427454
-0,143548 -0,101226 3,441747 0,285674 1,405479 3,319703 -0,848077 -0,406321 2,932292 -0,086639 0,701868 3,427565
-0,140235 -0,098652 3,447198 0,290000 1,398910 3,321834 -0,887412 -0,322513 2,887971 -0,082489 0,695943 3,415055
-0,129040 -0,098951 3,452369 0,288226 1,394922 3,325216 -0,891390 -0,224957 2,873727 -0,086417 0,698283 3,427564
-0,127232 -0,106906 3,435487 0,291343 1,396233 3,333416 -0,878114 -0,071025 2,853242 -0,085948 0,693551 3,402205
-0,115357 -0,107291 3,448490 0,292562 1,397081 3,338810 -0,860539 0,131523 2,858057 -0,093086 0,697110 3,401771
-0,113853 -0,103489 3,443845 0,290463 1,401538 3,334249 -0,853632 0,362478 2,894523 -0,093309 0,693477 3,401759
-0,103458 -0,099416 3,438641 0,290107 1,384999 3,327188 -0,833741 0,626379 2,880755 -0,093086 0,697110 3,401771
-0,097343 -0,104672 3,426189 0,286721 1,401824 3,325466 -0,768774 0,870225 2,932672 -0,092862 0,693515 3,401596
-0,093870 -0,094264 3,440202 0,289179 1,399223 3,334127 -0,674379 1,072338 3,003876 -0,099661 0,703094 3,376301
-0,097268 -0,092051 3,424285 0,290218 1,392744 3,337325 -0,573270 1,198880 3,114565 -0,100115 0,695893 3,376376
-0,098259 -0,090780 3,418561 0,291512 1,378777 3,336180 -0,478725 1,283211 3,205475 -0,106611 0,694742 3,351204
-0,104880 -0,093390 3,405910 0,291369 1,382516 3,335268 -0,408500 1,336652 3,279977 -0,111391 0,698113 3,388072
