20 12
-0,060402 -0,079079 3,287345 0,405615 1,405183 3,242524 -0,285729 1,247052 2,884254 -0,054977 0,690591 3,329499
-0,058813 -0,077613 3,305655 0,400564 1,397854 3,228185 -0,254086 1,064975 2,751740 -0,053677 0,668999 3,326620
-0,052953 -0,083091 3,328031 0,388982 1,391230 3,196376 -0,282215 0,678931 2,622651 -0,047076 0,687921 3,352648
-0,052274 -0,079232 3,332662 0,379718 1,407801 3,200175 -0,202815 0,386291 2,516352 -0,023245 0,702501 3,318815
-0,052438 -0,080512 3,339438 0,368692 1,401796 3,204832 -0,168556 0,295950 2,472090 -0,042781 0,736174 3,455329
-0,049797 -0,077299 3,344274 0,352354 1,401562 3,187766 -0,164022 0,217693 2,322736 -0,035079 0,739960 3,455889
-0,044315 -0,075079 3,341213 0,352850 1,405389 3,211546 -0,152468 0,234293 2,202765 -0,034930 0,734903 3,430132
-0,036469 -0,075121 3,340757 0,357745 1,404410 3,198828 -0,163088 0,238307 2,184037 -0,050022 0,739878 3,455403
-0,011770 -0,082807 3,358762 0,385630 1,427113 3,254535 -0,126042 0,262493 2,349690 -0,038446 0,735247 3,468970
-0,002845 -0,072347 3,358948 0,403058 1,421427 3,252837 -0,142715 0,296506 2,488067 0,002447 0,738704 3,431090
-0,004465 -0,075101 3,361386 0,416541 1,421199 3,296053 -0,113059 0,300426 2,488163 -0,042058 0,741488 3,482014
-0,025871 -0,073305 3,316701 0,440659 1,445687 3,361940 -0,113294 0,253434 2,343750 -0,031305 0,744054 3,495445
-0,033186 -0,073661 3,331560 0,447545 1,424292 3,333723 -0,106545 0,252890 2,253274 -0,012435 0,741536 3,482670
-0,029640 -0,073817 3,338463 0,459067 1,424983 3,337163 -0,123116 0,262114 2,273082 -0,024074 0,745498 3,522028
-0,021003 -0,083351 3,329078 0,454110 1,416897 3,320194 -0,158301 0,357619 2,286187 -0,031538 0,740286 3,495180
-0,009903 -0,089453 3,316925 0,439360 1,419927 3,317462 -0,232263 0,632340 2,404762 -0,003417 0,680944 3,354014
-0,006851 -0,071556 3,302443 0,422861 1,424952 3,310871 -0,271015 0,818645 2,474263 0,008473 0,667400 3,338548
-0,005998 -0,074112 3,296781 0,390874 1,393905 3,257073 -0,275827 1,187638 2,721729 -0,018272 0,693145 3,306311
-0,016735 -0,069761 3,304709 0,385999 1,418703 3,269836 -0,384367 1,382924 3,038029 -0,029779 0,706070 3,318735
-0,025336 -0,075388 3,294432 0,392480 1,407741 3,252429 -0,375146 1,402999 3,124564 -0,033457 0,708402 3,330696
