15 12
-0,094541 -0,114706 3,329347 0,317544 1,388835 3,241779 -0,403316 1,343552 3,059029 -0,041165 0,653454 3,378709
-0,103055 -0,116917 3,347084 0,320255 1,387502 3,255056 -0,354005 1,204306 2,835136 -0,037232 0,640590 3,366181
-0,105038 -0,114545 3,335725 0,315734 1,392036 3,253647 -0,334323 1,045579 2,640018 -0,032898 0,634801 3,353064
-0,109684 -0,117096 3,354763 0,305211 1,386187 3,239003 -0,370836 0,708230 2,422297 -0,037008 0,630513 3,390262
-0,112373 -0,108144 3,359999 0,306255 1,373746 3,237638 -0,264849 0,478903 2,226999 -0,042560 0,675113 3,480836
-0,113208 -0,110889 3,376664 0,304445 1,380525 3,242583 -0,199147 0,409416 2,188969 -0,042753 0,680892 3,534096
-0,105764 -0,098630 3,377617 0,311402 1,383037 3,237734 -0,144554 0,352066 2,269457 -0,042756 0,687220 3,507384
-0,107007 -0,111977 3,379059 0,316218 1,378040 3,249218 -0,159325 0,349854 2,241566 -0,057662 0,676068 3,506701
-0,108088 -0,104653 3,387255 0,318850 1,386147 3,253824 -0,126288 0,340252 2,215746 -0,042544 0,683560 3,507426
-0,099695 -0,101679 3,391135 0,328437 1,377059 3,267101 -0,077530 0,385301 2,295975 -0,053586 0,685917 3,520247
-0,095867 -0,117580 3,383566 0,325878 1,377979 3,270165 -0,158381 0,532890 2,387158 -0,041289 0,662052 3,531887
-0,092109 -0,119355 3,374627 0,330620 1,376863 3,263277 -0,207085 0,653300 2,392972 -0,025912 0,645632 3,479249
-0,076331 -0,119211 3,392653 0,340895 1,380578 3,275100 -0,231523 0,966560 2,538059 -0,017912 0,618008 3,401147
-0,062814 -0,110605 3,361622 0,345406 1,366801 3,297673 -0,378528 1,280416 2,889971 -0,030992 0,656470 3,416600
-0,062898 -0,111660 3,357352 0,342252 1,364106 3,281808 -0,381027 1,337089 2,993365 -0,041371 0,657020 3,378826
