33 12
-0,121324 -0,089207 3,396755 0,290573 1,383287 3,329443 -0,467836 1,251606 3,278489 -0,099892 0,692341 3,376282
-0,123322 -0,095214 3,381459 0,292855 1,379916 3,326009 -0,542296 1,193144 3,223342 -0,106836 0,691157 3,351207
-0,127322 -0,093165 3,390982 0,293439 1,381215 3,335935 -0,650554 1,097268 3,135416 -0,103032 0,700694 3,363671
-0,122644 -0,094032 3,403243 0,291084 1,383774 3,316413 -0,756394 0,938648 3,020571 -0,103262 0,689978 3,363656
-0,128786 -0,093881 3,411461 0,288178 1,379651 3,320734 -0,818579 0,691945 2,967469 -0,089197 0,699517 3,414309
-0,132897 -0,107911 3,399177 0,289760 1,401677 3,313901 -0,831139 0,407023 2,926493 -0,086417 0,698283 3,427564
-0,139361 -0,100188 3,394382 0,294176 1,383958 3,309311 -0,814260 0,138372 2,920116 -0,086196 0,694680 3,427476
-0,145547 -0,102459 3,412919 0,289377 1,379843 3,299096 -0,769664 -0,097079 2,936228 -0,093086 0,697110 3,401771
-0,154938 -0,100969 3,386696 0,295326 1,375707 3,309309 -0,720704 -0,304514 2,998549 -0,100115 0,688732 3,376276
-0,163046 -0,101867 3,386369 0,292282 1,382096 3,313426 -0,685299 -0,442246 3,061866 -0,100334 0,685106 3,376188
-0,167899 -0,099655 3,385783 0,285004 1,381791 3,309193 -0,683893 -0,561461 3,096936 -0,093309 0,693477 3,401759
-0,168335 -0,088132 3,388217 0,283350 1,385503 3,301038 -0,707816 -0,631812 3,095778 -0,101453 0,701712 3,426646
-0,170678 -0,082862 3,377984 0,278909 1,393367 3,303846 -0,688543 -0,636282 3,105435 -0,094047 0,701793 3,427119
-0,166806 -0,092305 3,382236 0,279020 1,374835 3,305691 -0,638372 -0,650900 3,094416 -0,079024 0,693511 3,402420
-0,164336 -0,093348 3,394263 0,269522 1,388858 3,293082 -0,608120 -0,657574 3,113489 -0,089874 0,703109 3,414727
-0,158700 -0,087986 3,375058 0,273854 1,387912 3,302733 -0,586902 -0,635145 3,094297 -0,085948 0,693551 3,402205
-0,156308 -0,093366 3,390637 0,270515 1,386880 3,302965 -0,609121 -0,623751 3,068692 -0,082046 0,691243 3,389867
-0,157326 -0,090923 3,401103 0,270790 1,385383 3,288618 -0,647493 -0,583090 3,047936 -0,078583 0,700831 3,402728
-0,154377 -0,094404 3,387721 0,271509 1,385377 3,297875 -0,673418 -0,568003 3,042256 -0,082045 0,698431 3,389968
-0,154081 -0,092970 3,390479 0,272318 1,405303 3,304971 -0,678617 -0,559801 3,037437 -0,089650 0,699518 3,414637
-0,152187 -0,095589 3,388489 0,274770 1,390524 3,303900 -0,688293 -0,522454 3,020630 -0,093086 0,697110 3,401771
-0,147495 -0,094564 3,387049 0,274631 1,396688 3,299165 -0,747132 -0,494949 3,016898 -0,089162 0,694793 3,389452
-0,146044 -0,089036 3,384128 0,276375 1,393763 3,299958 -0,820353 -0,433405 2,986333 -0,089385 0,698360 3,389538
-0,137089 -0,097492 3,384641 0,278192 1,391665 3,308610 -0,887462 -0,351306 2,947717 -0,092351 0,696009 3,376688
-0,131957 -0,103840 3,397271 0,279820 1,397481 3,292601 -0,916619 -0,207241 2,929740 -0,088684 0,682998 3,364513
-0,122106 -0,098502 3,371597 0,280658 1,389971 3,303350 -0,915809 -0,013730 2,903564 -0,089650 0,699518 3,414637
-0,116692 -0,101990 3,383811 0,284431 1,400331 3,310548 -0,898233 0,228383 2,914174 -0,096499 0,694718 3,388987
-0,111581 -0,109229 3,374212 0,281170 1,381757 3,309600 -0,870929 0,482468 2,955233 -0,088208 0,685535 3,340097
-0,108612 -0,106779 3,375249 0,286851 1,393055 3,311677 -0,803609 0,742077 2,937934 -0,099664 0,695931 3,376203
-0,109270 -0,100901 3,367527 0,281385 1,410195 3,311247 -0,708143 0,962520 2,994798 -0,106159 0,687636 3,350767
-0,114215 -0,094526 3,363060 0,278452 1,388525 3,312171 -0,600745 1,131846 3,068027 -0,099570 0,698355 3,351796
-0,119888 -0,095104 3,363362 0,277921 1,391595 3,308525 -0,509759 1,258567 3,166775 -0,106382 0,698310 3,351119
-0,125015 -0,098960 3,366548 0,276552 1,378852 3,313129 -0,423708 1,348540 3,258145 -0,099890 0,699502 3,376380
