14 12
-0,070850 -0,113744 3,280959 0,326288 1,390424 3,245170 -0,297388 1,341783 2,965101 -0,044320 0,648882 3,293841
-0,096127 -0,121312 3,301538 0,321788 1,395682 3,254809 -0,117003 0,981065 2,518336 -0,041396 0,588446 3,306515
-0,099738 -0,112809 3,290206 0,312570 1,395766 3,251489 -0,078222 0,741267 2,397577 -0,059199 0,648355 3,389874
-0,109928 -0,095097 3,297084 0,309625 1,386624 3,246293 -0,005807 0,374228 2,501420 -0,041205 0,704528 3,480566
-0,125106 -0,104562 3,306280 0,306364 1,373939 3,232031 0,140492 0,300026 2,308834 -0,063858 0,692327 3,453995
-0,127522 -0,100694 3,314607 0,308634 1,378214 3,228858 0,162877 0,350450 2,324618 -0,079017 0,671889 3,402105
-0,110904 -0,104956 3,333827 0,301609 1,380584 3,226070 0,167462 0,308827 2,349123 -0,086419 0,676513 3,427234
-0,105577 -0,109619 3,320749 0,310175 1,386138 3,233913 0,152413 0,369792 2,328032 -0,078577 0,676617 3,427525
-0,104523 -0,111723 3,330632 0,320594 1,383008 3,259561 0,134523 0,423574 2,396406 -0,079013 0,669328 3,427549
-0,095452 -0,106617 3,337593 0,319941 1,375760 3,267378 0,063233 0,441924 2,366605 -0,057788 0,685997 3,480259
-0,084309 -0,126634 3,326712 0,323026 1,380720 3,246601 -0,108084 0,792583 2,590086 -0,027754 0,589428 3,334608
-0,083414 -0,119850 3,327642 0,325361 1,381141 3,257758 -0,209009 1,026721 2,719153 -0,041038 0,627154 3,329558
-0,077861 -0,126631 3,341680 0,316459 1,384314 3,230972 -0,297885 1,294140 2,901372 -0,040034 0,636319 3,281628
-0,085045 -0,120346 3,336518 0,313604 1,377514 3,236588 -0,344485 1,367543 3,143615 -0,047805 0,647508 3,305485
