17 12
-0,123967 -0,112856 3,307540 0,312948 1,378044 3,203380 -0,411895 1,244533 2,841886 -0,051595 0,651178 3,365493
-0,137593 -0,107846 3,346496 0,309875 1,387303 3,235966 -0,332625 1,017114 2,574808 -0,032283 0,630995 3,351378
-0,147501 -0,115130 3,353470 0,301209 1,392037 3,222374 -0,312987 0,876145 2,445030 -0,036304 0,614953 3,340059
-0,150765 -0,106115 3,341643 0,299474 1,376295 3,203263 -0,291191 0,652044 2,390297 -0,055947 0,655000 3,427910
-0,161726 -0,108440 3,347764 0,297778 1,368091 3,207458 -0,127876 0,494728 2,198732 -0,057366 0,671396 3,480285
-0,160425 -0,103287 3,338378 0,300725 1,369068 3,210987 -0,085143 0,480071 2,269962 -0,065083 0,674976 3,479921
-0,163941 -0,108935 3,331501 0,298202 1,376956 3,220013 -0,090133 0,436386 2,261423 -0,084071 0,677164 3,492105
-0,165090 -0,101157 3,341571 0,310570 1,389685 3,231668 -0,047894 0,409441 2,225419 -0,080317 0,683303 3,505696
-0,164471 -0,100971 3,342446 0,306223 1,380869 3,223934 0,001415 0,424238 2,307583 -0,065778 0,684438 3,533123
-0,168279 -0,101283 3,339344 0,307270 1,367965 3,214569 -0,014542 0,432148 2,266980 -0,073380 0,684380 3,532750
-0,161293 -0,104558 3,334226 0,308490 1,382221 3,225477 -0,076370 0,508854 2,327950 -0,057242 0,668701 3,506479
-0,156601 -0,108823 3,316294 0,304157 1,386559 3,223948 -0,110348 0,579832 2,369080 -0,060023 0,653607 3,440736
-0,150137 -0,118865 3,344046 0,310406 1,377952 3,228874 -0,133373 0,758997 2,407744 -0,047863 0,634833 3,353189
-0,143735 -0,113226 3,321893 0,311849 1,367489 3,197481 -0,282889 1,080982 2,707350 -0,055072 0,634131 3,328829
-0,141504 -0,116468 3,327754 0,314146 1,368859 3,211823 -0,342798 1,219827 2,842619 -0,044734 0,644124 3,366103
-0,145708 -0,107693 3,314516 0,311797 1,362065 3,199084 -0,341828 1,374574 3,069045 -0,051519 0,649628 3,317306
-0,148144 -0,103953 3,305375 0,312869 1,376992 3,218549 -0,364200 1,402885 3,191456 -0,058796 0,657440 3,341040
