11 12
-0,090887 -0,094666 3,357046 0,325081 1,376103 3,333025 -0,475049 1,308325 3,348113 -0,078585 0,693619 3,402624
-0,093147 -0,086891 3,365242 0,322765 1,390720 3,327246 -0,546676 1,249492 3,320276 -0,082268 0,692353 3,414973
-0,093201 -0,098370 3,370806 0,317732 1,377929 3,309880 -0,691121 0,778289 2,825741 -0,074661 0,688810 3,415228
-0,103023 -0,099656 3,372414 0,313597 1,373266 3,304586 -0,685465 0,231841 2,808650 -0,093090 0,682694 3,401563
-0,100762 -0,099243 3,375796 0,311754 1,376663 3,293012 -0,652140 0,067046 2,962894 -0,078365 0,690040 3,402548
-0,092261 -0,109359 3,363302 0,321732 1,387396 3,328394 -0,610772 0,017922 3,204051 -0,081614 0,672339 3,364830
-0,086519 -0,103696 3,358467 0,312252 1,405675 3,322362 -0,705962 0,269948 3,075288 -0,085488 0,681723 3,377093
-0,077970 -0,102686 3,371255 0,313122 1,393734 3,332676 -0,723534 0,484674 2,893782 -0,104636 0,688482 3,413553
-0,078689 -0,099595 3,362658 0,307238 1,386327 3,304510 -0,699208 1,022263 3,117120 -0,085046 0,681762 3,376951
-0,092037 -0,093765 3,351519 0,315288 1,393078 3,327349 -0,515879 1,188848 3,021691 -0,078585 0,693619 3,402624
-0,095729 -0,092197 3,344539 0,320362 1,377259 3,332545 -0,453220 1,250614 3,139649 -0,078585 0,693619 3,402624
