19 12
-0,126087 -0,067301 3,290160 0,244424 1,422978 3,178636 -0,425743 1,387860 3,086469 -0,113248 0,697106 3,326429
-0,131962 -0,062032 3,307294 0,242899 1,417601 3,180680 -0,458669 1,336313 3,036443 -0,105228 0,689097 3,302763
-0,135456 -0,064175 3,298480 0,243900 1,426442 3,180802 -0,560618 1,150336 2,714233 -0,109714 0,688852 3,338554
-0,144445 -0,064450 3,322073 0,251870 1,406153 3,168444 -0,629878 1,039709 2,735147 -0,113249 0,690041 3,326340
-0,148991 -0,058003 3,338394 0,253101 1,408521 3,163956 -0,631745 0,903255 2,631302 -0,106611 0,694742 3,351204
-0,150289 -0,067706 3,309840 0,256010 1,404419 3,153941 -0,625984 0,671356 2,608433 -0,113022 0,686522 3,326160
-0,149584 -0,066975 3,322214 0,253650 1,405265 3,169977 -0,633803 0,632654 2,618734 -0,113475 0,693544 3,326441
-0,143333 -0,061505 3,303392 0,256959 1,408674 3,174624 -0,648426 0,674886 2,630513 -0,117180 0,692293 3,338192
-0,136711 -0,079998 3,332496 0,254589 1,408616 3,179711 -0,658725 0,665346 2,592670 -0,113249 0,682979 3,326252
-0,133738 -0,068912 3,311370 0,257280 1,410830 3,200285 -0,612755 0,562268 2,595179 -0,102367 0,691379 3,315154
-0,134429 -0,068587 3,315863 0,259059 1,423931 3,205153 -0,626858 0,576581 2,665416 -0,106837 0,698270 3,351302
-0,133311 -0,061824 3,316375 0,262583 1,420642 3,203292 -0,640706 0,617640 2,624515 -0,109940 0,692384 3,338733
-0,130666 -0,066897 3,311544 0,260301 1,422716 3,196383 -0,623527 0,673800 2,584576 -0,109940 0,692384 3,338733
-0,127656 -0,063407 3,316932 0,255044 1,431027 3,192985 -0,614178 0,727146 2,567783 -0,112791 0,690048 3,325990
-0,124040 -0,072238 3,307643 0,245630 1,416949 3,193652 -0,578528 0,970105 2,740803 -0,113249 0,690041 3,326340
-0,121420 -0,067042 3,300955 0,241966 1,417214 3,183908 -0,547284 1,164664 2,757453 -0,113020 0,693585 3,326249
-0,123377 -0,066548 3,300715 0,248312 1,426698 3,195271 -0,518537 1,252990 2,846607 -0,116762 0,691203 3,314125
-0,126634 -0,069594 3,313508 0,249755 1,426573 3,186911 -0,462150 1,414913 3,128064 -0,110168 0,702991 3,338923
-0,131976 -0,072388 3,296419 0,254274 1,421769 3,190962 -0,411513 1,423414 3,158786 -0,113475 0,693544 3,326441
