16 12
-0,113564 -0,088893 3,315310 0,308896 1,367128 3,300054 -0,451540 1,361755 3,212412 -0,092076 0,694903 3,352178
-0,110626 -0,081673 3,310275 0,308778 1,376000 3,316843 -0,482509 1,281967 3,134005 -0,088204 0,692625 3,340186
-0,112629 -0,086235 3,313484 0,305858 1,381324 3,323542 -0,500533 1,082698 2,975778 -0,088208 0,685535 3,340097
-0,115617 -0,087516 3,316873 0,312928 1,375975 3,331824 -0,547077 0,747814 2,917321 -0,084360 0,683294 3,328180
-0,112496 -0,081807 3,310593 0,310082 1,374141 3,298463 -0,586504 0,417056 2,922051 -0,084803 0,690288 3,328245
-0,112682 -0,084427 3,323174 0,313405 1,384298 3,315804 -0,619435 0,183071 3,052048 -0,084581 0,686799 3,328252
-0,105905 -0,096572 3,318069 0,309308 1,376042 3,321867 -0,629017 0,095035 3,123501 -0,084364 0,676231 3,328093
-0,104436 -0,103264 3,315845 0,313094 1,397471 3,320679 -0,629896 0,080694 3,094541 -0,088684 0,682998 3,364513
-0,090598 -0,096056 3,339311 0,310436 1,373269 3,299990 -0,629292 0,142084 3,009597 -0,092739 0,684097 3,351905
-0,084766 -0,086546 3,338701 0,310803 1,377307 3,301104 -0,654414 0,265245 2,931895 -0,091852 0,691356 3,352014
-0,075253 -0,084610 3,335329 0,308197 1,391527 3,288243 -0,676013 0,486265 2,915973 -0,092081 0,680679 3,351992
-0,067754 -0,094596 3,341132 0,303209 1,392316 3,296082 -0,701623 0,728206 2,854862 -0,085266 0,685331 3,377113
-0,062274 -0,085903 3,350671 0,300897 1,384673 3,321581 -0,659210 0,976110 2,893015 -0,081823 0,694864 3,389890
-0,058451 -0,088238 3,331606 0,299178 1,380628 3,299140 -0,598439 1,158079 3,017429 -0,099892 0,692341 3,376282
-0,064059 -0,089799 3,350495 0,305447 1,385385 3,313628 -0,537623 1,297572 3,140034 -0,081387 0,690202 3,365041
-0,070794 -0,090478 3,316243 0,305312 1,394960 3,327169 -0,475266 1,372152 3,255892 -0,077756 0,691458 3,353014
