23 12
-0,148416 -0,073761 3,250502 0,287639 1,466350 3,356987 -0,476650 1,427352 3,281922 -0,122714 0,671524 3,399355
-0,115973 -0,068851 3,305940 0,283969 1,468164 3,333879 -0,564735 1,300509 2,974867 -0,101226 0,683616 3,426407
-0,075204 -0,076404 3,256139 0,301739 1,479170 3,338001 -0,709482 1,267464 3,049449 -0,070640 0,671143 3,377732
-0,050278 -0,079591 3,259553 0,328237 1,474204 3,345290 -0,761994 1,170823 2,975297 -0,070426 0,667576 3,377586
-0,000655 -0,074034 3,358489 0,319614 1,506128 3,353969 -0,801247 0,873436 2,748960 -0,048687 0,679447 3,403726
0,047442 -0,074672 3,280811 0,315689 1,589297 3,530849 -0,689281 0,539181 2,667547 -0,022710 0,668242 3,342660
0,067892 -0,068099 3,285750 0,317098 1,502484 3,295283 -0,687088 0,495595 2,740950 -0,012249 0,666023 3,330781
0,116918 -0,063064 3,359725 0,335049 1,518180 3,313565 -0,735452 0,515723 2,675434 0,021290 0,676311 3,367789
0,152168 -0,066581 3,312797 0,332243 1,527429 3,328292 -0,730530 0,448119 2,651474 0,038332 0,658121 3,307062
0,164167 -0,059632 3,319147 0,365910 1,556518 3,404166 -0,669736 0,340565 2,604559 0,053311 0,670396 3,355228
0,195776 -0,057998 3,362441 0,345549 1,629173 3,533410 -0,609785 0,182160 2,781713 0,057598 0,672643 3,367592
0,213153 -0,058748 3,320150 0,372511 1,518200 3,277049 -0,642971 0,120268 2,792354 0,076101 0,667640 3,379492
0,226084 -0,058713 3,335453 0,353857 1,664641 3,598421 -0,637824 0,101154 2,782927 0,079279 0,668946 3,367012
0,248515 -0,055047 3,343583 0,392579 1,603180 3,450263 -0,635088 0,138826 2,803859 0,102107 0,676864 3,391171
0,251888 -0,057315 3,331746 0,390029 1,587881 3,410003 -0,634934 0,232843 2,791654 0,111965 0,669977 3,353579
0,251444 -0,056005 3,328993 0,409544 1,586020 3,401605 -0,638749 0,304155 2,788225 0,108700 0,672259 3,366031
0,241742 -0,061935 3,315278 0,379266 1,565560 3,366052 -0,631410 0,485025 2,775365 0,120045 0,674401 3,377880
0,220082 -0,070481 3,320813 0,391443 1,533777 3,285981 -0,615076 0,729298 2,725561 0,118630 0,661908 3,328871
0,204732 -0,074303 3,322429 0,419506 1,489210 3,255261 -0,578360 0,842470 2,714849 0,112162 0,666403 3,353533
0,160612 -0,066685 3,245580 0,407694 1,557168 3,375309 -0,501799 1,149816 3,021193 0,105840 0,674494 3,378448
0,124916 -0,071361 3,321784 0,427583 1,565136 3,423371 -0,426076 1,238498 3,040274 0,101635 0,675874 3,366361
0,104012 -0,072299 3,310273 0,415381 1,531673 3,374907 -0,389043 1,290675 3,120487 0,089750 0,669245 3,330124
0,056893 -0,059571 3,231400 0,397941 1,594308 3,526893 -0,330907 1,367200 3,271481 0,068535 0,673872 3,355068
