23 12
-0,066282 -0,062088 3,302006 0,354732 1,430429 3,238397 -0,389919 1,401806 3,204689 -0,040952 0,690676 3,330310
-0,069001 -0,064752 3,301790 0,350687 1,438337 3,237358 -0,404357 1,406610 3,197195 -0,033578 0,686151 3,306496
-0,070331 -0,052630 3,296416 0,336838 1,423477 3,194373 -0,440233 1,346791 3,043016 -0,040271 0,694179 3,329907
-0,075938 -0,062688 3,311018 0,330396 1,422675 3,207630 -0,458503 1,244828 2,975750 -0,033578 0,686151 3,306496
-0,081162 -0,055193 3,315496 0,319481 1,424454 3,199330 -0,487120 1,135249 2,921488 -0,040504 0,690672 3,330092
-0,080814 -0,056979 3,309299 0,317798 1,414724 3,183539 -0,558220 0,808028 2,609713 -0,036530 0,685825 3,341752
-0,081562 -0,055273 3,312421 0,311927 1,407627 3,196464 -0,597363 0,623249 2,629969 -0,033858 0,688212 3,354841
-0,084918 -0,061300 3,313908 0,315611 1,427620 3,204285 -0,569178 0,563994 2,552199 -0,026268 0,680141 3,330585
-0,083794 -0,069075 3,324119 0,322510 1,437600 3,222992 -0,474489 0,649512 2,565177 -0,033589 0,679129 3,306417
-0,081283 -0,068730 3,295845 0,329135 1,437720 3,231631 -0,426219 0,791865 2,560859 -0,028905 0,652319 3,293314
-0,077620 -0,067833 3,302614 0,331054 1,441159 3,230374 -0,436425 0,801133 2,575978 -0,028883 0,659303 3,293387
-0,069561 -0,065370 3,308685 0,331509 1,428522 3,222435 -0,510046 0,690085 2,388207 -0,022193 0,670823 3,318205
-0,072121 -0,060523 3,298319 0,334715 1,440952 3,246144 -0,538455 0,638020 2,383224 -0,019074 0,684710 3,355150
-0,072360 -0,064342 3,317034 0,343934 1,433917 3,253766 -0,497942 0,677844 2,332182 -0,018833 0,669555 3,330529
-0,078086 -0,066947 3,294587 0,343190 1,443323 3,245181 -0,423450 0,889946 2,491717 -0,025463 0,660697 3,282087
-0,076730 -0,065676 3,302469 0,347700 1,445870 3,234094 -0,428060 1,010547 2,570868 -0,022241 0,682378 3,342484
-0,078696 -0,060601 3,299643 0,339615 1,430955 3,217082 -0,415062 1,060157 2,604084 -0,019197 0,679180 3,306813
-0,080356 -0,066569 3,303780 0,330129 1,411160 3,205487 -0,409786 1,101561 2,606794 -0,022668 0,689511 3,342914
-0,077073 -0,055020 3,289808 0,329285 1,423216 3,219164 -0,442510 1,127405 2,650909 -0,026024 0,690733 3,330574
-0,075942 -0,054225 3,293828 0,326538 1,429548 3,224853 -0,455948 1,147024 2,678787 -0,034075 0,691747 3,354867
-0,082186 -0,055536 3,294493 0,329356 1,438378 3,241876 -0,440036 1,250353 2,833054 -0,029806 0,691968 3,318576
-0,077685 -0,061577 3,296012 0,329695 1,428694 3,220213 -0,423855 1,312200 2,922662 -0,037317 0,687355 3,294495
-0,081289 -0,064972 3,282795 0,334318 1,434495 3,232972 -0,397159 1,355738 3,017478 -0,037254 0,688407 3,318367
