25 12
-0,054535 -0,087124 3,385763 0,350487 1,394929 3,334514 -0,437186 1,327721 3,142386 -0,033921 0,693940 3,404469
-0,058085 -0,087131 3,385718 0,347395 1,388932 3,321630 -0,437095 1,183672 2,989563 -0,041097 0,696400 3,379273
-0,057148 -0,080047 3,392210 0,347654 1,406465 3,318711 -0,453210 1,015322 2,908386 -0,036920 0,686901 3,366539
-0,058125 -0,081919 3,391064 0,346464 1,388641 3,316052 -0,460293 0,827288 2,785518 -0,040880 0,692806 3,379071
-0,059775 -0,081074 3,389515 0,348925 1,417942 3,333333 -0,460856 0,712095 2,718027 -0,040679 0,682035 3,378694
-0,057835 -0,084234 3,405603 0,347623 1,404078 3,323337 -0,444574 0,693295 2,693652 -0,033720 0,683111 3,404169
-0,054695 -0,088057 3,401499 0,348563 1,407030 3,325131 -0,443736 0,738748 2,629643 -0,025606 0,674825 3,378414
-0,055999 -0,088209 3,417632 0,344316 1,403363 3,311209 -0,452242 0,714201 2,639907 -0,026043 0,674934 3,379108
-0,051978 -0,072119 3,400930 0,349170 1,409586 3,323079 -0,446710 0,651603 2,649108 -0,019398 0,690379 3,404894
-0,044566 -0,082840 3,407964 0,354901 1,402067 3,331283 -0,449736 0,641015 2,636002 -0,019184 0,686778 3,404793
-0,041882 -0,084584 3,398668 0,358270 1,389756 3,326032 -0,464799 0,709984 2,658543 -0,026253 0,678542 3,379377
-0,048081 -0,084989 3,393374 0,354733 1,394126 3,328224 -0,460895 0,762121 2,673864 -0,022624 0,680844 3,391953
-0,047569 -0,093034 3,401935 0,353743 1,408288 3,333117 -0,465720 0,741750 2,686033 -0,026253 0,678542 3,379377
-0,047037 -0,075583 3,397967 0,355784 1,389043 3,326676 -0,461048 0,735637 2,685707 -0,018957 0,690371 3,404706
-0,052973 -0,084261 3,388187 0,357316 1,399759 3,332843 -0,483374 0,783663 2,683486 -0,026442 0,687798 3,429773
-0,053027 -0,081698 3,385074 0,356084 1,398288 3,331416 -0,485205 0,848590 2,722183 -0,033492 0,686686 3,403983
-0,055845 -0,078057 3,388850 0,353281 1,410585 3,334331 -0,499164 0,870059 2,734382 -0,029881 0,681801 3,416645
-0,052650 -0,086907 3,380581 0,357670 1,386538 3,342216 -0,510284 0,918217 2,798445 -0,033706 0,690322 3,404268
-0,056630 -0,083004 3,376601 0,354927 1,389504 3,331788 -0,515839 0,987195 2,846915 -0,033706 0,690322 3,404268
-0,055376 -0,082216 3,379578 0,355575 1,388185 3,330999 -0,498245 1,085856 2,915346 -0,034138 0,697542 3,404584
-0,054348 -0,080199 3,369269 0,353532 1,403815 3,333433 -0,483659 1,189435 3,027487 -0,045085 0,702323 3,391737
-0,054315 -0,077138 3,361059 0,353611 1,400137 3,335237 -0,469066 1,281645 3,145408 -0,034128 0,704759 3,404684
-0,052896 -0,078595 3,370654 0,358364 1,394282 3,343097 -0,439458 1,337487 3,225510 -0,045297 0,707102 3,416950
-0,059367 -0,081847 3,367713 0,350473 1,397090 3,337506 -0,404734 1,377004 3,306478 -0,037283 0,702354 3,391776
-0,058136 -0,076908 3,350348 0,348419 1,413913 3,335160 -0,401374 1,377368 3,329576 -0,045076 0,703486 3,416820
