13 12
-0,069184 -0,095342 3,298358 1,196040 0,756389 3,115047 -0,275992 1,352928 2,938008 -0,025881 0,667731 3,282644
-0,083403 -0,103254 3,325723 1,193760 0,754715 3,102318 -0,061660 0,991080 2,427144 -0,048687 0,679447 3,403726
-0,090800 -0,097776 3,336769 1,199847 0,738698 3,114038 0,006389 0,796723 2,259705 -0,044660 0,687939 3,391307
-0,106913 -0,089337 3,290555 1,196993 0,737952 3,127954 0,068858 0,444276 2,338761 -0,019862 0,733269 3,535674
-0,098417 -0,070753 3,308612 1,187278 0,730719 3,097663 0,129741 0,183081 2,256373 -0,026602 0,761489 3,333826
-0,099935 -0,091520 3,294202 1,202931 0,745176 3,144779 0,123019 0,137724 2,277731 -0,026339 0,751143 3,334918
-0,093201 -0,078440 3,309813 1,196574 0,757452 3,133012 0,102192 0,171375 2,271547 -0,030279 0,764013 3,345947
-0,082693 -0,084151 3,291467 1,201247 0,783461 3,182778 0,013662 0,452296 2,355458 -0,034118 0,711979 3,404784
-0,074804 -0,093545 3,303273 1,192452 0,786498 3,156366 -0,049819 0,630747 2,408669 0,004001 0,696075 3,455309
-0,063367 -0,106866 3,324973 1,193213 0,797484 3,165142 -0,130704 0,996501 2,519580 -0,014675 0,651211 3,366097
-0,053634 -0,095437 3,322868 1,195625 0,789397 3,173792 -0,323250 1,323476 2,926212 -0,012014 0,676641 3,330941
-0,056202 -0,096494 3,323013 1,211580 0,803888 3,212987 -0,349043 1,373849 3,015130 -0,012014 0,676641 3,330941
-0,060778 -0,092813 3,311366 1,188779 0,784498 3,194425 -0,321563 1,397074 3,177291 -0,019074 0,684710 3,355150
