29 12
-0,118404 -0,091760 3,334326 0,307525 1,471746 3,374403 -0,393702 1,354666 3,136160 -0,085273 0,671018 3,376917
-0,123121 -0,096511 3,310345 0,323138 1,466958 3,357017 -0,349870 1,288260 2,980062 -0,088958 0,662497 3,388885
-0,132340 -0,098159 3,335624 0,350928 1,450201 3,327209 -0,274727 1,163190 2,801653 -0,084411 0,656666 3,375783
-0,131984 -0,093613 3,322434 0,287449 1,530299 3,407116 -0,185363 1,006943 2,639506 -0,072246 0,622135 3,360735
-0,133878 -0,103831 3,329041 0,316471 1,477519 3,367648 -0,090409 0,814399 2,500991 -0,110275 0,671928 3,503502
-0,141468 -0,084617 3,329788 0,321646 1,457207 3,365140 -0,009755 0,621802 2,397657 -0,104202 0,698853 3,530846
-0,143468 -0,076342 3,319574 0,309343 1,493446 3,441343 0,041772 0,454977 2,326617 -0,090468 0,716290 3,585832
-0,146165 -0,065880 3,328626 0,298172 1,471852 3,375603 0,062039 0,311350 2,287361 -0,133026 0,718239 3,475998
-0,141662 -0,051155 3,326618 0,272286 1,491596 3,413801 0,085415 0,205709 2,271313 -0,097810 0,775476 3,386263
-0,137586 -0,065128 3,346642 0,274743 1,476441 3,379920 0,096112 0,129323 2,266096 -0,095981 0,758159 3,369671
-0,128952 -0,078296 3,338435 0,269801 1,514477 3,444791 0,104941 0,080866 2,241071 -0,103291 0,758070 3,369309
-0,122656 -0,088804 3,353724 0,229764 1,493010 3,384840 0,118947 0,061157 2,243295 -0,096841 0,779716 3,421151
-0,110540 -0,084608 3,366808 0,263334 1,577655 3,581170 0,131935 0,058552 2,242167 -0,092826 0,771237 3,381208
-0,106008 -0,084261 3,367743 0,229385 1,484547 3,353971 0,135893 0,061011 2,243702 -0,085735 0,780510 3,407874
-0,098956 -0,091453 3,362166 0,236647 1,530985 3,459849 0,136615 0,071676 2,246556 -0,097802 0,784413 3,444327
-0,094975 -0,081365 3,363519 0,179382 1,641341 3,576283 0,132849 0,081381 2,240296 -0,075237 0,788656 3,446577
-0,097900 -0,082074 3,363652 0,212915 1,564167 3,510390 0,128053 0,098388 2,257418 -0,093513 0,780941 3,377262
-0,091636 -0,069561 3,370267 0,152961 1,584792 3,432234 0,122208 0,133776 2,262872 -0,086667 0,793563 3,402645
-0,087257 -0,061874 3,354939 0,222007 1,568696 3,484790 0,111861 0,188358 2,303412 -0,094348 0,802950 3,429262
-0,085670 -0,077215 3,357107 0,199106 1,546920 3,424787 0,082193 0,269574 2,342266 -0,114161 0,729993 3,517383
-0,079199 -0,081925 3,358326 0,249468 1,681167 3,690617 0,053415 0,387021 2,420048 -0,100414 0,736749 3,572929
-0,069730 -0,094000 3,351552 0,283791 1,574568 3,496308 -0,008756 0,523523 2,502387 -0,101450 0,719122 3,600251
-0,060117 -0,110549 3,358432 0,278142 1,562180 3,422616 -0,084248 0,698362 2,591843 -0,111570 0,681407 3,557381
-0,064668 -0,103087 3,370834 0,248951 1,565619 3,465757 -0,173260 0,891864 2,689009 -0,064925 0,611795 3,383937
-0,060812 -0,096011 3,357633 0,239184 1,594387 3,444285 -0,263103 1,073990 2,795320 -0,077942 0,668429 3,401941
-0,064151 -0,092152 3,353883 0,326788 1,470004 3,389351 -0,354612 1,239316 2,916131 -0,085979 0,683805 3,427195
-0,070659 -0,089350 3,360638 0,312812 1,547559 3,535483 -0,407286 1,327933 3,037846 -0,086418 0,691023 3,427454
-0,078690 -0,094168 3,344246 0,254828 1,577790 3,510082 -0,422623 1,349411 3,117169 -0,082271 0,685120 3,414868
-0,081533 -0,095197 3,344240 0,294796 1,562558 3,539114 -0,410964 1,352764 3,176331 -0,086418 0,683767 3,427344
