30 12
-0,067508 -0,081466 3,282093 0,285321 1,492701 3,361379 -0,439368 1,382090 3,218333 -0,085266 0,685331 3,377113
-0,065770 -0,077096 3,281424 0,305447 1,461883 3,310308 -0,431414 1,329305 3,164223 -0,078365 0,690040 3,402548
-0,064466 -0,077153 3,290419 0,308934 1,465788 3,293272 -0,398777 1,214119 3,057465 -0,078805 0,689968 3,402512
-0,059100 -0,074262 3,278182 0,312762 1,496538 3,364754 -0,365126 1,067321 2,962505 -0,077918 0,690041 3,402247
-0,058783 -0,071294 3,284241 0,303364 1,454937 3,235455 -0,320214 0,890996 2,892015 -0,081168 0,676884 3,389058
-0,059223 -0,076340 3,299639 0,290828 1,520432 3,397332 -0,263877 0,690692 2,788749 -0,081612 0,676916 3,389529
-0,058876 -0,072672 3,303876 0,317445 1,486292 3,374173 -0,208342 0,519097 2,739071 -0,071068 0,692549 3,377972
-0,064044 -0,064185 3,322287 0,311481 1,496668 3,414248 -0,131144 0,378915 2,690859 -0,056919 0,715336 3,403762
-0,065626 -0,068357 3,331803 0,282840 1,517493 3,401890 -0,021780 0,263991 2,603967 -0,081220 0,745614 3,560630
-0,073700 -0,086487 3,329485 0,276082 1,479345 3,336988 0,101134 0,190053 2,531902 -0,081220 0,745614 3,560630
-0,079884 -0,079789 3,323984 0,287445 1,510882 3,394595 0,230077 0,154553 2,479370 -0,114397 0,741158 3,517741
-0,085687 -0,040845 3,332523 0,311453 1,497027 3,400384 0,337661 0,154399 2,431406 -0,088878 0,815740 3,370855
-0,087646 -0,055406 3,326763 0,263738 1,512522 3,423593 0,399367 0,169199 2,422288 -0,070651 0,832159 3,411460
-0,081663 -0,064160 3,324573 0,286724 1,509613 3,435241 0,415104 0,166943 2,403247 -0,081129 0,830843 3,373518
-0,072715 -0,055862 3,332690 0,234131 1,485180 3,330939 0,428406 0,173338 2,413023 -0,081554 0,836484 3,398528
-0,059253 -0,057735 3,316913 0,244415 1,545995 3,478779 0,442394 0,177710 2,423578 -0,085016 0,833615 3,385830
-0,055690 -0,044188 3,326425 0,201085 1,559673 3,440145 0,440236 0,188070 2,419854 -0,074839 0,852935 3,423246
-0,051649 -0,032766 3,324564 0,217221 1,555074 3,423799 0,432947 0,196762 2,448691 -0,081851 0,854334 3,397744
-0,054659 -0,034333 3,322316 0,236072 1,602103 3,562301 0,411823 0,206643 2,462176 -0,082539 0,863494 3,421984
-0,050846 -0,054712 3,312224 0,217823 1,611670 3,517743 0,380875 0,226802 2,484423 -0,089985 0,768085 3,395702
-0,051693 -0,070787 3,318061 0,181520 1,572798 3,390155 0,336800 0,265279 2,502282 -0,126543 0,713548 3,412201
-0,044109 -0,080164 3,307701 0,219290 1,522196 3,322574 0,275212 0,323895 2,527320 -0,114161 0,729993 3,517383
-0,045770 -0,080985 3,321966 0,217094 1,551767 3,371416 0,202681 0,413204 2,582196 -0,096861 0,746999 3,587172
-0,043353 -0,090781 3,313241 0,245231 1,552410 3,434670 0,121636 0,537109 2,644333 -0,083674 0,709136 3,545021
-0,043273 -0,106329 3,305268 0,274644 1,496810 3,327252 0,018339 0,691676 2,694889 -0,052952 0,660017 3,415980
-0,043599 -0,097226 3,322097 0,283829 1,500326 3,330449 -0,087455 0,863533 2,774438 -0,045344 0,587225 3,342233
-0,041493 -0,106424 3,321742 0,308432 1,520655 3,368983 -0,211545 1,035017 2,857385 -0,048099 0,646973 3,402534
-0,050922 -0,093490 3,323320 0,318483 1,469838 3,286275 -0,327633 1,160406 2,952909 -0,060025 0,677052 3,390787
-0,054166 -0,092802 3,318620 0,316720 1,477381 3,309507 -0,413061 1,281035 3,094489 -0,055769 0,681991 3,378490
-0,060389 -0,088423 3,308048 0,320575 1,511079 3,396699 -0,441154 1,341808 3,192539 -0,048893 0,690254 3,403957
