19 12
-0,071323 -0,084823 3,411687 0,351060 1,260235 3,300635 -0,415137 1,260388 3,202538 -0,019170 0,693991 3,404892
-0,068861 -0,089582 3,415257 0,352754 1,174275 3,144070 -0,373241 1,121869 3,041165 -0,018957 0,690371 3,404706
-0,069810 -0,091590 3,423623 0,320207 1,085004 3,044317 -0,348871 1,024797 2,960650 -0,003672 0,670362 3,354327
-0,066494 -0,096722 3,429866 0,180200 0,811187 2,771555 -0,301149 0,814031 2,890677 -0,012283 0,669679 3,430034
-0,075216 -0,100461 3,450066 0,135513 0,661175 2,740220 -0,197093 0,634908 2,684934 -0,012072 0,682640 3,481917
-0,070395 -0,096814 3,452589 0,122922 0,581488 2,558043 -0,231069 0,609516 2,703005 -0,020170 0,688772 3,455476
-0,057255 -0,084903 3,478729 0,189952 0,609935 2,628687 -0,349842 0,540643 2,434147 -0,015698 0,707220 3,417829
-0,063229 -0,086796 3,464836 0,287415 0,606381 2,539997 -0,452600 0,593138 2,582878 -0,018957 0,690371 3,404706
-0,065866 -0,089706 3,468580 0,291947 0,637371 2,645123 -0,414510 0,592656 2,544234 -0,033216 0,677509 3,354277
-0,070420 -0,087579 3,463694 0,138618 0,590830 2,554009 -0,247837 0,601098 2,780620 -0,033706 0,690322 3,404268
-0,074525 -0,082727 3,469285 0,112087 0,551055 2,605282 -0,207675 0,553379 2,709336 -0,037181 0,696550 3,342559
-0,073588 -0,086081 3,457981 0,187156 0,527614 2,448817 -0,293808 0,594943 2,740189 -0,015198 0,697716 3,367552
-0,070730 -0,088906 3,451942 0,409140 0,645646 2,653289 -0,474433 0,599640 2,485235 -0,012247 0,686768 3,404967
-0,070214 -0,101616 3,448545 0,508618 0,713311 2,560334 -0,649259 0,760903 2,703385 -0,022643 0,663821 3,318462
-0,068920 -0,098093 3,450232 0,542870 0,799716 2,639852 -0,669447 0,837721 2,732757 -0,019313 0,674034 3,355068
-0,066293 -0,091867 3,434539 0,612233 0,973661 2,815106 -0,633707 1,105738 3,020309 -0,018941 0,697585 3,404804
-0,064305 -0,082308 3,425876 0,536393 1,222871 3,201596 -0,515625 1,180445 2,983745 -0,026848 0,709600 3,430294
-0,063299 -0,084663 3,412143 0,480514 1,277996 3,330232 -0,451611 1,235422 3,087685 -0,034500 0,705913 3,430002
-0,069064 -0,078181 3,417091 0,337790 1,282004 3,268717 -0,368635 1,326094 3,304075 -0,033897 0,708373 3,404667
