22 12
-0,028371 -0,094550 3,297483 0,352342 1,202053 3,113762 -0,352009 1,249955 3,082985 -0,011523 0,688692 3,283219
-0,027060 -0,089987 3,299312 0,370876 1,149780 3,067527 -0,313994 1,173250 2,959838 -0,018422 0,680697 3,259395
-0,027394 -0,100673 3,292642 0,369932 1,070311 2,977651 -0,255912 1,047439 2,872393 -0,007576 0,665524 3,270885
-0,036414 -0,107515 3,329965 0,357181 0,857969 2,879269 -0,067001 0,725976 2,544395 -0,019906 0,680037 3,330492
-0,035804 -0,093213 3,326401 0,352436 0,703495 2,725649 -0,011887 0,628611 2,579193 0,000690 0,680274 3,258217
-0,038844 -0,082320 3,341828 0,338520 0,456393 2,703530 0,055102 0,486595 2,699048 -0,011461 0,740949 3,405566
-0,041520 -0,091404 3,340990 0,417801 0,366348 2,515009 0,055947 0,422776 2,687664 -0,030922 0,736106 3,417730
-0,037478 -0,082204 3,347637 0,493790 0,360546 2,525364 -0,025525 0,420566 2,715794 -0,015648 0,736221 3,418233
-0,041104 -0,095953 3,349327 0,690411 0,408370 2,866389 -0,197337 0,407356 2,439500 -0,008689 0,741223 3,443794
-0,041533 -0,086858 3,337942 0,683196 0,466720 3,028933 -0,185293 0,439312 2,439230 -0,009155 0,741080 3,443268
-0,043133 -0,090325 3,344852 0,640140 0,511174 3,134343 -0,125083 0,441579 2,436692 -0,012419 0,743766 3,456661
-0,052242 -0,083436 3,342184 0,405828 0,435426 2,859126 0,037298 0,446883 2,718914 -0,026793 0,745984 3,430820
-0,058507 -0,064409 3,374277 0,409484 0,337751 2,654202 0,116713 0,363565 2,592708 -0,011921 0,753315 3,431268
-0,064452 -0,075355 3,374702 0,447542 0,326424 2,497443 0,096456 0,364432 2,677506 -0,019174 0,754815 3,456781
-0,067902 -0,086764 3,361578 0,787822 0,413787 2,786634 -0,158250 0,333026 2,312379 -0,016113 0,736157 3,418076
-0,057547 -0,087203 3,335088 0,881644 0,427199 2,855034 -0,379816 0,440253 2,525583 -0,000980 0,719198 3,368251
-0,053702 -0,095049 3,309655 0,930664 0,475244 2,974735 -0,431934 0,493427 2,521903 0,013411 0,715604 3,368282
-0,049565 -0,098439 3,315966 0,913457 0,587839 3,014932 -0,464041 0,646622 2,557800 0,005531 0,678537 3,248514
-0,045860 -0,105609 3,299743 0,855198 0,864412 3,336971 -0,505261 0,845772 2,647491 0,002327 0,681740 3,283529
-0,040508 -0,096467 3,290967 0,766090 1,003168 3,383085 -0,496548 0,947906 2,699804 0,002126 0,692188 3,283584
-0,046661 -0,092286 3,280896 0,509691 1,100021 3,114458 -0,432862 1,188141 3,008826 -0,011943 0,693563 3,236930
-0,050779 -0,096111 3,279146 0,373882 1,289344 3,347018 -0,374081 1,240189 3,070247 -0,012165 0,706134 3,283515
