18 12
-0,090979 -0,089198 3,333356 0,348614 1,245737 3,268345 -0,431326 1,226233 3,132969 -0,055971 0,699892 3,378814
-0,101262 -0,092768 3,338771 0,353200 1,197397 3,083378 -0,407240 1,103058 2,983867 -0,052019 0,680714 3,390904
-0,107936 -0,101474 3,357956 0,288735 1,135355 3,053419 -0,387459 0,959523 2,835243 -0,047596 0,659634 3,353178
-0,106828 -0,095289 3,356970 0,052000 0,752487 2,651511 -0,366152 0,686655 2,715941 -0,048707 0,665039 3,403525
-0,100448 -0,087925 3,351786 -0,045394 0,591402 2,612692 -0,374283 0,559385 2,690690 -0,038793 0,699691 3,416539
-0,089577 -0,073924 3,365181 -0,025920 0,540476 2,395301 -0,490842 0,528101 2,737669 -0,016452 0,732933 3,495398
-0,078843 -0,082076 3,399281 0,077932 0,530191 2,469793 -0,606659 0,453657 2,570868 -0,052428 0,709474 3,391545
-0,076968 -0,084564 3,387306 0,015780 0,503569 2,590514 -0,462839 0,393067 2,419796 -0,041529 0,710710 3,379523
-0,077235 -0,087286 3,388001 -0,046629 0,459016 2,608255 -0,387054 0,399226 2,487101 -0,052678 0,721549 3,416864
-0,077468 -0,091495 3,411383 -0,061826 0,475201 2,613229 -0,376594 0,449765 2,514692 -0,026826 0,724145 3,430504
-0,066175 -0,081102 3,403579 0,037484 0,465022 2,436131 -0,529049 0,509174 2,695356 -0,048626 0,722742 3,404328
-0,069112 -0,087222 3,392764 0,067107 0,468963 2,459068 -0,577365 0,519616 2,695404 -0,037033 0,713114 3,391685
-0,066478 -0,089047 3,391786 0,178940 0,533103 2,615958 -0,583655 0,596499 2,702330 -0,026617 0,713239 3,430286
-0,077066 -0,108819 3,395623 0,232789 0,652363 2,583462 -0,604445 0,765828 2,752130 -0,037752 0,687980 3,391806
-0,082741 -0,107258 3,388180 0,267844 0,780902 2,606666 -0,595843 0,886365 2,821109 -0,038197 0,680727 3,391593
-0,083442 -0,093694 3,356331 0,391373 1,067875 2,857765 -0,541870 1,190687 3,176035 -0,048196 0,691704 3,354292
-0,091099 -0,090509 3,357732 0,344366 1,232905 3,212488 -0,453148 1,246208 3,174762 -0,030482 0,701227 3,367377
-0,090957 -0,085438 3,342447 0,318567 1,262641 3,264311 -0,424882 1,292441 3,276720 -0,045097 0,701158 3,366903
