11 12
-0,106100 -0,103513 3,393253 0,319470 1,417821 3,313930 -0,483202 1,380795 3,306371 -0,059875 0,696156 3,416084
-0,111921 -0,086456 3,390266 0,307318 1,413951 3,304053 -0,587783 1,048621 2,757824 -0,063207 0,684461 3,353656
-0,126309 -0,102819 3,427617 0,308165 1,410603 3,304702 -0,546752 0,572379 2,506155 -0,060849 0,704491 3,441705
-0,126593 -0,088265 3,409562 0,305427 1,392392 3,296906 -0,565214 0,337252 2,461381 -0,066310 0,723779 3,505861
-0,133109 -0,084719 3,405891 0,304877 1,405396 3,305247 -0,565051 0,130116 2,452536 -0,073036 0,726308 3,479995
-0,127217 -0,091097 3,397711 0,304510 1,426142 3,321789 -0,600934 0,250100 2,473787 -0,060847 0,711783 3,441817
-0,116792 -0,094796 3,389393 0,303868 1,407980 3,318614 -0,625277 0,389548 2,452161 -0,038127 0,703494 3,417148
-0,102051 -0,105863 3,417033 0,297783 1,415268 3,306556 -0,595513 0,818253 2,709109 -0,048655 0,677443 3,354184
-0,093750 -0,099259 3,395970 0,309558 1,416949 3,321072 -0,590448 1,136271 2,848157 -0,064738 0,699570 3,454329
-0,101823 -0,096308 3,394863 0,311027 1,408999 3,309859 -0,549819 1,256437 3,030495 -0,052926 0,696172 3,416500
-0,108084 -0,082765 3,371516 0,317435 1,404463 3,331882 -0,481357 1,369485 3,325475 -0,060094 0,699768 3,416229
