21 12
-0,065887 -0,064165 3,312083 0,376968 1,296311 3,151068 -0,470600 1,371459 3,269846 -0,022654 0,696606 3,342999
-0,069480 -0,064976 3,298611 0,523145 1,301080 3,285404 -0,578553 1,178776 2,987441 -0,033848 0,695330 3,354929
-0,076059 -0,060101 3,308207 0,682717 0,955777 2,779149 -0,837858 1,125139 3,270458 -0,030274 0,690536 3,367262
-0,075702 -0,064726 3,300550 0,780574 0,827352 2,746131 -0,967421 1,001359 3,239682 -0,041325 0,692811 3,379297
-0,071899 -0,068923 3,303621 1,034230 0,598008 2,992856 -1,062133 0,616781 2,837105 -0,037969 0,691550 3,391839
-0,077466 -0,078130 3,308369 1,058545 0,415915 2,987324 -1,193486 0,441504 2,986834 -0,034148 0,690328 3,404484
-0,076640 -0,082175 3,309027 1,085299 0,408801 3,011020 -1,180654 0,421754 2,932826 -0,026902 0,682104 3,379596
-0,080324 -0,077206 3,303918 1,034994 0,501119 2,951091 -1,171445 0,456502 3,041584 -0,019623 0,686750 3,404812
-0,085728 -0,074218 3,304435 1,065940 0,566776 3,018785 -1,190543 0,431101 3,019824 -0,034364 0,693910 3,404515
-0,085138 -0,072539 3,299602 1,051960 0,572722 3,005128 -1,190042 0,427105 3,000747 -0,033921 0,693940 3,404469
-0,085805 -0,079970 3,298802 1,060920 0,549229 3,011751 -1,197273 0,424282 2,995204 -0,034148 0,690328 3,404484
-0,084674 -0,069765 3,293067 1,075338 0,485687 2,970563 -1,193277 0,433952 3,008259 -0,041768 0,692744 3,379192
-0,086665 -0,074074 3,282420 1,079003 0,487787 3,002600 -1,196956 0,461736 3,020627 -0,034307 0,681031 3,354634
-0,086659 -0,077452 3,289984 1,059482 0,514127 2,980984 -1,191795 0,530849 3,050605 -0,044895 0,683329 3,366681
-0,086267 -0,077731 3,278813 1,056428 0,624476 3,008654 -1,113883 0,670470 2,972260 -0,052414 0,686831 3,366437
-0,084761 -0,084156 3,288659 1,027124 0,715761 3,046875 -1,052097 0,762277 2,892054 -0,055978 0,692726 3,378718
-0,082773 -0,078783 3,286626 0,832741 0,844966 2,850088 -0,968699 1,098407 3,242123 -0,055741 0,703483 3,378775
-0,089399 -0,083382 3,295072 0,721933 1,153633 3,239434 -0,678691 1,142260 2,953884 -0,063203 0,691576 3,353747
-0,091947 -0,078285 3,299230 0,637534 1,254875 3,300886 -0,580091 1,214023 3,029487 -0,062970 0,702279 3,353873
-0,109269 -0,086280 3,284420 0,426795 1,217126 3,086947 -0,441025 1,365521 3,349244 -0,055697 0,695211 3,354112
-0,119940 -0,071847 3,315950 0,329058 1,309945 3,251127 -0,422402 1,345340 3,268195 -0,044663 0,700055 3,342411
