11 12
-0,110717 -0,099947 3,404341 0,309018 1,409224 3,300276 -0,540052 1,194679 3,022166 -0,059572 0,691455 3,390888
-0,121097 -0,104049 3,397559 0,301503 1,408823 3,294012 -0,598695 0,697553 2,508446 -0,037976 0,684362 3,391740
-0,127001 -0,094862 3,419019 0,299674 1,405995 3,296231 -0,546055 0,266129 2,403666 -0,069540 0,723608 3,466316
-0,132990 -0,098398 3,418974 0,297287 1,412884 3,296290 -0,544148 0,154222 2,410604 -0,077219 0,724994 3,492585
-0,126106 -0,095334 3,415515 0,301205 1,404379 3,295945 -0,555416 0,129741 2,405977 -0,073658 0,734979 3,506160
-0,107928 -0,092224 3,383925 0,297575 1,420332 3,314685 -0,577823 0,358921 2,415631 -0,034356 0,701126 3,404616
-0,097878 -0,108524 3,392951 0,301069 1,411443 3,314620 -0,590625 0,534085 2,472077 -0,033706 0,690322 3,404268
-0,091130 -0,093073 3,386343 0,305557 1,410701 3,334429 -0,550701 0,979318 2,802197 -0,055554 0,678403 3,378275
-0,096717 -0,097206 3,383566 0,313691 1,410268 3,324890 -0,547217 1,231205 3,016869 -0,063407 0,693772 3,403267
-0,103214 -0,094037 3,371954 0,314179 1,412389 3,317368 -0,515501 1,313950 3,193569 -0,067361 0,691367 3,390641
-0,116430 -0,087853 3,351252 0,318362 1,403018 3,320729 -0,499998 1,343890 3,283782 -0,067357 0,698556 3,390741
