12 12
-0,118539 -0,102131 3,380758 0,314137 1,412534 3,317816 -0,559976 1,310741 3,218375 -0,067142 0,687801 3,390579
-0,121693 -0,094103 3,395945 0,308313 1,420957 3,310301 -0,574851 1,151688 2,988016 -0,062547 0,680931 3,353341
-0,130185 -0,095012 3,398962 0,297456 1,404843 3,277092 -0,628534 0,638645 2,476894 -0,052414 0,686831 3,366437
-0,142223 -0,097065 3,415085 0,300248 1,429363 3,284837 -0,585862 0,251285 2,371114 -0,077016 0,716199 3,465850
-0,138520 -0,095492 3,410450 0,296092 1,410813 3,280539 -0,574393 0,142401 2,355483 -0,061736 0,718710 3,440738
-0,130331 -0,091462 3,411100 0,299935 1,410603 3,299904 -0,556979 0,093916 2,378767 -0,064962 0,718593 3,402519
-0,115378 -0,099919 3,384846 0,298518 1,419816 3,300202 -0,580434 0,306710 2,385144 -0,050250 0,714159 3,454736
-0,108654 -0,109632 3,386320 0,300739 1,416602 3,296809 -0,590422 0,465194 2,417642 -0,019288 0,688263 3,355243
-0,098387 -0,097959 3,386351 0,302169 1,420945 3,301977 -0,566879 0,890405 2,697378 -0,048648 0,684556 3,354275
-0,092296 -0,102320 3,364551 0,306480 1,403605 3,290042 -0,575551 1,160822 2,902368 -0,048642 0,691672 3,354364
-0,100355 -0,097689 3,369966 0,313884 1,414615 3,301704 -0,534713 1,267668 3,059903 -0,056477 0,701004 3,403804
-0,110443 -0,095349 3,322995 0,320479 1,409629 3,311467 -0,477547 1,355166 3,333953 -0,055697 0,695211 3,354112
