14 12
-0,111084 -0,081271 3,343038 0,615011 1,353731 3,359465 -0,505976 1,433674 3,242836 -0,092076 0,694903 3,352178
-0,116932 -0,090404 3,352754 0,616101 1,358158 3,359693 -0,494380 1,404463 3,168608 -0,089385 0,698360 3,389538
-0,130805 -0,091234 3,394289 0,622495 1,349909 3,372266 -0,274055 1,121094 2,674802 -0,083936 0,670827 3,375004
-0,139224 -0,100200 3,409593 0,621224 1,366553 3,390306 -0,171471 0,933800 2,445224 -0,096907 0,686000 3,438756
-0,160046 -0,090975 3,368591 0,606931 1,347650 3,364335 -0,033401 0,525359 2,559164 -0,087907 0,732856 3,532672
-0,171070 -0,090091 3,381260 0,604477 1,339048 3,351941 0,048127 0,222788 2,479391 -0,110528 0,749737 3,504924
-0,169274 -0,092065 3,373247 0,610902 1,340974 3,372368 0,050794 0,183846 2,482921 -0,102623 0,748280 3,479024
-0,158532 -0,087838 3,380000 0,613485 1,340665 3,363373 0,029466 0,254152 2,433637 -0,095973 0,747703 3,532644
-0,143820 -0,092764 3,359033 0,606494 1,356783 3,379209 -0,048225 0,505235 2,520885 -0,090874 0,720148 3,466272
-0,131010 -0,105981 3,357100 0,599273 1,360931 3,372622 -0,104289 0,677705 2,584276 -0,087197 0,701779 3,505195
-0,109844 -0,102810 3,390577 0,606610 1,386377 3,401205 -0,189097 0,991338 2,614067 -0,079646 0,651159 3,384449
-0,089467 -0,101834 3,366388 0,603015 1,361726 3,382052 -0,426491 1,331410 3,053707 -0,077759 0,684344 3,352924
-0,083704 -0,097940 3,354870 0,606068 1,365282 3,382711 -0,485243 1,408013 3,177504 -0,077978 0,687856 3,352911
-0,078218 -0,099911 3,365904 0,617354 1,368090 3,408016 -0,516261 1,428832 3,297326 -0,077756 0,691458 3,353014
