30 12
-0,107905 -0,079886 3,314911 0,324470 1,309042 3,211278 -0,438317 1,286147 3,179937 -0,066453 0,685725 3,341295
-0,106142 -0,086137 3,335221 0,315917 1,267669 3,141608 -0,413600 1,203975 3,096447 -0,066792 0,690325 3,365820
-0,112326 -0,088857 3,349892 0,290606 1,204373 3,086723 -0,370372 1,104748 3,008436 -0,066465 0,671550 3,341119
-0,108101 -0,093684 3,347080 0,248158 1,131556 3,021199 -0,312436 0,989712 2,944424 -0,065400 0,653738 3,339644
-0,109872 -0,101004 3,332077 0,192792 1,044458 2,948014 -0,253126 0,880078 2,882876 -0,079012 0,657490 3,401897
-0,113519 -0,101415 3,347270 0,141392 0,920372 2,915736 -0,196151 0,798315 2,875617 -0,059740 0,651127 3,365659
-0,110227 -0,099474 3,350318 0,087689 0,849719 2,882196 -0,134477 0,763037 2,899072 -0,064530 0,674039 3,454008
-0,106423 -0,101327 3,358028 0,045885 0,770696 2,825405 -0,087196 0,753606 2,904215 -0,076132 0,679892 3,466412
-0,104916 -0,116791 3,357963 0,054816 0,770293 2,826173 -0,093063 0,728205 2,889802 -0,064743 0,670343 3,453871
-0,100668 -0,104360 3,372928 0,074159 0,753860 2,842458 -0,106989 0,705398 2,887550 -0,069019 0,684669 3,493026
-0,098233 -0,105687 3,363598 0,076309 0,748579 2,848839 -0,129593 0,678206 2,897268 -0,060954 0,683716 3,467281
-0,098930 -0,105537 3,362045 0,072053 0,752741 2,860125 -0,124502 0,685420 2,891085 -0,072587 0,682273 3,479677
-0,098566 -0,108017 3,367211 0,056410 0,750683 2,834477 -0,079437 0,717644 2,877242 -0,053208 0,671806 3,441610
-0,096134 -0,110141 3,371984 0,063913 0,774784 2,832768 -0,074391 0,722741 2,865443 -0,063887 0,670416 3,453658
-0,096581 -0,106745 3,364091 0,073876 0,779703 2,831995 -0,091207 0,717810 2,874310 -0,072587 0,682273 3,479677
-0,096254 -0,097844 3,359657 0,059331 0,778936 2,827233 -0,114750 0,698994 2,875043 -0,068652 0,687282 3,466908
-0,095446 -0,104594 3,378130 0,066751 0,758795 2,821872 -0,104366 0,704303 2,863319 -0,050102 0,683519 3,507142
-0,094367 -0,102990 3,366770 0,044013 0,777175 2,839539 -0,069863 0,721037 2,905284 -0,064307 0,685022 3,454168
-0,096319 -0,102173 3,368364 0,052221 0,774120 2,831576 -0,077821 0,725652 2,893527 -0,056995 0,673076 3,428616
-0,093488 -0,097722 3,358539 0,040385 0,795980 2,781050 -0,101322 0,734027 2,878419 -0,065082 0,682330 3,480042
-0,092952 -0,102934 3,365040 0,070569 0,783578 2,842874 -0,152120 0,742508 2,870111 -0,064526 0,681342 3,454121
-0,094053 -0,107662 3,360404 0,104638 0,796650 2,876276 -0,200530 0,781463 2,866258 -0,064530 0,674039 3,454008
-0,085583 -0,100105 3,348618 0,151318 0,834044 2,884070 -0,263262 0,854428 2,877810 -0,060120 0,670835 3,415812
-0,089243 -0,105245 3,347973 0,204632 0,900358 2,895805 -0,329939 0,960540 2,906597 -0,063662 0,654141 3,402803
-0,082317 -0,096341 3,355450 0,253567 0,982531 2,895687 -0,390278 1,084076 2,959666 -0,074323 0,665272 3,365133
-0,082405 -0,089264 3,353839 0,311051 1,068676 2,924841 -0,440271 1,181692 3,046820 -0,077945 0,692558 3,377630
-0,080062 -0,084565 3,350122 0,345921 1,156640 2,982178 -0,468200 1,260338 3,144182 -0,077526 0,702160 3,353129
-0,077712 -0,085948 3,347806 0,358751 1,221260 3,091537 -0,464839 1,293814 3,205872 -0,063198 0,698694 3,353838
-0,078102 -0,087310 3,345406 0,338322 1,268878 3,199903 -0,439270 1,319903 3,272479 -0,066557 0,701044 3,365865
-0,079218 -0,095013 3,334303 0,279645 1,285250 3,280328 -0,425886 1,315232 3,283611 -0,066447 0,692816 3,341383
