21 12
-0,147708 -0,072046 3,251833 0,326079 1,419211 3,210026 -0,370941 1,341514 2,946844 -0,076110 0,684872 3,280863
-0,147929 -0,076253 3,265049 0,327348 1,405723 3,192269 -0,377679 1,253110 2,807962 -0,083475 0,688284 3,280596
-0,158382 -0,072090 3,259219 0,337143 1,413453 3,202555 -0,436664 1,020104 2,491836 -0,072500 0,683649 3,292668
-0,167708 -0,070023 3,272394 0,339677 1,393873 3,190090 -0,427589 0,774964 2,380149 -0,080298 0,674955 3,339835
-0,180062 -0,070694 3,263878 0,341580 1,400494 3,184726 -0,433806 0,647009 2,330196 -0,072291 0,673136 3,292303
-0,185924 -0,055479 3,251685 0,344855 1,382692 3,189619 -0,433102 0,412006 2,289057 -0,085484 0,703210 3,377387
-0,187888 -0,060167 3,218682 0,345626 1,388196 3,189450 -0,423808 0,257347 2,393473 -0,056003 0,691708 3,281322
-0,184010 -0,046157 3,243967 0,352163 1,391377 3,193463 -0,416399 0,246875 2,467704 -0,052550 0,701010 3,293356
-0,181595 -0,045269 3,232285 0,359950 1,403949 3,214487 -0,391958 0,261258 2,547679 -0,059499 0,697552 3,293346
-0,181936 -0,054575 3,248591 0,367614 1,394276 3,220065 -0,362754 0,263844 2,471103 -0,069635 0,688340 3,281325
-0,185167 -0,047227 3,248656 0,370416 1,396142 3,217166 -0,388655 0,295160 2,434313 -0,059562 0,705776 3,317507
-0,182794 -0,052506 3,263949 0,382277 1,400340 3,225509 -0,404994 0,268840 2,398161 -0,092969 0,701803 3,351934
-0,176746 -0,047715 3,261670 0,388945 1,395234 3,216534 -0,424887 0,279123 2,488353 -0,070520 0,694976 3,280395
-0,173487 -0,042758 3,260084 0,385862 1,395710 3,206175 -0,419901 0,291817 2,500666 -0,070520 0,694976 3,280395
-0,176446 -0,051066 3,266027 0,377681 1,380952 3,187283 -0,413706 0,373418 2,511614 -0,069635 0,688340 3,281325
-0,168959 -0,056480 3,267494 0,374896 1,387303 3,186709 -0,400941 0,558862 2,448045 -0,084360 0,683294 3,328180
-0,160438 -0,063118 3,271832 0,366502 1,394888 3,191412 -0,413615 0,711648 2,453660 -0,075194 0,661055 3,302041
-0,149905 -0,071116 3,284617 0,360211 1,389694 3,184140 -0,374920 1,060928 2,658230 -0,065222 0,681121 3,316264
-0,145389 -0,065827 3,282331 0,358358 1,392684 3,226688 -0,415845 1,286784 2,857459 -0,072490 0,690645 3,292744
-0,141134 -0,070709 3,272023 0,356491 1,410838 3,234108 -0,406234 1,348958 2,969776 -0,076724 0,692892 3,304722
-0,143231 -0,069364 3,263850 0,357757 1,408409 3,259526 -0,367270 1,413331 3,179205 -0,076724 0,692892 3,304722
