14 12
-0,067312 -0,090202 3,352081 0,332414 1,395015 3,294710 -0,425945 1,405366 3,208806 -0,062977 0,695160 3,353783
-0,067375 -0,089128 3,367178 0,333151 1,393314 3,299319 -0,462207 1,354735 3,138043 -0,062756 0,691610 3,353647
-0,077062 -0,093531 3,385462 0,334400 1,396803 3,297091 -0,479316 1,228692 2,955909 -0,047982 0,680043 3,329839
-0,081054 -0,083817 3,369145 0,331398 1,409073 3,311126 -0,478575 1,020741 2,713063 -0,040746 0,680081 3,330116
-0,095868 -0,102343 3,366151 0,328577 1,407736 3,309951 -0,481595 0,714937 2,523867 -0,040559 0,662416 3,329761
-0,103368 -0,094578 3,352162 0,328801 1,410244 3,311063 -0,481980 0,418949 2,460812 -0,057645 0,705502 3,428334
-0,108349 -0,098536 3,358244 0,328401 1,392017 3,301337 -0,499628 0,213358 2,454022 -0,050949 0,733623 3,480245
-0,108693 -0,096602 3,348406 0,329663 1,414067 3,308307 -0,501413 0,166333 2,446251 -0,054781 0,719906 3,466319
-0,105692 -0,090042 3,362482 0,329531 1,416118 3,295176 -0,514416 0,238671 2,439266 -0,050251 0,721480 3,454851
-0,097723 -0,090381 3,358701 0,331917 1,415667 3,324460 -0,525159 0,408761 2,460943 -0,046627 0,707988 3,441547
-0,084008 -0,100760 3,361506 0,329722 1,419156 3,312041 -0,544425 0,626023 2,493069 -0,015459 0,679878 3,367456
-0,066728 -0,094724 3,340578 0,325908 1,405837 3,308270 -0,556160 0,941523 2,545521 -0,038076 0,704691 3,442669
-0,066904 -0,098976 3,361928 0,322561 1,405993 3,292696 -0,533580 1,107632 2,724480 -0,033921 0,693940 3,404469
-0,076610 -0,094814 3,331429 0,332724 1,403219 3,306731 -0,423020 1,408202 3,281363 -0,055971 0,699892 3,378814
