20 12
-0,107261 -0,120934 3,354876 0,291294 1,380786 3,237445 -0,415357 1,319101 3,131896 -0,076765 0,636798 3,304077
-0,110138 -0,118309 3,357354 0,290914 1,393317 3,255613 -0,407723 1,255423 3,005589 -0,087548 0,642335 3,315342
-0,110730 -0,121860 3,353297 0,286763 1,389458 3,250131 -0,385829 1,124237 2,840478 -0,087802 0,643069 3,339262
-0,113153 -0,119187 3,352289 0,289634 1,382300 3,240401 -0,350485 0,955062 2,686421 -0,076733 0,631070 3,351330
-0,123641 -0,125084 3,370890 0,281615 1,394242 3,238545 -0,310798 0,743983 2,573609 -0,084663 0,631714 3,375807
-0,129069 -0,118253 3,379230 0,287374 1,394086 3,262549 -0,273337 0,526558 2,479501 -0,069729 0,637564 3,328328
-0,135216 -0,119148 3,370458 0,278176 1,397863 3,253817 -0,241052 0,349706 2,420103 -0,075920 0,668949 3,466303
-0,142659 -0,109398 3,377226 0,282647 1,404830 3,267025 -0,223596 0,238020 2,369859 -0,087108 0,677459 3,452809
-0,142062 -0,113842 3,372079 0,281270 1,401547 3,260803 -0,213691 0,174538 2,331417 -0,080731 0,699560 3,398328
-0,135795 -0,118254 3,360187 0,286586 1,389308 3,267795 -0,207146 0,154024 2,313669 -0,079683 0,686870 3,349526
-0,132375 -0,107385 3,357834 0,283404 1,401628 3,273840 -0,223903 0,180771 2,331463 -0,103971 0,706958 3,419579
-0,125107 -0,113880 3,369281 0,283955 1,409019 3,281011 -0,242423 0,249524 2,342241 -0,090871 0,676140 3,465556
-0,113093 -0,113261 3,355246 0,284861 1,402063 3,265866 -0,257424 0,363710 2,358203 -0,075920 0,668949 3,466303
-0,105900 -0,125612 3,361783 0,284821 1,407033 3,271842 -0,285597 0,522549 2,397275 -0,078378 0,655649 3,451956
-0,098723 -0,124411 3,357548 0,284767 1,403836 3,262903 -0,308525 0,717235 2,468751 -0,067218 0,587278 3,363848
-0,088427 -0,115874 3,356471 0,288608 1,401790 3,261434 -0,355293 0,931466 2,600132 -0,066220 0,629737 3,364508
-0,083903 -0,114719 3,335771 0,290758 1,408782 3,271643 -0,413867 1,131917 2,741010 -0,073742 0,636109 3,340305
-0,081557 -0,113890 3,355353 0,287591 1,387277 3,255867 -0,458487 1,275902 2,922821 -0,077138 0,645307 3,352115
-0,085643 -0,112119 3,331536 0,287322 1,405026 3,259475 -0,465386 1,354425 3,075519 -0,077348 0,648859 3,352342
-0,089658 -0,104632 3,329021 0,293073 1,403453 3,257250 -0,441234 1,363305 3,171966 -0,091329 0,640142 3,303299
