10 12
-0,074570 -0,095378 3,399981 0,445295 1,413708 3,408565 -0,406387 1,261644 3,097705 -0,049117 0,686623 3,403902
-0,079782 -0,093697 3,409418 0,444993 1,420309 3,398664 -0,436393 0,900888 2,634156 -0,041506 0,684120 3,429378
-0,097487 -0,086242 3,447158 0,457557 1,399652 3,345026 -0,276691 0,409135 2,332729 -0,066582 0,734246 3,560680
-0,104882 -0,091718 3,440281 0,456632 1,375484 3,329116 -0,248778 0,269059 2,324863 -0,050062 0,770062 3,481579
-0,104048 -0,100589 3,429439 0,460726 1,373709 3,311464 -0,254949 0,187878 2,311658 -0,031174 0,760147 3,468640
-0,083467 -0,102076 3,401623 0,459234 1,378137 3,286890 -0,361229 0,371616 2,425135 -0,035467 0,711813 3,481182
-0,065188 -0,107391 3,386885 0,453714 1,363036 3,280235 -0,401304 0,558789 2,471494 -0,014953 0,680190 3,468017
-0,051348 -0,107238 3,410433 0,460179 1,384741 3,314852 -0,412866 1,023107 2,767473 -0,026248 0,676882 3,429384
-0,047536 -0,087506 3,386785 0,445735 1,411816 3,391849 -0,466716 1,274251 3,051072 -0,045319 0,691512 3,391582
-0,055007 -0,090688 3,381274 0,439488 1,433045 3,419623 -0,439498 1,340405 3,215987 -0,048885 0,697467 3,404058
