19 12
0,003119 -0,104315 3,267579 0,334143 1,283758 3,185371 -0,364126 1,285461 3,185644 0,002470 0,650376 3,283189
-0,004919 -0,105850 3,266094 0,329311 1,284503 3,165552 -0,367232 1,266713 3,144358 0,005992 0,648255 3,271490
-0,028247 -0,101576 3,253512 0,210018 1,163401 2,904715 -0,388005 1,240623 3,024520 -0,004945 0,642675 3,259673
-0,045988 -0,098239 3,292553 0,085538 1,090283 2,982135 -0,323660 1,117181 2,855278 -0,008129 0,611140 3,318092
-0,047784 -0,105719 3,301739 -0,020410 1,011495 2,986049 -0,302355 1,036205 2,800756 -0,014688 0,568924 3,316199
-0,058674 -0,117958 3,283226 -0,194083 0,874723 2,825919 -0,269784 0,941653 2,673807 0,004582 0,563539 3,372917
-0,065110 -0,117409 3,307616 -0,188030 0,810103 2,792232 -0,367184 0,928533 2,785366 -0,005140 0,622564 3,429356
-0,072679 -0,118327 3,313561 -0,182292 0,786707 2,782913 -0,373858 0,916741 2,784071 -0,030198 0,608609 3,366163
-0,077152 -0,115123 3,298173 -0,236528 0,807070 2,854002 -0,338245 0,899608 2,763120 -0,011581 0,611742 3,428859
-0,080125 -0,110592 3,299399 -0,227700 0,805370 2,826722 -0,352704 0,898942 2,765011 -0,004105 0,623220 3,454784
-0,082691 -0,118086 3,305880 -0,243087 0,818644 2,878413 -0,351158 0,892487 2,733161 -0,026405 0,607091 3,378453
-0,081355 -0,118180 3,316199 -0,252384 0,812865 2,850796 -0,356182 0,877554 2,730798 -0,008450 0,617489 3,442163
-0,082062 -0,112500 3,301298 -0,244242 0,815489 2,828317 -0,377144 0,895211 2,765763 -0,019517 0,618392 3,403913
-0,084874 -0,119621 3,295766 -0,211361 0,809851 2,791673 -0,395868 0,904700 2,790853 -0,026596 0,610663 3,378636
-0,082764 -0,123954 3,295729 -0,124916 0,876803 2,871467 -0,433434 0,960126 2,815791 -0,050517 0,548833 3,347993
-0,080185 -0,105738 3,285655 0,046662 0,930936 2,647770 -0,479859 1,095814 2,944668 -0,042823 0,586614 3,277172
-0,078064 -0,105171 3,281146 0,136318 1,016169 2,711447 -0,456257 1,128214 2,986321 -0,031633 0,613427 3,291603
-0,077000 -0,098710 3,261812 0,296732 1,244645 3,084254 -0,379843 1,258387 3,277531 -0,022671 0,649752 3,318304
-0,066839 -0,102033 3,225764 0,289757 1,232925 3,157013 -0,388002 1,218769 3,221640 -0,022451 0,653259 3,318214
