26 12
-0,016741 -0,169744 3,360180 0,392110 1,267020 3,225049 -0,341669 1,404150 3,334837 -0,015578 0,592515 3,467219
-0,016989 -0,183309 3,365519 0,485935 1,273690 3,285574 -0,341362 1,404242 3,335661 -0,023566 0,577567 3,441204
-0,018869 -0,181505 3,367051 0,537854 1,164113 3,020343 -0,343611 1,403351 3,338646 -0,019441 0,582866 3,428616
-0,017643 -0,174472 3,363617 0,527209 1,110871 3,003862 -0,339882 1,401301 3,330265 -0,026954 0,579569 3,453936
-0,011667 -0,181832 3,358243 0,345906 0,875271 2,751437 -0,337673 1,402796 3,332515 -0,023943 0,570231 3,440765
-0,013990 -0,186093 3,363321 0,201017 0,800718 2,997693 -0,335731 1,396137 3,323400 -0,024657 0,540942 3,438620
-0,012437 -0,195921 3,368459 0,096362 0,748314 3,040820 -0,335973 1,399824 3,331283 -0,024115 0,541450 3,492120
-0,013845 -0,189395 3,367987 -0,018883 0,651452 2,978827 -0,332771 1,411375 3,334266 -0,016085 0,556421 3,519385
-0,014782 -0,193336 3,364825 -0,008776 0,649312 3,000711 -0,337212 1,402866 3,335871 -0,019831 0,561843 3,506113
-0,018579 -0,195327 3,370271 0,025744 0,652243 2,896312 -0,335054 1,410170 3,347798 -0,027384 0,554469 3,505783
-0,018117 -0,197734 3,361902 0,149396 0,734890 2,993058 -0,339907 1,404561 3,349454 -0,020375 0,558041 3,505656
-0,022523 -0,192998 3,364728 0,269117 0,709299 2,762258 -0,345818 1,397573 3,344055 -0,020974 0,542800 3,451521
-0,024792 -0,189717 3,369272 0,312734 0,726437 2,813665 -0,346758 1,403046 3,343778 -0,028247 0,553765 3,452090
-0,025178 -0,185007 3,360309 0,294387 0,719877 2,806946 -0,346632 1,398296 3,338339 -0,031855 0,559391 3,465452
-0,021371 -0,188438 3,355814 0,187646 0,737876 2,973282 -0,342460 1,407191 3,343382 -0,020855 0,557597 3,478194
-0,019641 -0,192432 3,349396 0,097322 0,717917 3,017887 -0,342702 1,412641 3,351071 -0,024015 0,548957 3,518899
-0,018050 -0,195758 3,355874 -0,012346 0,638591 2,954518 -0,340737 1,408434 3,336265 -0,027384 0,554469 3,505783
-0,020412 -0,195107 3,363317 -0,015087 0,634860 2,967853 -0,343160 1,408830 3,342689 -0,016057 0,552580 3,492877
-0,019602 -0,194023 3,362910 0,052078 0,637663 2,854397 -0,337720 1,403190 3,329973 -0,024107 0,556105 3,492360
-0,020874 -0,189872 3,349735 0,210135 0,767510 2,982189 -0,341331 1,407676 3,346666 -0,028517 0,546505 3,477276
-0,026683 -0,187202 3,361556 0,358096 0,872864 2,741336 -0,340500 1,402501 3,336747 -0,027791 0,564607 3,427561
-0,029985 -0,175693 3,367325 0,418395 0,959048 2,844106 -0,340865 1,399428 3,333067 -0,023448 0,585203 3,467105
-0,028113 -0,178061 3,370386 0,500701 1,132576 3,002924 -0,342436 1,404720 3,331002 -0,027137 0,583191 3,454048
-0,027993 -0,175995 3,349347 0,461366 1,237100 3,217884 -0,344945 1,401787 3,332241 -0,023374 0,581213 3,441291
-0,029512 -0,168284 3,356877 0,435741 1,278273 3,267276 -0,344642 1,394691 3,327784 -0,023374 0,581213 3,441291
-0,022198 -0,178321 3,341900 0,379437 1,274998 3,229343 -0,339435 1,406639 3,336471 -0,027137 0,583191 3,454048
