30 12
-0,093795 -0,175790 3,278860 0,359159 1,253067 3,162650 -0,466973 1,367330 3,345479 -0,096842 0,616444 3,412818
-0,093980 -0,180617 3,274682 0,390979 1,192092 3,090848 -0,468900 1,372233 3,358789 -0,097245 0,616395 3,412974
-0,090007 -0,180171 3,275402 0,390642 1,003619 2,978959 -0,465590 1,373065 3,354134 -0,096910 0,608621 3,387759
-0,090111 -0,178869 3,286769 0,368123 0,670104 2,887586 -0,469320 1,382804 3,357585 -0,101598 0,611116 3,425120
-0,089572 -0,180881 3,282340 0,309724 0,518563 2,888958 -0,469692 1,381041 3,362014 -0,101406 0,614793 3,425310
-0,091003 -0,167101 3,283451 0,234965 0,263297 2,884757 -0,472434 1,385099 3,361140 -0,106492 0,646393 3,397979
-0,093501 -0,168203 3,309028 0,194080 0,190392 2,963433 -0,473714 1,375753 3,357330 -0,122756 0,636335 3,423606
-0,097323 -0,157809 3,310016 0,174977 0,182473 2,930020 -0,473254 1,387843 3,365690 -0,126300 0,637735 3,410909
-0,106902 -0,176174 3,308155 0,115891 0,160260 2,752145 -0,474766 1,394597 3,365015 -0,121842 0,642792 3,398177
-0,106554 -0,171558 3,320967 0,129283 0,200965 2,549334 -0,473110 1,384691 3,358083 -0,118271 0,626373 3,386300
-0,111288 -0,178321 3,325901 0,115825 0,252301 2,483044 -0,475443 1,379776 3,354765 -0,119787 0,645166 3,369762
-0,108549 -0,176765 3,313965 0,095971 0,283679 2,413677 -0,474917 1,371776 3,346569 -0,129249 0,643305 3,421258
-0,114692 -0,178364 3,327565 0,087108 0,240564 2,498023 -0,482395 1,381230 3,348840 -0,124259 0,640355 3,383272
-0,113971 -0,179286 3,324548 0,089221 0,220230 2,546164 -0,483394 1,379277 3,351652 -0,117834 0,648462 3,409668
-0,115911 -0,182919 3,301109 0,123174 0,201918 2,714759 -0,482911 1,379091 3,367265 -0,129241 0,650532 3,421365
-0,118930 -0,176162 3,315978 0,113154 0,217460 2,801365 -0,488864 1,384198 3,365410 -0,138318 0,655064 3,448157
-0,116999 -0,175405 3,305373 0,118808 0,205851 2,839387 -0,491152 1,388671 3,379381 -0,138097 0,651405 3,447755
-0,121917 -0,184400 3,320714 0,120463 0,204169 2,796342 -0,506143 1,379828 3,360875 -0,128174 0,639145 3,462260
-0,114234 -0,184001 3,310651 0,117672 0,230569 2,692314 -0,512315 1,390496 3,357004 -0,129241 0,650532 3,421365
-0,114139 -0,174473 3,333253 0,112021 0,261620 2,587564 -0,513861 1,372521 3,343704 -0,117399 0,640588 3,385103
-0,105934 -0,189233 3,334970 0,075672 0,349213 2,468312 -0,515063 1,372048 3,326471 -0,122063 0,624859 3,398233
-0,103814 -0,183953 3,352276 0,096996 0,380838 2,416070 -0,510859 1,363864 3,320519 -0,126502 0,619711 3,410789
-0,103811 -0,185312 3,348045 0,095052 0,374529 2,444297 -0,510729 1,356063 3,315860 -0,125789 0,615540 3,385699
-0,108768 -0,185922 3,336330 0,182000 0,368600 2,588965 -0,506769 1,368222 3,338495 -0,122064 0,617684 3,398131
-0,120373 -0,189438 3,327858 0,292949 0,440671 2,530559 -0,503903 1,373799 3,337988 -0,122064 0,617684 3,398131
-0,126695 -0,182325 3,330523 0,382181 0,530646 2,583493 -0,504026 1,377020 3,348902 -0,107593 0,614255 3,399443
-0,133647 -0,180565 3,322246 0,572439 0,768329 2,867904 -0,505920 1,376739 3,374083 -0,115582 0,618352 3,424155
-0,133749 -0,188052 3,296099 0,590744 1,035259 3,093978 -0,506915 1,383302 3,389649 -0,107993 0,607029 3,399512
-0,131681 -0,177748 3,294161 0,577881 1,174476 3,272752 -0,505840 1,382420 3,384620 -0,107795 0,610650 3,399521
-0,129937 -0,172798 3,303186 0,444417 1,215799 3,172387 -0,505762 1,384525 3,395983 -0,097245 0,616395 3,412974
