20 12
-0,030092 -0,164239 3,367779 0,324317 1,256255 3,278573 -0,373315 1,382441 3,336813 -0,041798 0,622524 3,428555
-0,030728 -0,164089 3,356742 0,374186 1,074240 3,025183 -0,370634 1,391896 3,337910 -0,038138 0,632625 3,467308
-0,030387 -0,164524 3,361349 0,353363 0,899972 2,962905 -0,375700 1,406883 3,359730 -0,042001 0,618881 3,428486
-0,023349 -0,166401 3,370922 0,273289 0,544704 2,892354 -0,374406 1,396693 3,335922 -0,049237 0,630406 3,453907
-0,026696 -0,154953 3,382483 0,244631 0,277570 2,882046 -0,375866 1,392518 3,337509 -0,049228 0,637692 3,454019
-0,030376 -0,150969 3,404709 0,235485 0,217437 2,888990 -0,375754 1,388363 3,330878 -0,055084 0,654728 3,426006
-0,028221 -0,169025 3,402763 0,183749 0,190760 2,681604 -0,372761 1,398436 3,349172 -0,055105 0,647491 3,425902
-0,030212 -0,162748 3,423010 0,185106 0,227721 2,600323 -0,369576 1,392684 3,345080 -0,066608 0,673094 3,488686
-0,034036 -0,165620 3,414009 0,170760 0,206997 2,634387 -0,371666 1,406595 3,361666 -0,066506 0,657638 3,463196
-0,039086 -0,162869 3,400500 0,172414 0,189195 2,727949 -0,376732 1,386127 3,342974 -0,063504 0,641180 3,452576
-0,035739 -0,160369 3,380548 0,152425 0,175901 2,791716 -0,383132 1,384496 3,351711 -0,060043 0,639076 3,440517
-0,039619 -0,159663 3,374652 0,155525 0,181506 2,761124 -0,378887 1,391515 3,354129 -0,060138 0,647104 3,466145
-0,030513 -0,162898 3,407847 0,131530 0,206091 2,582613 -0,373440 1,403759 3,359821 -0,068082 0,682914 3,441552
-0,024809 -0,160793 3,419882 0,145020 0,278195 2,544727 -0,369420 1,402687 3,341777 -0,065188 0,679235 3,481913
-0,027450 -0,167913 3,431935 0,142628 0,283935 2,549552 -0,368921 1,398142 3,338742 -0,065550 0,671615 3,459633
-0,033727 -0,165315 3,401842 0,231779 0,410790 2,722197 -0,375813 1,391890 3,337098 -0,067690 0,628144 3,440161
-0,036421 -0,172761 3,409146 0,297472 0,643681 2,708292 -0,380584 1,400790 3,353679 -0,071820 0,607820 3,426949
-0,043041 -0,173405 3,402916 0,348248 0,797182 2,774367 -0,378276 1,404939 3,344321 -0,052584 0,616767 3,415281
-0,042105 -0,176515 3,402921 0,443916 1,105609 3,064434 -0,379001 1,399471 3,350236 -0,049246 0,623123 3,453796
-0,036153 -0,164263 3,379057 0,384296 1,293085 3,363880 -0,374636 1,397757 3,332149 -0,056406 0,626076 3,427918
