19 12
-0,025821 -0,178571 3,344057 0,420375 1,265934 3,205059 -0,344840 1,421338 3,317565 -0,004321 0,601893 3,480623
-0,018671 -0,176580 3,347502 0,406719 1,037504 3,042900 -0,346764 1,418390 3,317417 -0,001374 0,599769 3,467603
-0,012966 -0,175935 3,356263 0,382212 0,665851 3,009670 -0,348146 1,421443 3,325604 -0,001374 0,599769 3,467603
-0,009116 -0,173116 3,360451 0,313615 0,508701 3,037496 -0,349343 1,414559 3,322326 -0,016022 0,619891 3,547318
-0,009919 -0,172032 3,381285 0,234302 0,339675 2,956265 -0,348776 1,427213 3,330188 -0,034242 0,624429 3,506227
-0,014564 -0,171906 3,390942 0,247540 0,261213 2,819796 -0,343014 1,419226 3,311361 -0,034242 0,624429 3,506227
-0,016201 -0,171825 3,394976 0,259094 0,261249 2,685702 -0,336619 1,417059 3,307535 -0,030251 0,606049 3,415817
-0,017578 -0,170528 3,404148 0,241971 0,255496 2,620163 -0,333687 1,420062 3,310393 -0,037402 0,610099 3,440464
-0,026594 -0,167204 3,416952 0,211881 0,216246 2,829071 -0,347790 1,421326 3,335626 -0,041408 0,615297 3,428221
-0,026252 -0,165565 3,396385 0,205186 0,199896 2,908243 -0,349638 1,430050 3,341293 -0,030341 0,624695 3,441508
-0,026016 -0,167181 3,391599 0,184883 0,180002 2,876720 -0,350936 1,432825 3,351179 -0,030341 0,624695 3,441508
-0,011803 -0,172273 3,369849 0,249381 0,210362 2,535936 -0,349088 1,426624 3,351578 -0,033479 0,603933 3,402537
-0,007371 -0,174423 3,389423 0,258006 0,275063 2,442015 -0,351215 1,427448 3,349139 -0,041039 0,600789 3,427439
-0,009214 -0,171642 3,384545 0,384992 0,420793 2,603115 -0,353988 1,432981 3,337291 -0,033824 0,604463 3,428098
-0,013617 -0,178027 3,377558 0,484033 0,536587 2,488069 -0,360102 1,438020 3,357954 -0,019463 0,601396 3,454474
-0,017896 -0,180457 3,375412 0,523969 0,661362 2,634695 -0,362887 1,433324 3,359031 -0,004566 0,594146 3,454691
-0,017982 -0,181164 3,353810 0,619725 0,977698 2,850187 -0,364809 1,411528 3,346332 0,002598 0,598215 3,480786
-0,013978 -0,170099 3,352399 0,538333 1,236080 3,313443 -0,363969 1,419640 3,356307 -0,000772 0,610789 3,467932
-0,015316 -0,169347 3,338716 0,496149 1,294143 3,396621 -0,362609 1,406251 3,337962 -0,008435 0,611325 3,493981
