24 12
-0,013348 -0,170340 3,366198 0,378480 1,272946 3,231077 -0,357772 1,413390 3,326743 0,002998 0,605569 3,480927
-0,011857 -0,165957 3,366358 0,410886 1,222869 3,115027 -0,356004 1,395778 3,322149 -0,004850 0,609738 3,507169
-0,011272 -0,169125 3,364098 0,421000 1,072362 3,011521 -0,356346 1,393278 3,327190 -0,008655 0,603450 3,467683
-0,008853 -0,168342 3,361654 0,428462 0,701137 2,864894 -0,357334 1,395825 3,321369 -0,016202 0,604441 3,520154
-0,012368 -0,163533 3,367913 0,394802 0,532392 2,925165 -0,357938 1,394844 3,325485 -0,004861 0,602361 3,507048
-0,013272 -0,164205 3,373554 0,320304 0,281030 2,916544 -0,359296 1,411137 3,338901 -0,022595 0,621636 3,466909
-0,016033 -0,166502 3,388127 0,282300 0,267758 2,996064 -0,356574 1,399248 3,322496 -0,048411 0,615206 3,427331
-0,023260 -0,164806 3,390346 0,277118 0,325853 2,913958 -0,355119 1,405730 3,320728 -0,022878 0,622301 3,493367
-0,030136 -0,174677 3,379915 0,272298 0,580834 2,856528 -0,353234 1,413044 3,338242 -0,023887 0,603875 3,493355
-0,027006 -0,173507 3,368084 0,275882 0,626030 2,831023 -0,350818 1,402899 3,328001 -0,008647 0,600273 3,493755
-0,023903 -0,172513 3,364954 0,269459 0,549753 2,822779 -0,357358 1,407527 3,336309 -0,012595 0,601820 3,480468
-0,021011 -0,166800 3,366122 0,255610 0,369989 2,855016 -0,357227 1,411588 3,326825 -0,026495 0,615900 3,454103
-0,017422 -0,165476 3,368036 0,246409 0,366683 2,972974 -0,357463 1,402872 3,324013 -0,027091 0,624486 3,506883
-0,020863 -0,167202 3,372356 0,251750 0,406394 2,919825 -0,358567 1,403687 3,328660 -0,015324 0,618041 3,467383
-0,018258 -0,177238 3,383717 0,246923 0,614797 2,866291 -0,354760 1,404327 3,321465 -0,012603 0,594497 3,480353
-0,017318 -0,177749 3,384254 0,293281 0,741140 2,842168 -0,357567 1,403361 3,316260 -0,016527 0,596040 3,467070
-0,017145 -0,180570 3,370538 0,340277 0,739822 2,817264 -0,356302 1,401198 3,323771 -0,009224 0,596430 3,493002
-0,021880 -0,173869 3,355660 0,451573 0,747555 2,943261 -0,360177 1,411937 3,338239 -0,001570 0,596065 3,467314
-0,018687 -0,172504 3,366663 0,528207 0,801956 2,846497 -0,362150 1,403687 3,342192 -0,004707 0,601895 3,480791
-0,021830 -0,171040 3,374310 0,548743 0,886271 2,922956 -0,359214 1,410147 3,337589 -0,004707 0,601895 3,480791
-0,020439 -0,168867 3,362884 0,567755 1,091333 3,045076 -0,360488 1,410115 3,332524 -0,004649 0,613451 3,507282
-0,025486 -0,166499 3,358264 0,509038 1,303297 3,351933 -0,352215 1,409449 3,325387 -0,000975 0,607132 3,467912
-0,026734 -0,166932 3,367083 0,470541 1,345000 3,402649 -0,353012 1,410562 3,328940 -0,004649 0,613451 3,507282
-0,022239 -0,165141 3,356468 0,398982 1,329661 3,330493 -0,352281 1,405458 3,323807 -0,012010 0,605556 3,480659
