24 12
-0,023799 -0,186251 3,341588 0,368991 1,304356 3,287528 -0,366109 1,404929 3,323345 -0,011755 0,626880 3,454900
-0,023817 -0,185601 3,338600 0,430304 1,141967 2,988991 -0,360236 1,409514 3,319443 -0,008058 0,620508 3,416605
-0,023549 -0,184399 3,345284 0,445173 1,014055 2,893644 -0,364837 1,408042 3,331877 0,002468 0,618993 3,429543
-0,015887 -0,185535 3,345972 0,399529 0,675669 2,877090 -0,362803 1,414437 3,316502 -0,004592 0,614833 3,404132
-0,017537 -0,183997 3,351749 0,372950 0,450083 2,892040 -0,364600 1,407520 3,316102 -0,019214 0,626865 3,454716
-0,021580 -0,186991 3,362939 0,355342 0,402811 2,929359 -0,363847 1,409159 3,321380 -0,019198 0,634151 3,454825
-0,024401 -0,181665 3,355860 0,321849 0,444012 2,859792 -0,361654 1,411507 3,327473 -0,015665 0,628372 3,442121
-0,034282 -0,187140 3,366550 0,288910 0,643286 2,863812 -0,363944 1,398609 3,319632 -0,015472 0,624733 3,441932
-0,032391 -0,195438 3,370500 0,286472 0,689714 2,865874 -0,360759 1,408623 3,316207 -0,016088 0,613824 3,441917
-0,034164 -0,189423 3,357145 0,274373 0,621839 2,871847 -0,364599 1,401316 3,323443 -0,012358 0,618975 3,429310
-0,026108 -0,194780 3,340451 0,270904 0,492202 2,889064 -0,369444 1,412092 3,330405 -0,011960 0,619006 3,429309
-0,027139 -0,186300 3,347297 0,263237 0,461478 2,910095 -0,360865 1,397848 3,313163 -0,019117 0,618392 3,403729
-0,023059 -0,191555 3,345866 0,253097 0,483128 2,925524 -0,369324 1,407203 3,322010 -0,011960 0,619006 3,429309
-0,027816 -0,191392 3,360564 0,239149 0,638372 2,897449 -0,361892 1,417237 3,318477 -0,004798 0,611235 3,404119
-0,030953 -0,187049 3,352283 0,244961 0,739379 2,934269 -0,364143 1,410493 3,315168 -0,019627 0,619583 3,454799
-0,032763 -0,198927 3,347045 0,379760 0,908585 3,100434 -0,365080 1,410989 3,304814 -0,012369 0,611744 3,429207
-0,034359 -0,190158 3,351161 0,481975 0,902717 2,834573 -0,367389 1,405932 3,310940 -0,019821 0,623200 3,454818
-0,037514 -0,188537 3,355313 0,552085 0,962584 2,869680 -0,364980 1,404339 3,314149 -0,019422 0,623232 3,454802
-0,043061 -0,179749 3,342294 0,625237 1,077218 2,978562 -0,368551 1,407463 3,324464 -0,011755 0,626880 3,454900
-0,040630 -0,185699 3,330955 0,584781 1,238591 3,220284 -0,371729 1,379501 3,300376 -0,011753 0,622614 3,429229
-0,040860 -0,181629 3,335275 0,533530 1,251298 3,295367 -0,368175 1,406407 3,306915 -0,011946 0,626241 3,429411
-0,038891 -0,184595 3,330290 0,422919 1,230590 3,185139 -0,365937 1,408526 3,313605 -0,008036 0,624745 3,442100
-0,035638 -0,183254 3,313313 0,350188 1,294904 3,375277 -0,365016 1,405286 3,314538 -0,019616 0,626867 3,454909
-0,031880 -0,174084 3,330018 0,320989 1,274894 3,294148 -0,358708 1,408054 3,310933 -0,019408 0,630517 3,454911
