29 12
-0,080328 -0,186467 3,310899 0,360492 1,272117 3,165186 -0,455858 1,377027 3,343864 -0,082946 0,613481 3,439243
-0,081166 -0,176778 3,307768 0,362240 1,130323 3,034742 -0,458714 1,370920 3,324354 -0,079022 0,618652 3,426787
-0,077097 -0,184156 3,299103 0,352622 0,792085 2,889499 -0,466476 1,371277 3,339332 -0,087000 0,607561 3,425751
-0,077683 -0,179782 3,316737 0,317153 0,612280 2,861345 -0,461981 1,369773 3,331311 -0,086618 0,614930 3,426243
-0,081481 -0,174188 3,307157 0,259550 0,326858 2,820036 -0,460544 1,371422 3,334327 -0,092900 0,621574 3,400567
-0,085352 -0,166986 3,325234 0,215701 0,247501 2,932309 -0,459339 1,379212 3,333357 -0,111991 0,645891 3,437370
-0,093657 -0,166359 3,322154 0,197560 0,211856 2,873613 -0,465279 1,394879 3,354575 -0,107979 0,643734 3,424877
-0,096726 -0,174185 3,319280 0,153554 0,212929 2,749890 -0,472449 1,384511 3,338938 -0,119352 0,630567 3,411602
-0,104114 -0,176754 3,326680 0,159693 0,229743 2,578714 -0,476694 1,385988 3,344375 -0,107202 0,613680 3,374688
-0,097989 -0,169526 3,316180 0,163529 0,261964 2,487241 -0,476104 1,384340 3,338051 -0,111152 0,630685 3,411446
-0,102813 -0,169466 3,329413 0,149098 0,327745 2,411515 -0,473830 1,376856 3,331217 -0,115373 0,629192 3,424093
-0,096445 -0,181232 3,305706 0,130269 0,289698 2,482095 -0,483330 1,381697 3,373909 -0,121407 0,635530 3,397193
-0,100514 -0,174595 3,312527 0,124365 0,260787 2,530195 -0,484512 1,372255 3,366343 -0,120265 0,638252 3,371192
-0,101578 -0,176972 3,307930 0,136465 0,231137 2,666633 -0,484816 1,377054 3,390900 -0,114724 0,624942 3,398823
-0,098965 -0,167325 3,305882 0,113748 0,210149 2,786508 -0,496977 1,377705 3,415543 -0,124089 0,637002 3,449619
-0,095749 -0,169616 3,297038 0,130125 0,206629 2,792143 -0,498105 1,378080 3,427035 -0,131305 0,626029 3,448760
-0,095428 -0,171618 3,312175 0,118625 0,221862 2,731617 -0,501247 1,377854 3,426594 -0,123382 0,632668 3,423993
-0,095297 -0,173548 3,317523 0,130849 0,253271 2,621582 -0,496632 1,380507 3,411450 -0,113611 0,642640 3,396698
-0,096629 -0,176036 3,330689 0,122994 0,271238 2,526915 -0,482055 1,374305 3,376210 -0,106730 0,635691 3,398383
-0,086146 -0,177128 3,340819 0,096163 0,328886 2,375722 -0,476335 1,381258 3,381799 -0,109428 0,634286 3,476434
-0,086991 -0,177356 3,339910 0,107332 0,341627 2,356067 -0,458320 1,382649 3,361328 -0,110711 0,637805 3,410681
-0,087026 -0,177558 3,339147 0,117911 0,314854 2,381797 -0,464025 1,374383 3,350835 -0,117849 0,626360 3,385772
-0,097010 -0,174246 3,326541 0,235820 0,338579 2,607847 -0,469389 1,390194 3,368149 -0,111575 0,623498 3,411868
-0,104670 -0,179144 3,321203 0,339818 0,484973 2,567874 -0,487924 1,387133 3,394815 -0,111980 0,616245 3,411944
-0,106642 -0,179652 3,318247 0,400674 0,618735 2,640718 -0,493812 1,379961 3,414592 -0,101039 0,606988 3,399845
-0,112026 -0,184513 3,298975 0,587173 0,924098 2,916370 -0,491075 1,370084 3,425916 -0,105594 0,620413 3,437753
-0,107401 -0,183337 3,296127 0,541052 1,213870 3,252454 -0,485030 1,357863 3,426040 -0,097245 0,616395 3,412974
-0,109549 -0,171236 3,289527 0,488926 1,275208 3,317274 -0,478694 1,370517 3,427984 -0,097246 0,623599 3,413081
-0,102006 -0,175527 3,288789 0,383121 1,291818 3,269111 -0,473299 1,384621 3,409112 -0,101009 0,622102 3,425428
