27 12
-0,033124 -0,155239 3,384414 0,386453 1,254189 3,257088 -0,369694 1,402291 3,336026 -0,052833 0,628234 3,440871
-0,031342 -0,154025 3,375323 0,458642 1,196754 3,152900 -0,373279 1,383389 3,323211 -0,056691 0,630366 3,453580
-0,026617 -0,144264 3,387023 0,554309 1,061644 3,039519 -0,371238 1,398804 3,335489 -0,049228 0,637692 3,454019
-0,024661 -0,155097 3,370988 0,631866 0,880037 2,971605 -0,373394 1,392020 3,328526 -0,053233 0,635457 3,441060
-0,017785 -0,150207 3,374505 0,674632 0,673138 2,952798 -0,380712 1,381153 3,324621 -0,053026 0,639116 3,441118
-0,014327 -0,158627 3,380048 0,657347 0,472456 2,985940 -0,384495 1,377881 3,333936 -0,048964 0,625465 3,403053
-0,014795 -0,150772 3,373898 0,595923 0,306334 3,028677 -0,384895 1,397183 3,340830 -0,052833 0,628234 3,440871
-0,013647 -0,145968 3,380870 0,491229 0,218620 3,089457 -0,381622 1,397849 3,344744 -0,045599 0,647219 3,467255
-0,015448 -0,141686 3,389665 0,398077 0,184797 3,150380 -0,381260 1,377132 3,330790 -0,033872 0,652305 3,454402
-0,015647 -0,135610 3,398766 0,374834 0,184623 3,113669 -0,380133 1,383423 3,332317 -0,041081 0,664013 3,479487
-0,022582 -0,148597 3,392357 0,446424 0,160102 3,038345 -0,374160 1,394804 3,331975 -0,045599 0,647219 3,467255
-0,028939 -0,157018 3,399556 0,519113 0,127976 3,042256 -0,375787 1,397645 3,341064 -0,041955 0,649471 3,480462
-0,029332 -0,157025 3,397713 0,485735 0,119135 3,099829 -0,371527 1,389308 3,338807 -0,049228 0,637692 3,454019
-0,027585 -0,148576 3,412729 0,394747 0,147218 3,159309 -0,376619 1,395546 3,336470 -0,045169 0,646422 3,441288
-0,021006 -0,145982 3,390086 0,304181 0,179762 3,173220 -0,379372 1,387743 3,332447 -0,048982 0,663208 3,454239
-0,017945 -0,140592 3,392865 0,258147 0,213705 3,156403 -0,377161 1,392868 3,335744 -0,059487 0,659975 3,415129
-0,017477 -0,141976 3,392220 0,311922 0,189421 3,105323 -0,371868 1,397937 3,333489 -0,037671 0,661855 3,467352
-0,023685 -0,142727 3,400006 0,417516 0,183937 3,014588 -0,371820 1,398869 3,339428 -0,040922 0,651412 3,428166
-0,030670 -0,152020 3,399637 0,530005 0,215417 2,950212 -0,370649 1,398212 3,335113 -0,052613 0,639119 3,440863
-0,031552 -0,163004 3,398895 0,635125 0,317314 2,928475 -0,371336 1,384181 3,336981 -0,056197 0,629688 3,427800
-0,032557 -0,147704 3,395752 0,693985 0,478298 2,954253 -0,367383 1,395962 3,332793 -0,060150 0,639792 3,466030
-0,038959 -0,155221 3,397282 0,706370 0,662517 2,991051 -0,370478 1,398770 3,339567 -0,034523 0,634106 3,454591
-0,038813 -0,156624 3,387064 0,698871 0,825998 3,049990 -0,368517 1,398543 3,348530 -0,053096 0,632554 3,466712
-0,036415 -0,151548 3,394160 0,640059 0,989014 3,109515 -0,366868 1,389547 3,337285 -0,048981 0,640589 3,428452
-0,037940 -0,151262 3,400620 0,567064 1,122562 3,166058 -0,367691 1,394500 3,338331 -0,049642 0,630369 3,453980
-0,035704 -0,152788 3,374593 0,494078 1,186204 3,242365 -0,367772 1,387462 3,334909 -0,041789 0,629759 3,428660
-0,032586 -0,145823 3,381840 0,427479 1,243943 3,285667 -0,364844 1,399238 3,338228 -0,041789 0,629759 3,428660
