27 12
-0,034731 -0,179525 3,357219 0,315909 1,312555 3,350124 -0,384011 1,396947 3,338134 -0,056553 0,583082 3,452680
-0,038492 -0,169076 3,357518 0,344567 1,197870 3,180291 -0,390285 1,397974 3,351980 -0,064718 0,579728 3,478441
-0,039241 -0,178191 3,363303 0,368806 1,120700 3,081673 -0,387457 1,405098 3,359829 -0,064383 0,575763 3,452471
-0,038727 -0,177764 3,364608 0,407040 0,908040 3,087453 -0,386178 1,400823 3,360446 -0,057599 0,579694 3,478700
-0,040913 -0,177484 3,369818 0,487522 0,573097 2,897456 -0,391200 1,396612 3,360053 -0,057411 0,583397 3,478854
-0,043924 -0,176001 3,379908 0,545606 0,453617 2,892672 -0,392175 1,403609 3,361639 -0,049486 0,583106 3,453260
-0,050016 -0,177571 3,366053 0,800580 0,316196 3,235679 -0,397909 1,403999 3,349522 -0,042238 0,579840 3,479422
-0,053908 -0,185402 3,361888 0,903042 0,202685 3,114985 -0,408521 1,395469 3,353807 -0,042045 0,568329 3,427746
-0,061638 -0,196370 3,372857 0,992275 0,185053 3,232673 -0,408137 1,405417 3,356521 -0,034606 0,568640 3,453594
-0,057043 -0,178706 3,365550 1,046586 0,194168 3,321214 -0,409494 1,393009 3,356957 -0,027435 0,576208 3,479833
-0,051301 -0,187660 3,362988 1,004004 0,228646 3,321685 -0,404719 1,392679 3,349346 -0,042238 0,579840 3,479422
-0,047516 -0,179947 3,379964 0,950587 0,258296 3,291047 -0,401434 1,389819 3,349910 -0,057034 0,583441 3,478772
-0,041414 -0,184987 3,400259 0,720367 0,313959 2,948139 -0,395870 1,395996 3,343410 -0,064383 0,575763 3,452471
-0,034988 -0,181660 3,380902 0,635941 0,408615 2,989547 -0,386881 1,407756 3,336926 -0,057226 0,579770 3,478799
-0,034455 -0,180987 3,383730 0,604781 0,407700 2,932121 -0,386636 1,400909 3,338758 -0,068091 0,581375 3,465186
-0,032992 -0,181954 3,394423 0,740783 0,385081 3,060924 -0,385593 1,401237 3,339149 -0,064383 0,575763 3,452471
-0,030217 -0,181588 3,374424 0,848513 0,299716 3,015790 -0,399148 1,396026 3,343222 -0,057034 0,583441 3,478772
-0,033107 -0,178675 3,377362 0,930483 0,255847 3,121438 -0,398746 1,388899 3,334057 -0,042428 0,576155 3,479345
-0,037609 -0,182244 3,357011 1,063748 0,186185 3,358727 -0,400386 1,401447 3,351964 -0,027427 0,583523 3,479950
-0,023420 -0,180666 3,343956 1,087820 0,165041 3,475511 -0,402130 1,392410 3,336432 -0,008688 0,581561 3,467347
-0,026540 -0,186661 3,348227 1,073836 0,172881 3,424066 -0,395598 1,396316 3,337717 -0,023458 0,577911 3,466991
-0,024308 -0,182321 3,359425 0,993494 0,296336 3,269189 -0,389568 1,399938 3,341180 -0,027617 0,579823 3,479769
-0,023577 -0,189012 3,350852 0,931647 0,573995 3,302467 -0,380994 1,399260 3,324073 -0,034779 0,579507 3,453736
-0,025367 -0,187285 3,348687 0,849244 0,739285 3,320273 -0,381227 1,407190 3,334340 -0,038595 0,574193 3,466445
-0,026160 -0,180338 3,344593 0,611207 0,959934 3,030304 -0,375843 1,403412 3,332402 -0,046061 0,581451 3,466286
-0,025017 -0,177717 3,346437 0,492869 1,242536 3,352123 -0,377920 1,400741 3,348682 -0,049065 0,575552 3,427504
-0,025417 -0,178274 3,350526 0,430730 1,293176 3,345554 -0,377108 1,400611 3,347153 -0,053079 0,581101 3,440245
