28 12
-0,013388 -0,156959 3,404659 0,391866 1,298512 3,316821 -0,370507 1,392006 3,329699 -0,052773 0,627567 3,415516
-0,009369 -0,156266 3,380581 0,465407 1,270613 3,245477 -0,369696 1,389978 3,333204 -0,049636 0,637655 3,454092
-0,015689 -0,146064 3,383075 0,555403 1,204629 3,163782 -0,368065 1,394689 3,335432 -0,053233 0,635457 3,441060
-0,014765 -0,146250 3,384992 0,631762 1,063139 3,052156 -0,369502 1,392375 3,340400 -0,049436 0,634039 3,454044
-0,015572 -0,160520 3,376513 0,688012 0,894750 2,989475 -0,371281 1,396531 3,342685 -0,037760 0,631927 3,441358
-0,014466 -0,152794 3,386427 0,706766 0,708960 2,963992 -0,374170 1,401221 3,343401 -0,041591 0,626151 3,428535
-0,020499 -0,159705 3,392209 0,689803 0,505201 2,986579 -0,378652 1,385615 3,335032 -0,049198 0,629723 3,428373
-0,017028 -0,150597 3,403729 0,603665 0,347577 3,000207 -0,376953 1,404338 3,352052 -0,049016 0,641329 3,453904
-0,019190 -0,153224 3,404821 0,515163 0,273485 3,026757 -0,372786 1,391326 3,335072 -0,049218 0,644981 3,454130
-0,021963 -0,139799 3,413631 0,438864 0,246826 3,074754 -0,369454 1,401496 3,336206 -0,037637 0,662708 3,493166
-0,028522 -0,145578 3,413410 0,398415 0,232467 3,047405 -0,367452 1,395658 3,326777 -0,067026 0,653492 3,439726
-0,033911 -0,142382 3,399988 0,458098 0,215142 2,999895 -0,367444 1,399817 3,337126 -0,059512 0,645539 3,414923
-0,039758 -0,149947 3,401173 0,538547 0,193252 2,965753 -0,364631 1,389956 3,328966 -0,060255 0,635451 3,440641
-0,044566 -0,153720 3,403108 0,575588 0,186942 3,021138 -0,365095 1,391271 3,332889 -0,064136 0,637605 3,453336
-0,044744 -0,154339 3,399200 0,511538 0,185317 3,040244 -0,368413 1,397321 3,337997 -0,060255 0,635451 3,440641
-0,042692 -0,149991 3,400025 0,433290 0,221097 3,082539 -0,367019 1,385202 3,323302 -0,059292 0,649106 3,414629
-0,036597 -0,139788 3,408235 0,370706 0,244883 3,057849 -0,368190 1,393855 3,335466 -0,059292 0,649106 3,414629
-0,038126 -0,147519 3,386851 0,394277 0,231421 3,014646 -0,371412 1,393144 3,338655 -0,059292 0,649106 3,414629
-0,037670 -0,143646 3,392514 0,495042 0,223500 2,972928 -0,367712 1,404245 3,340341 -0,044967 0,642764 3,440982
-0,036808 -0,149330 3,390712 0,603951 0,271730 2,948324 -0,368049 1,394701 3,335500 -0,052556 0,638396 3,415589
-0,042741 -0,161022 3,375394 0,685298 0,368758 2,958838 -0,372605 1,393215 3,332899 -0,049198 0,629723 3,428373
-0,040676 -0,155081 3,392021 0,709337 0,496701 2,953420 -0,372081 1,395742 3,333113 -0,064012 0,629636 3,427711
-0,039569 -0,157503 3,387038 0,693292 0,665462 2,980218 -0,373908 1,392269 3,341711 -0,060573 0,632511 3,466369
-0,039683 -0,159338 3,395403 0,649204 0,813347 2,990287 -0,374874 1,394039 3,348126 -0,064136 0,637605 3,453336
-0,042937 -0,151584 3,377222 0,600841 0,997106 3,092459 -0,374392 1,392766 3,344206 -0,064545 0,637566 3,453438
-0,037569 -0,154835 3,387543 0,531138 1,118127 3,155247 -0,372910 1,389453 3,332518 -0,060262 0,628192 3,440531
-0,039837 -0,146857 3,380817 0,462421 1,203359 3,227225 -0,368278 1,394902 3,333912 -0,049198 0,629723 3,428373
-0,033028 -0,154194 3,363175 0,407570 1,248425 3,283228 -0,374681 1,387994 3,342113 -0,060357 0,631101 3,415241
