29 12
-0,078591 -0,181972 3,291449 0,343838 1,279347 3,179530 -0,466161 1,385520 3,364097 -0,067943 0,612988 3,414550
-0,077408 -0,175638 3,296694 0,341367 1,190486 2,999513 -0,464304 1,384858 3,350188 -0,071249 0,614527 3,401884
-0,075149 -0,172104 3,303671 0,322489 0,855898 2,842729 -0,461228 1,380405 3,345375 -0,075705 0,605593 3,413669
-0,073934 -0,184731 3,302701 0,279607 0,673031 2,810706 -0,461835 1,365331 3,342732 -0,083265 0,601840 3,412902
-0,073541 -0,174475 3,297735 0,209201 0,349725 2,783702 -0,459268 1,384266 3,346812 -0,088829 0,634467 3,412705
-0,082984 -0,172733 3,316009 0,178911 0,236026 2,850275 -0,457100 1,385103 3,352505 -0,104500 0,661262 3,462702
-0,081722 -0,172450 3,318622 0,168441 0,208992 2,806916 -0,454453 1,381546 3,357693 -0,111322 0,656669 3,436328
-0,087216 -0,175539 3,319929 0,107430 0,195572 2,685886 -0,446112 1,385542 3,361133 -0,113585 0,657001 3,396897
-0,086980 -0,173979 3,333218 0,118897 0,220137 2,519260 -0,446640 1,364568 3,350945 -0,098993 0,661388 3,421757
-0,089080 -0,175113 3,329070 0,106538 0,243574 2,446380 -0,447419 1,366319 3,356914 -0,105555 0,653125 3,395015
-0,090769 -0,172906 3,333133 0,074660 0,282686 2,387335 -0,447622 1,365505 3,354194 -0,107590 0,628610 3,399651
-0,092772 -0,173435 3,317697 0,063707 0,236706 2,452923 -0,450173 1,360852 3,359816 -0,106022 0,653385 3,396716
-0,093575 -0,173322 3,303777 0,063671 0,218865 2,515716 -0,454252 1,361821 3,367244 -0,118740 0,649328 3,435614
-0,099397 -0,172065 3,312118 0,079870 0,206285 2,644482 -0,459925 1,349708 3,360532 -0,114231 0,661466 3,422138
-0,095886 -0,173331 3,284408 0,082922 0,192519 2,716668 -0,461871 1,369594 3,368580 -0,112412 0,653966 3,462917
-0,099058 -0,170892 3,310072 0,082814 0,204531 2,723582 -0,463945 1,368410 3,366831 -0,111090 0,660225 3,435805
-0,099227 -0,172834 3,304606 0,062612 0,217383 2,699362 -0,464987 1,361041 3,359655 -0,123178 0,636317 3,423987
-0,098198 -0,171843 3,308372 0,057766 0,231200 2,586430 -0,462983 1,364737 3,355047 -0,122063 0,624859 3,398233
-0,099002 -0,174300 3,304806 0,050475 0,245342 2,516109 -0,464780 1,364222 3,350901 -0,123175 0,629088 3,423877
-0,097279 -0,177683 3,307229 0,011402 0,293027 2,367736 -0,459323 1,362653 3,349190 -0,112845 0,639371 3,463235
-0,097769 -0,174631 3,320627 0,044040 0,291093 2,328655 -0,468900 1,368447 3,364621 -0,126298 0,623330 3,410695
-0,100956 -0,180989 3,323490 0,066653 0,272402 2,322079 -0,470711 1,359243 3,362139 -0,096675 0,665491 3,486520
-0,111297 -0,172364 3,308204 0,193441 0,292463 2,535369 -0,470992 1,371608 3,354680 -0,128454 0,624131 3,372437
-0,125789 -0,176246 3,312316 0,313442 0,402143 2,455928 -0,480409 1,373604 3,369482 -0,118271 0,619220 3,386200
-0,126552 -0,178275 3,301618 0,403871 0,526587 2,545522 -0,475684 1,373592 3,368228 -0,114697 0,610004 3,374146
-0,124466 -0,178067 3,307070 0,573578 0,841451 2,819741 -0,477796 1,358499 3,358705 -0,111779 0,619880 3,411949
-0,125855 -0,178583 3,303543 0,554287 1,142689 3,101476 -0,475228 1,364732 3,358972 -0,107796 0,617825 3,399624
-0,126307 -0,182656 3,298256 0,514434 1,252480 3,245864 -0,476288 1,364103 3,352245 -0,104413 0,612756 3,412379
-0,117684 -0,175418 3,315858 0,386135 1,273013 3,178172 -0,473947 1,373456 3,354093 -0,103633 0,619377 3,387301
