23 12
-0,026557 -0,171431 3,359524 0,370115 1,273853 3,246896 -0,358183 1,412210 3,317309 -0,019849 0,601362 3,454489
-0,021380 -0,175030 3,362390 0,438069 1,269454 3,194840 -0,358332 1,393322 3,312089 -0,015936 0,607111 3,467629
-0,014563 -0,172327 3,349179 0,498028 0,925104 2,879587 -0,356623 1,412915 3,325546 -0,008456 0,607124 3,467786
-0,013424 -0,169078 3,348747 0,465900 0,721139 2,860028 -0,356548 1,402822 3,317982 -0,008655 0,603450 3,467683
-0,007394 -0,168961 3,361088 0,407275 0,415127 2,927919 -0,361271 1,402239 3,315551 -0,026512 0,604013 3,403324
-0,015528 -0,167721 3,377305 0,372250 0,352010 2,966691 -0,359497 1,401567 3,318190 -0,055471 0,603389 3,377038
-0,018017 -0,167061 3,382457 0,354894 0,389261 2,890691 -0,358066 1,399995 3,309203 -0,044201 0,597431 3,340717
-0,024438 -0,176596 3,365818 0,338260 0,627866 2,849339 -0,355863 1,389965 3,309185 -0,012785 0,594008 3,454190
-0,025268 -0,171102 3,375980 0,323120 0,693156 2,759043 -0,352850 1,416100 3,321344 -0,012587 0,593637 3,428818
-0,025671 -0,172855 3,379936 0,332898 0,665723 2,807177 -0,354121 1,400126 3,314141 -0,012591 0,597700 3,454465
-0,021399 -0,175210 3,371092 0,313984 0,496124 2,775091 -0,354045 1,398415 3,319866 -0,012194 0,605040 3,454750
-0,015493 -0,167623 3,375100 0,298973 0,413047 2,909203 -0,357769 1,398034 3,325594 -0,015734 0,610771 3,467637
-0,015076 -0,169608 3,373545 0,305732 0,414294 2,859291 -0,357535 1,413280 3,328125 -0,007884 0,606581 3,441621
-0,012256 -0,180563 3,388458 0,287341 0,573740 2,798467 -0,353614 1,393108 3,311108 -0,016340 0,592448 3,467233
-0,013037 -0,182774 3,383100 0,309099 0,731946 2,830158 -0,351106 1,406553 3,304684 -0,009242 0,592335 3,466836
-0,013990 -0,174472 3,380933 0,358513 0,736440 2,815373 -0,355391 1,400711 3,311321 -0,012790 0,598102 3,480185
-0,011613 -0,171301 3,373394 0,450466 0,731403 2,869520 -0,360280 1,396712 3,328867 -0,012198 0,609211 3,480763
-0,013411 -0,168767 3,374985 0,528125 0,728348 2,756960 -0,361563 1,396607 3,327041 -0,015936 0,607111 3,467629
-0,012189 -0,176942 3,382952 0,579921 0,799689 2,754409 -0,359659 1,411180 3,342268 -0,004707 0,601895 3,480791
-0,015832 -0,168012 3,377532 0,640005 0,997613 2,928032 -0,364289 1,407012 3,332289 -0,004737 0,605050 3,454891
-0,018618 -0,172602 3,378657 0,569506 1,230224 3,281931 -0,361125 1,401867 3,334307 -0,012210 0,601885 3,480648
-0,016302 -0,167170 3,362727 0,522863 1,264288 3,340679 -0,361920 1,394522 3,326318 -0,004506 0,605565 3,480809
-0,013393 -0,173643 3,379585 0,425859 1,288091 3,264056 -0,357136 1,388728 3,320397 0,002611 0,605541 3,480901
