34 12
-0,094086 -0,189088 3,311409 0,280566 1,214459 3,525958 -0,445572 1,333234 3,347002 -0,116189 0,621862 3,424370
-0,098146 -0,185035 3,328217 0,388793 1,248204 3,224914 -0,447872 1,336974 3,344738 -0,118679 0,619167 3,386392
-0,097991 -0,186360 3,322699 0,448621 1,215826 3,188950 -0,445887 1,337803 3,336587 -0,111980 0,616245 3,411944
-0,104336 -0,183826 3,318163 0,616494 1,189435 3,329770 -0,445865 1,334072 3,334635 -0,116183 0,614637 3,424257
-0,101223 -0,177556 3,312310 0,708927 0,889174 3,003277 -0,446092 1,333508 3,333303 -0,124084 0,629723 3,449500
-0,103568 -0,184122 3,326095 0,753392 0,777126 3,010646 -0,445669 1,337909 3,330689 -0,124474 0,622327 3,449241
-0,103420 -0,185320 3,328422 0,769753 0,536822 3,070962 -0,447832 1,336455 3,337582 -0,124281 0,626034 3,449416
-0,101975 -0,190568 3,335984 0,739027 0,304932 3,079040 -0,448279 1,340138 3,348379 -0,116183 0,614637 3,424257
-0,103695 -0,188107 3,343704 0,716144 0,218562 3,101549 -0,445740 1,337247 3,335247 -0,112175 0,612595 3,411853
-0,105017 -0,184852 3,341255 0,660252 0,061188 3,053561 -0,449561 1,337525 3,347859 -0,097441 0,612746 3,412870
-0,103499 -0,178983 3,350060 0,619545 -0,024211 3,135165 -0,442713 1,345744 3,346768 -0,101209 0,618455 3,425412
-0,107439 -0,191311 3,344294 0,603000 -0,052295 3,140311 -0,447443 1,343698 3,349982 -0,086618 0,614930 3,426243
-0,102406 -0,189385 3,347325 0,555171 -0,103547 3,099406 -0,443392 1,339471 3,352282 -0,090563 0,616996 3,438795
-0,102923 -0,190178 3,354778 0,517313 -0,130411 3,183032 -0,445093 1,334199 3,341039 -0,086618 0,614930 3,426243
-0,102885 -0,191556 3,340958 0,508518 -0,126700 3,187589 -0,447183 1,330559 3,345412 -0,086618 0,614930 3,426243
-0,100998 -0,200321 3,349804 0,502325 -0,106891 3,156252 -0,446858 1,337185 3,357945 -0,083139 0,602560 3,439008
-0,097920 -0,198036 3,348512 0,503882 -0,099341 3,128131 -0,444786 1,335792 3,350061 -0,071820 0,600596 3,426841
-0,099744 -0,195830 3,338303 0,508102 -0,119206 3,154217 -0,447365 1,329802 3,353526 -0,082749 0,609887 3,439165
-0,094905 -0,189577 3,344713 0,512703 -0,112193 3,148133 -0,444015 1,332535 3,350158 -0,075524 0,613539 3,439660
-0,095397 -0,197481 3,318406 0,523489 -0,099451 3,141139 -0,440966 1,327631 3,347713 -0,083141 0,609808 3,439121
-0,093997 -0,191940 3,330337 0,513935 -0,104083 3,132175 -0,448278 1,337796 3,369594 -0,081866 0,601678 3,388592
-0,092853 -0,199385 3,340155 0,523291 -0,090358 3,127643 -0,447004 1,329594 3,339302 -0,075127 0,602180 3,414086
-0,092444 -0,191189 3,339569 0,526694 -0,095512 3,122574 -0,444064 1,329328 3,348711 -0,075321 0,612935 3,414174
-0,091297 -0,187917 3,337681 0,537725 -0,080809 3,093656 -0,442807 1,329174 3,339727 -0,075321 0,612935 3,414174
-0,093852 -0,189343 3,327652 0,589350 -0,036359 3,141874 -0,446529 1,331979 3,345320 -0,075321 0,612935 3,414174
-0,098792 -0,186696 3,335138 0,651790 0,098545 2,952234 -0,442626 1,339733 3,346774 -0,098369 0,616780 3,437961
-0,099342 -0,188608 3,339449 0,683803 0,213469 2,921408 -0,440160 1,336826 3,346585 -0,090865 0,624936 3,464725
-0,110741 -0,188234 3,325819 0,746483 0,532223 2,966411 -0,441808 1,332697 3,343431 -0,109608 0,622498 3,450351
-0,112170 -0,184062 3,338480 0,703599 0,914053 3,185530 -0,438973 1,333516 3,339863 -0,108995 0,618264 3,424727
-0,103938 -0,182622 3,331652 0,651114 1,066356 3,263020 -0,440868 1,336536 3,342316 -0,108801 0,621944 3,424910
-0,106931 -0,179516 3,335978 0,502490 1,186525 3,157877 -0,444523 1,330175 3,344532 -0,108197 0,617742 3,399631
-0,093140 -0,184988 3,310774 0,399195 1,339855 3,499070 -0,444196 1,328053 3,343106 -0,108197 0,617742 3,399631
-0,093534 -0,188438 3,316779 0,354782 1,350552 3,497383 -0,444206 1,330046 3,355356 -0,108801 0,621944 3,424910
-0,089337 -0,193172 3,303808 0,115045 0,526868 2,665653 -0,442506 1,335147 3,352881 -0,112175 0,612595 3,411853
