31 12
-0,066061 -0,143332 3,304088 0,302988 1,170173 3,262416 -0,475686 1,270652 3,281115 -0,070469 0,624712 3,377011
-0,074329 -0,146646 3,314482 0,323223 1,027761 3,140413 -0,467948 1,123176 3,162309 -0,056810 0,626037 3,428003
-0,070811 -0,159670 3,312720 0,303957 0,942030 3,108219 -0,441994 1,015408 3,064480 -0,067943 0,612988 3,414550
-0,066793 -0,172826 3,330223 0,214645 0,773436 2,939662 -0,418770 0,852586 2,986997 -0,078798 0,596486 3,401165
-0,070975 -0,181802 3,345522 0,166896 0,647877 2,901009 -0,250238 0,671946 2,721562 -0,084918 0,585408 3,375460
-0,069119 -0,173899 3,363804 0,134171 0,574283 2,785674 -0,197148 0,622716 2,660860 -0,078415 0,589395 3,401114
-0,067246 -0,169697 3,398837 0,100559 0,492156 2,625398 -0,179729 0,554366 2,570881 -0,082103 0,609370 3,413651
-0,066223 -0,153966 3,402989 0,210493 0,416832 2,355198 -0,247374 0,500643 2,576360 -0,070676 0,621131 3,377059
-0,060643 -0,157571 3,413208 0,319756 0,393811 2,328075 -0,358965 0,457331 2,597277 -0,059267 0,615011 3,340766
-0,056748 -0,162206 3,428238 0,555716 0,365833 2,617522 -0,527290 0,332631 2,388958 -0,062938 0,609404 3,328444
-0,045506 -0,164297 3,383435 0,681634 0,307409 2,510450 -0,831055 0,361446 2,732021 -0,073551 0,601262 3,363742
-0,038728 -0,170936 3,399319 0,759276 0,320370 2,628916 -0,918265 0,393128 2,763088 -0,085299 0,606757 3,376042
-0,033869 -0,173515 3,351487 0,882605 0,387903 2,837672 -0,979539 0,481886 2,781311 -0,085302 0,599631 3,375945
-0,034598 -0,170619 3,328686 0,903604 0,531198 3,122161 -0,959646 0,615621 2,846433 -0,080810 0,597231 3,339317
-0,036590 -0,166152 3,340186 0,853739 0,645521 3,208474 -0,891086 0,678754 2,843780 -0,077797 0,603267 3,376321
-0,045395 -0,170535 3,317123 0,583939 0,720242 2,917391 -0,760663 0,885571 3,214888 -0,085497 0,603162 3,376017
-0,046458 -0,169009 3,318633 0,382265 0,874836 3,292829 -0,435801 0,796056 2,820008 -0,063316 0,596678 3,401732
-0,047453 -0,169624 3,333300 0,268884 0,829510 3,214761 -0,338283 0,776930 2,791897 -0,052357 0,591159 3,389853
-0,047713 -0,182984 3,352715 0,066758 0,671750 2,789154 -0,241865 0,724076 2,803627 -0,063906 0,585879 3,401843
-0,049967 -0,184875 3,357144 0,080305 0,579014 2,610973 -0,152878 0,621701 2,598877 -0,075130 0,587789 3,413877
-0,053077 -0,180586 3,382483 0,121732 0,536689 2,440791 -0,164997 0,586226 2,580514 -0,078798 0,596486 3,401165
-0,052529 -0,163748 3,384585 0,258582 0,515563 2,582671 -0,293038 0,491466 2,329351 -0,078203 0,614517 3,401369
-0,054055 -0,169163 3,367514 0,428737 0,440409 2,399055 -0,582283 0,534227 2,660178 -0,077385 0,606326 3,351799
-0,050650 -0,166274 3,345594 0,549277 0,430379 2,487847 -0,717127 0,535275 2,684599 -0,073766 0,600796 3,339865
-0,045460 -0,161623 3,364432 0,818632 0,508324 2,792690 -0,840772 0,545884 2,531635 -0,084202 0,602257 3,327086
-0,035563 -0,171479 3,330985 0,870065 0,628218 2,892604 -1,045961 0,725338 2,804168 -0,070166 0,595287 3,327918
-0,032055 -0,163960 3,313445 0,907808 0,745344 3,018596 -1,031462 0,802567 2,816190 -0,077587 0,602771 3,351851
-0,037010 -0,162258 3,308539 0,788787 0,926353 3,045204 -0,985583 1,084026 3,260082 -0,074325 0,619631 3,389156
-0,036912 -0,153921 3,310105 0,648018 1,184487 3,485668 -0,752294 1,122026 3,046150 -0,070675 0,621131 3,377059
-0,037862 -0,153116 3,302720 0,554295 1,243923 3,514719 -0,662651 1,173703 3,113062 -0,070476 0,617578 3,376916
-0,039644 -0,156536 3,298231 0,369534 1,211655 3,282860 -0,535867 1,371954 3,512002 -0,060361 0,623891 3,415137
