17 12
-0,018912 -0,168229 3,351154 0,327351 1,305597 3,300631 -0,371294 1,431370 3,348940 -0,015948 0,599811 3,467517
-0,022723 -0,170182 3,371237 0,394318 1,030201 2,938368 -0,372593 1,431171 3,362792 -0,012206 0,597765 3,454642
-0,024926 -0,171794 3,371148 0,401327 0,831687 2,788053 -0,368738 1,417812 3,347549 -0,015960 0,592514 3,467405
-0,024660 -0,164946 3,375510 0,412792 0,472085 2,712661 -0,366666 1,420442 3,358773 -0,022881 0,598869 3,415942
-0,026330 -0,169141 3,384932 0,450291 0,169751 2,469009 -0,367918 1,431567 3,362943 -0,007746 0,594805 3,390679
-0,023697 -0,163187 3,390268 0,478269 0,067214 2,389201 -0,368947 1,457531 3,369235 -0,007101 0,609417 3,414547
-0,023258 -0,163021 3,399228 0,518741 -0,049369 2,388904 -0,376289 1,447336 3,346531 -0,018409 0,607949 3,427430
-0,026622 -0,168541 3,394146 0,541246 -0,076599 2,371136 -0,377636 1,437487 3,343948 -0,029363 0,613533 3,439294
-0,032596 -0,170279 3,402868 0,552661 -0,066591 2,364860 -0,370030 1,437765 3,349128 -0,029534 0,605436 3,389803
-0,036126 -0,164943 3,386879 0,527179 -0,018830 2,349830 -0,372990 1,424214 3,369257 -0,014670 0,613097 3,414955
-0,041711 -0,174008 3,391554 0,475384 0,118996 2,493167 -0,369429 1,427606 3,368160 0,004296 0,611925 3,452391
-0,045753 -0,168318 3,391507 0,436360 0,223037 2,532156 -0,368885 1,415139 3,358192 -0,006865 0,617088 3,439392
-0,055551 -0,180560 3,363162 0,457213 0,526051 2,668880 -0,369629 1,433306 3,368788 -0,019673 0,590478 3,454360
-0,052734 -0,171456 3,345998 0,410792 0,882449 2,869885 -0,367652 1,428930 3,365474 -0,012595 0,586416 3,428715
-0,042138 -0,164113 3,336760 0,393138 1,027404 2,962286 -0,367464 1,418833 3,356184 -0,023352 0,595702 3,441505
-0,037612 -0,169743 3,346614 0,401931 1,215276 3,174771 -0,365837 1,434922 3,366955 -0,019311 0,609197 3,480395
-0,030229 -0,162626 3,327554 0,345785 1,280438 3,389395 -0,360946 1,438206 3,353163 -0,012007 0,601410 3,454651
