24 12
-0,042907 -0,157692 3,350746 0,234022 1,251700 3,102016 -0,387912 1,232936 3,064566 -0,078405 0,610913 3,401420
-0,037724 -0,163484 3,358307 0,192978 1,155990 2,984751 -0,327879 1,131402 2,952081 -0,074933 0,598612 3,414020
-0,038857 -0,168389 3,359945 0,151709 1,048172 2,868340 -0,261994 1,019652 2,850914 -0,077853 0,571491 3,400310
-0,032751 -0,170782 3,366794 0,084260 0,986322 2,817642 -0,203056 0,906045 2,789672 -0,084767 0,535474 3,421847
-0,030387 -0,179681 3,385473 0,034761 0,919093 2,769759 -0,133354 0,816925 2,780295 -0,071631 0,582595 3,426646
-0,028943 -0,188145 3,381946 0,019856 0,760072 2,584747 -0,076356 0,775169 2,821016 -0,067533 0,588272 3,439378
-0,026643 -0,182880 3,384947 0,038729 0,734792 2,594748 -0,070764 0,734854 2,789559 -0,067880 0,599602 3,465289
-0,023196 -0,171770 3,395143 0,076451 0,731722 2,684139 -0,067630 0,706486 2,775752 -0,060603 0,603298 3,465908
-0,027720 -0,180307 3,391878 0,093229 0,725738 2,727217 -0,072291 0,672312 2,772879 -0,064178 0,593941 3,452662
-0,023355 -0,183127 3,384474 0,098083 0,731303 2,744015 -0,089359 0,639368 2,772785 -0,072005 0,597985 3,478252
-0,026077 -0,183229 3,415629 0,104006 0,734703 2,753727 -0,095002 0,620988 2,749898 -0,072200 0,594311 3,478293
-0,023869 -0,181096 3,406599 0,106194 0,723719 2,688993 -0,052406 0,657605 2,759939 -0,068270 0,599590 3,465571
-0,026648 -0,175457 3,391436 0,091882 0,711064 2,688122 -0,024854 0,697282 2,853389 -0,068270 0,599590 3,465571
-0,024219 -0,180287 3,393109 0,076841 0,731419 2,665496 -0,020953 0,709164 2,843340 -0,063979 0,597574 3,452538
-0,027012 -0,184683 3,398668 0,090573 0,762880 2,679877 -0,035492 0,725051 2,811843 -0,064373 0,590293 3,452697
-0,028993 -0,176586 3,398038 0,101499 0,804255 2,715530 -0,050144 0,757900 2,824286 -0,064178 0,593941 3,452662
-0,030461 -0,180264 3,398444 0,119890 0,845719 2,765104 -0,078811 0,805981 2,838087 -0,072768 0,590511 3,477993
-0,035616 -0,175855 3,381852 0,129335 0,937425 2,802490 -0,125622 0,866767 2,849020 -0,080328 0,553477 3,450090
-0,035086 -0,175964 3,382033 0,157813 1,032375 2,867716 -0,190389 0,936869 2,865852 -0,074235 0,541125 3,412297
-0,042256 -0,169939 3,366043 0,186471 1,119013 2,929928 -0,261862 1,043753 2,919964 -0,078034 0,582246 3,400728
-0,044438 -0,173088 3,376445 0,223728 1,197606 3,043011 -0,333373 1,138356 2,986893 -0,074343 0,598174 3,388860
-0,042974 -0,162005 3,370772 0,257636 1,246145 3,135089 -0,408466 1,226730 3,092380 -0,067748 0,609432 3,414575
-0,042196 -0,152989 3,372292 0,292170 1,284607 3,217443 -0,468867 1,294248 3,173689 -0,063691 0,618197 3,402297
-0,047920 -0,149882 3,370279 0,306299 1,308824 3,293838 -0,493801 1,332629 3,264765 -0,063277 0,625388 3,402133
