24 12
-0,035678 -0,159397 3,316382 0,331139 1,313494 3,297514 -0,397536 1,392312 3,261834 -0,023513 0,621062 3,441847
-0,037849 -0,141893 3,331810 0,329951 1,265662 3,209106 -0,397360 1,356956 3,188493 -0,015447 0,620497 3,416439
-0,042879 -0,156744 3,320400 0,300117 1,183637 3,077610 -0,391182 1,326207 3,117531 -0,015859 0,613289 3,416518
-0,041481 -0,161685 3,317680 0,248430 1,103649 2,966358 -0,367210 1,263935 3,026237 -0,019552 0,596852 3,403619
-0,052690 -0,165146 3,331244 0,182978 1,001732 2,907877 -0,343772 1,176508 2,950969 -0,020519 0,571481 3,402247
-0,052654 -0,173504 3,347763 0,085166 0,897857 2,871807 -0,316879 1,101225 2,886287 -0,028402 0,546067 3,400111
-0,061462 -0,178410 3,345506 0,024675 0,826047 2,829771 -0,288555 1,032248 2,852359 -0,015390 0,577592 3,441024
-0,066708 -0,181944 3,356066 -0,046301 0,822481 2,891151 -0,256269 0,967130 2,809366 -0,033829 0,583120 3,453029
-0,074815 -0,174908 3,360674 -0,120224 0,857219 2,986743 -0,209215 0,935073 2,739922 -0,041277 0,583096 3,452741
-0,074116 -0,187046 3,364832 -0,140958 0,855054 2,926811 -0,195528 0,924960 2,754713 -0,045319 0,574185 3,465696
-0,074920 -0,179428 3,360691 -0,152916 0,835600 2,921299 -0,237698 0,949917 2,793005 -0,041659 0,583148 3,453323
-0,080786 -0,176482 3,353974 -0,138656 0,821324 2,880815 -0,273582 0,942857 2,813687 -0,037669 0,577537 3,440313
-0,079091 -0,173727 3,363073 -0,117061 0,801254 2,872710 -0,285059 0,933645 2,831043 -0,030363 0,581522 3,466377
-0,079014 -0,180380 3,354142 -0,153972 0,815593 2,908290 -0,274903 0,923051 2,792992 -0,037488 0,573886 3,439932
-0,079387 -0,185091 3,349119 -0,158909 0,853834 2,938478 -0,253290 0,910946 2,783116 -0,048539 0,579387 3,451936
-0,071264 -0,181314 3,354296 -0,173372 0,866057 2,902958 -0,253932 0,937401 2,804484 -0,044941 0,574104 3,464923
-0,071842 -0,178558 3,341952 -0,141643 0,898500 2,900695 -0,277720 0,940714 2,829088 -0,036291 0,540759 3,434741
-0,063480 -0,162216 3,334638 -0,105722 0,910157 2,875223 -0,274551 0,976664 2,881865 -0,039884 0,546064 3,446369
-0,058968 -0,183127 3,353430 -0,059536 0,952560 2,828851 -0,292256 1,030119 2,891426 -0,035198 0,506996 3,426506
-0,056276 -0,169718 3,349720 0,013177 1,010743 2,846991 -0,319474 1,094146 2,949436 -0,038810 0,555473 3,414464
-0,051044 -0,169623 3,341654 0,104661 1,084755 2,892273 -0,362474 1,181883 3,023015 -0,042404 0,575068 3,402061
-0,047964 -0,170912 3,339884 0,178325 1,139170 2,941489 -0,415762 1,259215 3,094450 -0,042020 0,597198 3,428168
-0,045501 -0,168292 3,330883 0,248361 1,203903 3,013638 -0,449389 1,307515 3,153629 -0,034216 0,604490 3,428486
-0,039713 -0,165821 3,337233 0,299813 1,234567 3,106755 -0,463463 1,341560 3,203933 -0,027095 0,607574 3,403540
