23 12
-0,031814 -0,170936 3,354421 0,425543 1,189828 3,067104 -0,532809 1,435857 3,707496 -0,012024 0,598231 3,480545
-0,032721 -0,174254 3,350386 0,513971 1,074314 2,901672 -0,670271 1,439920 3,804512 -0,004582 0,586875 3,454582
-0,028866 -0,174881 3,352922 0,783525 0,909257 3,079535 -0,879874 0,985869 3,120093 -0,004493 0,595018 3,506940
-0,027486 -0,178010 3,357421 0,872800 0,479816 2,810318 -1,134734 0,691240 3,317477 0,007271 0,597056 3,520090
-0,024813 -0,180586 3,357365 0,919363 0,361406 2,916045 -1,179936 0,521395 3,264439 0,007152 0,592930 3,493552
-0,021874 -0,183931 3,358062 1,018391 0,168037 3,043647 -1,202522 0,322444 3,215883 -0,004598 0,579608 3,454474
-0,014696 -0,183881 3,373132 0,997649 0,248950 2,949775 -1,191075 0,422257 3,133877 0,003052 0,583237 3,454530
-0,009880 -0,187632 3,378094 0,986232 0,347781 2,915019 -1,149824 0,531909 3,065373 0,006837 0,585238 3,467532
-0,016085 -0,184594 3,389354 1,056930 0,486220 2,944241 -1,147631 0,775545 3,261049 -0,000768 0,585619 3,493662
-0,018670 -0,190917 3,374458 1,060050 0,342056 2,962478 -1,241407 0,678982 3,331892 0,003144 0,587254 3,480521
-0,025237 -0,189148 3,386537 1,059505 0,264825 2,961994 -1,260422 0,569318 3,316849 0,010310 0,579611 3,454684
-0,030765 -0,191810 3,358166 1,099025 0,184985 3,049976 -1,280179 0,412373 3,263353 0,017932 0,576282 3,480623
-0,040424 -0,193556 3,383658 1,041679 0,320158 2,912779 -1,222116 0,504485 3,165745 0,006562 0,581943 3,493736
-0,044465 -0,192843 3,392519 1,063770 0,369934 2,979263 -1,214460 0,523099 3,196537 -0,008113 0,581935 3,493334
-0,049617 -0,186809 3,368221 1,019711 0,290254 2,964912 -1,225884 0,409641 3,159385 0,003126 0,579937 3,480408
-0,051245 -0,185562 3,362069 1,023144 0,198848 3,076091 -1,235119 0,281335 3,166450 -0,004508 0,587648 3,506820
-0,046894 -0,185141 3,352157 0,995912 0,199649 3,047945 -1,241794 0,291582 3,187346 -0,004508 0,587648 3,506820
-0,040874 -0,187052 3,364035 0,969405 0,377038 3,011428 -1,247539 0,518833 3,301374 -0,004508 0,587648 3,506820
-0,036337 -0,177299 3,350755 0,911650 0,756471 3,091166 -1,023803 0,788346 3,000844 -0,008320 0,584871 3,441648
-0,036388 -0,176369 3,352007 0,885449 0,985338 3,291992 -0,928176 0,905724 3,008925 -0,004960 0,586844 3,454569
-0,041409 -0,162271 3,345272 0,656800 1,137118 3,075162 -0,810141 1,243670 3,455596 -0,004751 0,597775 3,454783
-0,049238 -0,167055 3,346572 0,525759 1,370810 3,503207 -0,567047 1,241602 3,185440 -0,012216 0,586480 3,428888
-0,047778 -0,170620 3,342403 0,456025 1,366983 3,487198 -0,491331 1,278155 3,240646 -0,004551 0,601419 3,454799
