41 12
-0,096893 -0,178402 3,293825 0,331478 1,325493 3,180276 -0,443964 1,380724 3,319425 -0,093305 0,614347 3,400612
-0,094693 -0,172364 3,300776 0,365722 1,310447 3,133987 -0,441219 1,387126 3,321984 -0,093103 0,625149 3,400735
-0,098083 -0,169931 3,314669 0,405281 1,288749 3,023198 -0,442228 1,377825 3,321501 -0,093104 0,617969 3,400633
-0,090738 -0,169069 3,312325 0,426067 1,229345 2,942458 -0,438998 1,378966 3,318121 -0,101212 0,625684 3,425523
-0,093089 -0,168641 3,311109 0,432627 1,135156 2,814977 -0,440400 1,374378 3,309637 -0,101009 0,622102 3,425428
-0,088908 -0,167529 3,314677 0,413220 0,987816 2,726229 -0,438872 1,378023 3,322863 -0,107996 0,614203 3,399618
-0,088848 -0,179212 3,323160 0,369454 0,827998 2,655058 -0,438229 1,372845 3,315580 -0,104810 0,612673 3,412376
-0,085153 -0,179888 3,319394 0,333309 0,646285 2,640332 -0,436001 1,379472 3,314785 -0,101406 0,614793 3,425310
-0,082005 -0,177094 3,321836 0,278619 0,497317 2,660789 -0,436822 1,378569 3,313100 -0,101209 0,618456 3,425412
-0,080209 -0,172599 3,312708 0,221383 0,374730 2,689923 -0,437925 1,374339 3,311368 -0,107592 0,621431 3,399547
-0,081371 -0,172162 3,325458 0,182203 0,250887 2,733062 -0,440505 1,378632 3,324480 -0,106504 0,639213 3,397880
-0,086308 -0,171424 3,321628 0,167482 0,186732 2,815562 -0,444663 1,369411 3,316692 -0,118507 0,645014 3,411072
-0,085797 -0,168127 3,316283 0,148543 0,159041 2,909860 -0,442653 1,377493 3,329833 -0,121842 0,665087 3,422230
-0,088193 -0,166109 3,309170 0,147385 0,155131 2,941268 -0,439866 1,378801 3,320363 -0,125865 0,652134 3,410564
-0,092112 -0,169335 3,308283 0,151459 0,182673 2,941505 -0,441600 1,385744 3,347693 -0,122302 0,665216 3,423308
-0,093581 -0,167928 3,313427 0,152190 0,161402 2,939742 -0,442480 1,375077 3,323065 -0,125865 0,652134 3,410564
-0,100131 -0,168091 3,330204 0,167123 0,170317 2,891113 -0,443607 1,374021 3,326631 -0,126087 0,641339 3,410727
-0,100322 -0,173741 3,323620 0,181162 0,184742 2,836685 -0,441842 1,377628 3,318065 -0,121391 0,649889 3,397396
-0,101403 -0,173109 3,326134 0,201572 0,216292 2,767982 -0,443779 1,383271 3,330219 -0,106022 0,653385 3,396716
-0,102051 -0,173880 3,328837 0,209869 0,249445 2,714058 -0,447200 1,378677 3,327267 -0,107797 0,625003 3,399729
-0,102263 -0,172732 3,349466 0,214248 0,274243 2,647060 -0,444652 1,371182 3,319259 -0,107379 0,632201 3,399486
-0,102533 -0,179373 3,342924 0,211117 0,299176 2,631502 -0,444596 1,381301 3,317087 -0,118062 0,622798 3,386027
-0,102360 -0,178667 3,344473 0,201954 0,303924 2,648066 -0,441371 1,384230 3,321294 -0,113867 0,631430 3,373741
-0,103827 -0,170675 3,340606 0,180298 0,263694 2,670937 -0,442540 1,381894 3,321146 -0,118058 0,637108 3,386228
-0,104895 -0,173330 3,334955 0,169200 0,236073 2,730820 -0,445173 1,375086 3,323372 -0,126299 0,630531 3,410801
-0,103783 -0,169538 3,330288 0,159304 0,213920 2,804019 -0,448640 1,376617 3,326451 -0,127969 0,642832 3,462252
-0,104368 -0,173781 3,329483 0,160261 0,212425 2,866848 -0,445666 1,381720 3,327281 -0,129224 0,664994 3,421577
-0,106765 -0,171416 3,330934 0,162745 0,201882 2,906435 -0,445459 1,371370 3,319355 -0,125634 0,662914 3,410313
-0,102528 -0,166136 3,333142 0,169646 0,190178 2,928801 -0,448306 1,382278 3,331042 -0,129974 0,669547 3,447169
-0,104863 -0,168922 3,328834 0,187280 0,198138 2,906012 -0,449827 1,368662 3,320742 -0,128727 0,649799 3,396758
-0,106777 -0,171701 3,328241 0,216384 0,244833 2,858585 -0,447962 1,376840 3,321502 -0,128503 0,646142 3,396133
-0,107066 -0,168677 3,334174 0,242110 0,319360 2,782666 -0,447315 1,380184 3,313047 -0,111781 0,627082 3,412057
-0,107338 -0,175782 3,323912 0,279035 0,388495 2,730500 -0,446034 1,375032 3,314655 -0,114933 0,621352 3,398992
-0,110677 -0,170777 3,326767 0,337177 0,519678 2,687472 -0,451408 1,382142 3,326653 -0,115138 0,617746 3,399077
-0,115913 -0,170410 3,348596 0,394946 0,646356 2,664565 -0,448861 1,373640 3,317628 -0,119143 0,619798 3,411384
-0,115376 -0,187731 3,347132 0,438801 0,755851 2,620473 -0,447829 1,381443 3,319625 -0,116374 0,610959 3,424082
-0,114543 -0,180724 3,348913 0,472831 0,897776 2,703358 -0,451445 1,381421 3,335862 -0,119342 0,616163 3,411385
-0,114165 -0,177478 3,336218 0,504120 1,047829 2,814684 -0,453221 1,360997 3,321654 -0,115787 0,621947 3,424349
-0,120518 -0,179359 3,338693 0,480467 1,174814 2,953039 -0,454178 1,363005 3,328407 -0,101209 0,618456 3,425412
-0,115221 -0,172393 3,326382 0,434980 1,249883 3,046693 -0,452524 1,378899 3,340976 -0,107996 0,614203 3,399618
-0,116238 -0,178803 3,321940 0,382484 1,304888 3,144465 -0,452418 1,383245 3,342818 -0,104233 0,608549 3,387271
