26 12
-0,038522 -0,183585 3,339309 0,332115 1,289623 3,248327 -0,436811 1,405327 3,470617 -0,030753 0,617436 3,441612
-0,048176 -0,188431 3,323659 0,538773 1,258225 3,418626 -0,572180 1,263105 3,197095 -0,034156 0,612261 3,454040
-0,062514 -0,188857 3,343847 0,739758 0,738103 2,776485 -0,955768 1,317978 3,663449 -0,026606 0,608121 3,428629
-0,075747 -0,195661 3,344609 0,835112 0,540477 2,799285 -1,073898 1,189943 3,623686 -0,019245 0,612303 3,454498
-0,092804 -0,195359 3,320104 0,986731 0,178882 2,984807 -1,162674 0,841806 3,267406 -0,026821 0,597289 3,428617
-0,112634 -0,189807 3,356488 1,001057 -0,057591 2,980786 -1,296848 0,701483 3,432403 -0,015335 0,599322 3,441340
-0,118705 -0,195038 3,363831 1,003881 -0,092351 2,997208 -1,298078 0,669098 3,389778 -0,011820 0,593703 3,428819
-0,126516 -0,183748 3,360666 1,003628 -0,005986 2,969804 -1,297444 0,793383 3,486838 -0,018998 0,586076 3,403074
-0,129287 -0,196097 3,366807 1,010374 0,179008 2,888035 -1,220528 0,913197 3,419551 -0,034371 0,601354 3,454028
-0,127946 -0,192465 3,351068 1,038115 0,174626 2,912704 -1,233646 0,914824 3,480020 -0,027015 0,605522 3,480271
-0,120894 -0,200487 3,362607 1,024853 0,048695 2,901922 -1,256961 0,739638 3,338299 -0,034183 0,597712 3,453820
-0,113625 -0,194217 3,349972 1,032729 -0,068586 3,000960 -1,308863 0,560728 3,384234 -0,023095 0,588078 3,415929
-0,114555 -0,197804 3,354611 1,010755 -0,065477 2,991130 -1,311684 0,496199 3,353238 -0,026650 0,586452 3,428317
-0,108995 -0,195635 3,358403 0,978654 0,022537 2,913625 -1,292333 0,524028 3,323308 -0,030195 0,599288 3,440898
-0,105721 -0,196297 3,363277 0,977737 0,247472 2,870335 -1,248832 0,703441 3,284990 -0,026821 0,597289 3,428617
-0,099210 -0,195286 3,369909 1,009320 0,312795 2,909015 -1,252759 0,752822 3,372636 -0,026620 0,600895 3,428525
-0,096349 -0,200202 3,352428 1,022666 0,221147 2,901593 -1,257272 0,635435 3,326293 -0,026727 0,593256 3,403317
-0,089917 -0,196706 3,343773 1,027121 0,081442 2,986231 -1,282673 0,466264 3,361003 -0,030466 0,595254 3,415810
-0,090080 -0,194174 3,339224 1,013959 0,056586 3,024467 -1,262739 0,423303 3,353695 -0,019261 0,605026 3,454389
-0,079416 -0,197360 3,333913 0,974506 0,134512 2,981959 -1,296765 0,483922 3,366456 -0,019463 0,601396 3,454474
-0,068607 -0,192671 3,335486 0,910074 0,455605 2,990031 -1,179462 0,710966 3,201775 -0,019352 0,600449 3,403618
-0,062270 -0,197357 3,329069 0,887145 0,664018 3,092331 -1,093638 0,845736 3,149246 -0,019352 0,600449 3,403618
-0,053892 -0,183840 3,345704 0,696572 0,955871 2,923100 -1,017033 1,233405 3,577645 -0,018944 0,607598 3,403365
-0,046935 -0,183734 3,318742 0,570602 1,276842 3,341387 -0,703910 1,227344 3,199282 -0,030029 0,616832 3,415736
-0,045218 -0,184433 3,322747 0,501778 1,322733 3,367402 -0,616822 1,277602 3,237549 -0,026783 0,618972 3,428929
-0,033190 -0,186930 3,319578 0,365242 1,290396 3,230150 -0,501488 1,424141 3,526844 -0,026783 0,618972 3,428929
