33 12
-0,072961 -0,085605 2,988154 0,368594 1,320866 3,069603 -0,452797 1,443425 3,109552 -0,004755 0,641149 3,104051
-0,074084 -0,088139 3,000171 0,365284 1,329893 3,072628 -0,467685 1,443086 3,041263 -0,001373 0,639164 3,093504
-0,067427 -0,086255 3,005571 0,366351 1,324153 3,065596 -0,484700 1,404023 2,892728 0,002072 0,641155 3,104158
-0,066356 -0,087460 3,022979 0,366189 1,324360 3,067770 -0,499565 1,304860 2,723052 0,015726 0,641152 3,104299
-0,066569 -0,086308 3,045226 0,367032 1,315116 3,043988 -0,499782 1,154154 2,518788 0,025858 0,639149 3,093735
-0,069623 -0,089073 3,050807 0,364782 1,330598 3,066635 -0,493008 0,918523 2,289934 0,042719 0,637125 3,083143
-0,070959 -0,081015 3,055531 0,362365 1,322577 3,050576 -0,483130 0,599267 2,107815 0,042853 0,651031 3,104379
-0,067120 -0,082422 3,039583 0,352322 1,324580 3,039143 -0,474337 0,248033 2,027128 -0,019832 0,691298 3,190911
-0,062277 -0,031657 3,015155 0,351292 1,330662 3,043591 -0,480031 -0,046146 2,039879 -0,019608 0,687966 3,191124
-0,074258 -0,065945 3,032602 0,344604 1,328540 3,032731 -0,454916 -0,295292 2,103364 -0,026549 0,686570 3,236421
-0,071149 -0,073833 3,011979 0,345880 1,324745 3,036016 -0,443866 -0,492020 2,209008 -0,023093 0,665433 3,179733
-0,068488 -0,073222 2,995188 0,353468 1,316089 3,033188 -0,418704 -0,621281 2,333471 -0,029936 0,673134 3,202135
-0,066753 -0,077142 2,989280 0,354945 1,323304 3,046040 -0,390202 -0,704895 2,445360 -0,015668 0,661334 3,158046
-0,068770 -0,077557 2,993423 0,360727 1,317395 3,044410 -0,362910 -0,762911 2,540628 -0,012216 0,656691 3,169085
-0,069342 -0,074187 2,985319 0,358027 1,320881 3,045894 -0,345744 -0,794886 2,597199 -0,018898 0,655909 3,147032
-0,072130 -0,076809 2,987171 0,362684 1,318769 3,053225 -0,337822 -0,804865 2,619165 -0,018936 0,660071 3,168994
-0,069748 -0,075111 2,981150 0,358146 1,326925 3,044948 -0,335427 -0,794245 2,614360 -0,008505 0,662195 3,180296
-0,070441 -0,076186 2,985605 0,356122 1,331164 3,053671 -0,339266 -0,772718 2,584447 -0,019597 0,656584 3,168677
-0,068765 -0,081126 3,004267 0,357388 1,314251 3,040426 -0,349941 -0,725228 2,523696 -0,002264 0,654545 3,157947
-0,068525 -0,079141 3,017929 0,357009 1,312684 3,038932 -0,364617 -0,652888 2,435413 -0,012201 0,667679 3,191380
-0,064527 -0,076705 3,032070 0,357637 1,311743 3,040082 -0,382192 -0,535355 2,336064 -0,019445 0,675335 3,213697
-0,062333 -0,068822 3,036684 0,357430 1,316720 3,051097 -0,412697 -0,379568 2,237768 -0,019436 0,682178 3,213754
-0,039530 -0,042592 2,978791 0,360054 1,317603 3,056767 -0,451478 -0,157481 2,175438 -0,008892 0,686840 3,202698
-0,059669 -0,069193 3,050660 0,362257 1,314754 3,054505 -0,449089 0,095343 2,096422 -0,012619 0,692411 3,213797
-0,057944 -0,076091 3,057159 0,363811 1,326245 3,063709 -0,491878 0,373307 2,046379 0,002679 0,674483 3,191404
-0,054762 -0,077365 3,062551 0,362792 1,325735 3,066316 -0,525498 0,632383 2,064347 0,052575 0,634460 3,051722
-0,056053 -0,085094 3,050594 0,366160 1,316674 3,045316 -0,540342 0,866514 2,183962 0,042408 0,633211 3,062265
-0,049639 -0,085731 3,050676 0,374660 1,319034 3,075881 -0,542092 1,062662 2,363154 0,029357 0,634513 3,104308
-0,049363 -0,084682 3,044705 0,370927 1,322926 3,075666 -0,538907 1,223211 2,550362 0,019457 0,646444 3,114867
-0,049698 -0,078928 3,039400 0,367443 1,315684 3,054249 -0,522312 1,336632 2,730572 0,022777 0,651819 3,125775
-0,052844 -0,083000 3,025180 0,370346 1,324053 3,072534 -0,502913 1,390836 2,898734 0,009248 0,648477 3,125519
-0,057152 -0,082704 3,015340 0,374548 1,321437 3,074131 -0,475717 1,415995 3,018647 0,008588 0,645175 3,125749
-0,059741 -0,080019 3,013308 0,369935 1,327416 3,070057 -0,453175 1,419116 3,104350 -0,004919 0,648503 3,125571
