24 12
-0,093792 -0,081411 3,018731 0,274352 1,319821 2,969202 -0,416870 1,254365 3,000908 -0,067233 0,635557 3,145138
-0,092826 -0,084770 3,017103 0,280660 1,318837 2,967869 -0,391304 1,177372 2,913507 -0,063638 0,633587 3,134442
-0,092703 -0,085341 3,023898 0,285715 1,316537 2,985735 -0,405250 0,942603 2,742063 -0,059507 0,622188 3,144685
-0,097759 -0,089064 3,032223 0,284992 1,320525 2,988979 -0,339703 0,674166 2,520675 -0,063734 0,627530 3,156090
-0,099856 -0,084067 3,036583 0,281616 1,322855 2,989820 -0,335402 0,574331 2,462543 -0,060064 0,631628 3,123807
-0,095617 -0,086578 3,053204 0,283663 1,329077 2,987593 -0,356637 0,465632 2,329615 -0,054081 0,632180 3,145539
-0,096590 -0,080167 3,049009 0,282376 1,316032 2,974113 -0,363565 0,430964 2,276762 -0,053889 0,643024 3,167732
-0,091277 -0,081200 3,047076 0,281248 1,309970 2,958209 -0,360963 0,410114 2,267169 -0,053882 0,649768 3,167783
-0,084623 -0,080808 3,056515 0,283508 1,302893 2,978110 -0,314930 0,408208 2,399148 -0,050737 0,640918 3,156654
-0,088155 -0,085616 3,062198 0,278828 1,317719 2,998588 -0,291158 0,424010 2,355011 -0,057229 0,640970 3,156581
-0,090090 -0,090967 3,069388 0,280144 1,319287 3,005597 -0,303821 0,428687 2,312189 -0,061539 0,640199 3,189396
-0,094686 -0,087211 3,069307 0,275493 1,313385 2,980035 -0,340329 0,414058 2,224369 -0,054106 0,639613 3,167637
-0,085679 -0,087062 3,065800 0,279142 1,307485 2,979209 -0,327105 0,392845 2,273875 -0,064963 0,652490 3,200674
-0,083234 -0,089927 3,070647 0,276256 1,308139 2,977107 -0,305255 0,401302 2,321528 -0,061325 0,643647 3,189560
-0,087175 -0,084849 3,061597 0,266981 1,301157 2,981079 -0,282085 0,408474 2,344965 -0,064872 0,644899 3,178152
-0,100175 -0,089682 3,093439 0,261372 1,307928 2,987394 -0,272258 0,411179 2,232293 -0,095305 0,662255 3,291121
-0,102029 -0,087337 3,083156 0,260811 1,306067 2,979006 -0,296034 0,412819 2,183913 -0,097982 0,663717 3,279478
-0,100978 -0,089374 3,072550 0,262538 1,288194 2,949285 -0,312196 0,437012 2,210270 -0,061043 0,639567 3,167342
-0,091685 -0,093839 3,051927 0,264910 1,285219 2,942936 -0,358146 0,549337 2,331903 -0,059799 0,619396 3,166548
-0,090218 -0,100341 3,054528 0,268348 1,286039 2,946389 -0,373437 0,629351 2,405450 -0,076209 0,603012 3,111342
-0,089158 -0,091067 3,040828 0,290778 1,299839 2,987211 -0,380435 0,859826 2,533516 -0,055549 0,606832 3,133177
-0,088567 -0,089708 3,035811 0,297093 1,302167 2,992686 -0,490145 1,122896 2,779886 -0,067663 0,628792 3,145041
-0,090761 -0,084723 3,040538 0,300773 1,313695 2,999044 -0,495534 1,205564 2,900092 -0,067449 0,632182 3,145123
-0,092387 -0,087400 3,024704 0,312658 1,327227 3,031451 -0,463335 1,311364 3,103379 -0,067663 0,628792 3,145041
