14 12
-0,063456 -0,079924 2,910372 0,258520 1,304326 2,952113 -0,473236 1,361206 2,974102 -0,045302 0,658514 3,040490
-0,059838 -0,083910 2,921224 0,243525 1,292458 2,927495 -0,504407 1,284986 2,738646 -0,052024 0,651231 3,019891
-0,063081 -0,085289 2,929080 0,251763 1,291877 2,932732 -0,466703 1,015027 2,527713 -0,041520 0,636447 3,009978
-0,061914 -0,082434 2,936750 0,248472 1,300348 2,941787 -0,473878 0,732465 2,349888 -0,042543 0,653211 3,030354
-0,064848 -0,074578 2,925660 0,249008 1,299237 2,947873 -0,526278 0,310812 2,463794 -0,032799 0,648947 2,960280
-0,062542 -0,079299 2,920086 0,251891 1,301863 2,950558 -0,498145 0,060252 2,556844 -0,038789 0,638896 2,941091
-0,057570 -0,076981 2,919039 0,251249 1,303888 2,943134 -0,471609 0,033216 2,702869 -0,038924 0,642708 2,960508
-0,056606 -0,080831 2,917198 0,247945 1,295098 2,932218 -0,438653 0,048547 2,835982 -0,029782 0,647632 2,969848
-0,057972 -0,077527 2,925891 0,248014 1,305468 2,943725 -0,438906 0,163740 2,713194 -0,033694 0,654853 2,958749
-0,057255 -0,078230 2,927490 0,250666 1,297529 2,947476 -0,454424 0,278460 2,571692 -0,032675 0,656113 2,980183
-0,051345 -0,081417 2,933533 0,255491 1,301100 2,958036 -0,477702 0,633465 2,416126 -0,038691 0,644845 3,020369
-0,047751 -0,083903 2,920845 0,247445 1,291036 2,929403 -0,561523 1,007747 2,429915 -0,038691 0,644845 3,020369
-0,048259 -0,080700 2,930531 0,249910 1,302179 2,947973 -0,560860 1,159750 2,586152 -0,035633 0,650042 3,030633
-0,050186 -0,083273 2,917486 0,249535 1,298708 2,940876 -0,497093 1,378599 2,975474 -0,035633 0,650042 3,030633
