18 12
-0,227772 -0,098286 3,015074 0,111293 1,320764 2,980862 -0,647532 1,452326 3,129490 -0,178678 0,630739 3,082812
-0,227843 -0,101577 3,020710 0,116475 1,323921 2,983473 -0,678906 1,421906 3,029325 -0,183273 0,626685 3,114176
-0,228456 -0,101691 3,042753 0,104239 1,330473 2,978088 -0,757283 1,043831 2,370361 -0,163931 0,634286 3,137967
-0,239666 -0,081680 3,077357 0,093768 1,331519 2,979150 -0,718138 0,504550 2,176791 -0,175557 0,655864 3,147408
-0,243691 -0,085250 3,058235 0,096486 1,333629 2,961258 -0,712696 0,163516 2,104568 -0,201840 0,680134 3,257620
-0,247897 -0,081885 3,039723 0,096486 1,336236 2,964755 -0,673394 -0,431343 2,348135 -0,205397 0,653351 3,188179
-0,235947 -0,077826 3,004231 0,105789 1,334574 2,986869 -0,629397 -0,683662 2,444378 -0,206553 0,650782 3,155230
-0,238555 -0,080415 2,997857 0,096601 1,337007 2,992090 -0,599099 -0,760252 2,565217 -0,210338 0,649485 3,165867
-0,236751 -0,085230 2,990893 0,099293 1,329667 2,980620 -0,562096 -0,836334 2,725366 -0,202079 0,655771 3,200347
-0,239932 -0,078362 3,000808 0,101567 1,322768 2,965664 -0,546416 -0,810100 2,674939 -0,200772 0,655079 3,178155
-0,237342 -0,084030 3,001918 0,101258 1,319047 2,971453 -0,550607 -0,766520 2,613997 -0,209247 0,658906 3,199322
-0,229034 -0,079388 3,032161 0,101676 1,324005 2,976838 -0,596011 -0,543060 2,306371 -0,194075 0,658512 3,178831
-0,200629 -0,085057 2,965003 0,107571 1,343668 3,000414 -0,589151 -0,156271 2,204175 -0,194293 0,661783 3,178631
-0,225096 -0,077621 3,049769 0,101918 1,335115 2,999826 -0,587542 0,106552 2,130509 -0,190933 0,664187 3,190589
-0,218811 -0,099752 3,052221 0,100430 1,320367 2,985130 -0,580755 0,714793 2,198422 -0,124567 0,619098 3,108805
-0,216221 -0,096952 3,056307 0,111242 1,339564 3,016744 -0,668547 1,129307 2,454580 -0,159862 0,629077 3,127438
-0,216185 -0,092261 3,051630 0,106450 1,325705 2,997605 -0,657738 1,259548 2,646652 -0,156863 0,637796 3,138653
-0,220116 -0,099457 3,026852 0,108737 1,331571 3,005420 -0,604630 1,428434 3,055506 -0,183492 0,629948 3,114234
