22 12
-0,072244 -0,079996 2,942060 0,281894 1,346356 3,032307 -0,472467 1,284443 2,720316 -0,035788 0,665477 3,092956
-0,082783 -0,084555 2,967272 0,278135 1,348035 3,027610 -0,427137 1,051458 2,491388 -0,021315 0,652268 3,092734
-0,086495 -0,086696 2,970656 0,283597 1,355397 3,036738 -0,425019 0,847032 2,323129 -0,028548 0,658903 3,092975
-0,087408 -0,083964 2,975453 0,275992 1,348546 3,022431 -0,471781 0,497759 2,160067 -0,022502 0,677226 3,136191
-0,088327 -0,073128 2,988081 0,278274 1,351012 3,031117 -0,382103 0,408448 2,019622 -0,022882 0,686208 3,114457
-0,087707 -0,083954 2,991038 0,272983 1,350645 3,028201 -0,389431 0,457911 1,998267 -0,029157 0,680570 3,136053
-0,085285 -0,072995 2,996138 0,278416 1,365784 3,048729 -0,381021 0,500391 2,015523 -0,012838 0,689309 3,146853
-0,076815 -0,071644 3,001109 0,267828 1,344797 3,025110 -0,380231 0,412737 2,025719 -0,048195 0,713908 3,235646
-0,079614 -0,071047 3,005787 0,269861 1,342482 3,019360 -0,373192 0,431110 1,956934 -0,040661 0,714082 3,236264
-0,075521 -0,082914 3,014950 0,276598 1,347072 3,032483 -0,387224 0,558490 2,022717 -0,043421 0,701516 3,224613
-0,072219 -0,074123 3,011494 0,271587 1,355662 3,032555 -0,384677 0,465252 2,005528 -0,044108 0,704881 3,224623
-0,070453 -0,072940 3,016151 0,276681 1,357565 3,032849 -0,364117 0,447797 1,949422 -0,040661 0,714082 3,236264
-0,069354 -0,090899 3,006323 0,276380 1,346651 3,029318 -0,373477 0,566115 2,002694 -0,047061 0,696874 3,235872
-0,069813 -0,066627 3,011548 0,276229 1,346997 3,030775 -0,368073 0,477339 2,005305 -0,019318 0,700555 3,169155
-0,066259 -0,072698 3,008705 0,275817 1,346433 3,030583 -0,394604 0,440114 2,033146 -0,036526 0,706150 3,179912
-0,067893 -0,079353 3,008399 0,272245 1,357469 3,027344 -0,400869 0,459864 2,021907 -0,047756 0,705961 3,212997
-0,069105 -0,094352 3,003101 0,278973 1,365986 3,038023 -0,465652 0,718470 2,058886 0,006381 0,658785 3,092716
-0,069738 -0,088362 2,985207 0,282931 1,357581 3,022376 -0,504448 0,857627 2,140106 0,002153 0,667646 3,104290
-0,062531 -0,094781 2,999350 0,299702 1,341931 3,041205 -0,499275 1,121712 2,385069 -0,014918 0,654879 3,072315
-0,054364 -0,089190 2,974351 0,305886 1,345333 3,046069 -0,556795 1,250667 2,599053 -0,022010 0,666373 3,114576
-0,057249 -0,085868 2,955850 0,303865 1,343732 3,053667 -0,533939 1,313392 2,726978 -0,025396 0,664286 3,103808
-0,067919 -0,077408 2,923234 0,300037 1,343967 3,056786 -0,461004 1,420510 3,074587 -0,031974 0,674195 3,103546
