22 12
-0,106593 -0,090512 2,915526 0,183783 1,279806 2,900438 -0,522533 1,295957 2,865181 -0,089352 0,646361 3,028148
-0,107133 -0,090758 2,912808 0,183569 1,284291 2,916820 -0,627522 1,210288 2,853578 -0,085997 0,645165 3,038578
-0,110309 -0,087359 2,919151 0,183238 1,277214 2,909194 -0,670297 1,017640 2,702516 -0,085771 0,648441 3,038568
-0,109217 -0,081313 2,922574 0,181273 1,270754 2,903716 -0,741871 0,591025 2,366086 -0,079144 0,650954 3,018588
-0,111428 -0,084971 2,929244 0,184893 1,281443 2,923902 -0,585074 0,298691 2,154215 -0,073924 0,665524 2,996384
-0,103952 -0,102608 2,911570 0,183444 1,269729 2,914684 -0,482366 0,213285 2,065799 -0,067812 0,672690 3,016174
-0,118676 -0,118500 2,939231 0,178918 1,278387 2,917054 -0,349576 0,156405 2,274917 -0,070549 0,670946 3,007076
-0,100694 -0,079923 2,908792 0,176561 1,283824 2,909520 -0,466845 0,109057 2,441745 -0,070775 0,674014 3,006564
-0,103598 -0,081745 2,920278 0,178849 1,277757 2,919014 -0,497041 0,084506 2,345128 -0,095844 0,689494 3,098903
-0,093088 -0,108861 2,892718 0,186160 1,276617 2,917425 -0,430795 0,082177 2,255647 -0,085829 0,691764 3,110101
-0,091110 -0,132337 2,879918 0,182828 1,273798 2,904828 -0,346103 0,106166 2,272009 -0,067371 0,673014 3,017297
-0,090432 -0,112010 2,883698 0,183733 1,273297 2,912985 -0,399481 0,110084 2,390991 -0,067812 0,672690 3,016174
-0,093490 -0,092147 2,906692 0,180479 1,279046 2,909304 -0,487078 0,083709 2,215203 -0,089688 0,697062 3,120107
-0,128695 -0,127049 2,993989 0,183303 1,274588 2,912826 -0,337876 0,075579 2,070588 -0,089236 0,690710 3,121125
-0,130224 -0,136239 2,988250 0,188756 1,273137 2,912249 -0,309956 0,081935 2,163249 -0,077890 0,672583 3,047443
-0,089529 -0,134991 2,856874 0,175251 1,288430 2,905325 -0,349336 0,081095 2,229234 -0,092674 0,696327 3,132193
-0,106543 -0,082940 2,914451 0,185933 1,289000 2,920608 -0,523914 0,189428 2,346117 -0,060728 0,667568 3,038352
-0,102261 -0,087342 2,906075 0,189457 1,274532 2,896706 -0,562685 0,288669 2,254922 -0,060282 0,661302 3,039113
-0,091212 -0,092803 2,916489 0,182291 1,280844 2,888250 -0,599749 0,595012 2,230760 -0,062782 0,649002 3,009026
-0,088728 -0,088735 2,909777 0,193728 1,283049 2,907581 -0,617290 0,916525 2,297105 -0,068771 0,645892 3,009043
-0,090305 -0,086971 2,906945 0,187579 1,276085 2,891064 -0,600585 1,061920 2,440069 -0,075985 0,652968 3,028917
-0,092369 -0,084399 2,890512 0,193220 1,282174 2,913347 -0,490634 1,308343 2,924621 -0,082059 0,652213 3,008367
