25 12
-0,131326 -0,084701 3,009910 0,193674 1,307857 2,995928 -0,470328 1,309282 2,851823 -0,087901 0,624681 3,122292
-0,132168 -0,072735 3,023087 0,197277 1,297627 2,987113 -0,447543 1,206851 2,684481 -0,087479 0,624756 3,122309
-0,130356 -0,083123 3,038711 0,199291 1,298228 2,990893 -0,471011 0,911640 2,340751 -0,070535 0,613525 3,133968
-0,135040 -0,070271 3,051244 0,190348 1,296404 2,986366 -0,451704 0,568734 2,240263 -0,081864 0,635241 3,144080
-0,135156 -0,071541 3,045947 0,190456 1,295562 3,000499 -0,469493 0,428865 2,191415 -0,079407 0,641140 3,176661
-0,131896 -0,069431 3,056883 0,197277 1,309736 3,020391 -0,479352 0,279426 2,152028 -0,076126 0,656785 3,188084
-0,124208 -0,069095 3,060884 0,195189 1,295041 2,992149 -0,433729 0,341357 2,042196 -0,102466 0,669164 3,290753
-0,124297 -0,065325 3,061934 0,192610 1,290962 2,993313 -0,428841 0,378074 2,080243 -0,095310 0,669243 3,291203
-0,117188 -0,071408 3,068077 0,197059 1,302097 3,005003 -0,433794 0,322586 2,063500 -0,102472 0,676155 3,290836
-0,114028 -0,071268 3,062157 0,190650 1,296977 3,000007 -0,412270 0,301355 2,009553 -0,099366 0,674821 3,302638
-0,110930 -0,072458 3,068064 0,192963 1,300175 3,004864 -0,427941 0,338044 2,014017 -0,095815 0,673671 3,315053
-0,109476 -0,068211 3,078382 0,199979 1,300915 3,008781 -0,427143 0,387280 2,065984 -0,112506 0,665871 3,254645
-0,106427 -0,072582 3,074675 0,198194 1,300703 3,008803 -0,419758 0,300283 2,048211 -0,099157 0,678425 3,302952
-0,107415 -0,068274 3,082339 0,193819 1,306568 3,012952 -0,409870 0,315562 2,009387 -0,103230 0,677012 3,314373
-0,108575 -0,073718 3,082088 0,198209 1,300798 3,015295 -0,405345 0,359804 2,059040 -0,099469 0,679478 3,327115
-0,104883 -0,080849 3,081919 0,202039 1,306595 3,018714 -0,436332 0,279418 2,091717 -0,092180 0,667886 3,302984
-0,108743 -0,072697 3,076646 0,193504 1,300536 3,013695 -0,429284 0,290426 2,055863 -0,095098 0,672817 3,291439
-0,110986 -0,076890 3,069050 0,199067 1,295983 2,993924 -0,393210 0,459411 2,063580 -0,098199 0,667154 3,279479
-0,106474 -0,088103 3,058264 0,197546 1,302742 3,006861 -0,469619 0,677577 2,148288 -0,056205 0,617463 3,155726
-0,104432 -0,081119 3,054990 0,196689 1,293342 2,993302 -0,473448 0,764589 2,168720 -0,039463 0,619001 3,146134
-0,104508 -0,082728 3,051790 0,203994 1,302660 3,004928 -0,471195 0,982140 2,305056 -0,049683 0,623090 3,113479
-0,100145 -0,088998 3,034068 0,209606 1,304220 3,015083 -0,555562 1,159602 2,513379 -0,071829 0,631325 3,177713
-0,099128 -0,082974 3,029544 0,203686 1,303902 3,007094 -0,569166 1,239295 2,652249 -0,067663 0,628792 3,145041
-0,101890 -0,077169 3,020488 0,205653 1,301614 2,997006 -0,544723 1,364263 2,961149 -0,070729 0,630171 3,134091
-0,100584 -0,071461 3,011990 0,208798 1,314273 3,025176 -0,532946 1,334763 3,057382 -0,081444 0,635372 3,144377
