35 12
-0,038863 -0,078950 3,235018 0,350940 1,344186 3,261789 -0,427130 1,415514 3,257452 0,028530 0,654903 3,367545
-0,034893 -0,075852 3,240449 0,351567 1,345348 3,271462 -0,444218 1,371479 3,101005 0,028330 0,658482 3,367675
-0,028623 -0,074235 3,261853 0,344767 1,355862 3,275397 -0,458160 1,303679 2,938936 0,035124 0,650540 3,343100
-0,035473 -0,076805 3,265374 0,345086 1,354617 3,271773 -0,473734 1,157844 2,722898 0,046391 0,649127 3,355194
-0,032636 -0,082453 3,279894 0,345353 1,356315 3,274539 -0,483423 0,969752 2,544587 0,050037 0,643400 3,342836
-0,040718 -0,082947 3,291852 0,334636 1,346178 3,250415 -0,496700 0,708184 2,391112 0,061078 0,634087 3,330128
-0,041733 -0,062809 3,286561 0,327776 1,347565 3,258618 -0,491324 0,378229 2,382698 0,042568 0,678049 3,416885
-0,036014 -0,068107 3,265909 0,331097 1,347675 3,252767 -0,509783 0,092656 2,389600 0,016295 0,695706 3,454113
-0,044767 -0,054739 3,265471 0,326732 1,353635 3,248725 -0,502906 -0,185209 2,428249 0,005692 0,682740 3,442562
-0,046140 -0,063494 3,276778 0,330760 1,352553 3,250561 -0,486418 -0,396732 2,527053 0,009918 0,685219 3,456047
-0,039349 -0,060976 3,270199 0,331485 1,342085 3,248761 -0,473873 -0,541853 2,659964 0,017428 0,684210 3,430566
-0,040746 -0,059752 3,258098 0,338439 1,349785 3,250139 -0,461635 -0,632662 2,790334 0,035609 0,678198 3,417575
-0,040360 -0,059710 3,256812 0,336542 1,346947 3,253502 -0,452695 -0,683876 2,904528 0,016822 0,686691 3,404895
-0,035685 -0,061348 3,252910 0,337998 1,352849 3,263954 -0,442630 -0,706219 2,979146 0,024397 0,674994 3,380169
-0,035298 -0,058235 3,247852 0,336299 1,344023 3,257934 -0,434691 -0,715303 3,031933 0,016811 0,679481 3,404800
-0,033612 -0,063310 3,260758 0,332891 1,341024 3,243502 -0,428079 -0,711037 3,054415 0,020631 0,672736 3,367781
-0,037758 -0,061309 3,256640 0,338840 1,345596 3,255650 -0,426437 -0,715059 3,064958 0,013045 0,677190 3,392239
-0,037212 -0,066571 3,260338 0,339360 1,341539 3,260744 -0,426974 -0,713140 3,038167 0,009513 0,671389 3,379936
-0,037927 -0,066930 3,267218 0,346704 1,341801 3,270874 -0,427762 -0,708988 2,997301 0,017036 0,683142 3,405087
-0,035287 -0,062812 3,272820 0,339507 1,350221 3,273954 -0,428748 -0,697192 2,939894 0,009647 0,675936 3,404961
-0,037222 -0,061087 3,273104 0,339492 1,345611 3,261111 -0,427713 -0,665410 2,867283 0,020398 0,677184 3,392247
-0,038693 -0,062464 3,279618 0,342689 1,336342 3,260084 -0,426020 -0,611236 2,765510 0,023962 0,675796 3,404417
-0,037925 -0,063159 3,285996 0,343866 1,336399 3,265853 -0,427142 -0,529682 2,676426 0,020609 0,673648 3,392440
-0,039124 -0,064862 3,285802 0,345964 1,348282 3,282794 -0,422707 -0,411879 2,562676 0,023962 0,675796 3,404417
-0,040180 -0,055686 3,276802 0,350943 1,333576 3,269608 -0,426773 -0,258474 2,488491 0,012987 0,685334 3,417159
-0,023168 -0,033883 3,225847 0,349327 1,348428 3,278743 -0,423105 -0,058784 2,440596 0,012996 0,692571 3,417257
-0,035197 -0,078010 3,279189 0,349693 1,347172 3,291014 -0,408360 0,155363 2,369997 0,012770 0,688859 3,416800
-0,044267 -0,067497 3,293937 0,329706 1,345610 3,372826 -0,416535 0,403205 2,286372 0,013414 0,678232 3,417620
-0,041000 -0,079427 3,291112 0,315370 1,350128 3,439652 -0,419556 0,677453 2,340040 0,021821 0,652081 3,391838
-0,039983 -0,081671 3,291222 0,350726 1,347759 3,293171 -0,424564 0,908069 2,435145 0,053875 0,641172 3,330300
-0,040483 -0,080403 3,282339 0,352721 1,338559 3,287028 -0,435685 1,096035 2,592070 0,039717 0,645508 3,354740
-0,037365 -0,075216 3,263615 0,351639 1,349211 3,285929 -0,447325 1,240124 2,782334 0,032294 0,649946 3,379834
-0,041063 -0,082612 3,259429 0,348968 1,347462 3,299677 -0,450518 1,341337 2,961458 0,035105 0,643462 3,343020
-0,044323 -0,075913 3,257011 0,353192 1,345945 3,295368 -0,449750 1,405205 3,133419 0,028064 0,647020 3,343079
-0,051032 -0,069839 3,244227 0,353189 1,351012 3,283068 -0,431787 1,424979 3,262399 0,024345 0,652735 3,355342
