25 12
-0,118735 -0,081898 2,944455 0,248812 1,344533 2,993932 -0,507240 1,437097 3,071818 -0,079458 0,639421 3,059504
-0,115572 -0,088250 2,950378 0,245283 1,339904 2,980479 -0,527220 1,395488 2,927891 -0,079674 0,642659 3,059538
-0,112103 -0,083086 2,967758 0,250063 1,336414 2,982710 -0,584121 1,103135 2,449492 -0,066195 0,642773 3,060232
-0,110117 -0,088516 2,979769 0,247487 1,346900 2,987140 -0,537961 0,725119 2,295470 -0,062470 0,637598 3,050029
-0,110211 -0,089944 2,976123 0,243388 1,346255 2,989464 -0,548985 0,521940 2,198701 -0,060636 0,653970 3,102196
-0,106028 -0,079508 2,992675 0,246440 1,348130 2,986218 -0,548142 0,282399 2,153852 -0,060142 0,666448 3,081337
-0,105684 -0,082320 3,000974 0,241687 1,336948 2,969735 -0,499012 0,242364 2,066586 -0,086619 0,684939 3,176280
-0,104870 -0,078357 3,006362 0,239794 1,346892 2,978179 -0,472054 0,290386 1,991344 -0,082682 0,677288 3,188494
-0,098010 -0,083161 3,016642 0,242195 1,340848 2,970123 -0,471622 0,429823 2,004664 -0,079389 0,679492 3,199900
-0,097359 -0,084551 3,009521 0,238342 1,337733 2,969067 -0,477101 0,359208 2,014642 -0,085533 0,677557 3,155127
-0,096401 -0,084964 3,010158 0,239023 1,353275 2,983383 -0,489265 0,329022 2,022455 -0,093128 0,678320 3,176541
-0,097348 -0,084090 3,019132 0,244524 1,347196 2,995552 -0,468600 0,403759 1,995652 -0,093160 0,689654 3,199391
-0,095264 -0,084473 3,009978 0,248999 1,343642 2,984747 -0,461138 0,405631 1,979711 -0,100152 0,689575 3,198958
-0,097995 -0,085836 3,011830 0,250497 1,350700 2,998026 -0,484397 0,360094 2,013172 -0,085940 0,686377 3,199882
-0,099023 -0,087912 3,015987 0,246364 1,344520 3,002944 -0,479842 0,388060 2,017091 -0,086611 0,689560 3,199360
-0,100018 -0,085526 3,015433 0,246558 1,352089 2,988610 -0,465615 0,433043 1,986992 -0,092689 0,685262 3,177019
-0,100428 -0,087261 3,015877 0,247216 1,342074 2,986416 -0,484383 0,380841 2,009593 -0,096408 0,680615 3,187897
-0,104826 -0,093351 3,002355 0,245656 1,348245 2,993614 -0,491805 0,399942 2,042953 -0,085941 0,679559 3,199823
-0,101463 -0,097397 2,996261 0,243352 1,343283 2,975699 -0,514906 0,643886 2,036085 -0,031296 0,629287 3,040346
-0,098045 -0,091340 2,993128 0,246156 1,350948 2,984135 -0,549195 0,782405 2,109223 -0,042070 0,640992 3,050822
-0,096782 -0,098283 2,992804 0,252796 1,338977 2,974020 -0,534737 1,048570 2,340003 -0,052274 0,635718 3,040195
-0,086327 -0,088639 2,963295 0,259443 1,342621 2,976939 -0,605220 1,218145 2,538885 -0,062965 0,644780 3,070794
-0,088407 -0,087728 2,961666 0,262795 1,341856 2,981035 -0,597489 1,283859 2,665742 -0,066045 0,653367 3,081056
-0,095401 -0,085965 2,925380 0,263740 1,349539 2,994724 -0,545495 1,413426 3,023905 -0,073051 0,650011 3,080770
-0,099833 -0,083338 2,926975 0,261207 1,346275 2,993382 -0,464781 1,329012 3,010570 -0,086603 0,649887 3,080011
