26 12
-0,136883 -0,069985 2,909078 0,263588 1,313993 2,970712 -0,449566 1,374723 3,019460 -0,066195 0,642773 3,060232
-0,134074 -0,071767 2,909851 0,256600 1,315203 2,965577 -0,444085 1,353772 2,926833 -0,072601 0,638792 3,039284
-0,136646 -0,074145 2,917583 0,259369 1,312894 2,967410 -0,347105 1,175813 2,660887 -0,072608 0,632299 3,039257
-0,137327 -0,073352 2,923093 0,256919 1,306945 2,948596 -0,350843 1,085271 2,596244 -0,071959 0,629097 3,039022
-0,135121 -0,076791 2,928789 0,249932 1,312340 2,954527 -0,413893 0,873752 2,402254 -0,065341 0,629735 3,059764
-0,135907 -0,083759 2,937547 0,250078 1,311346 2,947768 -0,422623 0,756758 2,348522 -0,061641 0,618044 3,049308
-0,133468 -0,075176 2,936767 0,245913 1,300868 2,940975 -0,435807 0,691216 2,323664 -0,065989 0,632999 3,060178
-0,126934 -0,084596 2,941258 0,264374 1,312932 2,972877 -0,440440 0,586312 2,300163 -0,058779 0,625949 3,039804
-0,119651 -0,079361 2,944236 0,251585 1,300922 2,946712 -0,450607 0,578517 2,307840 -0,081220 0,652160 3,144544
-0,118961 -0,084017 2,946320 0,253169 1,311642 2,954643 -0,444490 0,608992 2,298898 -0,073683 0,642212 3,144597
-0,110352 -0,084703 2,961832 0,258545 1,314515 2,967923 -0,443468 0,625075 2,283859 -0,073672 0,648910 3,144643
-0,109690 -0,086310 2,956181 0,263124 1,311770 2,970993 -0,423601 0,581315 2,271883 -0,056675 0,638894 3,091983
-0,108067 -0,085449 2,956465 0,262093 1,307448 2,965394 -0,424016 0,586070 2,281412 -0,077523 0,654294 3,155561
-0,104095 -0,088254 2,962141 0,260736 1,309659 2,955867 -0,422586 0,630264 2,269593 -0,076874 0,644166 3,154818
-0,102750 -0,083815 2,964304 0,260675 1,307777 2,963925 -0,410590 0,590950 2,263381 -0,056243 0,638961 3,092046
-0,103490 -0,080393 2,958132 0,257949 1,305775 2,951122 -0,424832 0,589500 2,290406 -0,052274 0,635718 3,040195
-0,101175 -0,085091 2,965627 0,256426 1,303608 2,953204 -0,430699 0,588585 2,277549 -0,077001 0,642793 3,112303
-0,105434 -0,084442 2,963748 0,258618 1,313264 2,965221 -0,417936 0,536971 2,273627 -0,039588 0,643594 3,082116
-0,104265 -0,081806 2,956864 0,257117 1,308350 2,960217 -0,421215 0,520669 2,263819 -0,049255 0,633737 3,030044
-0,104025 -0,085682 2,952974 0,259591 1,311118 2,967999 -0,417733 0,557614 2,266278 -0,059025 0,636327 3,060442
-0,101037 -0,088373 2,954090 0,256599 1,308077 2,957193 -0,419902 0,731560 2,234416 -0,054921 0,618085 3,049630
-0,096688 -0,083529 2,951826 0,262364 1,296131 2,933689 -0,428789 0,832583 2,255106 -0,058556 0,629194 3,039691
-0,094887 -0,083349 2,954961 0,269821 1,305926 2,974788 -0,429198 1,131518 2,469182 -0,055757 0,631131 3,050303
-0,085892 -0,083842 2,936538 0,262023 1,306844 2,953867 -0,506817 1,291419 2,703469 -0,052717 0,636332 3,060797
-0,088054 -0,077104 2,928269 0,265461 1,313589 2,970815 -0,499670 1,334155 2,795511 -0,059194 0,638895 3,039922
-0,089106 -0,076604 2,923188 0,261834 1,314082 2,963435 -0,456154 1,355988 2,989261 -0,059194 0,638895 3,039922
