26 12
-0,046536 -0,061170 3,230023 0,339996 1,356635 3,277484 -0,427873 1,437989 3,340788 -0,016118 0,702377 3,392452
-0,040667 -0,065509 3,243444 0,364318 1,355401 3,251707 -0,429080 1,426238 3,283326 -0,027103 0,699977 3,379721
-0,035395 -0,066489 3,256625 0,355602 1,363694 3,269007 -0,460403 1,328713 3,038524 -0,016100 0,690519 3,367483
-0,037032 -0,073415 3,256440 0,351726 1,375155 3,345712 -0,426114 1,192145 2,859735 -0,012247 0,686768 3,404967
-0,037575 -0,062917 3,262215 0,316322 1,398862 3,388932 -0,427308 1,067333 2,745491 -0,001039 0,690606 3,367896
-0,037356 -0,077313 3,267744 0,331727 1,386250 3,410205 -0,448582 0,708220 2,528146 0,003064 0,678596 3,380015
-0,039123 -0,048587 3,278851 0,340007 1,368389 3,280095 -0,438816 0,347146 2,587798 -0,006639 0,714807 3,402058
-0,033784 -0,060720 3,272898 0,338061 1,352599 3,267154 -0,443036 0,195494 2,599686 -0,006887 0,739891 3,401595
-0,031375 -0,055896 3,264436 0,336466 1,362657 3,273219 -0,424910 -0,035189 2,772052 0,008573 0,729591 3,403680
-0,035290 -0,047140 3,278621 0,335814 1,357564 3,256811 -0,430754 -0,139268 2,890931 -0,020713 0,733291 3,404024
-0,035478 -0,054250 3,280505 0,335116 1,364779 3,278944 -0,424002 -0,155220 2,965201 -0,002464 0,739317 3,416387
-0,034793 -0,058077 3,280561 0,334643 1,365930 3,272189 -0,400137 -0,156804 3,136945 -0,020823 0,736048 3,455038
-0,031190 -0,046913 3,278500 0,337006 1,364808 3,279210 -0,393293 -0,128920 3,180959 -0,013573 0,741821 3,429017
-0,032809 -0,046585 3,287225 0,350421 1,359580 3,269124 -0,386848 -0,115475 3,204433 -0,017302 0,744353 3,441789
-0,031697 -0,044864 3,277814 0,335687 1,357387 3,231451 -0,383292 -0,126009 3,183265 -0,032096 0,745900 3,467926
-0,032695 -0,045752 3,280982 0,336789 1,373077 3,298689 -0,378471 -0,133407 3,137403 -0,017070 0,740841 3,442295
-0,033028 -0,050392 3,278044 0,330993 1,358519 3,268878 -0,376643 -0,146850 3,070332 -0,005644 0,739869 3,455779
-0,035464 -0,048041 3,269565 0,340256 1,366804 3,295896 -0,402707 -0,120215 2,879036 -0,005955 0,726100 3,404122
-0,018387 -0,064179 3,210888 0,330212 1,360809 3,275542 -0,374730 0,007276 2,721760 -0,002232 0,735828 3,416900
-0,032989 -0,070876 3,254354 0,333457 1,377269 3,308464 -0,372499 0,113220 2,617335 -0,010347 0,733978 3,389780
-0,042586 -0,055977 3,283713 0,342387 1,363138 3,228096 -0,376914 0,382274 2,453962 -0,001779 0,721540 3,417571
-0,040745 -0,075456 3,269250 0,285054 1,406917 3,499030 -0,401997 0,747643 2,414583 0,007308 0,672611 3,366815
-0,041792 -0,073738 3,279480 0,324659 1,368689 3,334717 -0,419554 0,921508 2,493840 0,002856 0,682191 3,380173
-0,046663 -0,077546 3,266555 0,335852 1,369495 3,292207 -0,400680 1,193208 2,730635 -0,001357 0,668257 3,343097
-0,043336 -0,062411 3,259944 0,347201 1,352192 3,235615 -0,465386 1,334341 2,962204 -0,019612 0,693963 3,404910
-0,046959 -0,059521 3,253333 0,357700 1,366238 3,257879 -0,467451 1,374047 3,064889 -0,008990 0,698738 3,392323
