48 12
-0,109666 -0,077321 2,918614 0,238565 1,336201 2,951190 -0,522058 1,366245 3,134644 -0,075790 0,623875 3,028849
-0,110368 -0,076205 2,928630 0,241400 1,336620 2,961151 -0,532119 1,365735 3,077566 -0,065989 0,632999 3,060178
-0,105150 -0,074562 2,933160 0,231289 1,331975 2,944794 -0,542679 1,351234 2,978165 -0,065989 0,632999 3,060178
-0,105360 -0,076297 2,946168 0,236094 1,347617 2,967704 -0,551815 1,268596 2,803497 -0,059000 0,622691 3,039855
-0,104775 -0,074001 2,962762 0,234470 1,337372 2,962434 -0,548869 1,127334 2,602438 -0,062489 0,624575 3,049974
-0,106695 -0,078151 2,968317 0,237362 1,355272 2,974111 -0,542718 0,899513 2,391090 -0,065592 0,613431 3,059887
-0,111935 -0,083077 2,985204 0,234863 1,339994 2,959427 -0,553509 0,577756 2,215619 -0,055961 0,614282 3,029708
-0,116343 -0,067059 2,980706 0,232982 1,339025 2,964550 -0,607497 0,277456 2,195930 -0,078663 0,653120 3,132979
-0,117579 -0,072128 2,982865 0,235834 1,338560 2,947667 -0,615753 0,000009 2,185360 -0,095856 0,645058 3,143125
-0,119876 -0,068913 2,980264 0,231719 1,333547 2,958264 -0,624117 -0,235023 2,199746 -0,088985 0,649384 3,165874
-0,123331 -0,069437 2,970025 0,233871 1,332486 2,944734 -0,637554 -0,393084 2,272446 -0,091973 0,639820 3,132689
-0,121617 -0,073745 2,966633 0,240691 1,344336 2,970249 -0,618312 -0,490383 2,309191 -0,091973 0,639820 3,132689
-0,121755 -0,073783 2,967913 0,243576 1,328410 2,975105 -0,565168 -0,542177 2,321520 -0,089196 0,645939 3,165668
-0,125015 -0,067346 2,965490 0,244840 1,334845 2,975963 -0,502004 -0,595682 2,320645 -0,081655 0,645358 3,144335
-0,128677 -0,068017 2,958943 0,244940 1,337789 2,988359 -0,425648 -0,602590 2,335600 -0,074059 0,637388 3,101653
-0,127965 -0,066339 2,961788 0,241588 1,324067 2,970474 -0,369099 -0,615350 2,374407 -0,084893 0,643299 3,133284
-0,129443 -0,064549 2,953626 0,233668 1,332640 2,962999 -0,358639 -0,656843 2,458947 -0,081655 0,652058 3,144383
-0,126354 -0,065020 2,955902 0,235819 1,333739 2,962666 -0,388085 -0,668707 2,493280 -0,084676 0,653376 3,133464
-0,115721 -0,064526 2,935104 0,234030 1,319895 2,950740 -0,383333 -0,680605 2,492140 -0,085108 0,653244 3,133177
-0,117685 -0,069284 2,956307 0,230779 1,331451 2,966892 -0,356827 -0,664569 2,444111 -0,088978 0,658530 3,143627
-0,117114 -0,067355 2,963679 0,232629 1,330157 2,965000 -0,291359 -0,654498 2,416147 -0,075337 0,659557 3,166521
-0,120053 -0,071302 2,963590 0,233841 1,328375 2,971770 -0,225157 -0,613506 2,402779 -0,081437 0,655467 3,144521
-0,121819 -0,066905 2,965905 0,228776 1,329444 2,968865 -0,225458 -0,615297 2,452801 -0,088112 0,647908 3,122342
-0,119705 -0,071146 2,977247 0,239031 1,324529 2,956621 -0,272463 -0,640357 2,492605 -0,091096 0,649228 3,111540
-0,111698 -0,068327 2,948196 0,228457 1,331248 2,958619 -0,325642 -0,645097 2,495629 -0,093111 0,658012 3,176368
-0,103086 -0,071309 2,950689 0,233625 1,335939 2,976341 -0,358530 -0,663792 2,513729 -0,082087 0,658599 3,144003
-0,110563 -0,065438 2,962627 0,226128 1,329581 2,956339 -0,331889 -0,631094 2,456941 -0,088330 0,657824 3,122237
-0,116371 -0,067562 2,966427 0,227366 1,329470 2,968416 -0,295155 -0,644430 2,423693 -0,092436 0,657303 3,154575
-0,119007 -0,070203 2,975537 0,233579 1,327812 2,978644 -0,247926 -0,612180 2,399485 -0,084893 0,649977 3,133330
-0,128661 -0,072329 2,978486 0,234500 1,328784 2,977221 -0,213598 -0,620135 2,459923 -0,095435 0,651919 3,143584
-0,130097 -0,070460 2,959362 0,230068 1,329148 2,969471 -0,240299 -0,637778 2,487425 -0,106033 0,653863 3,153842
-0,123381 -0,063755 2,949422 0,227669 1,333463 2,978631 -0,281613 -0,655356 2,521817 -0,095651 0,655195 3,143439
-0,118706 -0,065509 2,926139 0,230287 1,327733 2,977968 -0,311151 -0,659245 2,535969 -0,092870 0,663833 3,154075
-0,120629 -0,067943 2,926897 0,231999 1,335155 2,978269 -0,315096 -0,643364 2,504521 -0,102761 0,665080 3,142852
-0,127153 -0,063978 2,940305 0,222306 1,326857 2,972714 -0,306928 -0,635073 2,461565 -0,105499 0,656434 3,132108
-0,129801 -0,063477 2,946110 0,222765 1,324115 2,947740 -0,300335 -0,605392 2,437107 -0,102241 0,654255 3,121155
-0,133753 -0,066252 2,957343 0,225785 1,327368 2,977427 -0,302669 -0,577801 2,421129 -0,094707 0,640426 3,100367
-0,129857 -0,061926 2,952488 0,224818 1,330215 2,956466 -0,328311 -0,539662 2,396982 -0,087900 0,647112 3,100809
-0,127518 -0,062774 2,952527 0,221920 1,335300 2,963552 -0,371533 -0,457075 2,336784 -0,088111 0,643717 3,100554
-0,127710 -0,056936 2,960424 0,224470 1,328656 2,964803 -0,408224 -0,325224 2,271897 -0,080325 0,639223 3,059203
-0,106898 -0,016683 2,910521 0,228859 1,345508 2,970793 -0,449762 -0,152954 2,236364 -0,087477 0,643110 3,079691
-0,113477 -0,077503 2,936156 0,225876 1,342984 2,972009 -0,462137 0,071735 2,184976 -0,081358 0,659319 3,079260
-0,114170 -0,072434 2,951052 0,220240 1,330394 2,958402 -0,507195 0,315063 2,126637 -0,083862 0,638673 3,090646
-0,111335 -0,070962 2,952570 0,218257 1,340521 2,958011 -0,556357 0,604223 2,153508 -0,065579 0,619956 3,059916
-0,106069 -0,069051 2,942020 0,227311 1,341041 2,963164 -0,605075 0,847835 2,290437 -0,073499 0,636790 3,080665
-0,099326 -0,071289 2,934951 0,224950 1,345709 2,971980 -0,627558 1,061975 2,449449 -0,079308 0,632241 3,038902
-0,096244 -0,073819 2,934785 0,221955 1,338596 2,950268 -0,630662 1,216057 2,639689 -0,069632 0,630965 3,049634
-0,102341 -0,071301 2,897093 0,231409 1,333264 2,964402 -0,564887 1,384980 3,112911 -0,082464 0,630286 3,028508
