19 12
-0,149252 -0,082392 2,936448 0,724156 1,141243 2,813748 -0,422926 1,350730 2,827367 -0,095616 0,614018 3,027610
-0,148649 -0,076556 2,947970 0,727557 1,134269 2,811851 -0,361698 1,312534 2,654930 -0,085377 0,616011 3,038204
-0,159821 -0,084889 2,977313 0,726288 1,126549 2,811962 -0,102793 1,000050 2,185492 -0,128998 0,618741 3,161834
-0,163095 -0,086620 2,981417 0,725380 1,124496 2,809815 -0,032866 0,856853 2,057253 -0,126308 0,627524 3,173821
-0,172366 -0,078632 2,964862 0,718560 1,115590 2,794718 0,025933 0,595854 2,049663 -0,116136 0,657686 3,266171
-0,171542 -0,054798 2,964053 0,719954 1,104935 2,802711 0,088386 0,300074 1,949502 -0,089776 0,724866 3,114796
-0,173565 -0,053967 2,963643 0,718316 1,100495 2,785512 0,095278 0,203476 1,973353 -0,107170 0,699011 3,037120
-0,167466 -0,084801 2,980055 0,728845 1,105282 2,812481 0,108206 0,097805 2,011471 -0,090395 0,703317 3,072158
-0,166651 -0,093279 2,991649 0,732590 1,100574 2,799717 0,112241 0,089147 2,008667 -0,090592 0,699738 3,071087
-0,167936 -0,090873 2,991733 0,736039 1,101571 2,814943 0,111813 0,102433 2,013650 -0,109552 0,696158 3,007686
-0,173543 -0,063283 2,961778 0,743675 1,100659 2,823266 0,109687 0,170694 2,005541 -0,097413 0,714363 3,047945
-0,169377 -0,053261 2,963017 0,743820 1,101855 2,824694 0,070434 0,360707 2,039686 -0,102405 0,662826 3,165250
-0,168510 -0,061052 2,954500 0,744098 1,103245 2,813426 0,031389 0,493068 2,074118 -0,115652 0,658481 3,142345
-0,167295 -0,078468 2,958090 0,736044 1,109853 2,823802 -0,021713 0,801379 2,131458 -0,096677 0,647472 3,210165
-0,155753 -0,081302 2,933084 0,736592 1,117420 2,811229 -0,254117 1,178419 2,540034 -0,062098 0,605075 3,049697
-0,150391 -0,082377 2,927814 0,734264 1,121148 2,822411 -0,349193 1,314679 2,710869 -0,069433 0,614736 3,049614
-0,143082 -0,082393 2,928599 0,741768 1,128390 2,836010 -0,430763 1,374973 2,817634 -0,085215 0,611734 2,998029
-0,136196 -0,076855 2,906406 0,748051 1,122857 2,829878 -0,524087 1,405206 3,040987 -0,095367 0,619911 3,007461
-0,137413 -0,076136 2,908045 0,745947 1,126516 2,831673 -0,522468 1,393722 3,083168 -0,099400 0,625552 3,037663
