17 12
-0,071834 -0,094313 3,025622 0,331132 1,323113 3,056548 -0,399665 1,376423 2,863520 0,012505 0,628613 3,072291
-0,076408 -0,089759 3,044646 0,329178 1,311363 3,043347 -0,285008 1,217222 2,560455 0,028885 0,626717 3,062297
-0,077352 -0,096482 3,063402 0,324455 1,320712 3,054210 -0,244596 1,088092 2,386636 0,009627 0,635070 3,124949
-0,086543 -0,101480 3,065934 0,322869 1,331804 3,053942 -0,261044 0,781474 2,123570 0,017537 0,630008 3,189414
-0,085068 -0,063054 3,062876 0,318304 1,320416 3,039653 -0,163160 0,391862 1,923908 0,002256 0,764084 3,186668
-0,089830 -0,079978 3,075775 0,324832 1,317691 3,046624 -0,164394 0,247551 1,914983 0,009012 0,711523 3,109604
-0,088459 -0,092653 3,055391 0,326478 1,320102 3,059012 -0,166415 0,027964 1,960241 0,007555 0,700296 3,168364
-0,091946 -0,122302 3,073942 0,331125 1,319186 3,061885 -0,165844 -0,053353 1,969454 -0,006206 0,674910 3,124892
-0,091077 -0,116742 3,071773 0,325963 1,329781 3,057371 -0,160303 -0,057604 1,975494 0,000966 0,675902 3,146939
-0,087054 -0,112738 3,071984 0,334356 1,321187 3,065375 -0,161068 0,002462 1,975552 -0,002511 0,680466 3,136067
-0,076759 -0,066854 3,057180 0,330679 1,315144 3,055163 -0,187395 0,205223 1,969260 -0,004998 0,680361 3,169406
-0,072476 -0,064325 3,069022 0,336573 1,324377 3,050337 -0,210226 0,345943 1,987322 0,002252 0,681320 3,191713
-0,072913 -0,099403 3,076547 0,329078 1,323494 3,053279 -0,228558 0,681718 2,078876 0,014144 0,653306 3,223844
-0,066681 -0,094512 3,054316 0,336117 1,313796 3,031725 -0,351557 1,005941 2,312842 0,050096 0,627117 3,082511
-0,063944 -0,095557 3,056052 0,337955 1,324750 3,053181 -0,381809 1,145433 2,463546 0,043946 0,634992 3,125069
-0,061221 -0,099722 3,041392 0,337351 1,325672 3,052131 -0,379979 1,344951 2,744031 0,022532 0,627294 3,083017
-0,060018 -0,093333 3,029906 0,341390 1,326338 3,049229 -0,457879 1,410981 2,989805 0,015361 0,640485 3,083245
