39 12
-0,040835 -0,088030 2,987220 0,347317 1,349416 3,151092 -0,449402 1,325628 3,112471 -0,018356 0,643736 3,082651
-0,044147 -0,081179 3,002326 0,467663 1,215129 2,809667 -0,663813 1,460655 3,422886 -0,011345 0,643042 3,061782
-0,047185 -0,088487 3,009138 0,573047 1,135913 2,719453 -0,814669 1,458841 3,488388 -0,005076 0,639151 3,041525
-0,051576 -0,091638 3,013731 0,940074 1,094734 3,045159 -0,994009 1,031240 2,827177 -0,021950 0,638470 3,072178
-0,055572 -0,093207 3,038556 1,041968 0,544136 2,523662 -1,317298 0,682558 2,994624 -0,052597 0,628918 3,145055
-0,054661 -0,100335 3,036795 1,128383 0,346549 2,625443 -1,305892 0,402348 2,766572 -0,062807 0,620215 3,133661
-0,064601 -0,104654 3,016645 1,234474 -0,078150 2,903396 -1,357923 -0,053475 2,840958 -0,066849 0,608811 3,144733
-0,059856 -0,101575 3,004485 1,181186 -0,375211 3,077925 -1,157210 -0,334795 2,675213 -0,045617 0,591096 3,081526
-0,061554 -0,093304 2,980947 1,144758 -0,446294 3,101790 -1,153471 -0,425185 2,841433 -0,053026 0,594716 3,102531
-0,066143 -0,092211 2,966723 1,085299 -0,467795 3,010806 -1,168395 -0,462975 2,986855 -0,053026 0,594716 3,102531
-0,060405 -0,095801 2,962246 1,107280 -0,305933 2,882802 -1,344053 -0,325749 3,164102 -0,059155 0,597580 3,080968
-0,064231 -0,095537 2,978318 1,142714 -0,193679 2,857617 -1,368873 -0,177644 3,063607 -0,063302 0,596072 3,091510
-0,057700 -0,089855 2,993559 1,272229 0,108096 3,005865 -1,366041 0,170919 2,859181 -0,052591 0,607933 3,102416
-0,061828 -0,095745 3,003361 1,244985 0,465664 2,998171 -1,239475 0,473359 2,715235 -0,056772 0,626960 3,134713
-0,062957 -0,095596 2,998551 1,227656 0,620987 3,076372 -1,213542 0,594464 2,731201 -0,049671 0,629086 3,092272
-0,059792 -0,094846 3,000496 1,099609 0,789367 2,981886 -1,226410 0,740736 2,882094 -0,039325 0,634429 3,103273
-0,059994 -0,091474 3,006948 1,084185 0,648705 2,814225 -1,352113 0,580581 3,000957 -0,045891 0,639028 3,145684
-0,062942 -0,097420 3,003242 1,109724 0,509324 2,746370 -1,387175 0,407647 2,952682 -0,053025 0,628965 3,145525
-0,062490 -0,097959 2,990213 1,264849 0,155290 2,977571 -1,410922 0,001316 2,920000 -0,066423 0,611148 3,101929
-0,057990 -0,098097 2,974834 1,229886 -0,194627 3,084111 -1,234575 -0,254582 2,769490 -0,073113 0,597467 3,080495
-0,056546 -0,100238 2,957022 1,206712 -0,306653 3,116203 -1,257355 -0,316714 2,917857 -0,066644 0,601229 3,101944
-0,049907 -0,100767 2,963944 1,141404 -0,364406 3,044470 -1,287454 -0,301297 2,918392 -0,059566 0,597563 3,081163
-0,046169 -0,093903 2,963705 1,155518 -0,232878 2,906858 -1,354047 -0,097271 2,931388 -0,066839 0,611104 3,102008
-0,050978 -0,097971 2,977969 1,164957 -0,120681 2,856856 -1,346954 0,032626 2,876271 -0,066943 0,611632 3,123354
-0,053528 -0,098719 2,970878 1,258982 0,152546 2,979063 -1,336695 0,285010 2,829690 -0,063655 0,620243 3,134354
-0,063294 -0,097403 3,004121 1,243395 0,318343 2,975888 -1,334689 0,346643 2,851524 -0,070312 0,623542 3,133957
-0,061579 -0,093555 3,009240 1,218548 0,298973 2,916472 -1,353738 0,285357 2,873936 -0,063149 0,619703 3,112789
-0,062130 -0,094757 2,999437 1,250974 0,115050 2,936976 -1,390278 0,029239 2,834101 -0,080462 0,610996 3,101296
-0,053973 -0,096684 2,960469 1,235046 -0,219376 3,081280 -1,204944 -0,250072 2,646498 -0,065831 0,597126 3,059945
-0,052727 -0,101019 2,946593 1,195429 -0,338548 3,110777 -1,199722 -0,341308 2,805353 -0,065842 0,590609 3,059916
-0,050497 -0,087168 2,926860 1,121980 -0,432705 3,086537 -1,230962 -0,374495 2,968399 -0,059038 0,596753 3,039754
-0,050576 -0,092064 2,919696 1,121095 -0,300920 2,918306 -1,375621 -0,209414 3,073275 -0,052967 0,600389 3,060571
-0,045152 -0,098567 2,923281 1,152608 -0,188007 2,886728 -1,383601 -0,046922 2,980227 -0,053173 0,597075 3,060427
-0,051988 -0,098415 2,910632 1,281294 0,150521 3,042025 -1,397097 0,352565 2,934132 -0,052344 0,603731 3,060596
-0,063465 -0,087945 2,935331 1,230240 0,647052 3,171863 -1,083151 0,683769 2,565596 -0,069427 0,621242 3,049643
-0,067903 -0,087941 2,936133 1,156386 0,929877 3,325975 -0,964824 0,838578 2,549890 -0,052071 0,617839 2,979753
-0,071807 -0,080062 2,929048 0,728609 1,145654 2,983741 -0,816675 1,307953 3,144707 -0,031277 0,631346 3,000120
-0,067103 -0,076422 2,932515 0,521869 1,436115 3,407492 -0,499736 1,242313 2,852532 -0,031466 0,645554 3,040632
-0,061714 -0,080053 2,941878 0,411549 1,416459 3,294383 -0,424719 1,281302 2,945204 -0,028297 0,640380 3,030673
