31 12
-0,124063 -0,088567 3,032105 0,263674 1,324378 3,044626 -0,449619 1,382206 3,005752 -0,073973 0,648136 3,123252
-0,120630 -0,088984 3,033820 0,263498 1,327873 3,053329 -0,467650 1,380251 2,947065 -0,073751 0,651493 3,123258
-0,117047 -0,086399 3,038882 0,265797 1,328215 3,047800 -0,479750 1,345104 2,814674 -0,060267 0,641584 3,123873
-0,114430 -0,100196 3,041895 0,264617 1,328832 3,055900 -0,491106 1,274193 2,658166 -0,060064 0,631628 3,123807
-0,114827 -0,092613 3,053538 0,264417 1,320681 3,060808 -0,508433 1,150520 2,469017 -0,055858 0,632991 3,112854
-0,114415 -0,099907 3,062758 0,265125 1,333548 3,052479 -0,530665 0,983009 2,302701 -0,049885 0,633675 3,135046
-0,116517 -0,099282 3,053444 0,262672 1,322096 3,061640 -0,539245 0,788696 2,149538 -0,028852 0,622627 3,092903
-0,115673 -0,096610 3,053067 0,262091 1,323787 3,057535 -0,542782 0,583782 2,065242 -0,022514 0,633135 3,114407
-0,116677 -0,078257 3,056554 0,262022 1,327769 3,065272 -0,542839 0,400630 2,028842 -0,073319 0,677927 3,245489
-0,115810 -0,083134 3,061309 0,265929 1,330784 3,066662 -0,542062 0,251430 2,011244 -0,076454 0,686120 3,234182
-0,112554 -0,088443 3,055705 0,268208 1,325922 3,068367 -0,538794 0,141562 2,007663 -0,076958 0,688087 3,209936
-0,100321 -0,093105 3,030578 0,269226 1,335697 3,080625 -0,530687 0,075251 2,010324 -0,073850 0,693612 3,220923
-0,091558 -0,102025 3,019148 0,269761 1,320331 3,070835 -0,526480 0,042275 2,009591 -0,080478 0,682285 3,197911
-0,086696 -0,107214 3,006170 0,272834 1,329441 3,074994 -0,522369 0,030749 2,001909 -0,079878 0,681484 3,176140
-0,086020 -0,104248 3,017270 0,265251 1,324895 3,063110 -0,513573 0,031948 2,012319 -0,072578 0,677240 3,154397
-0,084202 -0,109009 3,009215 0,266996 1,331717 3,070035 -0,506695 0,039229 2,006235 -0,069725 0,691712 3,210769
-0,086017 -0,108249 3,005503 0,270087 1,334098 3,075134 -0,504032 0,047479 1,998626 -0,072709 0,685075 3,176963
-0,087088 -0,107402 3,016471 0,268911 1,338460 3,077621 -0,500924 0,059678 2,001375 -0,072923 0,681550 3,176463
-0,092362 -0,104508 3,035001 0,268181 1,324535 3,069268 -0,504091 0,083283 1,997609 -0,055651 0,683868 3,188297
-0,097415 -0,091657 3,051205 0,275126 1,342575 3,090403 -0,511787 0,133502 1,988490 -0,062705 0,691770 3,211061
-0,097153 -0,082588 3,059960 0,273741 1,321928 3,079975 -0,523426 0,211064 1,991839 -0,069171 0,684016 3,188642
-0,098094 -0,079520 3,055490 0,272749 1,333037 3,077023 -0,532425 0,322077 2,001093 -0,054987 0,674034 3,189475
-0,093196 -0,086386 3,066698 0,274981 1,336080 3,087964 -0,543208 0,457509 2,021317 -0,055048 0,676035 3,235246
-0,091257 -0,092584 3,065050 0,272654 1,330087 3,064020 -0,549465 0,618407 2,068355 0,005412 0,621546 3,051662
-0,092030 -0,091845 3,053116 0,275446 1,328831 3,076770 -0,554072 0,783125 2,149817 0,002051 0,634538 3,104125
-0,084105 -0,099177 3,052908 0,272779 1,329665 3,063419 -0,551800 0,948963 2,274834 -0,012029 0,634522 3,104012
-0,086847 -0,094973 3,040936 0,274403 1,327469 3,065661 -0,547549 1,089009 2,409134 -0,018682 0,635158 3,125212
-0,086717 -0,098467 3,040058 0,276713 1,325852 3,056087 -0,539732 1,209178 2,572678 -0,028724 0,629823 3,114071
-0,087159 -0,092506 3,036110 0,273138 1,331528 3,054659 -0,529470 1,303050 2,733839 -0,045528 0,630481 3,081717
-0,090060 -0,087624 3,023283 0,277847 1,324325 3,055097 -0,515012 1,351655 2,875330 -0,039256 0,641740 3,124638
-0,094667 -0,088204 3,018355 0,280863 1,331396 3,064439 -0,491888 1,383957 3,010212 -0,046338 0,638366 3,124423
