27 12
-0,105473 -0,073271 2,920256 0,348545 1,229305 2,920960 -0,645081 1,423290 3,310379 -0,095604 0,626949 3,027662
-0,106532 -0,073850 2,920071 0,417209 1,153766 2,776207 -0,751519 1,476252 3,406519 -0,093149 0,635995 3,058717
-0,109877 -0,078672 2,927686 0,725968 1,163539 3,026138 -0,907169 1,187579 2,899731 -0,085579 0,625736 3,038389
-0,111195 -0,079206 2,950302 0,881129 0,690229 2,509367 -1,320053 0,997177 3,228455 -0,103080 0,618256 3,068213
-0,115373 -0,077952 2,946474 0,988175 0,529257 2,542661 -1,360300 0,706653 2,964056 -0,099742 0,616925 3,078716
-0,117470 -0,096123 2,937610 1,188696 0,144586 2,910126 -1,380773 0,179831 2,696606 -0,100387 0,600470 3,078916
-0,116864 -0,095049 2,907834 1,146047 -0,187870 2,960344 -1,237511 -0,176099 2,539588 -0,082500 0,585048 3,028330
-0,111601 -0,097532 2,891038 1,124415 -0,292520 3,042366 -1,234834 -0,293088 2,668880 -0,086637 0,583394 3,038005
-0,106376 -0,087361 2,909951 1,083407 -0,397396 2,998962 -1,261174 -0,413466 2,889588 -0,090198 0,591640 3,048094
-0,101921 -0,083359 2,900654 1,063468 -0,303778 2,851922 -1,370981 -0,316289 3,009923 -0,089593 0,595061 3,048413
-0,102410 -0,083385 2,907944 1,074132 -0,222840 2,819627 -1,380884 -0,202555 2,936611 -0,086034 0,593277 3,038357
-0,097063 -0,083530 2,936431 1,183738 0,002786 2,952774 -1,384628 0,078612 2,781596 -0,086851 0,607162 3,079805
-0,100848 -0,090718 2,957501 1,164473 0,292777 2,902997 -1,324702 0,334631 2,687320 -0,098133 0,612633 3,110778
-0,101800 -0,091266 2,956019 1,217662 0,424489 3,024936 -1,324725 0,426277 2,693329 -0,094074 0,617472 3,100525
-0,103813 -0,089851 2,962327 1,183390 0,497542 2,969019 -1,350424 0,471866 2,809656 -0,098206 0,623249 3,132452
-0,100534 -0,091334 2,955803 1,172346 0,245787 2,911079 -1,349877 0,208363 2,750052 -0,090249 0,605752 3,090072
-0,095065 -0,092650 2,951040 1,182773 0,090541 2,973041 -1,324862 0,050221 2,670374 -0,096356 0,598709 3,068571
-0,097259 -0,103949 2,929919 1,112222 -0,261974 3,016893 -1,325762 -0,314579 2,908847 -0,083091 0,578842 3,048691
-0,091115 -0,089722 2,914139 1,079607 -0,488533 3,238131 -1,182760 -0,457250 2,863963 -0,100591 0,590591 3,078828
-0,093663 -0,081185 2,915119 1,035294 -0,517026 3,150208 -1,205827 -0,498056 2,987381 -0,103515 0,592052 3,068208
-0,094151 -0,088093 2,904179 1,037517 -0,480471 3,095571 -1,247469 -0,432527 2,989418 -0,103717 0,588739 3,068160
-0,093882 -0,093873 2,909530 1,038296 -0,219375 2,863575 -1,411174 -0,174446 3,065092 -0,103717 0,588739 3,068160
-0,094881 -0,083552 2,925067 1,084502 -0,061699 2,869279 -1,400583 0,008672 2,930818 -0,093171 0,596854 3,058525
-0,102222 -0,085509 2,909606 1,205201 0,361788 3,121301 -1,439696 0,431456 2,982071 -0,100387 0,600470 3,078916
-0,107300 -0,079652 2,926775 1,122146 0,872832 3,455805 -1,120380 0,717886 2,591941 -0,114117 0,616668 3,078037
-0,111119 -0,080463 2,922046 1,001707 1,096208 3,530532 -1,013558 0,854269 2,606914 -0,113200 0,612324 3,036573
-0,107026 -0,071851 2,936376 0,603406 1,223923 3,146926 -0,894706 1,263500 3,163347 -0,099186 0,622341 3,037616
