30 12
-0,031880 -0,086728 3,159348 0,318929 1,342850 2,996288 -0,356757 1,284758 2,934225 0,016118 0,618467 3,259613
-0,030695 -0,085280 3,165881 0,339790 1,123609 2,706708 -0,239198 1,058579 2,571450 0,016696 0,608124 3,259479
-0,030330 -0,092196 3,165396 0,313276 0,984662 2,563265 -0,200909 0,907136 2,421684 0,027834 0,571265 3,223301
-0,031624 -0,104683 3,162821 0,217957 0,726163 2,310922 -0,213842 0,629847 2,279666 0,017000 0,602140 3,306399
-0,036105 -0,060758 3,161235 0,270099 0,456860 2,190885 -0,184682 0,368671 2,172115 -0,024287 0,675884 3,365879
-0,038450 -0,073056 3,175103 0,324481 0,356263 2,122488 -0,259753 0,265351 2,188663 0,008733 0,766465 3,446544
-0,022818 -0,068818 3,110573 0,570043 0,249309 2,333387 -0,431304 0,112212 1,986751 -0,020482 0,737024 3,404528
-0,031540 -0,046391 3,141204 0,681186 0,220455 2,239830 -0,760636 0,173963 2,321016 0,002714 0,687266 3,331264
-0,029821 -0,054591 3,139074 0,786242 0,262603 2,271349 -0,839776 0,255230 2,367004 0,002281 0,660821 3,283320
-0,024967 -0,073076 3,135196 1,075500 0,503205 2,634366 -0,896902 0,472526 2,434029 -0,009126 0,641184 3,270895
-0,016502 -0,077952 3,114523 1,052181 0,734757 2,861456 -0,915075 0,696760 2,520492 0,022818 0,617344 3,213814
-0,019084 -0,075846 3,101081 1,004938 0,843812 2,993731 -0,864643 0,801652 2,579997 0,022421 0,616258 3,169151
-0,023147 -0,077479 3,086840 0,782952 0,973326 2,869876 -0,768714 1,097478 3,065125 0,023050 0,627595 3,213959
-0,025955 -0,070277 3,093898 0,662914 1,166841 3,198462 -0,539856 1,095832 2,844467 0,009069 0,646122 3,259825
-0,028873 -0,078538 3,099924 0,570253 1,174996 3,137716 -0,459970 1,136846 2,876151 0,012534 0,637132 3,248199
-0,028264 -0,076644 3,112167 0,374910 1,110978 2,785539 -0,399842 1,118507 2,841367 0,015946 0,635709 3,259635
-0,032731 -0,089821 3,153230 0,394362 0,945698 2,535959 -0,280939 0,898359 2,541135 0,013596 0,588858 3,247009
-0,031674 -0,094172 3,158310 0,384031 0,804219 2,413874 -0,274522 0,766124 2,420698 0,008955 0,590860 3,259314
-0,030194 -0,081158 3,174895 0,298273 0,513460 2,289313 -0,288397 0,480733 2,231687 0,002633 0,632964 3,282914
-0,031339 -0,057622 3,176759 0,344709 0,327707 2,197608 -0,299512 0,289259 2,189328 -0,023231 0,734337 3,393517
-0,018008 -0,064223 3,137402 0,409932 0,256037 2,177513 -0,393649 0,225340 2,222559 -0,024511 0,700740 3,365678
-0,024428 -0,039914 3,147335 0,691295 0,202621 2,487759 -0,547322 0,115117 2,028614 -0,009915 0,710308 3,341554
-0,024270 -0,050063 3,142722 0,791092 0,221838 2,354271 -0,868115 0,205392 2,361799 0,001861 0,667733 3,283214
-0,023334 -0,054096 3,138601 0,934573 0,388801 2,548033 -0,916424 0,295847 2,394300 -0,008672 0,652474 3,294833
-0,020550 -0,074149 3,139549 1,087165 0,542945 2,620366 -0,951711 0,523748 2,468875 0,015777 0,631603 3,236542
-0,015094 -0,079893 3,120247 1,083991 0,891171 2,984375 -0,946905 0,769738 2,533500 0,033019 0,618719 3,202386
-0,007026 -0,078332 3,119013 1,018814 1,046423 3,120662 -0,890588 0,893055 2,606532 0,036665 0,620695 3,213646
-0,009562 -0,073745 3,109769 0,753975 1,157395 2,932109 -0,794161 1,267337 3,145394 0,029923 0,638455 3,236591
-0,007864 -0,074591 3,106996 0,613320 1,391280 3,377144 -0,564345 1,261601 2,975218 0,026929 0,640582 3,248327
-0,013640 -0,077681 3,107814 0,518320 1,399460 3,374296 -0,482279 1,304495 3,049352 0,023491 0,642671 3,259916
