32 12
-0,167160 -0,096022 3,117545 0,323182 1,252713 3,046054 -0,654674 1,403691 3,365858 -0,165471 0,632268 3,181848
-0,159694 -0,101491 3,133067 0,577989 1,321483 3,289177 -0,789651 1,181119 2,908114 -0,157689 0,628382 3,160405
-0,172099 -0,105360 3,144635 0,775891 0,926073 2,711485 -1,185986 1,115786 3,228240 -0,173116 0,626028 3,203339
-0,171076 -0,106167 3,162506 0,890112 0,782399 2,694280 -1,299767 0,892531 3,101081 -0,167058 0,630185 3,226772
-0,175518 -0,110137 3,157115 1,113704 0,458235 2,937481 -1,345267 0,360841 2,727314 -0,161528 0,616995 3,250339
-0,172432 -0,106234 3,146069 1,115110 0,071101 2,961504 -1,344232 -0,013030 2,729686 -0,159569 0,605758 3,204678
-0,170051 -0,108384 3,142565 1,106063 -0,077422 3,014091 -1,319916 -0,123699 2,787678 -0,153216 0,606402 3,228012
-0,168983 -0,118090 3,149082 1,060862 -0,207395 3,003518 -1,324870 -0,214654 2,930745 -0,152149 0,588352 3,182610
-0,165452 -0,109232 3,147347 1,079608 -0,124305 2,943381 -1,395930 -0,095529 2,978710 -0,151769 0,595254 3,182878
-0,164999 -0,116911 3,153389 1,099712 -0,030758 2,947919 -1,384635 0,006811 2,916246 -0,157731 0,597805 3,238818
-0,164356 -0,112346 3,170862 1,194891 0,164031 3,077730 -1,387016 0,217041 2,897923 -0,150939 0,612375 3,262956
-0,171620 -0,106921 3,189151 1,189698 0,213688 3,025952 -1,404720 0,261394 2,929126 -0,164187 0,608198 3,238426
-0,170341 -0,108222 3,200373 1,184805 0,160534 3,039825 -1,420108 0,213812 2,926132 -0,161112 0,610227 3,250313
-0,172120 -0,127306 3,178628 1,126381 -0,033410 2,987614 -1,441742 0,022726 2,935545 -0,164565 0,594347 3,238229
-0,167301 -0,122653 3,161433 1,116822 -0,229445 3,130862 -1,383708 -0,153233 2,928443 -0,155636 0,583554 3,193584
-0,172504 -0,127418 3,162999 1,089058 -0,261249 3,136681 -1,392808 -0,184449 2,980390 -0,163656 0,583717 3,215333
-0,167816 -0,124686 3,168284 1,091721 -0,235184 3,120928 -1,415910 -0,097132 2,937023 -0,156478 0,587300 3,216121
-0,166331 -0,116271 3,172599 1,124639 -0,077312 2,975981 -1,426349 0,099535 2,946710 -0,167633 0,599215 3,226498
-0,165170 -0,118855 3,182430 1,137234 0,017672 2,920888 -1,406150 0,186921 2,899441 -0,150694 0,597912 3,239478
-0,172432 -0,109517 3,196981 1,166336 0,137826 2,973332 -1,409201 0,270803 2,949134 -0,161310 0,606728 3,250285
-0,175234 -0,128668 3,207081 1,174222 0,043551 3,044219 -1,439761 0,147900 2,968436 -0,167430 0,595866 3,226520
-0,179358 -0,122029 3,181937 1,149493 -0,048888 3,027077 -1,443362 0,030737 2,956890 -0,167819 0,595712 3,226331
-0,184895 -0,124603 3,177083 1,076791 -0,237188 2,975953 -1,432172 -0,209856 3,069822 -0,167789 0,582039 3,226182
-0,184172 -0,123011 3,164938 1,056814 -0,293086 3,023702 -1,394508 -0,267928 3,069185 -0,163656 0,583717 3,215333
-0,186581 -0,113687 3,162839 1,059052 -0,263177 3,008681 -1,437835 -0,221875 3,115603 -0,167419 0,589028 3,226448
-0,186771 -0,115995 3,163964 1,167147 -0,107084 3,079249 -1,444062 0,011379 2,962261 -0,159348 0,588820 3,204501
-0,184932 -0,112209 3,161433 1,147531 0,240790 3,036152 -1,398912 0,354600 2,881355 -0,170478 0,600713 3,214854
-0,184304 -0,109011 3,170430 1,139177 0,455504 3,132252 -1,322211 0,532285 2,827306 -0,167462 0,616394 3,226738
-0,192502 -0,103679 3,152835 0,911955 0,812706 2,946516 -1,270644 1,009339 3,287784 -0,187033 0,618974 3,201723
-0,195341 -0,105333 3,143367 0,735614 1,285047 3,560378 -0,866686 1,090085 2,900661 -0,176755 0,627195 3,191842
-0,194702 -0,100225 3,141038 0,567368 1,375548 3,556624 -0,757132 1,183876 2,983382 -0,163701 0,617639 3,137815
-0,192054 -0,102141 3,146616 0,287361 1,292187 3,189257 -0,627749 1,378189 3,361790 -0,176552 0,630657 3,191918
