33 12
-0,133961 -0,080579 3,065832 0,296644 1,301692 2,974228 -0,415042 1,258315 2,998789 -0,086157 0,673696 3,222431
-0,130096 -0,087697 3,068527 0,265297 1,236212 2,851491 -0,369385 1,140113 2,880124 -0,092502 0,652316 3,199173
-0,126200 -0,093789 3,081311 0,214568 1,120400 2,716952 -0,318170 1,007524 2,762252 -0,095401 0,627063 3,209132
-0,119412 -0,098588 3,094295 0,166901 1,007375 2,616541 -0,270046 0,879731 2,684118 -0,121491 0,621908 3,219516
-0,119697 -0,105466 3,101450 0,125895 0,893446 2,486518 -0,233303 0,792144 2,674225 -0,094984 0,626639 3,266976
-0,111848 -0,116597 3,118261 0,074191 0,826860 2,436110 -0,201225 0,726761 2,651889 -0,094171 0,633845 3,267677
-0,113053 -0,108311 3,125946 0,057045 0,740458 2,356005 -0,183490 0,685105 2,639405 -0,100106 0,640043 3,243772
-0,105620 -0,121274 3,123343 0,044386 0,692366 2,387368 -0,171804 0,644717 2,606369 -0,098503 0,647072 3,302923
-0,106401 -0,107152 3,130631 0,031368 0,675632 2,422094 -0,176368 0,631064 2,601268 -0,088002 0,660757 3,339672
-0,105232 -0,111532 3,140574 0,040552 0,624597 2,371107 -0,170022 0,608997 2,573807 -0,105677 0,653998 3,302520
-0,107151 -0,103855 3,140449 0,009359 0,637212 2,420166 -0,154320 0,612546 2,556741 -0,101383 0,658918 3,290807
-0,104899 -0,102795 3,139849 0,034759 0,604833 2,370054 -0,139388 0,622535 2,560378 -0,079907 0,666113 3,292248
-0,105811 -0,109875 3,134364 0,005902 0,608258 2,387556 -0,149458 0,607972 2,585536 -0,085034 0,670060 3,352328
-0,108304 -0,105268 3,135981 -0,009643 0,628035 2,431436 -0,166627 0,598850 2,527092 -0,092084 0,673572 3,351900
-0,109217 -0,103761 3,137355 0,026164 0,600290 2,350989 -0,138286 0,613679 2,541947 -0,093504 0,665099 3,267682
-0,107565 -0,106856 3,136069 0,025507 0,615170 2,372480 -0,129704 0,614902 2,557269 -0,108389 0,654493 3,266945
-0,111514 -0,106322 3,124327 -0,010822 0,656947 2,460842 -0,152306 0,609586 2,552793 -0,096962 0,648267 3,232947
-0,110910 -0,106874 3,129665 0,005281 0,640018 2,377236 -0,148052 0,609279 2,533918 -0,094446 0,662472 3,291441
-0,108328 -0,103727 3,131910 0,016010 0,641236 2,366229 -0,134910 0,635276 2,549585 -0,101925 0,670306 3,314731
-0,111298 -0,106154 3,131173 0,023462 0,641280 2,368958 -0,135662 0,638830 2,559047 -0,094663 0,665935 3,291516
-0,113505 -0,106726 3,127088 -0,007426 0,665705 2,456185 -0,153462 0,631010 2,542236 -0,080350 0,652100 3,292213
-0,116070 -0,109148 3,115976 0,009293 0,653740 2,393554 -0,144878 0,626687 2,538018 -0,104558 0,652406 3,255546
-0,116107 -0,112065 3,119785 0,011729 0,647877 2,328319 -0,128281 0,649965 2,551139 -0,086395 0,647057 3,245044
-0,115616 -0,105974 3,120092 0,007567 0,654003 2,352407 -0,131302 0,641187 2,549413 -0,104897 0,660188 3,278915
-0,115753 -0,106243 3,114989 -0,009227 0,668478 2,453533 -0,152673 0,625586 2,554786 -0,100846 0,654619 3,267281
-0,116033 -0,111736 3,118944 0,016147 0,655020 2,349625 -0,137699 0,645558 2,538531 -0,086182 0,643626 3,244909
-0,116074 -0,116395 3,115271 -0,005346 0,678546 2,416027 -0,147150 0,674691 2,581421 -0,100412 0,647666 3,266751
-0,126186 -0,120783 3,091085 0,045532 0,764279 2,496125 -0,201184 0,740106 2,547545 -0,103678 0,626933 3,209515
-0,127636 -0,109558 3,092531 0,087007 0,935787 2,535107 -0,341668 0,966928 2,757879 -0,104632 0,595834 3,207973
-0,127311 -0,101313 3,081852 0,132957 1,035152 2,613699 -0,418087 1,082713 2,862692 -0,110364 0,610958 3,140387
-0,128792 -0,091996 3,076298 0,294792 1,250513 2,977678 -0,496026 1,215708 2,945421 -0,095516 0,667178 3,187778
-0,126331 -0,090636 3,052278 0,291596 1,288865 3,141988 -0,535207 1,280329 3,112988 -0,096184 0,663696 3,187855
-0,128799 -0,087532 3,061431 0,295750 1,301952 3,204062 -0,496045 1,278682 3,144598 -0,100221 0,673547 3,221553
