19 12
-0,147809 -0,074414 2,936368 0,735161 1,130995 2,816875 -0,404929 1,346702 2,799498 -0,094943 0,613536 3,007324
-0,147655 -0,078592 2,943230 0,735713 1,130037 2,810756 -0,348475 1,308352 2,646276 -0,095161 0,610306 3,007400
-0,162210 -0,083219 2,977008 0,733968 1,118277 2,811777 -0,105022 1,005211 2,196753 -0,121447 0,621618 3,140606
-0,165481 -0,091424 2,971364 0,734218 1,116751 2,820227 -0,029881 0,868427 2,080194 -0,115394 0,622294 3,163332
-0,170096 -0,079161 2,961747 0,734791 1,113354 2,818878 0,016293 0,591574 2,061002 -0,103897 0,650746 3,209635
-0,177133 -0,057584 2,967802 0,731634 1,107410 2,803140 0,077605 0,278835 1,951253 -0,082660 0,715355 3,116508
-0,178148 -0,056826 2,972665 0,733057 1,108829 2,804787 0,080153 0,174244 1,981924 -0,100275 0,694467 3,061224
-0,165196 -0,094100 3,006283 0,732516 1,106267 2,812902 0,090695 0,048665 2,020471 -0,108936 0,678984 3,032427
-0,164191 -0,093494 3,028684 0,732857 1,097919 2,802594 0,090257 0,043482 2,028990 -0,108936 0,678984 3,032427
-0,166479 -0,087969 3,018059 0,735140 1,108637 2,787974 0,086811 0,062470 2,031139 -0,103178 0,689292 3,051648
-0,181334 -0,061675 2,962984 0,739156 1,104703 2,781968 0,078100 0,153227 2,016436 -0,093113 0,692019 3,018550
-0,175906 -0,054036 2,962754 0,739756 1,105315 2,809874 0,038532 0,344844 2,045049 -0,111136 0,649073 3,110167
-0,176178 -0,069411 2,958987 0,738076 1,104036 2,796293 0,004620 0,466208 2,075905 -0,105702 0,651414 3,175815
-0,171623 -0,079161 2,962347 0,737391 1,104330 2,808882 -0,038475 0,740135 2,127167 -0,099412 0,627747 3,176208
-0,163289 -0,083271 2,936234 0,737425 1,103904 2,800111 -0,223982 1,075759 2,434270 -0,065401 0,603638 3,059649
-0,160475 -0,082648 2,942992 0,734733 1,110114 2,797148 -0,303306 1,210266 2,570822 -0,069021 0,608276 3,049506
-0,158112 -0,081170 2,935200 0,737530 1,112391 2,804253 -0,390900 1,325664 2,697914 -0,082480 0,610884 3,028431
-0,153199 -0,078222 2,920591 0,753903 1,123039 2,793485 -0,517385 1,378796 2,966432 -0,082514 0,613516 3,008094
-0,152164 -0,078030 2,912708 0,751660 1,112313 2,798203 -0,519169 1,363368 3,013809 -0,098876 0,617905 2,997116
