16 12
-0,110257 -0,085765 3,020496 0,644678 1,000092 2,467900 -0,422808 1,384752 2,960379 -0,076072 0,625060 3,069930
-0,113124 -0,093014 3,028412 0,643813 0,997344 2,468841 -0,381499 1,349072 2,820639 -0,098056 0,630591 3,153941
-0,112576 -0,093921 3,026365 0,641317 0,988017 2,472668 -0,318504 1,259742 2,651430 -0,088149 0,633320 3,187534
-0,125335 -0,095496 3,050733 0,649844 0,981247 2,446665 -0,051963 0,883027 2,172668 -0,088385 0,633944 3,209660
-0,127445 -0,089873 3,047456 0,643544 0,966808 2,457321 0,017229 0,702482 2,078260 -0,087722 0,676449 3,292030
-0,132228 -0,080916 3,032794 0,649119 0,968724 2,437437 0,086682 0,357931 2,098148 -0,091460 0,708137 3,208277
-0,129290 -0,082603 3,040246 0,645771 0,963404 2,458796 0,128423 0,115137 2,059356 -0,084110 0,719110 3,162730
-0,120429 -0,101400 3,061663 0,640270 0,946389 2,462603 0,130653 0,066820 2,070823 -0,080069 0,712368 3,130136
-0,122587 -0,085173 3,037747 0,648312 0,962671 2,469834 0,124299 0,099129 2,067909 -0,076237 0,713712 3,120236
-0,125669 -0,069675 3,033461 0,645145 0,967447 2,446507 0,090827 0,298051 2,098421 -0,088750 0,688626 3,210705
-0,124704 -0,076079 3,041721 0,634884 0,959109 2,453240 0,051910 0,452610 2,128281 -0,062038 0,688669 3,212084
-0,115695 -0,084828 3,059247 0,634339 0,976087 2,438906 -0,023014 0,754374 2,115997 -0,054363 0,664951 3,212585
-0,105323 -0,096282 3,038605 0,630491 0,995038 2,434615 -0,258658 1,152903 2,521809 -0,063700 0,632109 3,199817
-0,101060 -0,097229 3,029394 0,628569 0,992997 2,451183 -0,341618 1,274920 2,677144 -0,042421 0,623135 3,113564
-0,102199 -0,092468 3,021741 0,629949 0,997628 2,436291 -0,414854 1,345075 2,846595 -0,052750 0,623862 3,081591
-0,094863 -0,091476 3,002666 0,635360 1,010337 2,446331 -0,478071 1,373357 3,074405 -0,066216 0,623176 3,060141
