37 12
-0,072372 -0,079714 2,956053 0,402982 1,255862 2,865533 -0,562303 1,454414 3,333802 -0,028724 0,646854 3,030838
-0,071809 -0,086820 2,962205 0,661820 1,294059 3,064075 -0,741181 1,238093 2,942355 -0,018485 0,645623 3,041274
-0,076115 -0,088490 2,990210 0,843873 0,822393 2,467374 -1,220558 1,153089 3,369668 -0,031489 0,643641 3,081852
-0,073362 -0,091713 2,988326 0,969998 0,651664 2,471652 -1,315764 0,863794 3,150568 -0,045452 0,644980 3,123827
-0,072652 -0,099504 2,979769 1,267552 0,294885 2,864427 -1,383960 0,326367 2,824869 -0,066720 0,621617 3,123343
-0,067375 -0,096026 2,977240 1,254430 -0,105039 2,967119 -1,269618 -0,055788 2,681336 -0,052793 0,611235 3,102561
-0,072145 -0,097108 2,966354 1,234499 -0,251472 3,057186 -1,243877 -0,172236 2,724998 -0,049088 0,599067 3,071100
-0,065464 -0,094555 2,950146 1,143967 -0,397237 3,006416 -1,265685 -0,299478 2,954013 -0,055432 0,599019 3,070499
-0,060239 -0,092072 2,951169 1,142053 -0,338466 2,918442 -1,367302 -0,187392 3,042228 -0,049498 0,599027 3,071152
-0,059538 -0,100767 2,973456 1,154134 -0,248899 2,827929 -1,386984 -0,058734 3,027030 -0,046619 0,600802 3,081531
-0,051995 -0,097963 2,979527 1,272567 -0,003327 2,981460 -1,378498 0,247385 2,923528 -0,052591 0,607933 3,102416
-0,065739 -0,098915 3,007612 1,250491 0,331733 2,944074 -1,279144 0,501070 2,819486 -0,052757 0,631061 3,102671
-0,069422 -0,097145 3,018112 1,260026 0,477334 3,006760 -1,274771 0,591723 2,848528 -0,046366 0,631062 3,103000
-0,072458 -0,093304 3,009669 1,186481 0,575558 2,943306 -1,293204 0,606463 2,905496 -0,056068 0,636324 3,113072
-0,074441 -0,095582 3,009542 1,172932 0,381687 2,830770 -1,356565 0,336777 2,899724 -0,062724 0,619690 3,112450
-0,082645 -0,109422 3,009517 1,190905 0,244474 2,845321 -1,352098 0,168048 2,834678 -0,066002 0,611137 3,101588
-0,079925 -0,109954 2,976942 1,226549 -0,072733 2,950932 -1,379498 -0,169530 2,974273 -0,073320 0,594159 3,080489
-0,069141 -0,102327 2,971527 1,226902 -0,274724 3,068991 -1,264282 -0,307696 2,915397 -0,066248 0,590563 3,059990
-0,071142 -0,095233 2,955041 1,186948 -0,308919 3,019441 -1,298128 -0,312290 3,040433 -0,066041 0,593851 3,059999
-0,063804 -0,093938 2,952931 1,202900 -0,275020 3,010719 -1,334192 -0,194548 2,992019 -0,066433 0,604545 3,101891
-0,062668 -0,090254 2,961325 1,215987 -0,066703 2,898084 -1,358835 0,072776 2,881602 -0,073098 0,610589 3,080564
-0,065875 -0,091212 2,974606 1,247513 0,060627 2,912495 -1,330627 0,218480 2,796575 -0,060073 0,624976 3,123765
-0,066235 -0,099768 2,971816 1,244585 0,326269 2,961907 -1,333117 0,487187 2,946351 -0,066710 0,628267 3,123385
-0,075440 -0,097973 2,989354 1,212836 0,390958 2,973623 -1,356570 0,479362 2,997761 -0,066402 0,624360 3,102003
-0,076200 -0,097861 2,995819 1,193170 0,336973 2,904992 -1,380461 0,408160 2,980099 -0,063356 0,623003 3,112880
-0,083662 -0,101573 2,980970 1,230089 0,126503 2,955048 -1,387598 0,133857 2,900857 -0,077240 0,612929 3,112135
-0,082329 -0,090153 2,959332 1,213682 -0,173540 3,019084 -1,249332 -0,159944 2,692351 -0,065821 0,603646 3,059975
-0,079766 -0,092306 2,944412 1,198133 -0,281810 3,084072 -1,220593 -0,251951 2,789298 -0,066242 0,597081 3,060020
-0,081270 -0,093948 2,938999 1,142095 -0,369746 3,030525 -1,260569 -0,324238 2,975154 -0,073517 0,603954 3,080489
-0,078124 -0,089373 2,933880 1,145288 -0,240212 2,891560 -1,421143 -0,109817 3,131549 -0,070173 0,605337 3,070105
-0,072971 -0,087140 2,928366 1,171447 -0,114896 2,873633 -1,387760 0,057577 2,995351 -0,066443 0,600299 3,059978
-0,075509 -0,093887 2,931988 1,276378 0,254893 3,005881 -1,395885 0,469151 3,009964 -0,066229 0,610124 3,060081
-0,080794 -0,087481 2,940129 1,206041 0,791848 3,296772 -1,041783 0,759404 2,602797 -0,052504 0,618888 3,019720
-0,080578 -0,087606 2,943374 1,100058 1,071755 3,480241 -0,912042 0,897000 2,602555 -0,042465 0,622900 2,989906
-0,073587 -0,073350 2,952419 0,614838 1,213016 2,983665 -0,743137 1,351011 3,220442 -0,024899 0,644906 3,020633
-0,069981 -0,069360 2,957347 0,406223 1,408815 3,285343 -0,437371 1,267572 2,914731 -0,031466 0,645554 3,040632
-0,065836 -0,072661 2,958305 0,329196 1,332260 3,073156 -0,413587 1,309636 3,054303 -0,025267 0,649572 3,061733
