25 12
-0,110744 -0,073232 2,987683 0,244360 1,309445 2,962007 -0,422401 1,304156 3,020379 -0,076643 0,632214 3,091012
-0,110243 -0,074449 2,989586 0,253806 1,307019 2,922835 -0,393295 1,258379 2,921273 -0,066821 0,630929 3,102123
-0,107288 -0,078037 3,003459 0,190070 1,255036 2,772804 -0,358178 1,159291 2,796679 -0,079695 0,616540 3,059415
-0,110569 -0,083282 3,020241 0,147387 1,200782 2,720959 -0,255235 0,953698 2,607843 -0,067895 0,572657 3,087430
-0,109503 -0,085760 3,040389 0,107950 1,123039 2,641043 -0,234549 0,884824 2,534796 -0,064493 0,564474 3,097396
-0,104717 -0,094128 3,058860 -0,031434 0,963214 2,406977 -0,144258 0,856782 2,551001 -0,076231 0,510737 3,089929
-0,105237 -0,098406 3,063199 -0,027239 0,956335 2,451837 -0,122002 0,864831 2,576922 -0,093610 0,552545 3,150574
-0,102623 -0,098687 3,059527 -0,034335 0,947921 2,413036 -0,132086 0,859019 2,559113 -0,086285 0,542525 3,129227
-0,098799 -0,100866 3,075734 -0,013628 0,960188 2,385041 -0,105415 0,872983 2,520848 -0,086357 0,546239 3,152151
-0,098902 -0,101966 3,065489 -0,025610 0,977081 2,461664 -0,134948 0,887994 2,577839 -0,073378 0,505762 3,100972
-0,099987 -0,098979 3,067520 -0,020310 0,963032 2,372589 -0,125013 0,868775 2,499331 -0,063302 0,520567 3,112201
-0,097197 -0,096355 3,069770 -0,001071 0,974884 2,400491 -0,116547 0,896290 2,530780 -0,067223 0,522117 3,122790
-0,096460 -0,096033 3,053493 -0,041309 0,994965 2,428583 -0,145263 0,887338 2,550229 -0,063659 0,520515 3,112265
-0,094849 -0,095683 3,054834 -0,003259 0,967933 2,378098 -0,143547 0,865794 2,475226 -0,067041 0,525455 3,122809
-0,095631 -0,094561 3,058504 -0,012635 0,992843 2,400795 -0,129461 0,901470 2,526545 -0,066729 0,528773 3,101529
-0,095464 -0,094520 3,053802 -0,032191 0,988589 2,432599 -0,158970 0,872894 2,516121 -0,066561 0,518936 3,101406
-0,096664 -0,094800 3,055468 -0,015585 0,983741 2,418559 -0,153070 0,856921 2,457300 -0,060014 0,528821 3,123100
-0,096465 -0,101878 3,056116 -0,017443 0,975565 2,391459 -0,126046 0,901254 2,527915 -0,063202 0,514059 3,091063
-0,098723 -0,090084 3,055350 -0,018032 0,971718 2,398475 -0,191350 0,938650 2,614626 -0,063828 0,536958 3,112299
-0,102454 -0,093335 3,047176 -0,000536 0,975419 2,392536 -0,245441 0,973276 2,641273 -0,067450 0,548307 3,101265
-0,102914 -0,087257 3,039204 0,071763 1,071913 2,520084 -0,316749 1,035824 2,603469 -0,066453 0,591348 3,101815
-0,108188 -0,079749 3,029124 0,123741 1,169704 2,555851 -0,481212 1,237918 2,884815 -0,067455 0,620846 3,101699
-0,110831 -0,083113 3,031301 0,177735 1,223287 2,685701 -0,522224 1,285097 2,944424 -0,074061 0,624166 3,101575
-0,120731 -0,079016 3,012453 0,274148 1,329206 2,957873 -0,524969 1,332943 3,036720 -0,080873 0,630716 3,101258
-0,123672 -0,078539 3,008537 0,247251 1,335988 3,112208 -0,457192 1,297987 3,024578 -0,080444 0,637428 3,101454
