22 12
-0,054403 -0,083937 3,035765 0,271961 1,328106 3,081182 -0,440214 1,296892 2,952651 -0,046731 0,646462 3,168038
-0,067882 -0,086188 3,055799 0,275250 1,332530 3,086001 -0,360919 1,128810 2,655344 -0,039165 0,636373 3,167843
-0,073792 -0,092627 3,068294 0,270450 1,341506 3,103392 -0,346110 0,991268 2,490822 -0,035663 0,620949 3,156875
-0,087265 -0,098608 3,062669 0,260227 1,337628 3,080107 -0,376445 0,703664 2,264027 -0,037784 0,599157 3,185637
-0,102448 -0,078332 3,079115 0,258379 1,332083 3,077214 -0,366313 0,539149 2,186096 -0,059062 0,676690 3,293488
-0,098284 -0,083018 3,078814 0,261521 1,329721 3,076835 -0,373727 0,481516 2,149812 -0,059348 0,681169 3,317368
-0,097808 -0,079626 3,089073 0,257983 1,327141 3,078679 -0,324699 0,396842 2,249356 -0,070562 0,686822 3,328826
-0,092339 -0,085591 3,076797 0,266219 1,351075 3,106272 -0,333290 0,410017 2,331935 -0,073396 0,676579 3,292814
-0,095983 -0,086326 3,078720 0,262913 1,335622 3,092567 -0,323882 0,417029 2,310196 -0,066560 0,681116 3,317043
-0,098590 -0,086745 3,085031 0,262635 1,320690 3,084661 -0,346369 0,438390 2,176921 -0,066560 0,681116 3,317043
-0,099946 -0,088404 3,078990 0,263319 1,332985 3,104674 -0,345716 0,428133 2,201391 -0,070562 0,686822 3,328826
-0,098184 -0,087062 3,074125 0,262721 1,326176 3,094134 -0,337889 0,421571 2,252529 -0,070562 0,686822 3,328826
-0,095332 -0,083532 3,068619 0,264563 1,321191 3,093740 -0,328429 0,444235 2,258996 -0,080779 0,679953 3,292346
-0,100154 -0,086679 3,074464 0,262143 1,322857 3,084379 -0,334513 0,458112 2,206329 -0,077175 0,678780 3,304525
-0,099665 -0,086100 3,077928 0,261432 1,322737 3,093989 -0,330176 0,420974 2,176367 -0,066778 0,684577 3,316939
-0,102652 -0,093016 3,067104 0,260253 1,327876 3,088845 -0,310599 0,392866 2,317817 -0,073614 0,673022 3,292638
-0,098445 -0,095303 3,062050 0,270072 1,320631 3,084536 -0,348271 0,551636 2,355970 -0,079078 0,647866 3,268136
-0,091965 -0,091124 3,055405 0,273200 1,342367 3,107422 -0,368886 0,682606 2,350024 -0,052276 0,616347 3,187197
-0,088726 -0,087573 3,065740 0,281983 1,331968 3,100798 -0,393948 1,003780 2,469251 -0,049257 0,630923 3,156134
-0,079846 -0,083456 3,038011 0,274432 1,333778 3,103858 -0,508281 1,261503 2,778219 -0,053911 0,650547 3,189984
-0,081806 -0,080140 3,039548 0,271202 1,336169 3,092981 -0,488797 1,308364 2,869921 -0,060607 0,646376 3,167453
-0,081416 -0,089871 3,032888 0,268206 1,335780 3,087375 -0,405364 1,363647 3,139617 -0,064145 0,640922 3,156269
