23 12
-0,100171 -0,080335 3,018588 0,223467 1,317666 3,059785 -0,438106 1,265556 2,773978 -0,073206 0,630918 3,101688
-0,102322 -0,087484 3,027022 0,222733 1,304031 3,042729 -0,401341 1,149692 2,631406 -0,073989 0,628171 3,123123
-0,112776 -0,077552 3,032460 0,215211 1,312714 3,044194 -0,441878 0,896647 2,403163 -0,066620 0,618827 3,144589
-0,124556 -0,080980 3,053204 0,212411 1,302151 3,041262 -0,436590 0,670925 2,347698 -0,067023 0,632223 3,145037
-0,129122 -0,081254 3,048033 0,209900 1,305980 3,043920 -0,438282 0,549701 2,286421 -0,063855 0,630222 3,134426
-0,130931 -0,088399 3,048762 0,211922 1,293958 3,036234 -0,419877 0,409789 2,383744 -0,071278 0,630751 3,155801
-0,126817 -0,087899 3,042770 0,220544 1,295336 3,049650 -0,418911 0,409254 2,428648 -0,078187 0,637410 3,155493
-0,125950 -0,082900 3,050968 0,224304 1,297164 3,057196 -0,418514 0,429688 2,426518 -0,071064 0,634152 3,155882
-0,125642 -0,091577 3,054521 0,221979 1,302997 3,052274 -0,457553 0,481622 2,307829 -0,071275 0,637468 3,155851
-0,122945 -0,089388 3,042872 0,215785 1,300516 3,051113 -0,437984 0,435441 2,318056 -0,071487 0,634052 3,155701
-0,123057 -0,080990 3,052724 0,217162 1,302314 3,062328 -0,428363 0,426060 2,356844 -0,101178 0,657115 3,244141
-0,122952 -0,081816 3,052497 0,215245 1,303172 3,055763 -0,411430 0,423517 2,366094 -0,096677 0,654299 3,210228
-0,122130 -0,089972 3,050162 0,220309 1,294014 3,044895 -0,436032 0,462929 2,341933 -0,097387 0,648159 3,232798
-0,122032 -0,081601 3,050255 0,221557 1,308215 3,076209 -0,423722 0,440524 2,346230 -0,100748 0,657223 3,244284
-0,119716 -0,091306 3,046553 0,224875 1,303293 3,064006 -0,407419 0,382602 2,436125 -0,075333 0,639329 3,166361
-0,117089 -0,089980 3,038540 0,227647 1,301226 3,060327 -0,412842 0,431153 2,484104 -0,071696 0,637338 3,155534
-0,116849 -0,086992 3,045344 0,221979 1,303243 3,056711 -0,416917 0,476818 2,464675 -0,074126 0,635503 3,144783
-0,112370 -0,089894 3,051016 0,222841 1,308004 3,063148 -0,450220 0,633472 2,359857 -0,074281 0,629441 3,166551
-0,105753 -0,081550 3,038982 0,225758 1,296044 3,038957 -0,514612 0,905902 2,384191 -0,067449 0,632182 3,145123
-0,106181 -0,083129 3,042590 0,224078 1,309222 3,067951 -0,552185 1,020511 2,445103 -0,067449 0,632182 3,145123
-0,100819 -0,089239 3,045268 0,220899 1,307776 3,044684 -0,539171 1,287816 2,724595 -0,067449 0,632182 3,145123
-0,102114 -0,078974 3,021701 0,224708 1,309445 3,063649 -0,541403 1,319878 2,872008 -0,074908 0,646200 3,166727
-0,102560 -0,088896 3,027811 0,228895 1,310439 3,071316 -0,518873 1,335206 2,971716 -0,074199 0,631454 3,123093
