18 12
-0,098776 -0,078971 3,231964 0,342283 1,389907 3,179131 -0,452159 1,429160 3,105704 -0,039607 0,629658 3,168114
-0,075714 -0,088098 3,200597 0,340892 1,408487 3,176769 -0,612265 1,477284 3,210844 -0,039666 0,622335 3,146210
-0,065756 -0,084585 3,216740 0,339703 1,413280 3,192697 -0,725389 1,362463 3,122068 -0,029246 0,631702 3,179531
-0,060630 -0,107433 3,236414 0,315948 1,395629 3,149953 -0,881908 0,723916 2,415469 -0,029688 0,618153 3,179456
-0,076722 -0,105064 3,246983 0,319321 1,398404 3,152728 -0,929210 0,034271 2,374053 -0,036787 0,622079 3,201597
-0,085287 -0,107844 3,240986 0,327462 1,411999 3,168415 -0,873615 -0,227091 2,349813 -0,043604 0,618093 3,179005
-0,099788 -0,104255 3,188167 0,343431 1,393341 3,177151 -0,738561 -0,722079 3,198633 -0,047386 0,623393 3,189965
-0,108386 -0,111071 3,199886 0,333445 1,408916 3,224469 -0,526650 -0,742298 3,100592 -0,040004 0,616718 3,190255
-0,107037 -0,111743 3,207666 0,320865 1,395900 3,205625 -0,482349 -0,789741 3,328819 -0,043402 0,614742 3,178990
-0,105292 -0,105228 3,207859 0,300134 1,394284 3,174128 -0,447488 -0,795577 3,416989 -0,043402 0,614742 3,178990
-0,098115 -0,107329 3,205657 0,302681 1,410554 3,174306 -0,514349 -0,781983 3,380217 -0,043587 0,631606 3,179109
-0,090696 -0,103405 3,205322 0,295568 1,407476 3,164920 -0,574663 -0,707654 3,287847 -0,061413 0,630760 3,211980
-0,074934 -0,102861 3,237370 0,287860 1,404488 3,145383 -0,701386 -0,353151 2,693990 -0,050776 0,628808 3,201146
-0,061769 -0,101585 3,223136 0,284293 1,419022 3,144178 -0,855196 0,194323 2,634156 -0,064977 0,625276 3,200441
-0,056528 -0,101360 3,228521 0,283973 1,427358 3,152126 -0,893812 0,493215 2,511998 -0,054152 0,626782 3,189791
-0,070288 -0,090706 3,212459 0,282358 1,416828 3,140534 -0,849833 1,204997 2,987831 -0,067880 0,636884 3,189229
-0,090385 -0,088307 3,238209 0,288658 1,407872 3,145257 -0,572100 1,299684 2,857151 -0,064242 0,634885 3,178259
-0,106107 -0,083966 3,220435 0,291808 1,406830 3,154455 -0,473804 1,370578 3,008518 -0,077557 0,627425 3,155365
