24 12
-0,045877 -0,070201 3,246584 0,311226 1,459262 3,277042 -0,482084 1,450450 3,280131 -0,047728 0,696623 3,306034
-0,043771 -0,075609 3,255612 0,308994 1,454778 3,271183 -0,544703 1,393834 3,247684 -0,043812 0,690840 3,294080
-0,036827 -0,085037 3,261702 0,313876 1,454304 3,272260 -0,702625 0,928616 2,686033 -0,054671 0,685033 3,281923
-0,040336 -0,075842 3,281183 0,317974 1,460858 3,276088 -0,799380 0,475302 2,664926 -0,040153 0,681618 3,282315
-0,043274 -0,084304 3,270212 0,320289 1,450822 3,283012 -0,733989 0,274125 2,536907 -0,040589 0,688597 3,282594
-0,040580 -0,081739 3,279018 0,316305 1,462694 3,280552 -0,566654 0,094126 2,794835 -0,062186 0,683912 3,258239
-0,033916 -0,089838 3,266959 0,315167 1,470603 3,289583 -0,463093 0,032042 2,729325 -0,037543 0,683814 3,294366
-0,032748 -0,085288 3,277759 0,316677 1,465585 3,281271 -0,543016 -0,037156 2,914295 -0,055605 0,685967 3,305620
-0,021658 -0,075892 3,306971 0,309554 1,465802 3,275682 -0,631542 -0,102016 2,833798 -0,027318 0,710674 3,379671
-0,006107 -0,070697 3,250004 0,313693 1,466626 3,271731 -0,418404 -0,070194 2,561657 -0,027096 0,707148 3,379815
-0,010485 -0,071722 3,242636 0,314681 1,458708 3,266322 -0,386531 -0,063152 2,666582 -0,041753 0,714254 3,379477
-0,025007 -0,081897 3,284924 0,328477 1,465624 3,271270 -0,451393 -0,115323 2,750184 -0,015594 0,707271 3,343348
-0,030624 -0,080981 3,301672 0,336402 1,451443 3,284363 -0,471994 -0,138245 2,709079 -0,031267 0,716582 3,391836
-0,020008 -0,074312 3,270352 0,331306 1,467933 3,281192 -0,403034 -0,124300 2,652202 -0,019484 0,706043 3,355429
-0,038968 -0,064383 3,246844 0,342771 1,451337 3,297323 -0,369228 -0,119938 2,803299 -0,041212 0,693077 3,306235
-0,046555 -0,084162 3,271113 0,346945 1,460783 3,304621 -0,525724 -0,117476 3,005574 -0,023034 0,691965 3,318802
-0,042638 -0,075793 3,262646 0,343799 1,467317 3,310738 -0,560273 -0,067025 2,968093 -0,019401 0,689692 3,306897
-0,036975 -0,069777 3,267020 0,343330 1,470238 3,313676 -0,613212 0,144096 2,784573 -0,033787 0,696666 3,306594
-0,029705 -0,072926 3,258128 0,342208 1,485749 3,323159 -0,692781 0,523798 2,724514 -0,044442 0,696513 3,342295
-0,027352 -0,078772 3,265278 0,336783 1,489216 3,329268 -0,724461 0,751814 2,710307 -0,037024 0,691937 3,318342
-0,027167 -0,071729 3,274092 0,331685 1,476795 3,307293 -0,679414 1,220482 2,994269 -0,051225 0,695373 3,317677
-0,041118 -0,069571 3,277334 0,316586 1,433704 3,316723 -0,506168 1,278799 2,861038 -0,044009 0,695415 3,317972
-0,048755 -0,070969 3,267933 0,309887 1,444962 3,329886 -0,436437 1,362281 3,002809 -0,044009 0,695415 3,317972
-0,057915 -0,071274 3,264863 0,298717 1,392784 3,382425 -0,406591 1,459917 3,216244 -0,043812 0,690840 3,294080
