26 12
-0,113926 -0,072924 3,225265 0,306299 1,453744 3,281967 -0,477366 1,436634 3,184191 -0,079865 0,708095 3,292715
-0,112456 -0,078423 3,231483 0,307052 1,455937 3,270304 -0,472079 1,426959 3,138183 -0,068948 0,698885 3,281393
-0,110362 -0,081522 3,239251 0,306887 1,449636 3,272272 -0,475841 1,387944 3,080454 -0,083238 0,698759 3,280605
-0,103301 -0,080089 3,244403 0,304929 1,453575 3,280830 -0,527013 1,224642 2,843262 -0,083011 0,695263 3,280387
-0,095628 -0,080567 3,239950 0,305819 1,446844 3,270249 -0,563402 1,144889 2,816741 -0,082394 0,682830 3,234015
-0,093947 -0,083567 3,257923 0,306674 1,459675 3,284276 -0,567262 1,068920 2,724185 -0,085684 0,684985 3,244890
-0,083985 -0,085750 3,273207 0,299280 1,444057 3,260636 -0,570673 0,856067 2,591194 -0,072490 0,690645 3,292744
-0,080171 -0,081605 3,258718 0,293186 1,457366 3,275639 -0,522717 0,551923 2,581138 -0,072432 0,692013 3,246298
-0,077539 -0,085423 3,261885 0,299827 1,446358 3,266170 -0,548630 0,489295 2,650995 -0,058263 0,692123 3,246968
-0,061067 -0,090968 3,290477 0,302721 1,447720 3,273328 -0,581052 0,525497 2,640469 -0,068276 0,682952 3,234787
-0,045400 -0,095475 3,278184 0,308076 1,461301 3,299695 -0,572218 0,659257 2,577704 -0,071901 0,682635 3,268900
-0,043540 -0,092324 3,296948 0,308285 1,467595 3,306000 -0,537931 0,639605 2,551088 -0,068614 0,687400 3,257901
-0,051052 -0,094304 3,280479 0,305546 1,452907 3,300972 -0,509176 0,456568 2,589916 -0,065674 0,689639 3,269848
-0,047597 -0,090437 3,279255 0,306942 1,451338 3,286615 -0,572513 0,428907 2,690917 -0,054380 0,679602 3,235495
-0,046297 -0,092308 3,274013 0,312887 1,452620 3,266489 -0,598689 0,484466 2,673152 -0,061529 0,673597 3,258111
-0,038702 -0,089199 3,285884 0,327501 1,468850 3,285209 -0,609097 0,589974 2,609188 -0,075952 0,676938 3,257513
-0,045761 -0,081490 3,289746 0,337114 1,457386 3,277555 -0,527249 0,407745 2,519628 -0,052073 0,691906 3,246517
-0,054254 -0,081558 3,272287 0,333630 1,464622 3,286460 -0,537792 0,321065 2,594128 -0,058886 0,694260 3,223350
-0,063604 -0,075288 3,243846 0,333590 1,454247 3,288840 -0,572727 0,216284 2,653489 -0,051167 0,691097 3,224241
-0,060466 -0,077923 3,244222 0,326786 1,456658 3,291620 -0,685627 0,365759 2,779622 -0,075493 0,683870 3,257319
-0,061145 -0,076480 3,229395 0,330128 1,459442 3,303115 -0,720703 0,473603 2,755051 -0,075724 0,680412 3,257454
-0,062781 -0,076422 3,236865 0,324638 1,458712 3,305814 -0,749802 0,784966 2,795909 -0,090870 0,689254 3,303728
-0,068386 -0,072578 3,246189 0,308687 1,474706 3,316802 -0,723773 1,037254 2,792909 -0,090630 0,699779 3,303658
-0,071575 -0,072977 3,243870 0,296491 1,464746 3,318121 -0,686352 1,141354 2,868267 -0,086809 0,697514 3,291988
-0,086097 -0,067821 3,227698 0,286981 1,444952 3,280777 -0,596078 1,411716 3,262699 -0,087503 0,698617 3,316010
-0,094310 -0,069344 3,246902 0,287125 1,448932 3,271905 -0,454088 1,404998 3,183158 -0,080062 0,702201 3,316298
