36 12
-0,072934 -0,069567 3,280012 0,283042 1,464675 3,297360 -0,470766 1,447407 3,298801 -0,073094 0,691703 3,316758
-0,071913 -0,069129 3,281019 0,286657 1,457444 3,329479 -0,480461 1,431268 3,249198 -0,073317 0,695217 3,316897
-0,071510 -0,074022 3,288502 0,297877 1,463445 3,304976 -0,477606 1,366996 3,118970 -0,072872 0,688173 3,316540
-0,073462 -0,083450 3,292269 0,302692 1,464569 3,313127 -0,461440 1,266250 3,000631 -0,073094 0,691703 3,316758
-0,077370 -0,083201 3,291511 0,308338 1,462871 3,314537 -0,454092 1,114511 2,889304 -0,076288 0,678855 3,304284
-0,076004 -0,081201 3,299399 0,309092 1,454523 3,302027 -0,477948 0,964517 2,836801 -0,072457 0,666995 3,315709
-0,079638 -0,080989 3,306249 0,313083 1,456616 3,311990 -0,549763 0,809550 2,807317 -0,072891 0,674093 3,316376
-0,079166 -0,084978 3,300013 0,303340 1,423492 3,348786 -0,664749 0,652242 2,766441 -0,076343 0,674403 3,280846
-0,072190 -0,086934 3,310503 0,312554 1,468808 3,306808 -0,828801 0,536580 2,790879 -0,072589 0,672231 3,269295
-0,070568 -0,081992 3,307802 0,311982 1,455114 3,293860 -0,921237 0,446341 2,743963 -0,072371 0,668769 3,269167
-0,064731 -0,080165 3,315799 0,319605 1,449621 3,292841 -0,902155 0,392449 2,646180 -0,072811 0,668730 3,269276
-0,059382 -0,080281 3,317008 0,319576 1,453767 3,300170 -0,800510 0,382947 2,599222 -0,069422 0,670950 3,281198
-0,056814 -0,083948 3,328242 0,323751 1,452116 3,306386 -0,666936 0,410408 2,570820 -0,073552 0,677581 3,316706
-0,051129 -0,083850 3,325104 0,326069 1,462219 3,328565 -0,557456 0,453384 2,596073 -0,077175 0,678780 3,304524
-0,050781 -0,084508 3,340550 0,322098 1,460259 3,316002 -0,554929 0,486599 2,700595 -0,080977 0,688037 3,316391
-0,047580 -0,086087 3,329507 0,314298 1,441672 3,369611 -0,643783 0,471394 2,768831 -0,073770 0,681058 3,316688
-0,042406 -0,086633 3,328980 0,318329 1,471396 3,308802 -0,806007 0,432749 2,833111 -0,066013 0,673183 3,293192
-0,036338 -0,091972 3,335611 0,320915 1,465599 3,319815 -0,908873 0,377414 2,774673 -0,077176 0,671764 3,304443
-0,036817 -0,087155 3,347353 0,319296 1,466843 3,315103 -0,905573 0,333722 2,678810 -0,077574 0,676224 3,328469
-0,038650 -0,084419 3,336441 0,321217 1,467531 3,329989 -0,826799 0,324434 2,653709 -0,073770 0,681058 3,316688
-0,034166 -0,089571 3,343213 0,327888 1,479934 3,348610 -0,704360 0,355002 2,638414 -0,077393 0,675211 3,304349
-0,039200 -0,085932 3,333575 0,326154 1,465972 3,343754 -0,618959 0,398151 2,668379 -0,084356 0,690360 3,328267
-0,044227 -0,084610 3,342656 0,321671 1,464782 3,325179 -0,611304 0,421600 2,732031 -0,084581 0,686799 3,328252
-0,041515 -0,087935 3,346011 0,324812 1,463439 3,320880 -0,696240 0,410078 2,821309 -0,080759 0,677518 3,316317
-0,040629 -0,088819 3,333853 0,321463 1,462815 3,313349 -0,856360 0,382372 2,877585 -0,087741 0,680998 3,315911
-0,045981 -0,086372 3,330136 0,323113 1,463152 3,298683 -0,972721 0,348683 2,845709 -0,087722 0,669457 3,291950
-0,041106 -0,086805 3,321800 0,319349 1,462628 3,297503 -1,033720 0,327475 2,779783 -0,083484 0,674339 3,280444
-0,040458 -0,083173 3,326449 0,319696 1,463169 3,294782 -1,023185 0,356879 2,778778 -0,091586 0,683223 3,327739
-0,039994 -0,082879 3,312482 0,316039 1,473484 3,292403 -0,976560 0,443191 2,776003 -0,098587 0,679628 3,327108
-0,040040 -0,084252 3,316431 0,315894 1,470146 3,299997 -0,949584 0,579280 2,813706 -0,095677 0,688977 3,339724
-0,041885 -0,078647 3,314930 0,315409 1,475460 3,311593 -0,911712 0,741729 2,857809 -0,088678 0,697271 3,364703
-0,046956 -0,074847 3,300132 0,306289 1,485869 3,311699 -0,867033 0,906368 2,863600 -0,084579 0,693866 3,328339
-0,049192 -0,069055 3,310133 0,301150 1,465619 3,302110 -0,791409 1,058163 2,884820 -0,092300 0,698433 3,352261
-0,053980 -0,067481 3,296524 0,289977 1,455672 3,341513 -0,712108 1,193941 2,976940 -0,092073 0,702020 3,352271
-0,059263 -0,068549 3,301198 0,279368 1,462559 3,299927 -0,608569 1,302349 3,068948 -0,091607 0,709138 3,352043
-0,067923 -0,069581 3,294009 0,270810 1,473922 3,329168 -0,483433 1,370709 3,136193 -0,084352 0,697428 3,328353
