30 12
-0,105322 -0,103253 3,278015 0,263087 1,358163 3,267546 -0,514792 1,434623 3,324856 -0,081616 0,665210 3,364736
-0,099882 -0,096443 3,281877 0,264560 1,379766 3,274724 -0,536896 1,444702 3,315396 -0,084604 0,662996 3,352099
-0,093372 -0,092914 3,288967 0,260691 1,386987 3,270758 -0,577998 1,450508 3,291179 -0,077335 0,663059 3,352524
-0,086661 -0,101058 3,280651 0,255240 1,382435 3,265317 -0,615075 1,401985 3,185971 -0,077553 0,659497 3,352581
-0,084450 -0,101998 3,279136 0,251626 1,380442 3,259729 -0,667053 1,331968 3,079731 -0,066478 0,657386 3,340943
-0,081099 -0,103316 3,289029 0,252577 1,377967 3,244362 -0,718853 1,221068 2,955672 -0,081403 0,661675 3,364664
-0,081096 -0,107556 3,307017 0,250936 1,373394 3,246804 -0,770956 1,072955 2,829611 -0,085491 0,660263 3,376799
-0,082590 -0,104025 3,293325 0,252226 1,387349 3,252808 -0,812715 0,881991 2,746268 -0,080979 0,650195 3,340079
-0,088641 -0,103265 3,306618 0,258177 1,377723 3,242731 -0,849268 0,654283 2,723449 -0,084379 0,648008 3,327748
-0,087501 -0,101750 3,319455 0,257533 1,376794 3,244443 -0,824785 0,398955 2,675069 -0,084590 0,651504 3,327818
-0,092655 -0,099651 3,291600 0,256270 1,373745 3,236312 -0,781887 0,176110 2,705606 -0,098503 0,647072 3,302923
-0,097800 -0,106638 3,291697 0,265445 1,369525 3,253636 -0,729225 -0,003829 2,787972 -0,102364 0,649172 3,314639
-0,101743 -0,096844 3,287398 0,265401 1,384445 3,241466 -0,663910 -0,111350 2,939425 -0,105463 0,650527 3,302434
-0,102026 -0,104760 3,284484 0,265266 1,378486 3,260936 -0,608871 -0,147231 3,074023 -0,113249 0,654758 3,325898
-0,099791 -0,100489 3,282394 0,267488 1,375816 3,254613 -0,571439 -0,145027 3,188028 -0,106034 0,661893 3,326512
-0,104362 -0,104134 3,287192 0,266317 1,371344 3,255677 -0,542623 -0,130665 3,239538 -0,124408 0,656801 3,337164
-0,104725 -0,098123 3,287763 0,267241 1,379778 3,258501 -0,522570 -0,109919 3,275748 -0,105677 0,653998 3,302520
-0,106833 -0,098357 3,287297 0,269024 1,375207 3,255177 -0,512488 -0,102893 3,263629 -0,113462 0,651202 3,325907
-0,108540 -0,100326 3,285116 0,263216 1,368158 3,242538 -0,530704 -0,096244 3,275427 -0,120677 0,658163 3,325448
-0,108230 -0,103949 3,286951 0,263055 1,377631 3,253582 -0,546812 -0,082446 3,233314 -0,117177 0,656892 3,337735
-0,108911 -0,101039 3,291413 0,266555 1,372483 3,253116 -0,588134 -0,043462 3,177591 -0,102919 0,660567 3,338882
-0,106394 -0,105011 3,296324 0,266445 1,383080 3,261495 -0,631897 0,029565 3,089809 -0,100112 0,667268 3,375979
-0,100471 -0,104180 3,288342 0,262191 1,380656 3,260978 -0,698725 0,170894 2,991823 -0,088221 0,657205 3,339738
-0,093555 -0,098232 3,293379 0,267040 1,379076 3,268161 -0,755023 0,388511 2,912941 -0,077980 0,659423 3,352541
-0,093110 -0,091158 3,282164 0,265689 1,379665 3,270043 -0,818218 0,633203 2,915394 -0,081403 0,661675 3,364664
-0,087255 -0,098257 3,287023 0,261027 1,388760 3,278919 -0,810683 0,872370 2,869668 -0,074326 0,658145 3,365040
-0,089290 -0,096737 3,289550 0,266386 1,382604 3,283296 -0,777556 1,077771 2,882287 -0,081403 0,661675 3,364664
-0,089325 -0,097072 3,288553 0,268375 1,383802 3,272282 -0,711845 1,242867 2,980692 -0,077335 0,663059 3,352524
-0,091517 -0,099019 3,295835 0,272264 1,381501 3,279064 -0,610054 1,348296 3,097974 -0,089173 0,666072 3,389051
-0,100419 -0,102446 3,303707 0,267553 1,370058 3,275109 -0,483811 1,407303 3,188384 -0,100231 0,664629 3,400691
