36 12
-0,058549 -0,104692 3,336788 0,284873 1,418082 3,325223 -0,449662 1,402058 3,260688 -0,059335 0,636923 3,365385
-0,052380 -0,103785 3,350593 0,288054 1,421257 3,323036 -0,502850 1,369407 3,189673 -0,055824 0,639085 3,377920
-0,040166 -0,101429 3,353397 0,274819 1,424438 3,309366 -0,580013 1,275649 3,042507 -0,041038 0,627154 3,329558
-0,036078 -0,107972 3,388658 0,273065 1,434991 3,319875 -0,661638 1,086779 2,873701 -0,048475 0,623570 3,329234
-0,027344 -0,113037 3,384818 0,271878 1,433987 3,330339 -0,734716 0,832237 2,715328 -0,055432 0,624781 3,377318
-0,031971 -0,111899 3,403870 0,260678 1,431384 3,298429 -0,815773 0,516118 2,673807 -0,056243 0,631905 3,377907
-0,037955 -0,110558 3,391925 0,257377 1,425497 3,299824 -0,829142 0,189661 2,550982 -0,056243 0,631905 3,377906
-0,044555 -0,110284 3,404788 0,259575 1,438504 3,309558 -0,836780 -0,092297 2,560881 -0,045365 0,633366 3,365934
-0,056020 -0,107726 3,408510 0,254935 1,438111 3,300319 -0,816733 -0,298178 2,625403 -0,038269 0,636902 3,366050
-0,069241 -0,100206 3,396387 0,252771 1,451939 3,309537 -0,753230 -0,424405 2,697759 -0,038429 0,648366 3,390969
-0,083150 -0,106165 3,396094 0,252064 1,434655 3,294795 -0,633898 -0,513519 2,718458 -0,027363 0,646232 3,378826
-0,097816 -0,111272 3,398994 0,251261 1,435052 3,290914 -0,473002 -0,568446 2,726354 -0,034827 0,650576 3,403623
-0,104504 -0,103113 3,381313 0,252907 1,426775 3,291095 -0,318169 -0,559236 2,724335 -0,038006 0,655640 3,391352
-0,107220 -0,107157 3,404906 0,250165 1,434541 3,299459 -0,192315 -0,497470 2,736982 -0,038594 0,652768 3,416137
-0,104826 -0,101974 3,403811 0,251471 1,433507 3,294696 -0,185520 -0,457877 2,779863 -0,042008 0,646170 3,378395
-0,105294 -0,096823 3,395329 0,240750 1,430033 3,270474 -0,235266 -0,525191 2,822753 -0,041798 0,649802 3,378622
-0,100951 -0,100176 3,406492 0,239200 1,432415 3,278760 -0,340416 -0,605392 2,875315 -0,038800 0,656302 3,415915
-0,100363 -0,104707 3,403425 0,239191 1,428307 3,293360 -0,453043 -0,634232 2,911712 -0,038338 0,664608 3,442055
-0,094336 -0,101347 3,401772 0,234968 1,422897 3,277851 -0,547011 -0,617129 2,901812 -0,046625 0,665301 3,467048
-0,093786 -0,107079 3,426777 0,234822 1,444002 3,288391 -0,612579 -0,584698 2,896031 -0,046416 0,669043 3,467382
-0,098887 -0,110042 3,434645 0,240630 1,431993 3,289912 -0,603004 -0,561996 2,853465 -0,050453 0,666550 3,453637
-0,104917 -0,113748 3,426418 0,247715 1,437595 3,315908 -0,509003 -0,553846 2,787662 -0,039177 0,664331 3,441116
-0,112777 -0,109590 3,434215 0,248982 1,442977 3,307752 -0,381497 -0,534702 2,748756 -0,042382 0,662222 3,428837
-0,117325 -0,111529 3,417104 0,255268 1,429679 3,304859 -0,280606 -0,482654 2,733097 -0,046406 0,660752 3,441185
-0,126118 -0,109832 3,426286 0,250706 1,428503 3,286467 -0,278367 -0,442628 2,791690 -0,057002 0,651329 3,428291
-0,119662 -0,103589 3,412936 0,245313 1,440545 3,306259 -0,331579 -0,430386 2,802176 -0,060862 0,653531 3,440927
-0,113938 -0,095935 3,419605 0,246052 1,412913 3,294844 -0,401388 -0,368542 2,796256 -0,057209 0,654890 3,428174
-0,111357 -0,094295 3,410822 0,259407 1,426770 3,306458 -0,460706 -0,265903 2,786204 -0,053579 0,656222 3,415406
-0,100614 -0,096056 3,400592 0,253568 1,420273 3,314858 -0,517326 -0,102581 2,740625 -0,053373 0,652690 3,415613
-0,102597 -0,099845 3,416953 0,255526 1,424308 3,312571 -0,568436 0,114229 2,691946 -0,042578 0,659468 3,454419
-0,102355 -0,104240 3,416738 0,256538 1,413934 3,321998 -0,617469 0,367977 2,683760 -0,045585 0,646420 3,441529
-0,103505 -0,106343 3,413797 0,261950 1,406055 3,327841 -0,665060 0,650711 2,727993 -0,049228 0,637692 3,454019
-0,108704 -0,095184 3,418308 0,264232 1,394591 3,327697 -0,673441 0,915243 2,774770 -0,056599 0,636918 3,428164
-0,117641 -0,094592 3,421284 0,272983 1,402128 3,339492 -0,651751 1,141557 2,911638 -0,078186 0,636065 3,401674
-0,124778 -0,089699 3,408020 0,281517 1,396877 3,354969 -0,583894 1,282681 3,035754 -0,078391 0,639646 3,401830
-0,130176 -0,091989 3,390262 0,282013 1,391729 3,356209 -0,476579 1,377341 3,191337 -0,097042 0,641652 3,413312
