42 12
-0,101270 -0,088927 3,250930 0,278534 1,374014 3,255333 -0,492356 1,429576 3,282368 -0,073340 0,667051 3,316564
-0,100542 -0,087129 3,246796 0,277063 1,378388 3,252182 -0,526402 1,413133 3,252332 -0,066685 0,667981 3,341087
-0,093177 -0,087706 3,260122 0,276546 1,379354 3,256869 -0,577692 1,382142 3,197428 -0,063216 0,670239 3,353474
-0,090956 -0,092774 3,255848 0,279141 1,377122 3,262338 -0,655014 1,305506 3,131637 -0,063216 0,670239 3,353474
-0,084712 -0,095487 3,268415 0,279591 1,379460 3,254775 -0,747919 1,209114 3,045097 -0,059431 0,668033 3,341424
-0,079264 -0,089390 3,276087 0,278696 1,372404 3,255687 -0,845166 1,069726 2,958613 -0,063003 0,666712 3,353421
-0,075036 -0,090794 3,284194 0,279879 1,380685 3,260493 -0,938704 0,887398 2,894792 -0,063216 0,670239 3,353474
-0,075366 -0,089803 3,279031 0,279462 1,373779 3,256851 -0,979315 0,661907 2,803731 -0,070640 0,671143 3,377732
-0,078087 -0,093075 3,283491 0,278528 1,383755 3,258951 -0,967533 0,455071 2,758460 -0,055670 0,665839 3,329446
-0,081121 -0,094442 3,294377 0,275405 1,378455 3,258981 -0,921673 0,283320 2,761142 -0,055670 0,665839 3,329446
-0,082036 -0,096462 3,293117 0,272464 1,378346 3,247213 -0,803319 0,144993 2,730712 -0,059648 0,664448 3,341304
-0,086444 -0,085948 3,298697 0,272303 1,371470 3,245334 -0,643599 0,061775 2,702204 -0,055883 0,669327 3,329411
-0,083013 -0,096581 3,275567 0,270580 1,374933 3,249382 -0,489674 0,042236 2,704669 -0,059284 0,659151 3,293144
-0,073515 -0,130404 3,261878 0,269634 1,382341 3,250112 -0,385059 0,073156 2,749588 -0,088147 0,662328 3,291543
-0,067202 -0,123526 3,250780 0,264407 1,376482 3,243424 -0,367419 0,063360 2,794957 -0,102460 0,662177 3,290672
-0,070050 -0,093720 3,259511 0,263053 1,381285 3,240269 -0,427469 -0,012584 2,860110 -0,092732 0,669881 3,351715
-0,077058 -0,090195 3,306488 0,253160 1,385927 3,245919 -0,557354 -0,087430 2,917641 -0,085443 0,672390 3,327394
-0,071903 -0,083028 3,305568 0,249468 1,398474 3,247679 -0,651570 -0,077355 2,907376 -0,067114 0,674961 3,340957
-0,068185 -0,084371 3,299816 0,254812 1,388833 3,259305 -0,670097 -0,060735 2,878241 -0,056312 0,676253 3,329101
-0,070805 -0,087064 3,322723 0,256098 1,377898 3,244692 -0,605033 -0,075051 2,821534 -0,049519 0,677169 3,353352
-0,069373 -0,087491 3,303996 0,254414 1,378963 3,232476 -0,480324 -0,065807 2,775129 -0,049089 0,677341 3,353931
-0,054603 -0,116971 3,230087 0,263191 1,371859 3,241133 -0,381037 -0,014223 2,758762 -0,052542 0,666021 3,292966
-0,053560 -0,120201 3,238713 0,262612 1,378274 3,242780 -0,346924 0,011951 2,786002 -0,071202 0,675939 3,327787
-0,062643 -0,094960 3,259845 0,260661 1,395740 3,243248 -0,395977 -0,024954 2,859505 -0,078216 0,672458 3,327774
-0,078341 -0,095247 3,306116 0,257748 1,381864 3,240051 -0,501113 -0,083149 2,895820 -0,078195 0,677127 3,352632
-0,075104 -0,094523 3,308642 0,253843 1,379740 3,251544 -0,614564 -0,107940 2,953816 -0,063859 0,673611 3,353057
-0,075303 -0,090100 3,321424 0,260133 1,380197 3,251436 -0,657064 -0,098896 2,917358 -0,052854 0,679590 3,366095
-0,074871 -0,087774 3,315215 0,266401 1,374976 3,257748 -0,611781 -0,100151 2,880303 -0,048870 0,680957 3,354143
-0,078800 -0,092422 3,321730 0,266083 1,365903 3,245638 -0,512380 -0,073546 2,815763 -0,048661 0,670333 3,354095
-0,076291 -0,096296 3,293031 0,271289 1,371657 3,254822 -0,453159 -0,004135 2,797145 -0,044931 0,667177 3,317772
-0,070529 -0,091174 3,288795 0,271370 1,385631 3,263144 -0,451224 0,092450 2,795667 -0,059712 0,672965 3,292769
-0,069590 -0,086923 3,301077 0,268857 1,379767 3,242206 -0,484880 0,225230 2,768643 -0,068104 0,689902 3,364667
-0,063222 -0,095750 3,322315 0,267018 1,389083 3,245025 -0,533266 0,391879 2,738447 -0,059355 0,667089 3,317203
-0,063954 -0,095203 3,305496 0,266083 1,376039 3,237641 -0,579290 0,580019 2,740840 -0,063216 0,670239 3,353474
-0,060651 -0,100682 3,305906 0,269853 1,375143 3,241069 -0,631520 0,773572 2,730839 -0,059300 0,665417 3,365754
-0,059024 -0,089809 3,317952 0,274391 1,381263 3,254993 -0,664780 0,971744 2,794762 -0,066810 0,668921 3,365539
-0,062288 -0,090173 3,311045 0,276720 1,387975 3,263922 -0,676292 1,129649 2,873137 -0,070855 0,674693 3,377795
-0,067461 -0,092875 3,323351 0,276938 1,384427 3,263340 -0,662780 1,241428 2,962909 -0,070855 0,674693 3,377795
-0,069545 -0,081591 3,320301 0,278954 1,377689 3,255029 -0,618207 1,317413 3,066537 -0,055450 0,669396 3,329488
-0,073511 -0,083467 3,319530 0,275969 1,371875 3,253829 -0,553364 1,379318 3,149465 -0,070635 0,678299 3,377829
-0,082480 -0,086662 3,310597 0,275575 1,371653 3,250824 -0,466662 1,404715 3,205972 -0,070271 0,673766 3,353151
-0,082531 -0,092164 3,302383 0,271787 1,382364 3,255386 -0,440818 1,425781 3,254360 -0,077764 0,670125 3,352739
