32 12
-0,072627 -0,076442 3,347320 0,280657 1,479919 3,326066 -0,476243 1,410480 3,213633 -0,091540 0,657607 3,303460
-0,075309 -0,082259 3,346029 0,280157 1,468852 3,315950 -0,513707 1,329178 3,092833 -0,091327 0,654149 3,303464
-0,076527 -0,078885 3,340040 0,279580 1,471297 3,315782 -0,546820 1,198680 2,975007 -0,099032 0,658415 3,327006
-0,083566 -0,083321 3,358591 0,281083 1,444269 3,289043 -0,578526 1,009184 2,868783 -0,098603 0,651408 3,326760
-0,080275 -0,085009 3,340326 0,281103 1,463965 3,299638 -0,597620 0,788160 2,801617 -0,099241 0,647791 3,326832
-0,075069 -0,079503 3,346315 0,279263 1,445892 3,291794 -0,595005 0,588718 2,776307 -0,105889 0,650449 3,302446
-0,072126 -0,086029 3,343243 0,274091 1,479559 3,306203 -0,581964 0,442517 2,770985 -0,092166 0,653868 3,302814
-0,064777 -0,087649 3,371831 0,273138 1,464839 3,289388 -0,561462 0,335945 2,748377 -0,096015 0,663023 3,314645
-0,052597 -0,079072 3,363673 0,257785 1,474076 3,287807 -0,545141 0,292321 2,669878 -0,092180 0,667886 3,302984
-0,046303 -0,078903 3,371984 0,255298 1,457066 3,270523 -0,542127 0,266701 2,539497 -0,085851 0,665091 3,326487
-0,042018 -0,075458 3,362546 0,244957 1,476357 3,283693 -0,536436 0,222516 2,484014 -0,072351 0,684750 3,375736
-0,031933 -0,077065 3,373243 0,240496 1,466192 3,264847 -0,520081 0,152239 2,559169 -0,076207 0,687027 3,388016
-0,020506 -0,074809 3,343582 0,243801 1,490747 3,291782 -0,509825 0,113752 2,656183 -0,075825 0,689558 3,363308
-0,013195 -0,073609 3,352288 0,249265 1,468944 3,274034 -0,497710 0,104311 2,733943 -0,089981 0,682567 3,363482
-0,007636 -0,077882 3,381358 0,248738 1,496574 3,292814 -0,486891 0,108831 2,746358 -0,090679 0,690630 3,387888
-0,009339 -0,076084 3,382041 0,259903 1,464303 3,296132 -0,486112 0,080831 2,662630 -0,083579 0,699151 3,413970
-0,009137 -0,076196 3,361434 0,246346 1,527035 3,348236 -0,495633 0,052265 2,526356 -0,075609 0,686140 3,363813
-0,014903 -0,068605 3,352453 0,256046 1,490619 3,325077 -0,506767 0,010942 2,479934 -0,083342 0,690703 3,388274
-0,016766 -0,074847 3,351037 0,261207 1,490406 3,330574 -0,505781 -0,035147 2,525225 -0,086564 0,684899 3,376051
-0,030928 -0,078505 3,363637 0,268343 1,500498 3,349069 -0,507885 -0,048437 2,592554 -0,093376 0,680249 3,350991
-0,031927 -0,084432 3,337615 0,270650 1,501405 3,350787 -0,523490 -0,006714 2,649646 -0,082043 0,674664 3,339713
-0,039296 -0,076308 3,342141 0,264488 1,522334 3,394487 -0,554848 0,082191 2,688158 -0,089766 0,679116 3,363810
-0,030268 -0,074217 3,342622 0,261796 1,549174 3,380326 -0,596646 0,198839 2,689647 -0,085229 0,668956 3,327640
-0,035615 -0,073884 3,366051 0,266276 1,539943 3,385766 -0,646462 0,356760 2,677880 -0,088394 0,663271 3,315556
-0,032416 -0,065726 3,333198 0,276233 1,505271 3,343050 -0,697347 0,554989 2,728768 -0,091540 0,657607 3,303460
-0,037310 -0,063742 3,331837 0,275886 1,493782 3,329083 -0,746449 0,751496 2,757167 -0,092239 0,665435 3,327386
-0,043174 -0,070684 3,345690 0,280062 1,504876 3,339828 -0,757879 0,957697 2,827258 -0,092239 0,665435 3,327386
-0,042253 -0,063533 3,333964 0,274705 1,518067 3,364536 -0,711019 1,131464 2,907400 -0,092025 0,661970 3,327467
-0,052666 -0,063616 3,321004 0,272682 1,528625 3,380980 -0,639488 1,254408 2,985552 -0,091753 0,661049 3,303378
-0,056514 -0,066866 3,316397 0,270057 1,507226 3,383014 -0,538065 1,342649 3,097215 -0,091540 0,657607 3,303460
-0,061867 -0,067253 3,317057 0,265199 1,540815 3,424288 -0,442189 1,395809 3,198139 -0,091753 0,661049 3,303378
-0,064467 -0,067757 3,321492 0,274787 1,510803 3,364995 -0,439255 1,441514 3,242989 -0,095381 0,659744 3,315200
