24 12
-0,047113 -0,087885 3,267484 0,320550 1,417235 3,236113 -0,454077 1,498398 3,328115 0,009014 0,676342 3,237018
-0,040530 -0,088836 3,269679 0,317073 1,431754 3,241820 -0,511751 1,516249 3,331117 -0,004872 0,677293 3,259999
-0,016484 -0,101914 3,316592 0,319364 1,439591 3,241003 -0,654596 1,182368 2,722591 0,005517 0,671629 3,248453
-0,004896 -0,105599 3,315723 0,313784 1,454667 3,263267 -0,825542 0,872710 2,749486 0,001946 0,672137 3,306942
-0,004962 -0,105050 3,318903 0,307942 1,451044 3,234277 -0,826541 0,505229 2,525848 -0,005251 0,672130 3,306855
-0,009294 -0,110484 3,301950 0,313827 1,460279 3,251956 -0,824890 -0,080446 2,585618 -0,009070 0,663732 3,318467
-0,021261 -0,110936 3,321110 0,314147 1,450999 3,258817 -0,790510 -0,451298 2,675288 -0,023222 0,665560 3,367119
-0,024543 -0,110962 3,320690 0,313683 1,459187 3,272934 -0,758513 -0,541217 2,703807 -0,016110 0,657567 3,342608
-0,032544 -0,114520 3,301265 0,307613 1,441203 3,249504 -0,636293 -0,689191 2,973462 -0,030957 0,658305 3,366539
-0,035623 -0,113509 3,318341 0,312161 1,448203 3,260056 -0,426439 -0,645670 2,762399 -0,037891 0,650410 3,341953
-0,037106 -0,117224 3,314335 0,307216 1,449257 3,251589 -0,453018 -0,680798 2,895071 -0,041610 0,652565 3,354045
-0,042177 -0,111245 3,309836 0,306042 1,430676 3,225731 -0,505976 -0,694371 2,892831 -0,034331 0,652598 3,354279
-0,046010 -0,111991 3,314093 0,306420 1,437531 3,242244 -0,420351 -0,689903 2,819947 -0,038051 0,654768 3,366461
-0,048663 -0,115532 3,308115 0,305010 1,426575 3,226395 -0,429565 -0,709016 2,904167 -0,041793 0,656952 3,378717
-0,056081 -0,112128 3,300994 0,314009 1,437352 3,256539 -0,508664 -0,692354 2,876367 -0,041586 0,653419 3,378766
-0,063938 -0,109067 3,312909 0,316945 1,421867 3,244123 -0,523748 -0,662052 2,874818 -0,034539 0,656092 3,354142
-0,063092 -0,112102 3,299812 0,315329 1,436516 3,258796 -0,496313 -0,607590 2,860827 -0,034678 0,660503 3,378814
-0,051865 -0,105167 3,322160 0,318167 1,435196 3,255486 -0,509217 -0,362203 2,763703 -0,030743 0,661928 3,366772
-0,038882 -0,103081 3,294654 0,315527 1,444873 3,264172 -0,565248 0,072065 2,720420 -0,023860 0,668953 3,366584
-0,030228 -0,095604 3,311040 0,313296 1,448423 3,267748 -0,596948 0,342033 2,657869 -0,027030 0,673948 3,354748
-0,029342 -0,093300 3,309200 0,312574 1,445947 3,275374 -0,641160 0,973101 2,794197 -0,012014 0,676641 3,330941
-0,042947 -0,084638 3,343794 0,312717 1,427406 3,287643 -0,558346 1,252508 2,835650 -0,022987 0,673415 3,294754
-0,054969 -0,086807 3,330974 0,313177 1,439830 3,290838 -0,458066 1,337979 2,930088 -0,016003 0,672473 3,271265
-0,070063 -0,080682 3,286442 0,312326 1,414505 3,283537 -0,411692 1,431844 3,218956 -0,019068 0,665999 3,236534
