16 12
-0,069284 -0,097167 3,286677 0,458906 1,358405 2,959402 -0,359862 1,413318 3,037222 -0,046489 0,651336 3,212340
-0,069054 -0,106357 3,294077 0,460481 1,351907 2,955867 -0,286200 1,293410 2,757382 -0,043066 0,647309 3,246408
-0,073640 -0,102612 3,303810 0,463755 1,335708 2,948780 -0,166334 1,110839 2,565392 -0,032564 0,653180 3,376846
-0,092994 -0,105634 3,313736 0,457314 1,324620 2,937392 0,135179 0,567568 2,061517 -0,038845 0,691274 3,390941
-0,097196 -0,098308 3,302343 0,461205 1,324898 2,932716 0,208158 0,378916 2,097093 -0,035242 0,708066 3,403797
-0,105675 -0,100247 3,257302 0,462770 1,312044 2,917166 0,344518 0,088779 2,371963 -0,036617 0,779441 3,253360
-0,111369 -0,118507 3,260149 0,473708 1,296575 2,900528 0,373143 -0,032830 2,427732 -0,027926 0,754978 3,234939
-0,116961 -0,122663 3,250263 0,486724 1,289444 2,900784 0,388797 -0,043207 2,450332 -0,028735 0,755867 3,255965
-0,114319 -0,110209 3,278041 0,502122 1,295525 2,924214 0,353958 0,041634 2,412167 -0,021928 0,771128 3,278709
-0,110732 -0,100533 3,288835 0,503552 1,292810 2,917782 0,277563 0,288918 2,457013 -0,019633 0,752017 3,336792
-0,107164 -0,095174 3,274721 0,508758 1,299114 2,930046 0,185475 0,450500 2,463468 -0,040601 0,717867 3,379163
-0,101736 -0,108104 3,287207 0,508772 1,306886 2,936919 -0,010516 0,802652 2,343530 -0,048456 0,674876 3,378707
-0,097128 -0,097425 3,286505 0,507244 1,325605 2,972001 -0,411649 1,309440 2,976898 -0,033600 0,672111 3,306341
-0,095628 -0,091023 3,287191 0,500225 1,333022 2,976886 -0,500675 1,371988 3,007809 -0,047750 0,682576 3,305877
-0,103383 -0,093248 3,271766 0,494106 1,346568 2,979477 -0,484856 1,465365 3,203123 -0,062133 0,682484 3,305244
-0,104984 -0,088368 3,254824 0,485149 1,370098 3,028093 -0,409701 1,403254 3,230901 -0,068755 0,674466 3,280965
