26 12
-0,113693 -0,098839 3,265007 0,510235 1,221072 2,959541 -0,753476 1,527355 3,624951 -0,112242 0,649635 3,278333
-0,115231 -0,109879 3,267873 0,655399 1,088207 2,798764 -0,948441 1,452457 3,626884 -0,114450 0,636443 3,242899
-0,110954 -0,109145 3,275899 1,040862 0,912008 3,117362 -1,117994 0,814000 2,836549 -0,113248 0,647710 3,325810
-0,108305 -0,111212 3,262734 1,097691 0,371192 2,776195 -1,324563 0,348967 2,953391 -0,097658 0,633104 3,302145
-0,104244 -0,113235 3,259893 1,149165 0,180150 2,901883 -1,305285 0,120497 2,918141 -0,083103 0,629704 3,302712
-0,109565 -0,111058 3,252009 1,115967 -0,111344 2,948094 -1,318465 -0,215304 3,241912 -0,086663 0,606259 3,267695
-0,117920 -0,120284 3,255088 1,101828 -0,139490 3,019816 -1,274709 -0,229826 3,258228 -0,087266 0,602704 3,267731
-0,115209 -0,110933 3,270291 1,113427 -0,046530 2,970932 -1,317617 -0,141121 3,273146 -0,087067 0,606210 3,267819
-0,109829 -0,118939 3,290938 1,170683 0,303219 2,984170 -1,314478 0,185173 2,943165 -0,093966 0,623484 3,267534
-0,110657 -0,118247 3,305108 1,124554 0,642212 3,063356 -1,245142 0,443867 2,913585 -0,087514 0,631098 3,291561
-0,108247 -0,119691 3,305389 1,085956 0,644466 2,966539 -1,260444 0,452948 2,993603 -0,091330 0,633142 3,303218
-0,107103 -0,114261 3,324526 1,155036 0,468708 3,001421 -1,260245 0,210222 2,901990 -0,095169 0,628179 3,314860
-0,096290 -0,121750 3,281278 1,165818 0,139690 2,992160 -1,235768 -0,055862 2,886532 -0,094254 0,624105 3,290896
-0,084813 -0,118106 3,260352 1,169377 0,016726 3,124401 -1,216950 -0,117737 2,952185 -0,076588 0,622175 3,280297
-0,066331 -0,120847 3,315567 1,129719 0,014354 3,115679 -1,241502 -0,044515 3,016606 -0,083515 0,625620 3,279912
-0,055462 -0,111044 3,306478 1,166138 0,319987 2,979928 -1,269860 0,228944 2,867811 -0,075991 0,628520 3,257020
-0,050043 -0,115751 3,315603 1,157526 0,417923 2,959726 -1,228793 0,328423 2,795749 -0,072990 0,634736 3,292390
-0,058660 -0,117006 3,287896 1,184436 0,361528 2,949270 -1,207063 0,254002 2,898019 -0,091330 0,633142 3,303218
-0,063983 -0,116251 3,279415 1,204072 0,209171 3,010114 -1,220127 -0,037999 2,884992 -0,083515 0,625620 3,279912
-0,065552 -0,119769 3,238177 1,219003 0,167661 3,071984 -1,233748 -0,146905 2,957507 -0,079948 0,624231 3,291781
-0,074293 -0,117818 3,230500 1,234113 0,200093 3,101567 -1,245839 -0,204446 3,059832 -0,086447 0,616642 3,267630
-0,069617 -0,112052 3,207248 1,252653 0,455590 3,412062 -1,338238 0,021712 3,194138 -0,090221 0,632522 3,279266
-0,069496 -0,105321 3,208916 1,203284 0,655940 3,226038 -1,298248 0,189180 3,050557 -0,093960 0,637342 3,267682
-0,064537 -0,108213 3,222472 0,936887 0,970953 3,020144 -1,317285 0,645326 3,209183 -0,104345 0,642069 3,255395
-0,067278 -0,101482 3,233255 0,719863 1,491497 3,648638 -0,950622 0,937087 2,769892 -0,093247 0,650449 3,244533
-0,067641 -0,103276 3,222208 0,523018 1,565737 3,676088 -0,776523 1,069694 2,746479 -0,089944 0,652598 3,256334
