20 12
-0,125348 -0,079933 3,334962 0,362695 1,304298 3,063806 -0,623975 1,549620 3,634367 -0,099032 0,679587 3,327270
-0,120775 -0,082343 3,325319 0,603459 1,334625 3,263155 -0,819993 1,257122 3,134629 -0,105680 0,675025 3,302770
-0,125286 -0,092854 3,334553 0,798164 0,835346 2,594961 -1,282140 1,011200 3,525515 -0,116957 0,667520 3,337735
-0,124043 -0,093923 3,339778 0,919761 0,651911 2,603568 -1,319041 0,684619 3,240461 -0,114064 0,670717 3,374579
-0,123075 -0,107520 3,343859 1,194123 0,305157 3,021768 -1,378535 0,167174 3,118707 -0,114087 0,655548 3,350211
-0,122068 -0,106026 3,337245 1,217802 0,058048 3,197022 -1,310346 -0,037524 3,141994 -0,109726 0,653457 3,338104
-0,121232 -0,107323 3,343579 1,191407 0,047298 3,134281 -1,354083 -0,013865 3,311803 -0,098603 0,651408 3,326760
-0,119031 -0,102422 3,354763 1,211100 0,258703 3,077307 -1,348224 0,256558 3,098254 -0,105599 0,654854 3,326094
-0,120550 -0,096297 3,355631 1,178090 0,611384 3,094442 -1,255460 0,548071 2,952669 -0,107046 0,666235 3,350845
-0,122220 -0,102644 3,359273 1,144351 0,690428 3,103613 -1,244959 0,600198 3,026465 -0,106614 0,666313 3,350830
-0,122513 -0,100945 3,355161 1,175818 0,594968 3,114396 -1,268395 0,448874 3,026763 -0,103044 0,672162 3,363289
-0,120011 -0,109394 3,332148 1,165243 0,248591 3,028420 -1,294580 0,101266 2,976229 -0,112812 0,654772 3,325555
-0,114670 -0,112245 3,328726 1,204245 0,113086 3,188594 -1,274902 -0,024929 2,986667 -0,101936 0,649218 3,314478
-0,112414 -0,114408 3,334907 1,205171 -0,019252 3,260907 -1,281843 -0,068306 3,176266 -0,098389 0,647882 3,326519
-0,104703 -0,107232 3,312119 1,203576 0,249298 3,139820 -1,347289 0,229282 3,106030 -0,102704 0,657059 3,338794
-0,103108 -0,102365 3,330712 1,222438 0,438911 3,215073 -1,320557 0,372398 3,062357 -0,106830 0,662732 3,350831
-0,107392 -0,099665 3,321007 1,101872 0,769271 3,119401 -1,323232 0,652239 3,176983 -0,114287 0,667146 3,374751
-0,104418 -0,092908 3,310264 0,989145 1,206742 3,616856 -1,100118 0,840894 2,905886 -0,113249 0,668863 3,326075
-0,100810 -0,091418 3,317600 0,856849 1,337472 3,671803 -1,001866 0,971448 2,918822 -0,113469 0,672360 3,326173
-0,108091 -0,084541 3,315400 0,523618 1,331886 3,266364 -0,849519 1,383754 3,478477 -0,098812 0,676086 3,327185
