22 12
-0,125158 -0,028095 3,180257 0,362733 1,376869 3,228957 -0,571730 1,375385 3,073482 -0,107593 0,674415 3,243928
-0,129739 -0,035236 3,175277 0,421388 1,274861 2,958502 -0,535730 1,234353 2,889834 -0,110835 0,658445 3,232034
-0,129474 -0,036403 3,185009 0,417741 1,207094 2,876671 -0,510961 1,093493 2,744617 -0,113771 0,653614 3,242253
-0,135011 -0,043030 3,202189 0,293711 1,007847 2,646137 -0,491408 0,841926 2,625811 -0,126478 0,628604 3,276996
-0,134662 -0,048642 3,203867 0,170548 0,835280 2,774464 -0,353696 0,615912 2,464401 -0,141326 0,631684 3,275586
-0,128813 -0,043644 3,195000 0,076948 0,754542 2,817271 -0,272190 0,572258 2,418494 -0,135696 0,640157 3,323776
-0,129845 -0,050047 3,214427 -0,086423 0,564028 2,517778 -0,146254 0,673178 2,720618 -0,132059 0,649552 3,336530
-0,129593 -0,051421 3,213773 -0,029702 0,570768 2,483120 -0,150943 0,556258 2,680148 -0,128090 0,647448 3,324723
-0,129149 -0,052606 3,214504 0,002844 0,565269 2,517617 -0,174465 0,556141 2,752265 -0,135498 0,643761 3,323990
-0,128685 -0,055926 3,208728 0,074891 0,593986 2,609123 -0,260488 0,500052 2,667142 -0,147012 0,631127 3,251900
-0,121999 -0,043838 3,218809 0,107875 0,600802 2,590833 -0,367723 0,493185 2,771233 -0,130820 0,644448 3,288551
-0,124040 -0,050936 3,190428 0,114220 0,615961 2,667785 -0,350328 0,482740 2,672353 -0,128503 0,647299 3,324454
-0,120954 -0,050831 3,201995 0,039282 0,592992 2,650115 -0,231943 0,581878 2,743810 -0,128083 0,640404 3,324631
-0,122042 -0,055508 3,195022 -0,009694 0,617057 2,497647 -0,108066 0,624402 2,689736 -0,124831 0,649648 3,337116
-0,123886 -0,049073 3,204868 0,017411 0,638691 2,568045 -0,109833 0,651073 2,728326 -0,122796 0,630014 3,265593
-0,121786 -0,049663 3,196697 0,049096 0,679503 2,614578 -0,144652 0,683849 2,694172 -0,116953 0,638425 3,313451
-0,124910 -0,038752 3,195043 0,103215 0,750627 2,536675 -0,314046 0,855063 2,900924 -0,110963 0,621803 3,276596
-0,121147 -0,036707 3,195718 0,155241 0,812206 2,533688 -0,420495 0,941070 2,913308 -0,097566 0,628979 3,278943
-0,123011 -0,023827 3,194123 0,314069 1,058388 2,778380 -0,563734 1,064474 2,779831 -0,108605 0,657915 3,266954
-0,122447 -0,019324 3,177312 0,349211 1,199552 2,928669 -0,729365 1,255424 3,025776 -0,111866 0,669568 3,255203
-0,119203 -0,014099 3,175648 0,386297 1,284434 3,076753 -0,738064 1,293623 3,029952 -0,108038 0,674339 3,243949
-0,120440 -0,018468 3,165232 0,409598 1,368500 3,250151 -0,678915 1,450992 3,321562 -0,108613 0,678743 3,267184
