15 12
-0,039255 -0,087437 3,272506 0,452043 1,342699 2,881323 -0,453877 1,410434 3,157271 -0,033544 0,673725 3,259280
-0,031561 -0,089733 3,260966 0,447611 1,333515 2,880373 -0,278542 1,263205 2,741599 -0,047104 0,671974 3,305075
-0,032302 -0,096352 3,288532 0,448034 1,340126 2,883785 -0,178406 1,117182 2,513453 -0,038931 0,646408 3,279513
-0,031763 -0,109434 3,284973 0,437925 1,326339 2,880286 -0,022103 0,922665 2,473296 -0,022800 0,675599 3,442483
-0,042225 -0,099748 3,300694 0,436306 1,310092 2,869872 0,206366 0,449340 2,122941 -0,024516 0,711621 3,441734
-0,041589 -0,087760 3,298168 0,443236 1,306116 2,862036 0,275419 0,313233 2,192001 0,003888 0,797007 3,402788
-0,051495 -0,104469 3,271296 0,452591 1,306652 2,875118 0,399985 0,096673 2,409110 -0,018641 0,790995 3,289790
-0,051474 -0,114194 3,270356 0,467508 1,290781 2,859976 0,419879 0,041057 2,418110 -0,014530 0,774882 3,279681
-0,053536 -0,116671 3,278921 0,474383 1,284333 2,861608 0,422302 0,059542 2,437039 -0,025734 0,778816 3,266113
-0,046848 -0,086506 3,288349 0,490463 1,299043 2,890022 0,357987 0,185596 2,358383 -0,016585 0,829307 3,272045
-0,043438 -0,097750 3,287574 0,494752 1,293940 2,879099 0,238099 0,487780 2,489472 -0,007797 0,731242 3,392966
-0,045638 -0,104837 3,294575 0,500565 1,298810 2,896001 0,137686 0,681506 2,566293 -0,007230 0,694011 3,366807
-0,038488 -0,108140 3,294633 0,506891 1,310929 2,913046 -0,047276 0,978643 2,470042 -0,021795 0,666265 3,390374
-0,032276 -0,102126 3,281530 0,502127 1,325022 2,918870 -0,358408 1,359803 3,002941 -0,011787 0,680180 3,330941
-0,036177 -0,094723 3,281545 0,496903 1,334844 2,923724 -0,417501 1,397971 3,053697 -0,029589 0,688433 3,318398
