13 12
-0,101263 0,341947 3,366325 0,292468 1,627290 3,433365 -0,597546 1,611056 3,492084 -0,096005 1,105388 3,394659
-0,101672 0,344843 3,369949 0,279249 1,599421 3,370555 -0,706061 1,229835 2,962809 -0,099750 1,097915 3,381900
-0,109591 0,354922 3,404782 0,280507 1,601594 3,370698 -0,724948 0,802841 2,950073 -0,096346 1,094385 3,394647
-0,111867 0,346244 3,400368 0,281940 1,605332 3,371412 -0,710218 0,604459 2,943502 -0,100577 1,101934 3,432589
-0,109069 0,322026 3,400950 0,279733 1,599227 3,352859 -0,668758 0,439447 3,269223 -0,107771 1,075785 3,381186
-0,112444 0,328800 3,402157 0,263487 1,612409 3,355376 -0,661238 0,439446 3,328497 -0,119149 1,079256 3,393045
-0,109924 0,334934 3,400393 0,260571 1,613211 3,374557 -0,669499 0,445547 3,349147 -0,118161 1,082934 3,392824
-0,115365 0,340850 3,392241 0,272601 1,596900 3,340532 -0,689064 0,479716 3,196014 -0,104945 1,101990 3,445414
-0,129155 0,351401 3,423080 0,272782 1,590806 3,329109 -0,681201 0,676655 3,045058 -0,100909 1,105673 3,432802
-0,132059 0,340795 3,421333 0,274947 1,598057 3,349612 -0,652038 0,841893 2,915879 -0,100577 1,101934 3,432589
-0,133842 0,349517 3,417109 0,273914 1,597257 3,359356 -0,611511 1,304971 3,066998 -0,096016 1,090688 3,394449
-0,139883 0,347179 3,419234 0,270768 1,594195 3,343132 -0,565584 1,507454 3,153837 -0,101241 1,109384 3,432931
-0,137615 0,355692 3,402984 0,266672 1,588001 3,341525 -0,528229 1,555517 3,298934 -0,101241 1,109384 3,432931
