14 12
-0,075263 0,334199 3,364947 0,248388 1,628256 3,324399 -0,433512 1,437574 3,048555 -0,062625 1,076429 3,408490
-0,074712 0,351651 3,387468 0,240726 1,619583 3,299855 -0,376697 1,279548 2,961395 -0,054509 1,087353 3,433487
-0,080167 0,350370 3,395681 0,241983 1,651503 3,350116 -0,049252 0,885211 2,503748 -0,057393 1,118338 3,514225
-0,078729 0,345832 3,385043 0,240456 1,635364 3,350006 0,039515 0,845238 2,696348 -0,060356 1,129483 3,500753
-0,080362 0,359379 3,405092 0,246112 1,620564 3,319424 0,103877 0,847496 2,884626 -0,056717 1,133514 3,514363
-0,072975 0,353011 3,393040 0,251971 1,615536 3,335895 -0,039964 0,983554 2,899798 -0,060718 1,134046 3,554709
-0,076786 0,356408 3,403839 0,253402 1,622494 3,330790 -0,031169 0,864638 2,619858 -0,060016 1,133216 3,500618
-0,081255 0,353492 3,383366 0,252885 1,607156 3,329500 0,200846 0,855572 2,997349 -0,064324 1,141026 3,514165
-0,079313 0,351877 3,371548 0,244556 1,627139 3,326493 0,164810 0,899565 3,112467 -0,060356 1,129483 3,500753
-0,073174 0,342327 3,362190 0,245408 1,609027 3,309276 0,060837 0,991488 3,145453 -0,063342 1,121793 3,512944
-0,070650 0,333136 3,391986 0,251505 1,627244 3,327023 -0,267506 1,035677 2,653751 -0,055835 1,080283 3,434622
-0,068006 0,342354 3,380424 0,266220 1,615181 3,326020 -0,553078 1,384895 3,036661 -0,062614 1,083798 3,408595
-0,070417 0,332617 3,380992 0,261423 1,615313 3,335391 -0,558990 1,424925 3,068812 -0,063594 1,087536 3,408963
-0,073036 0,337367 3,369679 0,265558 1,622425 3,325236 -0,481690 1,596357 3,387344 -0,063594 1,087536 3,408963
