31 12
-0,042973 0,335463 3,336765 0,332900 1,556033 3,274838 -0,519177 1,626089 3,507182 -0,022335 0,995650 3,421652
-0,037179 0,331041 3,335493 0,337106 1,547434 3,282051 -0,572028 1,637501 3,530891 -0,025707 0,988523 3,408598
-0,029147 0,326081 3,341360 0,337312 1,546693 3,283068 -0,655561 1,474007 3,300513 -0,018588 0,992257 3,408967
-0,019007 0,335882 3,344592 0,336589 1,556848 3,279356 -0,822119 1,471366 3,481236 -0,014865 0,988885 3,396361
-0,016978 0,322691 3,337595 0,336693 1,557487 3,296503 -0,881233 1,415086 3,467143 -0,018897 0,988597 3,408967
-0,010465 0,328922 3,356612 0,336802 1,554135 3,284477 -0,936676 1,198918 3,254948 -0,019203 0,984911 3,408885
-0,003494 0,325388 3,356534 0,336701 1,561535 3,298357 -1,007012 1,083153 3,341982 -0,018909 0,981264 3,408868
-0,001904 0,324386 3,338674 0,335795 1,569036 3,299102 -1,011093 0,991389 3,298482 -0,015480 0,981564 3,396273
-0,002641 0,324135 3,355291 0,328379 1,563202 3,279967 -0,974674 0,828751 3,279010 -0,018616 0,977592 3,408766
-0,005886 0,325553 3,359206 0,333770 1,548903 3,281732 -0,835695 0,668450 3,147872 -0,018909 0,981264 3,408868
-0,008846 0,324584 3,354693 0,331633 1,567227 3,295702 -0,776859 0,618559 3,134242 -0,018310 0,981225 3,408680
-0,014144 0,333150 3,331494 0,331232 1,558454 3,283603 -0,691943 0,596138 3,341972 -0,018909 0,981264 3,408868
-0,014201 0,325807 3,346964 0,322581 1,558841 3,281925 -0,559609 0,547348 3,186098 -0,022283 0,974243 3,396007
-0,017083 0,326711 3,340852 0,328630 1,554274 3,290049 -0,522551 0,544731 3,212540 -0,033885 0,987954 3,434121
-0,018590 0,328405 3,349250 0,328029 1,549911 3,278361 -0,478017 0,562932 3,319182 -0,015219 0,984647 3,421703
-0,017344 0,331844 3,346517 0,326227 1,558486 3,295711 -0,468078 0,561722 3,301637 -0,022870 0,981537 3,396132
-0,018245 0,326036 3,345899 0,328123 1,553598 3,274054 -0,475724 0,567296 3,313107 -0,015480 0,981564 3,396273
-0,019962 0,332926 3,350428 0,328980 1,550290 3,289083 -0,495970 0,564983 3,248802 -0,018897 0,988597 3,408967
-0,016384 0,328649 3,349942 0,330017 1,547814 3,284047 -0,547090 0,580235 3,320420 -0,022870 0,981537 3,396132
-0,014558 0,326428 3,338151 0,330898 1,562745 3,284621 -0,586019 0,579632 3,317796 -0,022576 0,977902 3,396111
-0,015292 0,331674 3,336549 0,330720 1,554469 3,285205 -0,650629 0,589882 3,140205 -0,015206 0,992006 3,421808
-0,011426 0,330392 3,344642 0,332951 1,555283 3,281724 -0,784073 0,717437 3,266498 -0,011495 0,981288 3,409002
-0,004668 0,318189 3,322944 0,336330 1,555027 3,283030 -0,839714 0,778332 3,230649 -0,014894 0,974272 3,396166
-0,006000 0,334331 3,339916 0,333821 1,571985 3,293844 -0,877373 0,918375 3,112236 -0,015480 0,981564 3,396273
-0,008652 0,331922 3,351969 0,332559 1,552672 3,288899 -0,900469 1,105446 3,124581 -0,003774 0,984965 3,409125
-0,007710 0,320639 3,337497 0,335648 1,547722 3,280152 -0,874646 1,198426 3,135130 -0,019203 0,984911 3,408885
-0,007730 0,327956 3,338728 0,340507 1,562883 3,296854 -0,815204 1,453140 3,398548 -0,011474 0,981899 3,383828
-0,016734 0,329632 3,351477 0,337646 1,557676 3,312736 -0,660095 1,449978 3,210568 -0,026721 0,991669 3,434348
-0,015966 0,334150 3,332075 0,336037 1,550669 3,300427 -0,602490 1,489012 3,244967 -0,022564 0,985210 3,396210
-0,023403 0,338880 3,329702 0,333737 1,557670 3,296410 -0,512096 1,623062 3,476656 -0,018588 0,992257 3,408967
-0,024369 0,335296 3,339864 0,330155 1,562096 3,294303 -0,421060 1,571147 3,328754 -0,029476 0,991898 3,421259
