20 12
-0,094946 0,343750 3,456468 0,304720 1,588410 3,320682 -0,677354 1,436871 3,157041 -0,077434 1,090981 3,407960
-0,074861 0,326855 3,414810 0,274899 1,645685 3,404149 -0,935157 1,208794 3,314661 -0,092604 1,072388 3,407062
-0,062169 0,325187 3,445935 0,254933 1,615204 3,367367 -0,933653 0,832278 3,000499 -0,086334 1,072508 3,433236
-0,073867 0,329430 3,428052 0,271926 1,619855 3,395746 -0,914988 0,210540 3,138591 -0,067875 1,069027 3,447016
-0,104434 0,329487 3,455622 0,298796 1,572183 3,333813 -0,658782 -0,206275 2,960791 -0,070785 1,057873 3,433619
-0,117496 0,339341 3,451377 0,307249 1,571731 3,373951 -0,595310 -0,307418 3,035544 -0,048484 1,039827 3,408850
-0,127268 0,322435 3,420082 0,314414 1,573164 3,367830 -0,456297 -0,435391 3,327056 -0,052289 1,046871 3,447181
-0,125927 0,326601 3,412352 0,304236 1,611719 3,414270 -0,250792 -0,370226 3,088657 -0,056163 1,061540 3,486322
-0,113796 0,328169 3,412343 0,299199 1,599298 3,411247 -0,272812 -0,409901 3,234030 -0,075153 1,061410 3,472462
-0,108607 0,332952 3,431519 0,298907 1,620398 3,419527 -0,396149 -0,397665 3,044319 -0,055849 1,057711 3,485979
-0,108135 0,322259 3,424791 0,291586 1,608149 3,386809 -0,380036 -0,383015 3,006688 -0,049255 1,046648 3,486664
-0,113008 0,329608 3,431239 0,296622 1,620604 3,420162 -0,307066 -0,327539 2,961815 -0,045122 1,043233 3,447490
-0,130326 0,333822 3,413809 0,293394 1,607284 3,382457 -0,216708 -0,274449 3,074466 -0,063053 1,050280 3,459271
-0,123249 0,331221 3,370656 0,305245 1,592567 3,349327 -0,435567 -0,362786 3,341920 -0,048662 1,058004 3,460492
-0,114013 0,328973 3,370223 0,304268 1,592361 3,329395 -0,538530 -0,338031 3,282545 -0,048099 1,046953 3,434245
-0,081897 0,338468 3,402646 0,300013 1,600818 3,325654 -0,644120 -0,042382 2,954587 -0,052232 1,065361 3,473366
-0,052752 0,327746 3,337123 0,282562 1,630121 3,357119 -0,752323 0,476825 2,895856 -0,048458 1,061904 3,409160
-0,038177 0,323641 3,351245 0,276904 1,645190 3,372105 -0,762917 0,743628 2,778061 -0,044954 1,061959 3,396630
-0,030639 0,329953 3,351806 0,277735 1,659045 3,408944 -0,669944 1,444831 3,401720 -0,044399 1,065694 3,371618
-0,048651 0,351832 3,382934 0,284919 1,634622 3,400436 -0,488518 1,537021 3,342933 -0,055544 1,091193 3,384052
