15 12
-0,080538 0,321786 3,406322 0,277763 1,559093 3,340295 -0,602761 1,440728 3,174874 -0,094336 1,050010 3,458352
-0,073155 0,317912 3,408983 0,270452 1,566956 3,341771 -0,603923 1,226892 2,972366 -0,094650 1,046246 3,458267
-0,073259 0,327279 3,423699 0,244587 1,553582 3,287533 -0,619346 0,723479 2,832085 -0,079959 1,050118 3,459005
-0,055896 0,328536 3,391518 0,232598 1,576324 3,294427 -0,563544 0,478849 2,894107 -0,076511 1,050035 3,419575
-0,045344 0,330377 3,410181 0,223123 1,572407 3,280312 -0,568021 0,557809 2,946054 -0,080008 1,046391 3,406643
-0,023973 0,327418 3,437969 0,214373 1,582260 3,284111 -0,613472 0,846719 2,778630 -0,075796 1,046451 3,472386
-0,023197 0,323872 3,434970 0,214164 1,567819 3,313759 -0,578753 0,877840 2,740105 -0,065567 1,050071 3,459107
-0,028826 0,322911 3,446075 0,227877 1,565393 3,315545 -0,563204 0,751172 2,732717 -0,065258 1,053924 3,459492
-0,044170 0,335444 3,410264 0,253496 1,609250 3,397793 -0,512660 0,467343 2,905816 -0,084865 1,053026 3,417664
-0,043827 0,336576 3,404889 0,265620 1,595896 3,349611 -0,520139 0,453532 2,974969 -0,094822 1,046193 3,405928
-0,039974 0,320144 3,397516 0,272856 1,604581 3,379446 -0,553271 0,591908 2,972134 -0,083321 1,042830 3,419806
-0,037462 0,322582 3,396406 0,257300 1,595613 3,337548 -0,602121 0,992122 2,926206 -0,086969 1,042770 3,432631
-0,044944 0,329116 3,410547 0,244397 1,603409 3,368556 -0,641476 1,319063 3,046879 -0,095275 1,053546 3,458074
-0,049607 0,324014 3,386607 0,243225 1,585254 3,356436 -0,611746 1,420401 3,137637 -0,094651 1,053702 3,458387
-0,068340 0,331613 3,360816 0,242473 1,595571 3,374810 -0,532355 1,606855 3,426992 -0,094651 1,061161 3,458506
