17 12
-0,065656 0,329134 3,367917 0,303200 1,583729 3,340397 -0,617672 1,651098 3,535723 -0,117091 1,060713 3,430947
-0,057420 0,319055 3,381459 0,314278 1,584864 3,349849 -0,671849 1,452917 3,075111 -0,106210 1,064680 3,470952
-0,069822 0,324258 3,387599 0,304422 1,574614 3,326493 -0,518879 1,088392 2,704691 -0,101560 1,046311 3,431946
-0,066777 0,324313 3,386166 0,284918 1,564644 3,301211 -0,497773 0,838460 2,625452 -0,082697 1,050367 3,420248
-0,061829 0,327372 3,379688 0,284619 1,593399 3,327398 -0,442296 0,440824 2,868838 -0,085499 1,067243 3,416378
-0,037508 0,313835 3,360913 0,295441 1,554587 3,290164 -0,432094 0,376773 2,922670 -0,078365 1,063322 3,415711
-0,024558 0,322052 3,349763 0,289235 1,565481 3,295699 -0,428795 0,489064 2,877429 -0,085670 1,078639 3,443008
-0,001205 0,323596 3,397001 0,281077 1,563847 3,284031 -0,461170 0,840455 2,768708 -0,069204 1,072539 3,472720
-0,002893 0,325042 3,392520 0,263936 1,603372 3,336010 -0,429017 0,839329 2,755997 -0,069204 1,072539 3,472720
-0,009946 0,323207 3,394451 0,259453 1,606919 3,344850 -0,405585 0,672650 2,763091 -0,077576 1,116866 3,473995
-0,003319 0,314563 3,369664 0,258601 1,607663 3,313144 -0,392504 0,365813 2,901669 -0,074848 1,067025 3,428660
0,005839 0,313321 3,364638 0,256129 1,611049 3,309276 -0,453309 0,385277 2,988675 -0,073310 1,064638 3,432279
0,010290 0,319787 3,378296 0,250343 1,612406 3,337602 -0,489471 0,526760 2,935835 -0,077563 1,071793 3,444571
0,007254 0,323012 3,353820 0,251162 1,616543 3,344872 -0,525506 0,950864 2,811655 -0,072368 1,046567 3,433184
-0,011100 0,329779 3,392108 0,257091 1,607714 3,345965 -0,580714 1,375635 2,989123 -0,086972 1,057583 3,432857
-0,027237 0,324272 3,383152 0,262520 1,611160 3,355332 -0,531331 1,483516 3,138355 -0,086656 1,061352 3,433033
-0,054806 0,325087 3,336565 0,280136 1,622278 3,387140 -0,438513 1,587431 3,397957 -0,098690 1,079785 3,471666
