21 12
-0,112906 0,365789 3,350071 0,282506 1,590193 3,299555 -0,484651 1,615108 3,273913 -0,065664 1,112149 3,298090
-0,107416 0,373151 3,352918 0,284002 1,587638 3,309939 -0,561806 1,610447 3,276273 -0,069490 1,119735 3,334288
-0,103521 0,369319 3,349353 0,284647 1,589487 3,302376 -0,632124 1,524685 3,215604 -0,076012 1,115721 3,309509
-0,100908 0,361481 3,370853 0,284268 1,601794 3,298834 -0,729418 1,098768 2,858470 -0,076020 1,108531 3,309424
-0,095710 0,364906 3,368799 0,289851 1,586393 3,290859 -0,783211 0,775541 2,939955 -0,070249 1,135034 3,384019
-0,092061 0,369190 3,365060 0,287803 1,584674 3,294889 -0,794924 0,614611 2,940366 -0,076020 1,108531 3,309424
-0,090839 0,366750 3,368131 0,286760 1,585037 3,300663 -0,782917 0,407822 3,144347 -0,076857 1,123568 3,358465
-0,085824 0,348407 3,363315 0,284193 1,603701 3,329375 -0,720632 0,315877 3,163342 -0,080752 1,120025 3,370644
-0,086726 0,348726 3,353734 0,286700 1,584235 3,311847 -0,692172 0,309106 3,230393 -0,072948 1,101503 3,321723
-0,087829 0,358991 3,353155 0,280029 1,603132 3,321321 -0,674498 0,356010 3,367834 -0,069881 1,112755 3,358795
-0,087193 0,353572 3,348560 0,285600 1,589930 3,316249 -0,669020 0,360335 3,375442 -0,076865 1,116280 3,358371
-0,093048 0,364070 3,354296 0,290699 1,580145 3,306242 -0,679778 0,351128 3,358523 -0,081544 1,131403 3,396011
-0,090624 0,353927 3,356200 0,295250 1,583200 3,302862 -0,695183 0,333172 3,290284 -0,081888 1,120352 3,395900
-0,092582 0,357638 3,356566 0,288733 1,583422 3,310808 -0,712925 0,385237 3,242163 -0,085006 1,120147 3,383071
-0,085704 0,352833 3,347667 0,284079 1,581282 3,309363 -0,716763 0,449498 3,150350 -0,080647 1,108846 3,345872
-0,087105 0,348300 3,346469 0,282255 1,601383 3,327410 -0,726671 0,664811 2,968841 -0,070597 1,124013 3,383898
-0,086213 0,350497 3,346983 0,275481 1,607847 3,314709 -0,719872 0,940038 2,794469 -0,070262 1,120353 3,383818
-0,084617 0,355413 3,341630 0,283454 1,585717 3,302505 -0,702302 1,092024 2,774683 -0,059043 1,116670 3,371744
-0,091452 0,369694 3,348977 0,276055 1,593964 3,303052 -0,642394 1,436238 3,080037 -0,061870 1,116186 3,334468
-0,096350 0,357990 3,346993 0,274664 1,602535 3,313027 -0,550756 1,526127 3,079686 -0,066016 1,112403 3,322210
-0,099939 0,372403 3,342432 0,287109 1,586276 3,308337 -0,502187 1,583743 3,173313 -0,053890 1,123390 3,334446
