17 12
-0,067415 0,307565 3,356683 0,224565 1,577227 3,370409 -0,524127 1,664742 3,611289 -0,064416 1,050081 3,512608
-0,035356 0,306935 3,444472 0,210535 1,582551 3,352532 -0,710654 1,286260 2,914103 -0,056535 1,013627 3,433745
-0,003940 0,304319 3,397328 0,201852 1,587047 3,330057 -0,913683 0,704415 2,776212 -0,041827 1,013345 3,460144
-0,000294 0,309535 3,426801 0,211399 1,607071 3,340077 -0,858423 0,368807 2,493726 -0,053814 1,020119 3,499275
-0,030132 0,301180 3,391471 0,206217 1,591057 3,321570 -0,775588 -0,253506 3,313241 -0,069746 1,034490 3,552843
-0,054473 0,309241 3,423475 0,208697 1,605108 3,353309 -0,251229 -0,285856 2,663505 -0,046605 1,020373 3,472679
-0,060003 0,318592 3,415688 0,191276 1,601283 3,340714 -0,215226 -0,314899 2,842123 -0,042755 1,046279 3,540423
-0,045814 0,317368 3,414643 0,197977 1,607809 3,346344 -0,290087 -0,421207 2,897249 -0,038952 1,031448 3,499755
-0,046531 0,312918 3,429954 0,205334 1,595651 3,315237 -0,255549 -0,383537 2,848811 -0,030756 1,031611 3,500252
-0,056038 0,323496 3,448913 0,201234 1,588685 3,303900 -0,248904 -0,407779 3,011668 -0,038956 1,023922 3,499632
-0,064656 0,308349 3,402301 0,219724 1,587821 3,311059 -0,336213 -0,434380 3,050918 -0,035246 1,027551 3,513135
-0,062805 0,312353 3,408484 0,223293 1,590911 3,324316 -0,429097 -0,332927 3,319060 -0,034637 1,027669 3,513438
-0,050228 0,308188 3,382302 0,221788 1,594458 3,326880 -0,576762 -0,246611 3,546435 -0,027226 1,016728 3,486730
-0,025448 0,307250 3,452882 0,234200 1,618821 3,360280 -0,813498 0,198343 2,779147 -0,038471 1,013123 3,473229
-0,020690 0,299422 3,451812 0,243186 1,604887 3,335457 -0,857668 0,805616 2,613852 -0,046537 1,023870 3,499413
-0,026535 0,309039 3,455719 0,243576 1,604864 3,345109 -0,770957 1,023992 2,654330 -0,054115 1,031335 3,499290
-0,068830 0,301088 3,343300 0,246393 1,603566 3,374626 -0,554655 1,676059 3,669429 -0,064022 1,031778 3,459574
