17 12
-0,095616 0,324512 3,369591 0,257718 1,582751 3,273076 -0,474549 1,463082 3,151425 -0,102464 1,057250 3,457893
-0,096145 0,325500 3,381849 0,256095 1,550786 3,247936 -0,534876 1,346637 3,100190 -0,078693 1,057672 3,459126
-0,093102 0,317790 3,385399 0,245407 1,553552 3,246740 -0,477716 1,146630 2,900610 -0,079024 1,039051 3,458962
-0,090862 0,314695 3,392348 0,237698 1,551347 3,219279 -0,385981 0,936639 2,971946 -0,068267 1,046540 3,472743
-0,088061 0,314290 3,390798 0,238649 1,569299 3,228690 -0,654983 0,909036 3,243277 -0,072057 1,042959 3,433353
-0,074519 0,322000 3,408108 0,245174 1,578829 3,249085 -0,865342 0,853318 3,230627 -0,053513 1,050391 3,473341
-0,080272 0,319158 3,406782 0,270435 1,606200 3,283940 -0,943281 0,838195 3,172414 -0,056518 1,035819 3,434074
-0,093142 0,327716 3,420352 0,273070 1,615672 3,319564 -0,497692 0,704133 2,747254 -0,055062 1,053498 3,471678
-0,098147 0,328999 3,422020 0,261832 1,601396 3,300433 -0,470668 0,753573 2,968654 -0,058056 1,061376 3,486140
-0,094622 0,322230 3,426796 0,256087 1,604007 3,273864 -0,663733 0,638768 2,703525 -0,057750 1,046539 3,459653
-0,083643 0,311426 3,403332 0,241097 1,584006 3,245782 -1,006727 0,739291 3,036680 -0,057440 1,039018 3,486190
-0,079428 0,305961 3,408372 0,215188 1,576705 3,243390 -0,966874 0,772009 2,995419 -0,061667 1,035194 3,472414
-0,078909 0,309665 3,412114 0,221067 1,579986 3,245172 -0,891598 0,987649 3,140347 -0,064639 1,039176 3,459649
-0,076627 0,312442 3,400333 0,227083 1,599057 3,256670 -0,685085 1,144530 2,948171 -0,072857 1,050052 3,485597
-0,079826 0,312461 3,397100 0,231806 1,611208 3,285670 -0,605489 1,270406 3,001376 -0,083946 1,046250 3,471831
-0,087839 0,315152 3,393520 0,227284 1,613278 3,302774 -0,487001 1,535806 3,377342 -0,090327 1,046429 3,445529
-0,091075 0,315657 3,397416 0,218131 1,614058 3,335863 -0,419633 1,550779 3,336944 -0,091161 1,049951 3,471612
