17 12
-0,064441 0,331453 3,392395 0,240531 1,611896 3,328593 -0,547370 1,534448 3,287852 -0,086969 1,042770 3,432631
-0,067953 0,318247 3,372931 0,236645 1,612754 3,322883 -0,536229 1,350915 2,963416 -0,094336 1,050010 3,458352
-0,086529 0,314593 3,413265 0,239461 1,622889 3,344538 -0,306010 1,002559 2,535398 -0,083489 1,049945 3,498429
-0,095106 0,313250 3,405251 0,226068 1,612371 3,334520 -0,188312 0,873209 2,392007 -0,094812 1,049678 3,510952
-0,108148 0,323839 3,397352 0,212416 1,605675 3,323537 0,060450 0,903914 2,884045 -0,087842 1,072493 3,512010
-0,102877 0,319004 3,376080 0,203207 1,586003 3,289125 0,020729 0,965732 3,109079 -0,099533 1,068519 3,524711
-0,100177 0,318185 3,384605 0,214434 1,590712 3,293944 -0,091940 1,043247 3,231251 -0,075602 1,046260 3,498637
-0,091362 0,320378 3,402520 0,234525 1,592427 3,322658 -0,307310 0,994664 2,784667 -0,087726 1,064855 3,538647
-0,097678 0,325334 3,394162 0,250552 1,603763 3,343218 -0,102906 0,835824 2,465523 -0,095125 1,061038 3,511305
-0,099989 0,324423 3,386115 0,256070 1,626320 3,382621 -0,028627 0,856645 2,617927 -0,094486 1,060965 3,510900
-0,097209 0,321339 3,375054 0,259558 1,612686 3,393825 0,075504 0,931623 2,973809 -0,076109 1,042672 3,472276
-0,090040 0,316688 3,365056 0,262240 1,619387 3,382712 -0,147650 1,128797 3,229775 -0,086903 1,045964 3,511110
-0,084242 0,306506 3,367136 0,260951 1,623754 3,405997 -0,296966 1,212167 3,228502 -0,086398 1,038649 3,484402
-0,079498 0,317324 3,384232 0,248731 1,602665 3,358092 -0,497830 1,241224 2,919352 -0,090016 1,035298 3,445298
-0,078629 0,324515 3,389493 0,253361 1,606883 3,354677 -0,638515 1,401664 3,097792 -0,090641 1,050108 3,445557
-0,075789 0,322285 3,388260 0,248337 1,610796 3,384415 -0,614330 1,419553 3,092509 -0,084115 1,064970 3,498693
-0,078880 0,319519 3,365371 0,255785 1,612368 3,386115 -0,543964 1,560822 3,397837 -0,090846 1,061213 3,471827
