24 12
-0,134043 0,366539 3,384231 0,262614 1,367157 3,180659 -0,435451 1,288827 3,102934 -0,076548 1,098026 3,357935
-0,129258 0,360361 3,393814 0,211814 1,257415 3,103938 -0,391200 1,151888 3,003051 -0,077889 1,083495 3,358058
-0,126954 0,364710 3,393695 0,143922 1,109655 3,000980 -0,344856 1,038245 2,959692 -0,085684 1,090784 3,382684
-0,128033 0,356256 3,400272 0,081051 0,987073 2,907069 -0,304949 0,957000 2,937381 -0,090273 1,101660 3,394912
-0,124783 0,363523 3,419460 0,038358 0,869077 2,799258 -0,268290 0,864343 2,836809 -0,099747 1,105242 3,382003
-0,126573 0,365991 3,409658 0,018322 0,759860 2,690648 -0,247327 0,779180 2,734354 -0,102463 1,094043 3,368746
-0,123597 0,361150 3,416597 0,024517 0,679628 2,559476 -0,243355 0,694734 2,583305 -0,114141 1,079317 3,380489
-0,123678 0,370318 3,413374 0,049606 0,608846 2,441011 -0,262881 0,637661 2,460666 -0,074495 1,135800 3,484977
-0,127400 0,428390 3,365595 0,069600 0,580130 2,345131 -0,330442 0,608751 2,384088 -0,090972 1,191504 3,402957
-0,133565 0,417508 3,359738 0,168967 0,569503 2,352665 -0,422363 0,576774 2,376516 -0,100987 1,207016 3,438330
-0,127190 0,415319 3,344021 0,273884 0,538951 2,362782 -0,497251 0,554128 2,407847 -0,097113 1,238054 3,429495
-0,125892 0,396432 3,394730 0,353408 0,537340 2,363352 -0,611236 0,548049 2,439190 -0,091181 1,149864 3,456264
-0,132064 0,384063 3,398595 0,436729 0,564664 2,392521 -0,714102 0,559440 2,455513 -0,087272 1,097785 3,393628
-0,125726 0,382127 3,396471 0,525226 0,625973 2,498862 -0,830434 0,596437 2,506252 -0,091206 1,083255 3,356908
-0,126306 0,362769 3,375865 0,604758 0,696082 2,616826 -0,929858 0,651980 2,569340 -0,073052 1,069044 3,345623
-0,130715 0,355274 3,383013 0,650687 0,747203 2,725477 -0,987949 0,720955 2,685723 -0,073137 1,065327 3,370099
-0,128374 0,352399 3,382069 0,694411 0,803759 2,855169 -1,019053 0,798389 2,777417 -0,061944 1,069121 3,358280
-0,133774 0,339717 3,375933 0,731962 0,873304 2,927277 -1,029193 0,883600 2,885525 -0,058768 1,069189 3,371023
-0,133447 0,342471 3,369601 0,756133 0,980164 3,037414 -1,014128 0,977594 2,996870 -0,055228 1,080192 3,383811
-0,132257 0,358499 3,378169 0,735202 1,065817 3,169526 -0,977252 1,101582 3,076843 -0,063256 1,098610 3,409099
-0,131299 0,352433 3,372139 0,710351 1,209154 3,222975 -0,921901 1,213757 3,126983 -0,081111 1,094473 3,370425
-0,131075 0,372146 3,374163 0,641717 1,327638 3,343669 -0,832417 1,303476 3,224606 -0,089115 1,108932 3,370245
-0,136320 0,360505 3,374122 0,552662 1,416127 3,401253 -0,738969 1,386630 3,297443 -0,092192 1,108790 3,357654
-0,135373 0,363115 3,364932 0,454596 1,499999 3,423664 -0,642514 1,436929 3,320225 -0,093577 1,120306 3,407939
