17 12
-0,066079 0,336284 3,330851 0,306269 1,576510 3,328388 -0,494943 1,570358 3,207353 -0,078758 1,061532 3,407865
-0,052143 0,333762 3,335866 0,329309 1,569809 3,352520 -0,534869 1,362146 2,763290 -0,079076 1,057787 3,407686
-0,051318 0,329878 3,329586 0,336689 1,569718 3,368819 -0,460524 1,060762 2,549383 -0,058501 1,033031 3,345844
-0,055017 0,342966 3,327298 0,333156 1,576815 3,376039 -0,458144 0,905989 2,472167 -0,063575 1,050900 3,358148
-0,055009 0,337333 3,338195 0,337768 1,575836 3,400869 -0,463629 0,686850 2,312319 -0,035844 1,083736 3,460055
-0,051128 0,338661 3,332418 0,335281 1,565847 3,389365 -0,436498 0,596625 2,304805 -0,031885 1,087353 3,421443
-0,045827 0,328691 3,339932 0,324011 1,573042 3,376949 -0,426819 0,571670 2,355510 -0,037137 1,105215 3,457720
-0,036388 0,321294 3,370687 0,306076 1,551983 3,320105 -0,382212 0,573046 2,616482 -0,050684 1,072271 3,407582
-0,028515 0,320377 3,352132 0,302359 1,551416 3,328732 -0,456304 0,621892 2,879411 -0,046322 1,050625 3,370201
-0,026428 0,319280 3,359142 0,308720 1,557436 3,335691 -0,477993 0,651681 2,978778 -0,057171 1,043300 3,382653
-0,033980 0,314287 3,324867 0,301670 1,547482 3,308092 -0,508254 0,729479 3,087568 -0,063271 1,025568 3,357962
-0,047875 0,316423 3,352537 0,297230 1,548646 3,332673 -0,590857 0,886480 3,257371 -0,063625 1,043349 3,408334
-0,052979 0,319471 3,333127 0,292732 1,554765 3,322034 -0,597240 0,963499 3,253602 -0,085059 1,039632 3,381963
-0,059595 0,314308 3,332153 0,266075 1,553335 3,274279 -0,601654 1,193480 3,304002 -0,085692 1,039586 3,381977
-0,058817 0,323744 3,333888 0,253431 1,555916 3,247195 -0,579044 1,368273 3,334044 -0,093892 1,050222 3,406808
-0,060324 0,330984 3,339527 0,249472 1,560079 3,258744 -0,555186 1,441371 3,339119 -0,097004 1,042974 3,393959
-0,053537 0,337755 3,349556 0,247759 1,570620 3,257430 -0,531431 1,547912 3,332919 -0,097239 1,061259 3,419608
