14 12
-0,059158 0,331654 3,321661 0,198720 1,635121 3,288715 -0,571721 1,497013 3,418442 -0,094965 1,057367 3,458334
-0,051731 0,337145 3,319951 0,196728 1,628969 3,276019 -0,599024 1,391385 3,260396 -0,086656 1,053943 3,432921
-0,043756 0,336577 3,355917 0,194341 1,633981 3,277978 -0,647530 1,021636 2,774986 -0,067833 1,035791 3,420737
-0,051003 0,347388 3,345339 0,192316 1,628212 3,276427 -0,614212 0,648372 2,642039 -0,077226 1,045984 3,444732
-0,054373 0,350777 3,363513 0,200205 1,640064 3,281801 -0,621656 0,481571 2,602299 -0,088892 1,060754 3,484138
-0,065778 0,359807 3,341738 0,207176 1,641026 3,284389 -0,650459 0,262795 2,500226 -0,081801 1,068329 3,511211
-0,063462 0,362964 3,355668 0,193079 1,622551 3,265527 -0,676651 0,185277 2,531573 -0,069892 1,061094 3,498636
-0,064379 0,366111 3,333422 0,206269 1,635041 3,287536 -0,680231 0,186165 2,546731 -0,049423 1,043380 3,408660
-0,059783 0,360392 3,346507 0,202467 1,648882 3,307992 -0,674302 0,258962 2,584772 -0,058675 1,049807 3,458442
-0,044236 0,346662 3,337171 0,200910 1,629661 3,278779 -0,651108 0,441065 2,612663 -0,057460 1,028395 3,407640
-0,038086 0,340032 3,338819 0,199335 1,641267 3,295024 -0,640151 0,578846 2,669725 -0,071589 1,017718 3,382052
-0,041626 0,341495 3,342963 0,195997 1,629203 3,271065 -0,591528 0,958064 2,964388 -0,070971 1,025171 3,382502
-0,042881 0,340688 3,331425 0,190070 1,622536 3,269069 -0,611421 1,238805 3,097577 -0,087770 1,046197 3,458355
-0,049689 0,331449 3,332110 0,198173 1,618866 3,272396 -0,579551 1,342911 3,218237 -0,091162 1,057434 3,471735
