13 12
-0,153760 0,359171 3,341668 0,235377 1,600982 3,303811 -0,463228 1,545870 3,239082 -0,120094 1,100805 3,354795
-0,148661 0,346762 3,348883 0,247784 1,613382 3,337781 -0,338744 1,503573 3,113010 -0,102728 1,090427 3,393413
-0,157836 0,335092 3,368495 0,235699 1,599496 3,320011 0,020338 0,955648 2,492947 -0,116808 1,109019 3,431867
-0,156445 0,351703 3,368443 0,237662 1,575807 3,303219 0,103707 0,787203 2,518018 -0,109987 1,139888 3,485145
-0,159262 0,357263 3,353932 0,246502 1,589726 3,335243 0,219035 0,496697 2,734773 -0,119337 1,136898 3,401553
-0,160099 0,355453 3,337465 0,247766 1,587636 3,332134 0,239476 0,334699 2,743348 -0,099861 1,180080 3,366255
-0,168159 0,344475 3,308910 0,246813 1,618415 3,363675 0,232915 0,316369 2,759683 -0,083600 1,165057 3,319095
-0,155737 0,354334 3,344730 0,247613 1,604916 3,353129 0,204618 0,364634 2,709041 -0,082375 1,183592 3,377557
-0,158382 0,349096 3,368390 0,238422 1,596135 3,330417 0,154008 0,543013 2,755366 -0,102230 1,138221 3,418013
-0,161203 0,366102 3,373409 0,232851 1,622363 3,352291 0,104879 0,666242 2,780502 -0,093771 1,169048 3,434292
-0,157694 0,358812 3,372447 0,231566 1,614061 3,328923 -0,004104 0,907697 2,656600 -0,102433 1,140026 3,485634
-0,162724 0,324415 3,356608 0,238925 1,595896 3,302490 -0,263489 1,338519 3,091475 -0,114499 1,068037 3,430004
-0,163537 0,343388 3,371139 0,235596 1,607390 3,308677 -0,390581 1,488181 3,209809 -0,107405 1,086865 3,406315
