16 12
-0,111103 0,326776 3,359480 0,286680 1,537011 3,365317 -0,526513 1,541854 3,208806 -0,117145 1,068237 3,457186
-0,119847 0,329932 3,375827 0,299106 1,546734 3,397157 -0,503433 1,483311 2,958107 -0,112746 1,060921 3,444345
-0,123123 0,328399 3,386728 0,303297 1,537403 3,375138 -0,488536 1,326955 2,760744 -0,100281 1,053686 3,431609
-0,124951 0,332041 3,373951 0,299598 1,525401 3,365030 -0,522318 0,992487 2,501199 -0,088723 1,049907 3,444440
-0,128653 0,340551 3,382074 0,292920 1,525304 3,369907 -0,466591 0,729259 2,447179 -0,079076 1,065148 3,407792
-0,128479 0,317342 3,380327 0,281111 1,542721 3,394618 -0,472998 0,637877 2,499537 -0,079830 1,061294 3,433073
-0,110154 0,321178 3,393200 0,259495 1,520676 3,348404 -0,438749 0,626297 2,796956 -0,087255 1,049959 3,380733
-0,102208 0,315141 3,354063 0,254024 1,542197 3,350955 -0,521096 0,751535 3,018522 -0,105901 1,046096 3,444504
-0,099432 0,314179 3,369639 0,261930 1,548614 3,349675 -0,546212 0,839012 3,108984 -0,105605 1,042500 3,418577
-0,109708 0,310078 3,338326 0,263844 1,542603 3,331037 -0,552989 1,001230 3,226733 -0,114042 1,060743 3,470302
-0,130861 0,316292 3,372742 0,269025 1,514905 3,330409 -0,576178 1,070847 3,293120 -0,118222 1,071984 3,510062
-0,135424 0,327269 3,365086 0,267296 1,522159 3,338726 -0,580307 1,111298 3,288770 -0,109330 1,057218 3,457520
-0,146539 0,325775 3,366300 0,267802 1,522198 3,327835 -0,577691 1,268997 3,379604 -0,126126 1,068022 3,509445
-0,145847 0,334121 3,358600 0,256318 1,549034 3,360248 -0,566368 1,463876 3,355551 -0,132912 1,067900 3,482285
-0,146471 0,336120 3,369170 0,243150 1,538601 3,345314 -0,543773 1,572277 3,385361 -0,129388 1,064108 3,469137
-0,152127 0,346658 3,373842 0,247117 1,528760 3,331895 -0,554064 1,606103 3,308798 -0,127683 1,068061 3,443366
