19 12
-0,109592 0,314586 3,429030 0,273780 1,544583 3,240154 -0,511527 1,597820 3,247459 -0,106523 1,060875 3,470791
-0,108494 0,327226 3,433253 0,267729 1,479836 3,080821 -0,516653 1,558652 3,117264 -0,105592 1,057303 3,444777
-0,108825 0,325009 3,432542 0,228673 1,392543 2,925004 -0,484399 1,483139 2,954940 -0,108998 1,031516 3,405471
-0,110540 0,320735 3,448547 0,148853 1,237512 2,820858 -0,441672 1,396852 2,858065 -0,113600 1,012638 3,417058
-0,116623 0,312938 3,457825 0,065645 1,078606 2,743937 -0,385385 1,279808 2,742948 -0,101804 1,034714 3,483628
-0,116559 0,317908 3,465048 -0,017065 0,938357 2,679577 -0,325846 1,163543 2,679641 -0,097695 1,030757 3,496461
-0,119271 0,308527 3,457234 -0,089457 0,843544 2,686939 -0,271020 1,053628 2,656896 -0,102693 1,068366 3,537486
-0,120223 0,321561 3,462354 -0,138127 0,823640 2,748358 -0,223648 0,936576 2,648476 -0,115854 1,095144 3,578799
-0,120008 0,312705 3,464389 -0,191960 0,777679 2,720789 -0,162744 0,857667 2,659219 -0,130949 1,079163 3,522557
-0,121288 0,337713 3,473707 -0,197431 0,729671 2,703542 -0,157108 0,825616 2,695186 -0,135637 1,094076 3,469126
-0,120312 0,338960 3,479280 -0,153239 0,759131 2,740993 -0,182537 0,828699 2,640979 -0,115625 1,145239 3,620190
-0,120324 0,332103 3,478492 -0,148534 0,736046 2,680131 -0,215637 0,864410 2,610448 -0,116589 1,113265 3,535134
-0,120848 0,322395 3,470458 -0,123935 0,748286 2,704530 -0,245984 0,921098 2,608527 -0,120086 1,114490 3,592817
-0,121118 0,326290 3,477752 -0,214751 0,841334 2,865478 -0,180746 0,859115 2,482093 -0,115148 1,094992 3,551253
-0,118151 0,330148 3,482996 -0,223053 0,821532 2,743447 -0,182222 0,889553 2,596813 -0,146446 1,067625 3,454660
-0,125416 0,316674 3,470415 -0,150315 0,873445 2,778506 -0,180713 0,939644 2,639303 -0,110977 1,083551 3,537682
-0,126132 0,308325 3,449853 -0,058121 0,912145 2,593179 -0,376433 1,208028 2,897486 -0,103337 1,045610 3,537507
-0,121606 0,312455 3,444049 -0,017548 0,969754 2,532282 -0,445420 1,283828 2,925534 -0,097803 1,031464 3,444853
-0,129549 0,322436 3,426238 0,229863 1,384619 3,017504 -0,485712 1,460947 3,052930 -0,118450 1,053035 3,482898
