25 12
-0,133188 0,364717 3,396028 0,277146 1,426916 3,253177 -0,504279 1,378251 3,229042 -0,097007 1,109052 3,394903
-0,126693 0,357545 3,380416 0,231637 1,338215 3,203822 -0,457876 1,262135 3,129380 -0,100413 1,090553 3,381851
-0,128999 0,336733 3,377087 0,172684 1,215457 3,124502 -0,394669 1,143992 3,060675 -0,102214 1,090634 3,432348
-0,127560 0,340522 3,384099 0,128648 1,110507 3,046628 -0,347781 1,031230 3,010207 -0,093181 1,083134 3,357007
-0,122586 0,361000 3,394938 0,088300 0,992005 2,981451 -0,323978 0,962153 2,981527 -0,100414 1,112537 3,382160
-0,122289 0,354787 3,397207 0,040255 0,885045 2,868448 -0,279393 0,883193 2,904087 -0,106830 1,101256 3,356661
-0,129342 0,366232 3,407129 0,030580 0,801602 2,744675 -0,253826 0,795300 2,762120 -0,104060 1,112635 3,394518
-0,126157 0,354521 3,412406 0,035767 0,737683 2,620495 -0,234205 0,719201 2,651263 -0,112757 1,112671 3,419347
-0,131965 0,368919 3,417038 0,033575 0,666371 2,450051 -0,242907 0,665373 2,512457 -0,101573 1,120499 3,433089
-0,133952 0,368036 3,431592 0,062274 0,637250 2,353805 -0,293362 0,626338 2,405870 -0,115835 1,098053 3,457125
-0,138809 0,418823 3,377807 0,117667 0,636815 2,378882 -0,356472 0,619299 2,380771 -0,099710 1,179076 3,376889
-0,137411 0,422440 3,373578 0,201193 0,616669 2,391738 -0,436914 0,606026 2,389109 -0,114972 1,222003 3,437268
-0,140798 0,416966 3,370537 0,265690 0,588412 2,387552 -0,535802 0,593984 2,413441 -0,100387 1,168311 3,433670
-0,132289 0,373962 3,412027 0,343484 0,594389 2,397292 -0,650579 0,596996 2,438500 -0,112080 1,120457 3,445027
-0,132766 0,364731 3,407045 0,437491 0,609933 2,407635 -0,764986 0,612918 2,519462 -0,095355 1,083214 3,393804
-0,126736 0,359856 3,391449 0,553535 0,648836 2,498468 -0,876800 0,653710 2,583912 -0,091561 1,057871 3,356790
-0,128163 0,366815 3,389834 0,624924 0,699933 2,543395 -0,963194 0,686791 2,600628 -0,083774 1,058083 3,332674
-0,129845 0,349515 3,377584 0,710275 0,777098 2,692917 -1,023063 0,758034 2,723890 -0,061300 1,061690 3,357586
-0,134435 0,345878 3,373971 0,730004 0,842559 2,771036 -1,054368 0,846552 2,833767 -0,062285 1,058264 3,358321
-0,131280 0,351163 3,350940 0,738889 0,939119 2,905263 -1,060737 0,951588 2,925147 -0,047625 1,065676 3,359004
-0,132111 0,344698 3,353693 0,727015 1,035116 2,983643 -1,033371 1,068455 3,037069 -0,055560 1,076547 3,383856
-0,139774 0,354069 3,369628 0,702057 1,164435 3,137709 -0,979110 1,184377 3,103946 -0,066790 1,087457 3,396116
-0,136996 0,361163 3,350896 0,642674 1,265099 3,208019 -0,891975 1,284915 3,182519 -0,077559 1,087169 3,358148
-0,139497 0,361299 3,355560 0,559735 1,380088 3,314663 -0,777705 1,367129 3,263678 -0,077219 1,098093 3,358252
-0,144538 0,368029 3,363739 0,466648 1,459385 3,393332 -0,657996 1,429326 3,305113 -0,077881 1,105330 3,358343
