16 12
-0,044261 0,324684 3,374339 0,202770 1,555816 3,277809 -0,522061 1,462916 3,363998 -0,080273 1,061212 3,458963
-0,041660 0,322621 3,372669 0,203828 1,565150 3,301665 -0,547983 1,393687 3,244462 -0,075996 1,053959 3,446253
-0,028907 0,324639 3,397438 0,205011 1,559883 3,289441 -0,616404 1,042820 2,809286 -0,068514 1,039184 3,446356
-0,028555 0,316362 3,406556 0,208542 1,552367 3,296729 -0,621377 0,657430 2,708378 -0,064639 1,039176 3,459649
-0,033950 0,323805 3,412088 0,207405 1,571168 3,323010 -0,639869 0,476199 2,678963 -0,068822 1,035376 3,446068
-0,048634 0,336328 3,398383 0,209527 1,549879 3,289631 -0,677365 0,219728 2,527589 -0,092609 1,045744 3,497327
-0,051907 0,337827 3,403563 0,205762 1,572389 3,322805 -0,712898 0,131103 2,564580 -0,085641 1,045513 3,496814
-0,047471 0,342289 3,391044 0,203036 1,577412 3,338343 -0,715429 0,123081 2,562116 -0,077461 1,045939 3,498060
-0,038497 0,339536 3,415476 0,205933 1,551564 3,306273 -0,711786 0,156956 2,585962 -0,073469 1,042324 3,484914
-0,028042 0,324790 3,389975 0,200943 1,569225 3,319421 -0,680486 0,247434 2,564282 -0,058365 1,038613 3,512366
-0,020033 0,325842 3,389880 0,202142 1,546732 3,294895 -0,656372 0,338244 2,592827 -0,049742 1,010214 3,407948
-0,008757 0,306291 3,415156 0,204952 1,547577 3,295864 -0,599589 0,614287 2,767305 -0,057753 1,020695 3,433050
-0,006543 0,305187 3,390396 0,201550 1,563283 3,300241 -0,573828 0,915740 2,829977 -0,057143 1,020912 3,433623
-0,012155 0,308448 3,400245 0,201745 1,564792 3,313523 -0,571870 1,077553 2,952295 -0,064641 1,031724 3,459532
-0,024097 0,315551 3,384937 0,191577 1,562657 3,285084 -0,516930 1,390546 3,302405 -0,057128 1,046706 3,460063
-0,037140 0,315833 3,388214 0,191366 1,552510 3,283362 -0,476713 1,440546 3,344649 -0,064947 1,050292 3,459672
