26 12
-0,080858 -0,224039 3,061325 0,322832 1,318667 3,018851 -0,479037 1,310907 2,960637 -0,005223 0,545451 3,103659
-0,079966 -0,216094 3,053469 0,322035 1,320385 3,022595 -0,524162 1,248223 2,863819 -0,008669 0,540422 3,072068
-0,079343 -0,223169 3,058690 0,319364 1,311673 3,009571 -0,576295 1,141097 2,760570 -0,015426 0,540412 3,071922
-0,080930 -0,226849 3,063176 0,317494 1,320705 3,007465 -0,656764 1,028264 2,670932 -0,009027 0,537167 3,092978
-0,078254 -0,227016 3,061663 0,323583 1,324225 3,017649 -0,753472 0,883154 2,624869 -0,012231 0,542140 3,103537
-0,078877 -0,219220 3,059227 0,319738 1,313917 3,013473 -0,835965 0,754172 2,580024 -0,008836 0,540470 3,093031
-0,077517 -0,221476 3,070536 0,321410 1,322017 3,025165 -0,858144 0,644763 2,533976 -0,008669 0,540422 3,072068
-0,077010 -0,219939 3,069410 0,324255 1,325850 3,032143 -0,790333 0,561875 2,457304 -0,005446 0,545351 3,082614
-0,078199 -0,224892 3,070566 0,320695 1,320299 3,024284 -0,704012 0,522616 2,439104 -0,008862 0,537151 3,072080
-0,076563 -0,225055 3,069884 0,314962 1,321951 3,016529 -0,672540 0,487689 2,427969 -0,005639 0,542058 3,082559
-0,073435 -0,218693 3,066960 0,318464 1,319876 3,016981 -0,682550 0,459385 2,409992 -0,005461 0,538810 3,082585
-0,074879 -0,221328 3,072222 0,314917 1,322876 3,011774 -0,673086 0,446864 2,379068 0,004772 0,547043 3,093271
-0,074190 -0,217988 3,063615 0,310593 1,321185 3,000910 -0,626752 0,438714 2,349072 -0,005446 0,545351 3,082614
-0,076135 -0,223984 3,068044 0,317622 1,330128 3,026429 -0,596343 0,437357 2,364106 -0,005446 0,545351 3,082614
-0,072446 -0,220314 3,066505 0,317970 1,323890 3,015110 -0,604609 0,440660 2,379758 -0,005268 0,542091 3,082576
-0,076156 -0,224553 3,070034 0,322278 1,323314 3,022445 -0,612953 0,450863 2,379089 -0,005446 0,545351 3,082614
-0,076556 -0,220427 3,067971 0,319377 1,319850 3,022356 -0,626131 0,487244 2,384232 0,004772 0,547043 3,093271
-0,074196 -0,220398 3,061328 0,319514 1,322094 3,026882 -0,626690 0,547095 2,372026 -0,005461 0,538810 3,082585
-0,072605 -0,228031 3,062181 0,320187 1,320424 3,019007 -0,620329 0,642778 2,366502 -0,001671 0,540486 3,093041
-0,070746 -0,224436 3,065308 0,318150 1,323472 3,019268 -0,606720 0,770906 2,387062 -0,008836 0,540470 3,093031
-0,068101 -0,224353 3,058471 0,316169 1,316536 3,014257 -0,591496 0,909585 2,424838 -0,005268 0,542091 3,082576
-0,070656 -0,219945 3,060273 0,321343 1,324942 3,015656 -0,570767 1,055529 2,524618 -0,005461 0,538810 3,082585
-0,069482 -0,218799 3,061761 0,316988 1,319893 3,015895 -0,548864 1,193758 2,660610 -0,005268 0,542091 3,082576
-0,069546 -0,224322 3,059320 0,317695 1,320686 3,026232 -0,526280 1,289278 2,828615 -0,005446 0,545351 3,082614
-0,073810 -0,223784 3,058007 0,322198 1,339020 3,041887 -0,483483 1,337321 2,963148 -0,005446 0,545351 3,082614
-0,074069 -0,221710 3,050050 0,320806 1,329512 3,032328 -0,426731 1,365523 3,041798 -0,008643 0,543762 3,093021
