34 12
-0,054923 -0,224565 3,017142 0,340410 1,310434 3,027961 -0,446504 1,367299 3,006755 0,004468 0,537085 3,031171
-0,052693 -0,227971 3,027908 0,342214 1,315516 3,040138 -0,507536 1,324359 2,923655 0,004569 0,540364 3,051617
-0,049597 -0,224962 3,024145 0,347113 1,313789 3,038252 -0,571392 1,280542 2,814565 0,008065 0,541959 3,041396
-0,049325 -0,225526 3,028476 0,346728 1,319144 3,038608 -0,641750 1,169604 2,663486 0,007870 0,538720 3,041400
-0,052263 -0,222107 3,031878 0,347714 1,309464 3,017853 -0,727280 0,998317 2,526934 0,007870 0,538720 3,041400
-0,050336 -0,226516 3,040423 0,347672 1,323232 3,029476 -0,806115 0,763571 2,453837 0,000893 0,532228 3,020948
-0,053739 -0,224363 3,037114 0,354931 1,301116 3,022743 -0,776045 0,482346 2,390137 0,001085 0,535460 3,020999
-0,053912 -0,224176 3,033957 0,346967 1,313379 3,031021 -0,716122 0,257502 2,376924 0,011290 0,540363 3,051684
-0,057938 -0,223627 3,040104 0,346620 1,316905 3,028705 -0,598138 0,101683 2,415288 0,007498 0,538668 3,041241
-0,054590 -0,216446 3,025629 0,345065 1,318828 3,030996 -0,458034 0,016398 2,493683 -0,006372 0,554936 3,081820
-0,042856 -0,225638 3,009568 0,339350 1,309597 3,018318 -0,362852 0,005059 2,596241 0,003839 0,553178 3,051106
-0,037376 -0,220233 3,018741 0,340542 1,317518 3,024423 -0,357712 0,001272 2,680118 0,000137 0,554719 3,060737
-0,035963 -0,223638 3,041540 0,335180 1,324590 3,024807 -0,428798 -0,063074 2,705259 0,004216 0,550227 3,092951
-0,027941 -0,227185 3,034490 0,337932 1,332810 3,025756 -0,559393 -0,112118 2,697527 0,007916 0,542067 3,082734
-0,028128 -0,229191 3,055141 0,333240 1,315385 3,012247 -0,663514 -0,116095 2,627888 0,011375 0,543741 3,093272
-0,025016 -0,222715 3,051804 0,340144 1,334910 3,041123 -0,640330 -0,091739 2,543389 0,007916 0,542067 3,082734
-0,031836 -0,222821 3,060576 0,337647 1,332456 3,032609 -0,521548 -0,081921 2,511465 0,004297 0,543629 3,072158
-0,022021 -0,223299 3,015912 0,341746 1,327838 3,032494 -0,411979 -0,053452 2,548527 -0,009562 0,553433 3,092556
-0,026735 -0,216009 3,025132 0,342525 1,332518 3,037110 -0,411193 -0,037930 2,623069 0,007370 0,551749 3,082245
-0,027324 -0,219535 3,041556 0,338352 1,311903 3,023426 -0,519347 -0,068831 2,644264 0,008127 0,551902 3,082826
-0,026155 -0,222010 3,042823 0,333899 1,321775 3,009561 -0,658241 -0,055279 2,625010 0,011375 0,543741 3,093272
-0,026738 -0,226175 3,040290 0,339214 1,329060 3,025858 -0,728667 -0,012930 2,560288 0,014535 0,538746 3,061961
-0,025918 -0,225791 3,035898 0,336275 1,308922 3,003928 -0,726461 0,055141 2,488639 0,011235 0,540402 3,072318
-0,027560 -0,225592 3,040255 0,337588 1,324376 3,026019 -0,691316 0,192061 2,429420 0,007989 0,542018 3,061970
-0,025922 -0,219810 3,038762 0,340351 1,313923 3,009596 -0,670255 0,378577 2,418936 0,011096 0,537103 3,051622
-0,022896 -0,228748 3,052318 0,340403 1,320096 3,025461 -0,675996 0,617687 2,376812 0,004670 0,543683 3,072315
-0,022765 -0,221475 3,041075 0,340694 1,332076 3,024725 -0,666993 0,855368 2,419168 0,001445 0,545277 3,061885
-0,023414 -0,223123 3,049511 0,343626 1,329859 3,030770 -0,643159 1,049323 2,533777 0,011485 0,543612 3,051683
-0,021743 -0,216431 3,048280 0,337175 1,317912 3,014475 -0,602979 1,185861 2,659727 0,011485 0,543612 3,051683
-0,026263 -0,216824 3,048095 0,336568 1,326444 3,033739 -0,563520 1,298648 2,812218 0,015123 0,548522 3,061968
-0,027625 -0,221502 3,055452 0,338174 1,318089 3,011212 -0,497821 1,324280 2,933831 0,004940 0,540370 3,051522
-0,036294 -0,220557 3,041588 0,343393 1,326956 3,033383 -0,414463 1,357335 2,993911 0,004552 0,533883 3,051594
-0,039238 -0,221812 3,039868 0,345930 1,324581 3,035002 -0,397498 1,341525 3,043518 0,011273 0,533883 3,051661
-0,044253 -0,228133 3,037943 0,341535 1,321180 3,039896 -0,399576 1,367855 3,050538 0,007853 0,532259 3,041379
