31 12
-0,099502 -0,222492 2,977297 0,304686 1,297879 2,965752 -0,481881 1,345620 2,938604 -0,049033 0,504783 3,029662
-0,097365 -0,224336 2,974241 0,299253 1,285618 2,950246 -0,493289 1,330569 2,911150 -0,042202 0,501772 3,009751
-0,091022 -0,226818 2,993081 0,290613 1,274784 2,941199 -0,548789 1,187880 2,642755 -0,042539 0,501569 3,029896
-0,088370 -0,223064 2,987259 0,286447 1,274834 2,940089 -0,644466 1,120754 2,647017 -0,035864 0,501595 3,030128
-0,084494 -0,228497 2,986708 0,288093 1,287539 2,947166 -0,702795 1,021527 2,565883 -0,038963 0,496893 3,019907
-0,078010 -0,229710 2,992387 0,285683 1,302350 2,955888 -0,758631 0,668785 2,296780 -0,032484 0,493685 3,020098
-0,072413 -0,222973 2,976950 0,282342 1,314423 2,965801 -0,726136 0,394614 2,295785 -0,032925 0,503044 3,040184
-0,072302 -0,224108 2,980101 0,285429 1,298702 2,963794 -0,707206 0,328360 2,296023 -0,032587 0,496684 3,040389
-0,062253 -0,224309 2,998649 0,288930 1,304861 2,969873 -0,669523 0,308935 2,354418 -0,046499 0,512492 3,081223
-0,058888 -0,218069 2,984349 0,286350 1,314613 2,968852 -0,594307 0,387990 2,261484 -0,032925 0,503044 3,040184
-0,059586 -0,227868 2,979907 0,284904 1,322054 2,977097 -0,584548 0,430161 2,263085 -0,029188 0,501616 3,030336
-0,056080 -0,217357 2,991319 0,281896 1,324352 2,974561 -0,574805 0,373275 2,293164 -0,022609 0,507788 3,071616
-0,046547 -0,219392 2,973234 0,280836 1,323653 2,972079 -0,621503 0,316329 2,341780 -0,022779 0,511006 3,071538
-0,045760 -0,212575 2,971709 0,280098 1,324131 2,962113 -0,595751 0,357917 2,314495 -0,022779 0,511006 3,071538
-0,039644 -0,221671 2,984198 0,280546 1,337146 2,967960 -0,594801 0,483665 2,334373 -0,015844 0,504707 3,051105
-0,037899 -0,212472 2,964772 0,281822 1,331286 2,969753 -0,633366 0,411686 2,398848 -0,015844 0,514313 3,071808
-0,033205 -0,209924 2,962739 0,282135 1,334727 2,972452 -0,646558 0,379894 2,397466 -0,015844 0,514313 3,071808
-0,032474 -0,210003 2,962565 0,279117 1,334866 2,972088 -0,627187 0,438726 2,407696 -0,012287 0,516015 3,061557
-0,026924 -0,209167 2,954171 0,277672 1,338693 2,975449 -0,635456 0,565362 2,367929 -0,015660 0,517593 3,071855
-0,021797 -0,210148 2,954705 0,275977 1,334155 2,953863 -0,627842 0,567668 2,376740 -0,015660 0,517593 3,071855
-0,021453 -0,210395 2,952362 0,281721 1,332710 2,967119 -0,642432 0,511491 2,362597 -0,008932 0,514447 3,051316
-0,025591 -0,211598 2,955241 0,279406 1,342688 2,976254 -0,622072 0,520888 2,332107 -0,015844 0,514313 3,071808
-0,024819 -0,214124 2,956637 0,283496 1,330963 2,983860 -0,624138 0,596608 2,349313 -0,018882 0,515926 3,082164
-0,028827 -0,216943 2,964079 0,282942 1,345598 2,983482 -0,622485 0,788831 2,398997 -0,012301 0,509524 3,061531
-0,027307 -0,211628 2,961853 0,284918 1,314922 2,973428 -0,645531 0,940532 2,438695 -0,015844 0,514313 3,071808
-0,028660 -0,211401 2,973676 0,281971 1,328134 2,980587 -0,665008 1,021489 2,502165 -0,012287 0,516015 3,061557
-0,034319 -0,216347 2,965520 0,289999 1,327111 2,994391 -0,668902 1,163027 2,644068 -0,008959 0,511329 3,030887
-0,045842 -0,219254 2,976870 0,296646 1,304085 2,980022 -0,682422 1,236464 2,745902 -0,002110 0,508131 3,030975
-0,052675 -0,228240 2,980749 0,303952 1,314441 2,990050 -0,663704 1,260717 2,809971 -0,005445 0,503224 3,041078
-0,065261 -0,224476 2,960790 0,315845 1,292570 3,007398 -0,608928 1,345646 3,046876 -0,018949 0,500335 3,000473
-0,077298 -0,227589 2,973261 0,317036 1,298514 3,016857 -0,496192 1,305944 2,932389 -0,028839 0,501659 3,030324
