62 12
-0,056635 -0,237646 3,256650 -0,041304 1,093424 3,105961 -0,452951 1,318272 3,194103 -0,026907 0,521880 3,281183
-0,052692 -0,237995 3,252501 -0,049091 1,095430 3,089838 -0,463622 1,305181 3,156200 -0,023548 0,520075 3,292824
-0,048275 -0,241460 3,266773 -0,046122 1,094089 3,112161 -0,500766 1,266711 3,081858 -0,019945 0,525305 3,281214
-0,039188 -0,236206 3,255141 -0,047313 1,097341 3,125614 -0,561688 1,214415 3,020037 -0,012473 0,518493 3,281605
-0,035900 -0,240233 3,272701 -0,049679 1,087146 3,098944 -0,640103 1,145350 2,921993 -0,005561 0,511678 3,258272
-0,029947 -0,241900 3,281811 -0,051073 1,088762 3,105466 -0,730559 1,054634 2,833587 0,001616 0,515016 3,281683
-0,023623 -0,239947 3,277947 -0,050563 1,095988 3,124396 -0,809768 0,918033 2,720865 -0,005517 0,515010 3,281580
-0,016465 -0,237220 3,280629 -0,051428 1,089477 3,118290 -0,869165 0,741344 2,622991 -0,016401 0,513158 3,292915
-0,017376 -0,237297 3,287762 -0,046412 1,092285 3,130803 -0,874646 0,499800 2,551037 -0,012825 0,511494 3,281222
-0,009866 -0,237358 3,293367 -0,049375 1,087353 3,105030 -0,865877 0,281592 2,542264 -0,009270 0,509841 3,269598
-0,008699 -0,238168 3,298162 -0,046548 1,082385 3,097631 -0,854806 0,098746 2,542608 -0,012825 0,511494 3,281222
-0,006149 -0,244131 3,294375 -0,044563 1,099775 3,134176 -0,838770 -0,063683 2,546196 -0,009399 0,512994 3,316499
-0,010512 -0,237390 3,290951 -0,050161 1,092489 3,094098 -0,825116 -0,201474 2,563293 -0,016595 0,512979 3,316366
-0,010094 -0,237666 3,284977 -0,038438 1,084216 3,073696 -0,828710 -0,325648 2,634314 -0,016595 0,512979 3,316366
-0,014361 -0,234827 3,288091 -0,041045 1,091249 3,085011 -0,842338 -0,458181 2,656623 -0,020171 0,511290 3,304371
-0,014455 -0,236223 3,282132 -0,040974 1,095684 3,105549 -0,865218 -0,590542 2,648341 -0,009072 0,516687 3,293289
-0,013477 -0,234626 3,282027 -0,041015 1,093521 3,109264 -0,842541 -0,689648 2,717345 -0,002197 0,519984 3,316682
-0,014685 -0,236092 3,290678 -0,040793 1,084562 3,093767 -0,789394 -0,738163 2,754120 -0,009373 0,523416 3,340658
-0,015130 -0,235416 3,287291 -0,045233 1,079530 3,085001 -0,698583 -0,774910 2,759260 -0,009197 0,526994 3,340987
-0,013988 -0,235784 3,287150 -0,043902 1,079021 3,077094 -0,580528 -0,798055 2,784815 -0,002067 0,526915 3,365167
-0,012700 -0,228174 3,283020 -0,042284 1,077104 3,075333 -0,450647 -0,782710 2,790324 -0,002364 0,530383 3,316433
-0,012968 -0,227007 3,289527 -0,038083 1,074545 3,065615 -0,333457 -0,750107 2,767358 0,001188 0,521688 3,304475
-0,010084 -0,230274 3,281018 -0,040204 1,086712 3,090006 -0,315642 -0,745664 2,766725 0,001100 0,528545 3,327981
-0,011906 -0,232491 3,284641 -0,043411 1,089144 3,098307 -0,375310 -0,803432 2,796342 0,001710 0,528757 3,353307
-0,010496 -0,226517 3,290172 -0,041682 1,087182 3,098073 -0,491222 -0,838648 2,837469 0,005226 0,533999 3,365331
-0,005589 -0,229650 3,283309 -0,047055 1,084025 3,094481 -0,585521 -0,831974 2,808220 0,005226 0,533999 3,365331
0,000339 -0,234831 3,284544 -0,049507 1,094040 3,095981 -0,633381 -0,799422 2,786567 0,019592 0,523433 3,340908
-0,000928 -0,228344 3,281704 -0,046664 1,093055 3,096509 -0,628469 -0,799945 2,754398 0,012358 0,530464 3,340969
-0,001087 -0,233156 3,278428 -0,040654 1,086329 3,076410 -0,601873 -0,810465 2,755741 0,019972 0,530520 3,365670
-0,001314 -0,230249 3,280095 -0,035906 1,082961 3,077661 -0,552425 -0,794020 2,791460 0,015892 0,528713 3,328900
-0,003441 -0,230270 3,280831 -0,031221 1,077399 3,069089 -0,534999 -0,784386 2,773806 0,015892 0,528713 3,328900
-0,008336 -0,233923 3,284785 -0,028005 1,083973 3,080055 -0,582290 -0,795265 2,790355 0,016063 0,525270 3,329165
-0,014330 -0,229725 3,276811 -0,033238 1,082939 3,087859 -0,652453 -0,790412 2,784867 0,012179 0,526875 3,340544
-0,019389 -0,223554 3,270925 -0,041290 1,094839 3,089296 -0,666167 -0,783389 2,788149 0,008672 0,528713 3,328866
-0,023168 -0,238379 3,259948 -0,033956 1,080031 3,075812 -0,635629 -0,789124 2,748186 0,016053 0,518265 3,329087
-0,023826 -0,230303 3,272712 -0,035946 1,085991 3,100642 -0,571479 -0,774922 2,756882 0,012350 0,523435 3,340888
-0,025044 -0,233514 3,268289 -0,026423 1,085730 3,093286 -0,502035 -0,751168 2,708357 0,008796 0,525172 3,353028
-0,026970 -0,231843 3,269180 -0,034061 1,083145 3,078516 -0,490522 -0,722508 2,688522 0,008534 0,518288 3,304866
-0,028333 -0,232950 3,270646 -0,026810 1,082667 3,084892 -0,525784 -0,746354 2,717200 -0,002191 0,526966 3,316760
-0,030617 -0,227432 3,272944 -0,032924 1,090541 3,091872 -0,591960 -0,770594 2,763299 -0,002191 0,526966 3,316760
-0,033129 -0,230334 3,269444 -0,038714 1,087343 3,097534 -0,640158 -0,759345 2,755444 0,001538 0,532222 3,353051
-0,035908 -0,227372 3,262268 -0,036920 1,086685 3,089040 -0,653100 -0,748629 2,744399 -0,002061 0,533992 3,365256
-0,040519 -0,233142 3,270032 -0,035317 1,085784 3,081623 -0,658453 -0,751657 2,718130 0,001538 0,532222 3,353051
-0,041269 -0,226988 3,266072 -0,027193 1,078514 3,102535 -0,646529 -0,744155 2,701167 -0,002235 0,537454 3,364920
-0,040931 -0,230038 3,272725 -0,034124 1,091871 3,107807 -0,634489 -0,714746 2,697673 -0,002413 0,533824 3,364413
-0,040729 -0,230929 3,260768 -0,039821 1,097293 3,114721 -0,630077 -0,684307 2,671511 0,008843 0,525271 3,329125
-0,040276 -0,229114 3,274618 -0,039487 1,094418 3,099885 -0,647833 -0,642450 2,647925 -0,001882 0,537596 3,365599
-0,040063 -0,224817 3,267906 -0,045961 1,107387 3,129930 -0,689429 -0,585872 2,617785 0,001631 0,532275 3,329137
-0,034214 -0,233201 3,263797 -0,041145 1,100839 3,111258 -0,748005 -0,512131 2,574613 -0,009373 0,523416 3,340658
-0,036110 -0,230630 3,269464 -0,038699 1,090069 3,097428 -0,804551 -0,407895 2,539093 0,008664 0,521707 3,328786
-0,034934 -0,230468 3,272527 -0,036574 1,092454 3,096388 -0,861136 -0,273256 2,492149 0,009023 0,528822 3,329384
-0,030526 -0,231796 3,268106 -0,034015 1,100849 3,112980 -0,910154 -0,113833 2,469738 0,005109 0,523432 3,340839
-0,029035 -0,232716 3,267475 -0,037973 1,097340 3,123018 -0,946493 0,070024 2,456222 -0,001889 0,530517 3,365510
-0,026771 -0,232634 3,264363 -0,034980 1,084712 3,096990 -1,012355 0,288465 2,511310 0,004937 0,526872 3,340501
-0,026152 -0,238565 3,262819 -0,031479 1,098009 3,127077 -1,021810 0,511807 2,533191 0,005109 0,523432 3,340839
-0,026303 -0,241741 3,276101 -0,029230 1,093925 3,112892 -1,000319 0,724368 2,590549 -0,009368 0,530445 3,340742
-0,029960 -0,236288 3,260864 -0,021034 1,098481 3,128659 -0,953885 0,890455 2,675329 -0,009368 0,530445 3,340742
-0,034830 -0,234244 3,260689 -0,015770 1,090941 3,107953 -0,890689 1,037183 2,777165 -0,005634 0,528777 3,305106
-0,044150 -0,236765 3,258947 -0,012958 1,093650 3,116241 -0,810542 1,155541 2,909858 -0,016189 0,527104 3,269822
-0,054943 -0,232762 3,244793 -0,016944 1,098704 3,105971 -0,721514 1,261626 3,048228 -0,020078 0,518407 3,257609
-0,066018 -0,231007 3,229056 -0,001070 1,092314 3,104139 -0,633529 1,323744 3,181025 -0,012811 0,525320 3,281363
-0,077129 -0,232289 3,227339 -0,002572 1,093934 3,107636 -0,545178 1,342258 3,264633 -0,030413 0,527067 3,269458
