24 12
-0,103428 -0,221007 3,055362 0,278242 1,277396 3,028960 -0,556168 1,278651 2,950132 -0,032761 0,528917 3,081852
-0,100902 -0,219042 3,062836 0,272634 1,290142 3,024773 -0,638540 1,286793 2,953229 -0,039504 0,528908 3,102698
-0,102068 -0,224935 3,071057 0,269180 1,274024 3,016090 -0,670325 1,229296 2,868848 -0,036035 0,527288 3,092248
-0,098165 -0,223649 3,076355 0,261717 1,285874 3,005962 -0,727972 0,943237 2,513308 -0,039689 0,525593 3,102663
-0,095990 -0,220258 3,085638 0,257817 1,280346 3,008187 -0,754091 0,641220 2,511406 -0,036295 0,533883 3,134917
-0,097290 -0,223741 3,086755 0,262484 1,266969 3,011404 -0,756756 0,472835 2,488529 -0,039839 0,528870 3,123994
-0,096125 -0,232441 3,094051 0,259847 1,305205 3,021325 -0,758932 0,210543 2,632278 -0,043178 0,527212 3,113172
-0,094336 -0,223758 3,079515 0,263842 1,278788 3,042718 -0,727808 0,016724 2,678089 -0,060376 0,528770 3,123160
-0,092939 -0,227076 3,082947 0,266443 1,292312 3,046312 -0,707334 -0,034171 2,746105 -0,064234 0,533741 3,155489
-0,091329 -0,222291 3,072639 0,270985 1,276596 3,039497 -0,670786 -0,096277 2,928873 -0,063547 0,527086 3,091069
-0,092678 -0,229940 3,082282 0,269781 1,278994 3,030249 -0,637649 -0,106398 2,905557 -0,073555 0,518867 3,080035
-0,088786 -0,226434 3,081556 0,266541 1,295234 3,049955 -0,634539 -0,098600 2,917962 -0,073555 0,518867 3,080035
-0,093248 -0,226085 3,083862 0,260482 1,277355 3,021090 -0,638264 -0,101530 2,903129 -0,080694 0,522032 3,100714
-0,092828 -0,223868 3,092567 0,257021 1,275012 3,021886 -0,655214 -0,095133 2,911670 -0,073375 0,522177 3,080110
-0,094931 -0,221021 3,083696 0,257142 1,295647 3,028375 -0,671102 -0,086790 2,905697 -0,067218 0,528730 3,122832
-0,096031 -0,219873 3,083008 0,253635 1,293793 3,033005 -0,700393 -0,010749 2,749263 -0,053578 0,535484 3,145088
-0,096056 -0,225489 3,074354 0,255745 1,284256 3,025037 -0,737536 0,196507 2,703312 -0,060376 0,528770 3,123160
-0,091205 -0,224805 3,082962 0,250648 1,296794 3,028601 -0,738408 0,348970 2,641796 -0,050428 0,533816 3,156104
-0,088570 -0,227718 3,072894 0,256118 1,284647 3,027191 -0,757423 0,732225 2,631899 -0,060024 0,522207 3,123058
-0,088293 -0,224029 3,085779 0,253785 1,301248 3,029650 -0,719577 0,993701 2,646813 -0,056830 0,527147 3,112619
-0,090129 -0,221216 3,077509 0,260071 1,286307 3,029809 -0,689117 1,105957 2,728956 -0,046501 0,532177 3,123773
-0,099162 -0,221435 3,074483 0,259547 1,277084 3,029540 -0,627410 1,299414 3,058901 -0,046501 0,532177 3,123773
-0,104732 -0,222746 3,076564 0,267251 1,276713 3,034139 -0,529296 1,285918 3,003214 -0,042992 0,530538 3,113206
-0,106269 -0,222969 3,079949 0,270879 1,269087 3,037578 -0,496273 1,287313 3,046179 -0,039504 0,528908 3,102698
