63 12
-0,066746 -0,225239 3,205077 0,381112 1,297777 3,293986 -0,470331 1,325054 3,283386 -0,008235 0,585525 3,247381
-0,066435 -0,228187 3,216160 0,374719 1,294282 3,265239 -0,461165 1,335007 3,283026 -0,008623 0,585521 3,247521
-0,061444 -0,224394 3,211810 0,372490 1,303810 3,280824 -0,467230 1,332289 3,283634 -0,015333 0,589326 3,270432
-0,058556 -0,227254 3,217894 0,362467 1,292422 3,275182 -0,470168 1,321892 3,272739 -0,008391 0,589723 3,294183
-0,055705 -0,229922 3,225392 0,361969 1,289468 3,260580 -0,468774 1,333184 3,275185 -0,001089 0,589343 3,270723
-0,052213 -0,232095 3,230030 0,362213 1,295480 3,276207 -0,473481 1,336454 3,271315 -0,001089 0,589343 3,270723
-0,044199 -0,225051 3,222643 0,363006 1,298194 3,265476 -0,485286 1,329340 3,263982 0,002516 0,591269 3,282498
-0,042064 -0,229574 3,233782 0,358877 1,287954 3,272345 -0,502494 1,306135 3,220455 -0,001023 0,593205 3,294239
-0,033765 -0,228389 3,232718 0,362307 1,284917 3,272973 -0,552859 1,258328 3,157680 0,002313 0,587806 3,282566
-0,029424 -0,227778 3,234251 0,363877 1,273752 3,256823 -0,624080 1,202190 3,076830 -0,001023 0,593205 3,294239
-0,022737 -0,228254 3,237261 0,372842 1,258720 3,238381 -0,713598 1,124662 2,984136 0,002313 0,587806 3,282566
-0,016954 -0,232270 3,235982 0,383307 1,243502 3,234179 -0,811000 1,019597 2,895017 0,009386 0,588171 3,306306
-0,009053 -0,226957 3,240105 0,391446 1,219429 3,239883 -0,912895 0,894922 2,831737 0,009386 0,588171 3,306306
-0,002890 -0,230628 3,250687 0,398862 1,198566 3,234065 -1,001664 0,746754 2,781785 0,009771 0,588170 3,306189
-0,002182 -0,224637 3,245092 0,403328 1,173270 3,230086 -1,073897 0,585005 2,743020 0,009386 0,588171 3,306306
-0,002393 -0,233351 3,250938 0,414351 1,169507 3,241007 -1,127500 0,395588 2,721233 0,009570 0,584685 3,306249
0,003281 -0,233252 3,250543 0,425815 1,163983 3,223521 -1,149708 0,194160 2,699572 0,013177 0,579920 3,342274
0,002145 -0,228825 3,242347 0,430080 1,186423 3,225240 -1,139301 0,016090 2,654428 0,009353 0,574205 3,306159
0,001305 -0,231489 3,249515 0,433242 1,205064 3,223516 -1,116810 -0,147698 2,666018 -0,001391 0,576095 3,317976
-0,001964 -0,236056 3,245538 0,438436 1,244027 3,217420 -1,100071 -0,294168 2,681603 -0,001391 0,576095 3,317976
-0,005919 -0,233487 3,246580 0,441951 1,268900 3,231605 -1,077697 -0,445148 2,687732 0,002455 0,581524 3,330068
-0,006752 -0,230071 3,249105 0,441434 1,317488 3,262855 -1,003131 -0,571290 2,771523 0,009551 0,577703 3,306177
-0,008938 -0,221528 3,243044 0,432248 1,312661 3,277236 -0,921097 -0,656160 2,814530 0,009370 0,581187 3,306233
-0,008645 -0,229948 3,243742 0,415346 1,307368 3,293630 -0,842359 -0,701156 2,810292 0,005743 0,583426 3,342192
-0,017509 -0,228963 3,244105 0,396664 1,326649 3,329947 -0,771278 -0,727647 2,804421 -0,001310 0,586972 3,342195
-0,017044 -0,228479 3,249286 0,386638 1,304560 3,327879 -0,713856 -0,748639 2,800031 0,002272 0,585032 3,330135
-0,019981 -0,225066 3,245092 0,365238 1,302324 3,307511 -0,683230 -0,789004 2,802280 0,006254 0,594456 3,366775
-0,022417 -0,227881 3,249686 0,357491 1,292656 3,307548 -0,632621 -0,817141 2,851487 0,009650 0,596009 3,354603
-0,020687 -0,226371 3,246766 0,350253 1,293694 3,294677 -0,587835 -0,841441 2,888370 0,016748 0,592060 3,330345
-0,019723 -0,223621 3,247883 0,349662 1,289505 3,295511 -0,546565 -0,850852 2,870365 0,009650 0,596009 3,354603
-0,020889 -0,223815 3,254140 0,352644 1,291793 3,291973 -0,495538 -0,851603 2,871546 0,006069 0,598002 3,366843
-0,027588 -0,231821 3,252250 0,353984 1,291393 3,292660 -0,402051 -0,862223 2,895792 0,009449 0,592448 3,354500
-0,028363 -0,224420 3,251293 0,359058 1,300308 3,301534 -0,326850 -0,826139 2,848808 0,005757 0,590481 3,342273
-0,032472 -0,226778 3,253650 0,374440 1,281672 3,274843 -0,320037 -0,843303 2,859892 0,005757 0,590481 3,342273
-0,030198 -0,226462 3,251060 0,379844 1,276095 3,287085 -0,396365 -0,880171 2,905558 0,005647 0,586586 3,318130
-0,030914 -0,224199 3,249593 0,396306 1,235993 3,269559 -0,479615 -0,880553 2,884142 0,009650 0,596009 3,354603
-0,033008 -0,221154 3,249325 0,400626 1,225485 3,281785 -0,525101 -0,868931 2,862965 0,009449 0,592448 3,354500
-0,031393 -0,229170 3,247730 0,413220 1,191322 3,255725 -0,504643 -0,878386 2,865009 0,005957 0,594030 3,342371
-0,030895 -0,225575 3,247918 0,421275 1,167216 3,251908 -0,434434 -0,875441 2,883473 0,009970 0,596449 3,379173
-0,035974 -0,227854 3,240587 0,425084 1,152436 3,277184 -0,415321 -0,854258 2,867562 0,009250 0,588872 3,354317
-0,037287 -0,224174 3,238174 0,434519 1,133139 3,267567 -0,479823 -0,863832 2,895792 0,009817 0,585397 3,354455
-0,040272 -0,232080 3,241329 0,445401 1,131158 3,265813 -0,562775 -0,865863 2,874179 0,013194 0,586973 3,342355
-0,044922 -0,224696 3,232200 0,445496 1,143323 3,276869 -0,621888 -0,848474 2,859143 0,016908 0,588926 3,354569
-0,046306 -0,224339 3,219216 0,455742 1,145481 3,270671 -0,633575 -0,846159 2,864776 0,020647 0,590499 3,342421
-0,045999 -0,226161 3,225868 0,467409 1,131803 3,277899 -0,618552 -0,847130 2,876398 0,017113 0,585025 3,330159
-0,044870 -0,228823 3,238160 0,461164 1,126390 3,249671 -0,599860 -0,821692 2,857327 0,017134 0,592056 3,330237
-0,042646 -0,227674 3,221751 0,456337 1,121907 3,241850 -0,604819 -0,787598 2,827945 0,020428 0,579598 3,318203
-0,039398 -0,226962 3,221060 0,447959 1,126832 3,264811 -0,640663 -0,753854 2,819327 0,020428 0,579598 3,318203
-0,038238 -0,225855 3,222231 0,434313 1,137493 3,263579 -0,694015 -0,706276 2,798533 0,023942 0,584672 3,306339
-0,036203 -0,221613 3,214571 0,443990 1,133408 3,249428 -0,739932 -0,642061 2,753637 0,023942 0,584672 3,306339
-0,029654 -0,228528 3,237819 0,432273 1,160702 3,251469 -0,795555 -0,561590 2,718831 0,016731 0,585029 3,330266
-0,025458 -0,227897 3,230264 0,434380 1,177064 3,254012 -0,840674 -0,443474 2,679692 0,031190 0,585007 3,330286
-0,020653 -0,232800 3,227831 0,445201 1,175100 3,249058 -0,886644 -0,297536 2,644651 0,031572 0,585001 3,330202
-0,016615 -0,236306 3,242400 0,455163 1,193660 3,256653 -0,913538 -0,105882 2,623147 0,034842 0,579571 3,318208
-0,013149 -0,235287 3,240681 0,454168 1,203585 3,244104 -0,950284 0,086596 2,628305 0,034842 0,579571 3,318208
-0,009487 -0,238569 3,226825 0,465532 1,225978 3,274316 -0,993816 0,311836 2,638823 0,034842 0,579571 3,318208
-0,008114 -0,237157 3,231749 0,464687 1,205281 3,274836 -0,997707 0,544198 2,650431 0,034842 0,579571 3,318208
-0,007101 -0,234839 3,239832 0,466912 1,189878 3,269842 -0,974924 0,746207 2,691362 0,024122 0,581171 3,306216
-0,007191 -0,232656 3,229696 0,470173 1,170257 3,255798 -0,939831 0,908285 2,774925 0,023942 0,584672 3,306339
-0,011616 -0,231910 3,231133 0,461024 1,157660 3,282329 -0,883585 1,045119 2,849327 0,020251 0,582762 3,294454
-0,017314 -0,231820 3,218492 0,464385 1,121635 3,273236 -0,814399 1,157438 2,949120 0,020251 0,582762 3,294454
-0,028012 -0,233245 3,219165 0,464934 1,068223 3,276764 -0,731351 1,219886 3,058766 0,027178 0,578958 3,270959
-0,035519 -0,232775 3,214742 0,466519 1,018089 3,261554 -0,637316 1,247076 3,125083 0,023509 0,577086 3,259312
