29 12
-0,066411 -0,241565 2,998923 0,351245 1,316209 3,039880 -0,579272 1,383414 3,105965 -0,012051 0,538763 3,061619
-0,055135 -0,245453 3,037209 0,342460 1,303027 3,014665 -0,715046 1,125370 2,607584 -0,002473 0,537103 3,072049
-0,047770 -0,246228 3,027367 0,343033 1,305960 3,015146 -0,975229 1,012198 2,752111 -0,002598 0,530587 3,030918
-0,041926 -0,246657 3,040349 0,350556 1,302060 3,002868 -1,032454 0,783444 2,591783 -0,012434 0,532229 3,061586
-0,041654 -0,245826 3,046506 0,354593 1,311940 3,017613 -1,058817 0,338091 2,301612 -0,005929 0,525739 3,041034
-0,047451 -0,245742 3,049524 0,349227 1,321860 3,007862 -0,999675 -0,019456 2,242585 -0,012611 0,535501 3,103367
-0,046265 -0,248972 3,055750 0,349790 1,319342 3,017268 -0,951378 -0,162830 2,234594 -0,012789 0,538744 3,103218
-0,053424 -0,241135 3,056136 0,342321 1,315271 3,004536 -0,886216 -0,439972 2,503054 -0,016001 0,540400 3,092758
-0,061694 -0,239481 3,052430 0,334431 1,307155 3,004773 -0,665949 -0,508930 2,351182 -0,016181 0,543633 3,092613
-0,067414 -0,235802 3,061074 0,336854 1,317134 3,010278 -0,568883 -0,538773 2,376089 -0,026409 0,545289 3,102948
-0,069606 -0,238555 3,041698 0,335365 1,323147 3,010068 -0,399115 -0,595623 2,669455 -0,016369 0,540293 3,092370
-0,072152 -0,231921 3,034731 0,332675 1,320570 3,004782 -0,282194 -0,521424 2,558100 -0,026220 0,548630 3,103121
-0,072134 -0,237482 3,053310 0,335083 1,321653 3,008437 -0,335751 -0,563996 2,644797 -0,029581 0,546923 3,092454
-0,067616 -0,232823 3,036508 0,332218 1,328817 3,010451 -0,515101 -0,583240 2,403614 -0,019372 0,545268 3,082207
-0,068281 -0,232157 3,044011 0,328379 1,314667 3,012404 -0,672314 -0,598400 2,477703 -0,012591 0,548665 3,103435
-0,072265 -0,231500 3,055144 0,332152 1,300791 2,998923 -0,620245 -0,580504 2,361285 -0,016181 0,543633 3,092613
-0,078765 -0,240046 3,037412 0,341180 1,309829 3,022625 -0,505969 -0,563648 2,447657 -0,022743 0,537064 3,071654
-0,083558 -0,240649 3,041374 0,341926 1,297360 3,007614 -0,541682 -0,566176 2,523755 -0,026078 0,541910 3,061217
-0,085926 -0,234842 3,044286 0,347096 1,303233 3,026385 -0,646742 -0,600486 2,608132 -0,033216 0,551848 3,102794
-0,087637 -0,231526 3,043104 0,339628 1,303127 3,018231 -0,758106 -0,508518 2,375981 -0,026666 0,551941 3,124084
-0,083731 -0,235814 3,037809 0,344176 1,289989 3,014705 -0,804546 -0,438167 2,388992 -0,019562 0,541950 3,082034
-0,079900 -0,241624 3,022012 0,342552 1,293860 3,014003 -0,807080 -0,351399 2,358284 -0,022795 0,540383 3,092602
-0,071603 -0,234826 3,055762 0,349611 1,320368 3,035633 -0,827406 -0,051453 2,239524 -0,015991 0,546962 3,092791
-0,058231 -0,244498 3,042865 0,341075 1,299649 3,032589 -0,898157 0,367709 2,233136 -0,019391 0,532188 3,082145
-0,054986 -0,244124 3,045466 0,332995 1,303302 3,025847 -0,902747 0,584570 2,225059 -0,019203 0,535494 3,082257
-0,061275 -0,238523 3,030604 0,338041 1,292931 3,025349 -0,863910 1,060791 2,628976 -0,012051 0,538763 3,061619
-0,071542 -0,240996 3,049021 0,337831 1,304551 3,045829 -0,679919 1,162799 2,599056 -0,019180 0,548576 3,082317
-0,080695 -0,239741 3,039097 0,341572 1,286530 3,036544 -0,581722 1,232685 2,698679 -0,029310 0,540340 3,071575
-0,087889 -0,245866 3,009372 0,337685 1,287360 3,052339 -0,440893 1,395163 3,081463 -0,032562 0,538750 3,081921
