21 12
-0,155433 -0,224428 3,054491 0,258409 1,292030 3,041038 -0,485337 1,350097 3,071090 -0,100408 0,521964 3,078479
-0,148514 -0,224159 3,043808 0,250990 1,306895 3,049363 -0,500250 1,348940 3,060582 -0,104040 0,523544 3,088732
-0,143633 -0,226968 3,042701 0,252827 1,302671 3,037126 -0,506387 1,338165 3,024951 -0,100901 0,525195 3,099515
-0,135282 -0,230515 3,064900 0,242875 1,300190 3,031385 -0,533811 1,183058 2,831243 -0,097564 0,523599 3,110316
-0,127071 -0,231527 3,039078 0,238835 1,318735 3,032870 -0,512182 0,989924 2,730245 -0,090837 0,520334 3,131915
-0,118850 -0,225468 3,035644 0,237874 1,327482 3,037198 -0,514122 0,853001 2,650715 -0,103827 0,520289 3,109349
-0,107551 -0,230121 3,044343 0,233752 1,334814 3,020784 -0,526597 0,585614 2,532440 -0,087208 0,512134 3,121344
-0,092077 -0,217546 3,028849 0,224634 1,340245 3,027368 -0,522614 0,394502 2,522655 -0,087734 0,528584 3,121698
-0,083933 -0,216931 3,022266 0,222746 1,369140 3,036836 -0,533933 0,331007 2,567232 -0,088270 0,531715 3,121373
-0,070471 -0,219236 3,047744 0,220485 1,363338 3,023428 -0,536642 0,259833 2,575355 -0,081823 0,535106 3,143339
-0,063112 -0,217051 3,043028 0,225426 1,351315 3,028125 -0,530837 0,239449 2,572625 -0,085056 0,533405 3,132324
-0,064477 -0,218268 3,027732 0,221856 1,341309 3,007342 -0,520699 0,249082 2,575151 -0,081645 0,531848 3,143505
-0,064176 -0,214253 3,028688 0,224292 1,351908 3,028119 -0,510042 0,295017 2,562213 -0,067886 0,538604 3,144272
-0,070163 -0,219254 3,039088 0,226518 1,351816 3,026899 -0,499715 0,419598 2,513906 -0,060199 0,525494 3,123142
-0,075409 -0,224093 3,038897 0,224583 1,344193 3,018251 -0,503041 0,516187 2,493962 -0,069452 0,510778 3,090309
-0,078415 -0,229120 3,027229 0,231274 1,352194 3,030452 -0,501279 0,756580 2,552665 -0,079647 0,502442 3,099954
-0,088971 -0,226097 3,058942 0,229549 1,329584 3,012052 -0,542430 0,970039 2,617511 -0,087551 0,531925 3,121702
-0,091922 -0,224111 3,056776 0,234244 1,331851 3,025211 -0,556954 1,072299 2,680227 -0,080331 0,528682 3,100795
-0,110426 -0,224316 3,038431 0,235892 1,328627 3,023717 -0,540015 1,276840 2,901435 -0,077112 0,530349 3,111613
-0,122943 -0,227511 3,069591 0,236328 1,301371 3,019765 -0,512388 1,309162 2,944583 -0,077292 0,533613 3,111643
-0,126765 -0,224466 3,064226 0,242943 1,315080 3,037966 -0,484201 1,330310 3,003569 -0,083345 0,530324 3,089980
