17 12
-0,041037 -0,230196 3,030622 0,324681 1,266639 3,036103 -0,502404 1,343968 3,050371 -0,028955 0,579234 3,051069
-0,042402 -0,234430 3,036696 0,321169 1,265572 3,024575 -0,588777 1,108040 2,644747 -0,038917 0,577728 3,061009
-0,045577 -0,230424 3,038683 0,323167 1,265301 3,019585 -0,650411 0,767643 2,570685 -0,032682 0,581281 3,082105
-0,047601 -0,237920 3,042379 0,324483 1,255459 3,012231 -0,664949 0,521413 2,470073 -0,039515 0,574393 3,060952
-0,050617 -0,238167 3,027474 0,329154 1,265438 3,023285 -0,683733 0,136893 2,676616 -0,052790 0,577620 3,060535
-0,049394 -0,242112 3,017482 0,329082 1,257077 3,011526 -0,630815 -0,032141 2,759516 -0,046044 0,577971 3,081635
-0,049750 -0,232112 3,024139 0,331071 1,276599 3,036377 -0,590168 -0,057831 2,856321 -0,042802 0,572621 3,050514
-0,042498 -0,239244 3,027664 0,327921 1,264131 3,019954 -0,540432 -0,062594 3,049326 -0,052597 0,574392 3,060526
-0,040051 -0,244466 3,024051 0,325148 1,268441 3,021764 -0,582381 -0,057356 3,072514 -0,045879 0,567664 3,040192
-0,040309 -0,238856 3,020066 0,322721 1,265255 3,015085 -0,614964 -0,040763 3,032548 -0,039121 0,574458 3,061044
-0,039444 -0,231082 3,027626 0,313736 1,261359 3,003822 -0,674433 0,078577 2,696710 -0,035803 0,582772 3,071576
-0,035157 -0,242223 3,024145 0,313439 1,269875 2,999402 -0,700204 0,387931 2,548158 -0,056575 0,583315 3,112957
-0,034764 -0,239679 3,016502 0,307684 1,269595 3,001815 -0,720419 0,580471 2,466220 -0,035498 0,569483 3,050776
-0,032341 -0,241838 3,019627 0,308472 1,273225 3,004392 -0,702098 1,007672 2,613663 -0,032490 0,578029 3,082109
-0,031450 -0,233488 3,027638 0,311586 1,269077 3,013492 -0,601561 1,134331 2,636706 -0,026025 0,580960 3,061382
-0,030539 -0,237876 3,027913 0,309047 1,260156 2,998519 -0,557074 1,205815 2,755082 -0,025832 0,577739 3,061455
-0,039966 -0,229089 3,022279 0,316124 1,263699 3,014332 -0,465122 1,349347 3,083850 -0,025628 0,581021 3,061492
