26 12
-0,129376 -0,237504 3,098792 0,287226 1,253272 3,044345 -0,523316 1,297194 2,953468 -0,028982 0,520832 3,071472
-0,118631 -0,228664 3,089539 0,284087 1,269987 3,047893 -0,688750 1,330893 3,023918 -0,032585 0,525676 3,081858
-0,113883 -0,230878 3,093244 0,280097 1,271281 3,047138 -0,778576 1,233270 2,895190 -0,043178 0,527212 3,113172
-0,099457 -0,234086 3,126677 0,264036 1,272828 3,013108 -0,882940 0,758486 2,275247 -0,046686 0,528840 3,123741
-0,095791 -0,229989 3,117123 0,254981 1,293098 3,030762 -0,933399 0,330665 2,266728 -0,046686 0,528840 3,123741
-0,092086 -0,223420 3,130344 0,253331 1,281792 3,022832 -0,921744 0,113801 2,192093 -0,046887 0,538897 3,167248
-0,089977 -0,224808 3,112858 0,249897 1,270323 2,999339 -0,910838 -0,259291 2,375791 -0,067528 0,532046 3,144422
-0,091058 -0,228301 3,111703 0,251393 1,282011 3,017528 -0,819698 -0,491867 2,344167 -0,067710 0,528674 3,144333
-0,090143 -0,230336 3,113509 0,250630 1,282567 3,027663 -0,782127 -0,579594 2,418232 -0,063942 0,530404 3,133761
-0,091182 -0,228764 3,104584 0,252728 1,283034 3,018740 -0,713083 -0,736917 2,772776 -0,067034 0,532069 3,122851
-0,087027 -0,233557 3,090029 0,251464 1,288590 3,031003 -0,630946 -0,749777 2,781375 -0,057011 0,523808 3,112528
-0,087534 -0,235636 3,085572 0,248665 1,295126 3,028172 -0,601368 -0,768194 2,862854 -0,064123 0,527043 3,133672
-0,083409 -0,234486 3,077442 0,260424 1,278612 3,034521 -0,561264 -0,797725 3,099852 -0,053128 0,522275 3,102127
-0,084138 -0,242487 3,066106 0,261474 1,278967 3,019455 -0,560789 -0,808377 3,121504 -0,053311 0,518959 3,102100
-0,080912 -0,224992 3,079092 0,264141 1,281735 3,025502 -0,563349 -0,816670 3,101397 -0,053304 0,525532 3,102137
-0,085566 -0,234029 3,079210 0,266904 1,272601 3,036240 -0,581754 -0,816376 2,970834 -0,050005 0,527181 3,112909
-0,080084 -0,230081 3,076635 0,265164 1,273971 3,025517 -0,614597 -0,801761 2,927911 -0,046501 0,532177 3,123773
-0,080948 -0,236688 3,076545 0,264633 1,274196 3,023839 -0,628749 -0,758256 2,847795 -0,046868 0,525492 3,123641
-0,069215 -0,228560 3,104037 0,264298 1,293687 3,031705 -0,669975 -0,536868 2,545836 -0,039992 0,532187 3,145594
-0,060843 -0,227718 3,098026 0,261595 1,306691 3,030633 -0,684417 -0,175211 2,472767 -0,029613 0,530560 3,135093
-0,050002 -0,224358 3,097034 0,262065 1,295492 3,027851 -0,668066 0,101305 2,369523 -0,032805 0,532230 3,124262
-0,044495 -0,245788 3,124683 0,262370 1,297445 3,032140 -0,700138 0,672792 2,412767 -0,036490 0,523900 3,134835
-0,045290 -0,233478 3,107969 0,267749 1,284354 3,049845 -0,712344 1,015787 2,521844 -0,019105 0,532268 3,124653
-0,053657 -0,243638 3,119988 0,273104 1,273861 3,047474 -0,683934 1,128898 2,636254 -0,005774 0,525614 3,124752
-0,072822 -0,235884 3,081166 0,280891 1,266320 3,082158 -0,586576 1,359088 3,097406 -0,018696 0,519194 3,082082
-0,083557 -0,242169 3,088898 0,283437 1,268649 3,086788 -0,481174 1,320492 3,089558 -0,022345 0,520726 3,113771
