39 12
-0,099216 -0,228205 3,083336 0,273505 1,315296 3,059161 -0,517780 1,319511 3,041720 -0,070803 0,530361 3,133419
-0,098829 -0,234622 3,101372 0,273363 1,319522 3,055685 -0,536307 1,282366 2,970347 -0,070625 0,527076 3,133392
-0,096201 -0,226696 3,092769 0,265143 1,318146 3,056497 -0,565004 1,218868 2,878882 -0,064234 0,533741 3,155489
-0,094285 -0,233629 3,102492 0,263731 1,313860 3,053391 -0,599899 1,141140 2,792422 -0,070625 0,527076 3,133392
-0,092423 -0,235563 3,101713 0,262938 1,308704 3,038210 -0,629082 1,032253 2,689116 -0,070625 0,527076 3,133392
-0,090245 -0,233413 3,093709 0,261216 1,314182 3,039586 -0,655498 0,913953 2,615998 -0,077666 0,523680 3,133006
-0,089819 -0,230268 3,103604 0,263741 1,319895 3,051399 -0,666329 0,778401 2,540224 -0,077500 0,523703 3,154465
-0,085690 -0,227543 3,097476 0,258703 1,314176 3,035774 -0,650630 0,615071 2,483481 -0,078037 0,526974 3,154723
-0,085692 -0,234101 3,107263 0,255250 1,336195 3,053854 -0,628989 0,456264 2,454873 -0,081292 0,518646 3,143589
-0,084915 -0,234729 3,106468 0,246366 1,314857 3,018871 -0,605259 0,324957 2,481801 -0,078392 0,526871 3,154537
-0,079088 -0,221533 3,105738 0,252796 1,323797 3,041880 -0,584990 0,228141 2,487859 -0,078393 0,533547 3,154588
-0,077917 -0,225855 3,105299 0,251979 1,325021 3,036963 -0,576875 0,163715 2,514893 -0,078751 0,540074 3,154183
-0,078712 -0,223987 3,104735 0,256680 1,322271 3,036122 -0,550948 0,120244 2,534300 -0,085648 0,540018 3,153806
-0,074976 -0,221603 3,102371 0,255044 1,326946 3,050101 -0,525642 0,109572 2,552945 -0,072544 0,543344 3,175774
-0,070534 -0,223948 3,105655 0,256912 1,328357 3,057208 -0,493825 0,122654 2,565588 -0,075842 0,548304 3,164636
-0,075331 -0,225571 3,109898 0,256042 1,321343 3,048027 -0,462647 0,170473 2,575006 -0,079311 0,546760 3,175866
-0,068433 -0,225085 3,103757 0,254449 1,323707 3,044235 -0,431449 0,245174 2,562506 -0,082620 0,541905 3,187326
-0,067149 -0,225953 3,105666 0,263407 1,330364 3,066274 -0,410673 0,345209 2,592152 -0,075476 0,535105 3,165268
-0,070017 -0,234991 3,125836 0,261614 1,329994 3,061576 -0,381760 0,450835 2,584122 -0,070963 0,523717 3,155066
-0,064743 -0,231965 3,110362 0,264231 1,339599 3,075258 -0,367190 0,552725 2,577100 -0,080936 0,518703 3,143498
-0,063010 -0,234950 3,114924 0,264123 1,341591 3,071049 -0,365935 0,617445 2,569706 -0,084403 0,516986 3,154004
-0,064743 -0,231471 3,114731 0,259364 1,320322 3,063475 -0,365088 0,632027 2,557230 -0,073700 0,518757 3,143539
-0,068235 -0,236023 3,109756 0,268865 1,335851 3,083148 -0,365975 0,626205 2,558303 -0,084818 0,520256 3,175982
-0,068880 -0,236816 3,112067 0,263845 1,330397 3,078974 -0,370339 0,603456 2,554024 -0,080761 0,515390 3,143328
-0,071955 -0,236409 3,113676 0,265942 1,319370 3,061982 -0,368271 0,573278 2,548484 -0,071123 0,523694 3,176960
-0,076380 -0,224335 3,104110 0,268757 1,324270 3,067148 -0,379800 0,546965 2,561320 -0,074406 0,528715 3,165791
-0,075349 -0,233265 3,106962 0,266422 1,348777 3,082769 -0,376897 0,522146 2,526603 -0,074595 0,518652 3,165790
-0,082519 -0,232545 3,100118 0,266907 1,333863 3,074619 -0,394261 0,521168 2,562568 -0,070969 0,517044 3,155016
-0,078869 -0,231044 3,098656 0,270014 1,320909 3,067413 -0,407818 0,532766 2,538249 -0,074595 0,518652 3,165790
-0,078340 -0,238268 3,103620 0,263792 1,323920 3,051245 -0,426930 0,577117 2,536763 -0,070796 0,513730 3,154920
-0,075013 -0,231079 3,096523 0,264162 1,314479 3,044660 -0,458220 0,650627 2,526971 -0,066665 0,508812 3,143578
-0,074169 -0,232106 3,095782 0,260187 1,321174 3,052526 -0,490240 0,748020 2,541244 -0,074248 0,511994 3,165520
-0,076393 -0,232765 3,099418 0,264981 1,322559 3,057630 -0,522860 0,852271 2,572265 -0,063889 0,520441 3,155325
-0,071903 -0,225961 3,100296 0,269144 1,330256 3,064276 -0,552429 0,962336 2,628806 -0,056979 0,527152 3,155703
-0,072907 -0,230132 3,092726 0,263593 1,326079 3,070442 -0,572157 1,070925 2,703622 -0,053587 0,528826 3,145043
-0,076612 -0,229145 3,100459 0,270043 1,333066 3,078956 -0,579790 1,178980 2,781416 -0,053763 0,532125 3,145059
-0,077629 -0,233453 3,090055 0,269916 1,317598 3,065643 -0,574889 1,253899 2,883683 -0,050251 0,530506 3,156090
-0,080520 -0,234023 3,096092 0,273052 1,321729 3,075079 -0,557696 1,312760 2,995724 -0,053587 0,528826 3,145043
-0,083520 -0,227484 3,099418 0,274117 1,324108 3,073317 -0,534064 1,343772 3,085930 -0,057079 0,530443 3,134078
