23 12
-0,053164 -0,238817 3,030101 0,324891 1,289009 3,039234 -0,493283 1,343650 3,081401 -0,019214 0,528956 3,082225
-0,051946 -0,242320 3,033553 0,325090 1,299541 3,049558 -0,525008 1,338888 3,043794 -0,022073 0,533900 3,092554
-0,042114 -0,245783 3,046025 0,317030 1,292307 3,020393 -0,603880 1,181565 2,723817 -0,018883 0,532271 3,103297
-0,042726 -0,246399 3,050598 0,312841 1,305316 3,017419 -0,677770 1,066276 2,685187 -0,015659 0,527343 3,092825
-0,041710 -0,243702 3,045887 0,314314 1,295648 3,011574 -0,726531 0,912810 2,600110 -0,022452 0,527328 3,092658
-0,041158 -0,249433 3,048015 0,309969 1,288745 3,005433 -0,732524 0,452483 2,417148 -0,005678 0,522444 3,082471
-0,044097 -0,250446 3,037462 0,318734 1,292563 3,014535 -0,720693 0,116062 2,441790 -0,019214 0,528956 3,082225
-0,041839 -0,245579 3,049543 0,312842 1,309167 3,022275 -0,706520 0,007670 2,539611 -0,005764 0,532232 3,124790
-0,038334 -0,245476 3,046941 0,314573 1,303420 3,023254 -0,673754 -0,125349 2,807315 -0,022711 0,520833 3,050914
-0,032165 -0,246509 3,031925 0,315163 1,320217 3,030526 -0,657191 -0,162625 2,841630 -0,029419 0,530562 3,092458
-0,029723 -0,244494 3,038200 0,319057 1,315746 3,019322 -0,652551 -0,169702 2,878242 -0,032761 0,528917 3,081852
-0,032389 -0,245999 3,036714 0,316786 1,302184 3,015009 -0,656772 -0,168892 2,875036 -0,032558 0,516030 3,040461
-0,030513 -0,244311 3,038736 0,316122 1,294790 3,012296 -0,667867 -0,166424 2,868015 -0,026103 0,522417 3,061136
-0,033783 -0,245921 3,044897 0,314569 1,306612 3,001743 -0,679079 -0,152294 2,839705 -0,032585 0,525676 3,081858
-0,033665 -0,244803 3,041188 0,307294 1,300077 2,990852 -0,711030 -0,078395 2,654503 -0,016020 0,527283 3,092694
-0,028591 -0,247206 3,036084 0,312007 1,313022 3,013083 -0,744712 0,126745 2,581887 -0,009216 0,533853 3,092860
-0,025408 -0,239461 3,037436 0,308883 1,311465 3,008107 -0,753224 0,280909 2,489970 -0,009216 0,533853 3,092860
-0,024100 -0,251873 3,057885 0,309341 1,327271 3,008943 -0,767110 0,681022 2,496372 0,001383 0,535574 3,103739
-0,017066 -0,239955 3,052292 0,311073 1,319019 3,013116 -0,703896 0,942008 2,463643 -0,002282 0,540397 3,072167
-0,019740 -0,240810 3,051736 0,312333 1,312682 3,011837 -0,678378 1,063986 2,570864 0,007724 0,538764 3,082606
-0,033973 -0,238146 3,038705 0,311909 1,306987 3,012683 -0,600175 1,304447 2,939149 0,005022 0,537168 3,072192
-0,036902 -0,247431 3,045396 0,310081 1,297897 3,003437 -0,480221 1,260990 2,894933 -0,005285 0,535551 3,082546
-0,044409 -0,246511 3,039162 0,315307 1,306375 3,015501 -0,438640 1,277518 2,975938 -0,015454 0,537191 3,092842
