30 12
-0,115972 -0,231011 3,061378 0,295342 1,288122 3,071007 -0,606817 1,366584 3,099526 -0,062914 0,517415 3,070175
-0,112572 -0,231444 3,071352 0,288316 1,293030 3,065705 -0,662888 1,334050 3,028759 -0,066139 0,515813 3,059645
-0,098556 -0,234600 3,091586 0,281765 1,299808 3,038233 -0,774746 0,977709 2,448652 -0,059671 0,519026 3,080765
-0,095685 -0,234691 3,101129 0,279911 1,287987 3,034220 -0,987627 0,670387 2,549369 -0,059671 0,519026 3,080765
-0,093142 -0,228397 3,098032 0,281575 1,289310 3,035742 -1,008987 0,426159 2,407767 -0,066913 0,525455 3,101511
-0,088419 -0,236939 3,113845 0,289757 1,304876 3,049385 -1,019993 0,044006 2,416897 -0,047044 0,528747 3,123517
-0,094000 -0,232604 3,132437 0,284444 1,301705 3,043649 -0,856379 -0,235884 2,273619 -0,071316 0,530315 3,155056
-0,094282 -0,239608 3,134001 0,288266 1,309932 3,050931 -0,786035 -0,336080 2,295743 -0,071139 0,527021 3,155095
-0,101717 -0,236053 3,118433 0,283264 1,298430 3,048106 -0,691420 -0,533916 2,563667 -0,074584 0,532043 3,165893
-0,106904 -0,232208 3,119525 0,284265 1,305897 3,048344 -0,600960 -0,613709 2,523093 -0,067843 0,535405 3,166287
-0,104756 -0,229512 3,122115 0,275467 1,310671 3,060225 -0,545610 -0,642596 2,528949 -0,064346 0,540514 3,177519
-0,107295 -0,231171 3,125338 0,270697 1,307232 3,046068 -0,422848 -0,678732 2,712958 -0,071654 0,533673 3,177055
-0,103049 -0,230373 3,119095 0,265510 1,311983 3,041425 -0,316949 -0,589793 2,595992 -0,064234 0,533741 3,155489
-0,099397 -0,232600 3,117852 0,265799 1,312461 3,046735 -0,376335 -0,629834 2,688663 -0,068024 0,532011 3,166195
-0,093519 -0,232794 3,118777 0,260183 1,321651 3,038178 -0,499925 -0,643907 2,537763 -0,075669 0,538766 3,210401
-0,098974 -0,234526 3,132740 0,263144 1,310477 3,043651 -0,556557 -0,662146 2,594687 -0,075302 0,545632 3,210514
-0,100821 -0,235509 3,133587 0,263284 1,310313 3,055172 -0,510989 -0,642353 2,534084 -0,071629 0,543916 3,199452
-0,109721 -0,230288 3,129405 0,265703 1,315516 3,042211 -0,461332 -0,602260 2,583826 -0,085771 0,540400 3,198647
-0,112448 -0,232166 3,120195 0,266369 1,318916 3,058044 -0,569440 -0,639583 2,681435 -0,078411 0,537030 3,176771
-0,112571 -0,230994 3,127926 0,269732 1,305999 3,057870 -0,632378 -0,631800 2,653607 -0,083079 0,542182 3,232722
-0,114328 -0,229308 3,122550 0,266140 1,293667 3,042548 -0,693094 -0,548290 2,473200 -0,078975 0,537025 3,198963
-0,110408 -0,229577 3,124222 0,264206 1,304936 3,038117 -0,719209 -0,432510 2,470822 -0,071996 0,537074 3,199336
-0,105515 -0,231545 3,103478 0,265697 1,302741 3,041337 -0,723944 -0,314749 2,426561 -0,081467 0,528578 3,143604
-0,105675 -0,229847 3,123945 0,270980 1,312288 3,053902 -0,742039 0,008930 2,327920 -0,078215 0,530267 3,154690
-0,104761 -0,236000 3,117304 0,275211 1,293422 3,057053 -0,766844 0,452042 2,240057 -0,084117 0,520378 3,111172
-0,103089 -0,240346 3,122737 0,272173 1,295642 3,048224 -0,779754 0,648444 2,275214 -0,084522 0,523630 3,132613
-0,109785 -0,231121 3,101286 0,272534 1,306751 3,072280 -0,755434 1,075104 2,660822 -0,070299 0,523802 3,111942
-0,120622 -0,224911 3,101157 0,270881 1,293475 3,065847 -0,680084 1,192668 2,695664 -0,066729 0,528773 3,101529
-0,129556 -0,229372 3,096992 0,271413 1,280806 3,065927 -0,627451 1,252666 2,791467 -0,080742 0,528691 3,143420
-0,148420 -0,219990 3,041590 0,282570 1,291234 3,090001 -0,521747 1,379679 3,165446 -0,093929 0,522007 3,099923
