25 12
-0,102593 -0,232526 2,988064 0,304225 1,284434 2,982645 -0,503977 1,321176 2,924156 -0,059352 0,496569 3,039359
-0,093224 -0,237903 2,993209 0,301156 1,287709 2,982389 -0,519339 1,318584 2,877148 -0,045795 0,499885 3,039948
-0,094867 -0,232725 2,996138 0,301493 1,275577 2,983382 -0,534109 1,317005 2,843286 -0,045805 0,493441 3,039924
-0,089740 -0,232679 2,999854 0,299531 1,279564 2,985616 -0,588257 1,210352 2,627233 -0,042361 0,498207 3,050255
-0,096487 -0,234645 3,013633 0,297764 1,282637 2,993060 -0,609125 1,130020 2,569948 -0,045805 0,493441 3,039924
-0,095378 -0,229422 3,009558 0,298534 1,279527 2,989336 -0,601404 1,038961 2,480731 -0,045461 0,493469 3,039768
-0,096569 -0,236087 3,021042 0,296362 1,270961 2,986819 -0,618762 0,839657 2,345727 -0,042540 0,494957 3,050288
-0,107811 -0,232987 3,033867 0,294940 1,279620 3,004551 -0,613373 0,721478 2,317072 -0,045640 0,490239 3,039865
-0,112630 -0,237381 3,033185 0,294793 1,289808 3,005377 -0,619299 0,659966 2,281043 -0,032537 0,490022 3,060913
-0,114014 -0,236208 3,031592 0,293484 1,285494 3,012378 -0,632711 0,524501 2,248611 -0,029380 0,494757 3,071371
-0,117121 -0,234500 3,028438 0,296608 1,283447 3,007249 -0,623305 0,410047 2,260075 -0,029283 0,498207 3,050731
-0,114816 -0,234817 3,026088 0,289118 1,288761 3,000273 -0,625490 0,376846 2,257825 -0,025961 0,499740 3,061130
-0,110618 -0,233481 3,021833 0,290111 1,295593 3,006095 -0,623548 0,319892 2,234554 -0,032692 0,499720 3,060931
-0,106279 -0,231175 3,014500 0,287210 1,303549 3,008662 -0,617243 0,246314 2,235141 -0,036339 0,498098 3,050293
-0,108386 -0,231937 3,019663 0,289823 1,278844 3,003079 -0,610736 0,223976 2,237383 -0,026030 0,502813 3,081927
-0,107216 -0,235002 3,015529 0,286154 1,279623 2,996468 -0,608448 0,206478 2,252274 -0,032755 0,499869 3,040317
-0,101559 -0,235407 3,005550 0,283420 1,282409 2,991416 -0,608347 0,245980 2,244911 -0,032755 0,499869 3,040317
-0,098383 -0,231583 2,995772 0,279443 1,294828 2,980396 -0,607189 0,300977 2,238581 -0,025961 0,499740 3,061130
-0,091085 -0,231292 2,998396 0,281372 1,289923 2,988043 -0,596708 0,475363 2,278879 -0,035864 0,501595 3,030128
-0,085227 -0,234208 2,987280 0,281247 1,306688 2,988098 -0,595919 0,724542 2,273008 -0,035529 0,495213 3,030086
-0,082846 -0,230465 2,998326 0,288087 1,293137 2,979180 -0,600578 0,861721 2,327525 -0,032409 0,499934 3,040424
-0,085554 -0,228783 2,975362 0,295306 1,289835 3,001972 -0,564949 1,157612 2,610358 -0,032229 0,503173 3,040397
-0,095520 -0,232144 2,991251 0,298232 1,288575 2,995122 -0,578074 1,256086 2,742482 -0,032409 0,499934 3,040424
-0,099602 -0,236757 2,991600 0,297120 1,282223 2,991872 -0,555976 1,286614 2,817209 -0,032045 0,506402 3,040307
-0,111377 -0,231600 2,959952 0,307600 1,281024 3,007009 -0,501468 1,347289 3,048453 -0,048670 0,498570 3,009436
