36 12
-0,005538 -0,222850 2,994910 0,275361 1,288157 2,938410 -0,355630 1,302460 2,917201 0,008024 0,538631 3,000933
-0,004505 -0,222809 3,006485 0,282606 1,271381 2,934383 -0,335761 1,272702 2,878448 0,004659 0,537018 2,990945
-0,003404 -0,229337 3,014337 0,252043 1,172637 2,846901 -0,297766 1,175758 2,842684 0,004368 0,533846 3,010974
-0,011470 -0,233695 3,019977 0,227489 1,049976 2,778454 -0,181396 0,902092 2,618382 -0,010447 0,493335 3,017064
-0,014789 -0,244142 3,038567 0,200791 0,931821 2,702876 -0,136282 0,766010 2,537687 -0,005617 0,481561 2,980895
-0,020762 -0,245223 3,038455 0,082435 0,665694 2,482648 -0,111357 0,506185 2,499934 0,004796 0,495061 3,051368
-0,026109 -0,232340 3,081784 0,112810 0,452953 2,348415 -0,045659 0,310349 2,313723 -0,012986 0,528842 3,061091
-0,032785 -0,219935 3,085184 0,118445 0,375395 2,240233 -0,046623 0,248551 2,233558 -0,060167 0,551968 3,123307
-0,033953 -0,210236 3,092026 0,225538 0,267223 2,209476 -0,174133 0,165478 1,952061 -0,026012 0,576466 3,212776
-0,034021 -0,194677 3,093929 0,401868 0,172807 1,956004 -0,403780 0,118342 2,094671 -0,026956 0,606911 3,212545
-0,031925 -0,206683 3,086413 0,505830 0,142126 1,985406 -0,530088 0,096301 2,105628 -0,015433 0,584485 3,179554
-0,036527 -0,215185 3,072677 0,796347 0,160550 2,277622 -0,689701 0,102455 1,987959 -0,025666 0,545414 3,103181
-0,031571 -0,233473 3,053074 0,889488 0,222631 2,353575 -0,948414 0,192366 2,255873 -0,012461 0,519376 3,020690
-0,027488 -0,230953 3,031451 0,929740 0,270431 2,489065 -0,973345 0,239241 2,290403 -0,002263 0,517768 3,031022
-0,033392 -0,232892 3,010192 0,924798 0,376105 2,598505 -0,961733 0,347454 2,545457 -0,018545 0,519471 3,000399
-0,026851 -0,232712 2,984320 0,820934 0,513125 2,891259 -0,732139 0,383272 2,388879 -0,015410 0,524238 3,010578
-0,024351 -0,236227 2,982661 0,728575 0,545473 2,945429 -0,613077 0,403081 2,393167 -0,028697 0,524208 3,010221
-0,022390 -0,231296 2,985680 0,407696 0,516884 2,557809 -0,423430 0,455348 2,738027 -0,025708 0,522602 3,000327
-0,029154 -0,228059 3,000684 0,255473 0,495613 2,733159 -0,191190 0,339745 2,442338 -0,005983 0,538563 3,000701
-0,027566 -0,221018 3,018676 0,218070 0,421290 2,712005 -0,125748 0,299441 2,417086 -0,005577 0,551391 3,000864
-0,022922 -0,224736 3,041196 0,081632 0,320852 2,344305 -0,096960 0,221061 2,343908 -0,005701 0,548385 3,041210
-0,017732 -0,215221 3,065523 0,138758 0,272269 2,131226 -0,038908 0,151195 2,164845 -0,026622 0,569050 3,167886
-0,017458 -0,218527 3,075079 0,182788 0,254531 2,043361 -0,062005 0,137958 2,105984 -0,056551 0,556684 3,091604
-0,014640 -0,212461 3,095346 0,411727 0,254472 2,178736 -0,239245 0,111769 1,861762 -0,005133 0,633417 3,192154
-0,008372 -0,202764 3,078403 0,585863 0,218672 1,964118 -0,520078 0,094883 2,102566 -0,036155 0,569920 3,092449
-0,007428 -0,202095 3,075545 0,737505 0,244395 2,069512 -0,657021 0,105882 2,130919 -0,004988 0,561913 3,103652
-0,002993 -0,224290 3,084201 1,114997 0,353200 2,528531 -0,800560 0,174057 2,033348 0,004578 0,543741 3,093209
0,012904 -0,233347 3,042073 1,168229 0,436911 2,587978 -1,041939 0,336276 2,274459 0,028171 0,529000 3,062018
0,017590 -0,232174 3,036429 1,267725 0,533698 2,729124 -1,092758 0,423373 2,340068 0,041035 0,522574 3,021090
0,020171 -0,230020 3,025042 1,217299 0,639310 2,704317 -1,130540 0,618726 2,524580 0,027900 0,525819 3,021152
0,025222 -0,228302 3,006268 1,186728 0,843527 3,016121 -1,055017 0,740735 2,505330 0,011447 0,530652 3,051639
0,022611 -0,238071 3,002339 1,148294 0,966382 3,132823 -0,995347 0,812847 2,550649 0,014728 0,529036 3,041416
0,023479 -0,227938 2,997411 0,846168 1,014495 2,850463 -0,917988 1,070168 2,934104 0,017993 0,533878 3,051706
0,019275 -0,231390 2,990388 0,700013 1,301515 3,289600 -0,709812 1,094840 2,768273 0,007972 0,535518 3,061946
0,019584 -0,227237 2,980463 0,587731 1,322852 3,253986 -0,633630 1,144078 2,829190 0,004368 0,533846 3,010974
0,015812 -0,224497 2,981294 0,410237 1,258332 3,016170 -0,535192 1,294790 3,137147 0,008046 0,535498 3,041376
