19 12
-0,109329 -0,227879 3,089264 0,307691 1,334417 3,147573 -0,467550 1,267904 3,070500 -0,046686 0,528840 3,123741
-0,101555 -0,229411 3,093474 0,299973 1,337676 3,133879 -0,472203 1,270796 2,949837 -0,046136 0,532199 3,123599
-0,100065 -0,226561 3,104823 0,297223 1,334682 3,121979 -0,464255 1,229417 2,820444 -0,039630 0,532231 3,145560
-0,088831 -0,225289 3,122976 0,309841 1,349152 3,146964 -0,482460 1,010353 2,444925 -0,029266 0,523964 3,135034
-0,091297 -0,236051 3,124103 0,295077 1,353243 3,143674 -0,249545 0,626806 2,022449 -0,061411 0,532101 3,302003
-0,083919 -0,224505 3,121747 0,294274 1,346011 3,144322 -0,160941 0,427716 1,894710 -0,071266 0,574679 3,376210
-0,086040 -0,210717 3,123616 0,304765 1,334155 3,168283 -0,027314 0,167189 2,045401 -0,073415 0,571973 3,291635
-0,077815 -0,191830 3,111673 0,303717 1,330021 3,180207 0,086268 0,010350 1,950403 -0,064378 0,618358 3,203346
-0,075095 -0,202893 3,110703 0,309638 1,327387 3,197058 0,126944 -0,030641 1,979686 -0,067859 0,623972 3,215606
-0,060204 -0,207144 3,152608 0,309463 1,325590 3,202434 0,169023 -0,070063 2,051170 -0,060859 0,630859 3,215914
-0,060185 -0,212122 3,149082 0,315460 1,331491 3,220940 0,166756 -0,029770 2,053466 -0,065104 0,635477 3,223707
-0,063812 -0,207816 3,130667 0,311671 1,338947 3,201538 0,152089 0,020666 2,039850 -0,068783 0,637494 3,234989
-0,065641 -0,207403 3,121287 0,308146 1,335718 3,189645 0,070768 0,182667 1,969919 -0,066777 0,579234 3,315681
-0,063458 -0,228955 3,124840 0,304128 1,356733 3,189165 -0,103152 0,508345 2,205619 -0,058317 0,551524 3,362091
-0,057978 -0,226024 3,120155 0,306569 1,356463 3,188300 -0,211873 0,715551 2,317679 0,000365 0,486146 3,172511
-0,064619 -0,227713 3,106825 0,306263 1,336965 3,175752 -0,318261 1,041223 2,458619 -0,022111 0,520593 3,156645
-0,072458 -0,231699 3,121089 0,300653 1,340774 3,175169 -0,507763 1,280709 2,893986 -0,026041 0,528931 3,146033
-0,075353 -0,229119 3,104138 0,301033 1,338082 3,168160 -0,499222 1,302494 2,995825 -0,029613 0,530560 3,135093
-0,089404 -0,224278 3,083700 0,292929 1,334374 3,153274 -0,465056 1,276882 3,146510 -0,046686 0,528840 3,123741
