36 12
-0,009417 -0,237839 3,033995 0,351765 1,133648 2,968795 -0,433586 1,106941 2,917567 -0,005714 0,541921 3,041188
-0,017778 -0,252276 3,046533 0,345319 1,006063 2,869167 -0,281868 0,864205 2,631297 -0,007415 0,501415 3,028456
-0,017651 -0,254952 3,048575 0,289588 0,896131 2,832091 -0,223426 0,734779 2,549650 -0,002046 0,511229 3,051402
-0,021354 -0,260162 3,072136 0,119217 0,618310 2,591605 -0,160548 0,524597 2,565392 0,001252 0,512673 3,082575
-0,025957 -0,240714 3,100955 0,154982 0,417887 2,432842 -0,086854 0,348597 2,383914 0,003639 0,543385 3,050777
-0,026873 -0,241719 3,115608 0,156543 0,356553 2,347018 -0,055284 0,293483 2,313669 -0,012397 0,551734 3,061664
-0,022790 -0,235263 3,130721 0,135633 0,263775 2,184329 -0,071091 0,203453 2,142635 -0,022650 0,584799 3,201729
-0,027297 -0,231783 3,144905 0,265169 0,165764 1,948718 -0,148865 0,136739 2,127521 -0,005006 0,639783 3,171216
-0,025923 -0,221975 3,141586 0,351783 0,136192 1,956505 -0,242214 0,107560 2,118358 -0,007331 0,661482 3,232291
-0,019362 -0,234016 3,134709 0,611490 0,128403 2,175680 -0,397344 0,064987 1,929791 -0,016423 0,629419 3,224303
-0,013078 -0,227188 3,108927 0,720455 0,165813 2,231087 -0,671183 0,111190 2,194506 -0,018572 0,564977 3,082291
-0,008188 -0,238879 3,093292 0,762435 0,181368 2,267036 -0,768014 0,152875 2,234443 -0,011445 0,555278 3,103095
-0,006128 -0,242919 3,101988 0,974272 0,272769 2,495496 -0,837081 0,254029 2,280331 -0,015447 0,524159 3,051180
0,007604 -0,247478 3,069920 0,930884 0,385510 2,675766 -0,822567 0,346547 2,307316 -0,005410 0,516124 3,041120
0,008895 -0,244701 3,077505 0,856434 0,445060 2,731524 -0,769439 0,381865 2,334901 0,001028 0,525748 3,061785
0,005967 -0,247345 3,050956 0,596807 0,462713 2,539448 -0,652968 0,454554 2,650706 0,004797 0,524215 3,031042
0,001942 -0,245772 3,074149 0,427023 0,496443 2,888764 -0,391610 0,404672 2,421618 -0,009281 0,530578 3,030811
-0,000167 -0,248696 3,072390 0,351716 0,423046 2,813744 -0,290861 0,385511 2,442933 0,010522 0,536960 2,990944
-0,002456 -0,243467 3,069832 0,232669 0,291872 2,559482 -0,164890 0,319911 2,601542 0,024366 0,553049 3,011146
-0,010941 -0,238451 3,092852 0,203335 0,200176 2,470814 -0,075494 0,231706 2,442547 0,004618 0,559819 3,051684
-0,009411 -0,241853 3,099054 0,207048 0,163189 2,416794 -0,045582 0,206581 2,383577 0,004618 0,559819 3,051684
-0,008859 -0,228401 3,125454 0,169914 0,115123 2,258719 -0,064007 0,159437 2,255366 -0,011738 0,601214 3,259002
-0,010642 -0,221531 3,140263 0,232290 0,111070 2,067223 -0,077712 0,132465 2,161340 -0,018735 0,656862 3,172350
-0,006696 -0,220494 3,157819 0,279599 0,122217 2,014242 -0,154269 0,122379 2,152593 -0,007760 0,699639 3,114801
-0,006709 -0,223913 3,140029 0,541288 0,148071 2,231730 -0,341818 0,090622 1,919259 -0,013939 0,630262 3,210701
-0,003886 -0,231400 3,130095 0,677731 0,193934 2,092096 -0,656448 0,105114 2,197271 -0,008308 0,574382 3,179530
-0,002311 -0,233460 3,125519 0,819668 0,239463 2,231418 -0,800177 0,126353 2,255512 0,009453 0,576484 3,213213
-0,001075 -0,243704 3,106590 1,103268 0,400603 2,502222 -0,924562 0,189535 2,199774 -0,012245 0,535560 3,103504
0,007340 -0,243505 3,082743 1,124875 0,516788 2,624258 -1,158442 0,351084 2,435484 0,014504 0,525749 3,061913
0,009326 -0,248102 3,074580 1,149500 0,591921 2,759517 -1,171988 0,426999 2,452555 0,017957 0,520925 3,051662
0,015955 -0,242245 3,065568 1,088215 0,744582 2,758430 -1,197003 0,644992 2,690111 0,020874 0,525745 3,041271
0,019115 -0,239977 3,037551 1,038754 1,030067 3,174907 -1,081047 0,779690 2,635066 0,007485 0,532208 3,041221
0,020575 -0,243053 3,024019 0,946558 1,144273 3,257310 -1,009596 0,864948 2,688565 0,027375 0,535397 3,020992
0,024309 -0,237058 3,017037 0,672141 1,141992 3,000579 -0,904686 1,157029 3,176926 0,010974 0,540286 3,031198
0,019650 -0,242609 3,018882 0,546426 1,301853 3,304086 -0,647085 1,148588 2,943632 0,004290 0,540285 3,031135
0,022860 -0,238172 3,006261 0,441335 1,150685 3,339687 -0,568316 1,190224 2,981576 0,004290 0,540285 3,031135
