40 12
0,003570 -0,228261 2,976615 0,372142 1,249539 3,047449 -0,505958 1,275332 3,089926 0,021622 0,532253 3,041397
0,004435 -0,224894 2,981591 0,393164 1,224035 3,040175 -0,523821 1,223050 2,964423 0,011727 0,527413 3,010627
0,002910 -0,231364 2,976937 0,403356 1,125822 2,932088 -0,432357 1,082623 2,772037 0,001243 0,525840 3,020956
0,002019 -0,227388 2,984995 0,393727 1,076308 2,885455 -0,381966 0,998398 2,690938 0,004967 0,520985 3,030896
0,002107 -0,230459 2,986520 0,305310 0,915692 2,695945 -0,309383 0,875388 2,712081 0,001005 0,503382 3,020914
-0,002212 -0,246304 2,995920 0,254782 0,796839 2,709436 -0,169902 0,674834 2,514764 0,007480 0,474897 3,000889
-0,005603 -0,239953 3,003226 0,207264 0,696998 2,653279 -0,123495 0,591582 2,505891 0,014633 0,490573 3,020946
-0,002410 -0,238709 3,022354 0,138435 0,518970 2,514494 -0,078933 0,427798 2,535295 0,007548 0,500361 3,000940
-0,013083 -0,232025 3,056835 0,142991 0,403001 2,388349 -0,003437 0,283593 2,353643 -0,006184 0,528945 3,000524
-0,018811 -0,223808 3,062538 0,149985 0,342217 2,255375 -0,016350 0,249565 2,311257 -0,005609 0,538618 3,000836
-0,016683 -0,213426 3,065630 0,226483 0,284882 2,226899 -0,117476 0,178443 2,043908 -0,018789 0,555157 3,082343
-0,014461 -0,210858 3,078338 0,414168 0,194870 1,954670 -0,309183 0,144948 2,115719 -0,002240 0,588122 3,201837
-0,012933 -0,198011 3,073329 0,525806 0,179902 1,984130 -0,453693 0,139544 2,114016 -0,001584 0,580817 3,157774
-0,014023 -0,210675 3,065248 0,832844 0,205635 2,300159 -0,622404 0,146641 1,966052 -0,005613 0,555146 3,082618
-0,007472 -0,227415 3,045206 0,932420 0,282935 2,308242 -0,896944 0,241211 2,229915 0,004818 0,530652 3,031061
-0,005287 -0,233696 3,031347 1,065217 0,378850 2,487344 -0,961068 0,298187 2,278088 0,011117 0,524207 3,031202
-0,003396 -0,237780 3,015860 1,136141 0,464346 2,636961 -0,976893 0,419240 2,469348 0,014397 0,516300 3,001020
0,002742 -0,228420 2,997031 1,071386 0,615029 2,942312 -0,850261 0,469828 2,408552 0,001053 0,522622 3,020966
0,002333 -0,230532 2,990218 0,960396 0,650800 2,991395 -0,767536 0,499482 2,430523 0,007770 0,516304 3,000960
0,001697 -0,227203 2,981146 0,588849 0,623407 2,609438 -0,617101 0,603569 2,756701 0,004335 0,521048 3,010945
0,001061 -0,237185 2,979886 0,391327 0,705788 2,923081 -0,311582 0,495884 2,439638 0,007821 0,510052 2,981062
0,004163 -0,239457 2,985136 0,276141 0,660997 2,865106 -0,221432 0,464822 2,464342 0,007331 0,500720 2,961553
0,000556 -0,235785 3,007951 0,117425 0,519359 2,607758 -0,122199 0,388962 2,594121 0,021065 0,529050 3,001083
0,001101 -0,226110 3,034979 0,139893 0,383234 2,381089 -0,027343 0,292113 2,391393 0,014808 0,541885 3,021073
0,000116 -0,223643 3,056560 0,147641 0,335122 2,286357 -0,018974 0,241235 2,280455 0,024516 0,543365 2,991112
-0,000648 -0,215976 3,073698 0,177029 0,252641 2,144881 -0,041619 0,164763 2,097560 0,015773 0,575934 3,168911
-0,004565 -0,206886 3,084475 0,360255 0,175237 1,868761 -0,103615 0,104696 2,074035 -0,008466 0,615217 3,054947
-0,001538 -0,208691 3,090113 0,449200 0,155251 1,921112 -0,214254 0,077261 2,084755 0,017405 0,630568 3,155919
0,001907 -0,229690 3,073781 0,719357 0,149304 2,184197 -0,408195 0,040083 1,857646 0,007051 0,601507 3,123765
0,001313 -0,212887 3,081167 0,847414 0,186263 2,176877 -0,738260 0,087571 2,154725 0,004805 0,560175 3,093333
0,004940 -0,218125 3,065169 0,931764 0,232352 2,253702 -0,863697 0,138703 2,191662 0,011975 0,540410 3,072145
0,007671 -0,235476 3,062913 1,218769 0,412338 2,522638 -0,977758 0,279831 2,194918 0,027519 0,519379 3,021075
0,016989 -0,232663 3,036449 1,263045 0,637461 2,798423 -1,158655 0,496744 2,395236 0,031087 0,517831 3,011073
0,021376 -0,229159 3,023923 1,261423 0,747863 2,949750 -1,161492 0,592019 2,453904 0,031087 0,517831 3,011073
0,019095 -0,229838 3,015266 1,089889 0,864381 2,850179 -1,163197 0,848682 2,821149 0,021024 0,516294 3,001059
0,023891 -0,230116 2,987559 0,991556 1,173036 3,335030 -0,974887 0,941336 2,703285 0,020872 0,525853 3,001080
0,024285 -0,232170 2,988337 0,879275 1,268250 3,378691 -0,894367 1,015180 2,764421 0,017817 0,524250 3,011058
0,017522 -0,233916 2,978416 0,572453 1,207019 3,034062 -0,783414 1,269419 3,214794 0,021237 0,525856 3,001014
0,013141 -0,233587 2,981684 0,442706 1,331198 3,250642 -0,556253 1,229777 2,981430 0,021237 0,525856 3,001014
0,009175 -0,229537 2,985928 0,373912 1,282017 3,114073 -0,473746 1,239099 2,968603 0,024656 0,527435 3,011029
