24 12
-0,063905 -0,226290 3,060737 0,357669 1,314671 3,116787 -0,483898 1,322840 2,948169 0,004756 0,540481 3,093241
-0,061006 -0,229139 3,073283 0,353529 1,324160 3,120421 -0,513979 1,272505 2,797027 0,005297 0,537193 3,092982
-0,052535 -0,228367 3,080426 0,347731 1,324664 3,118328 -0,524752 1,192200 2,589608 0,015205 0,538870 3,103882
-0,052855 -0,230003 3,080376 0,353115 1,312234 3,126152 -0,512155 1,023265 2,355785 0,029200 0,538827 3,103732
-0,054082 -0,231205 3,086831 0,349074 1,322667 3,122281 -0,467159 0,817439 2,144273 0,026178 0,520649 3,113798
-0,061763 -0,239303 3,087841 0,348086 1,316935 3,116058 -0,399638 0,584487 1,998026 -0,018267 0,539081 3,257035
-0,063273 -0,229545 3,086686 0,357879 1,332639 3,144885 -0,324759 0,371806 1,936162 -0,030373 0,568477 3,269877
-0,066479 -0,223899 3,093128 0,353802 1,333513 3,126359 -0,252914 0,213469 1,910759 -0,040791 0,569784 3,234929
-0,070735 -0,220213 3,074979 0,353618 1,336692 3,129619 -0,193097 0,102540 1,907926 -0,011913 0,594782 3,106065
-0,077004 -0,222664 3,087043 0,353256 1,324085 3,122185 -0,152055 0,032083 1,909420 -0,031391 0,589945 3,153948
-0,080049 -0,221391 3,084373 0,352207 1,319036 3,130852 -0,122819 -0,010809 1,917693 -0,031391 0,589945 3,153948
-0,082374 -0,226431 3,087135 0,357760 1,318824 3,137444 -0,109553 -0,026811 1,927910 -0,027896 0,588109 3,143128
-0,082267 -0,221267 3,088064 0,356961 1,317975 3,118199 -0,114311 -0,020084 1,926908 -0,017537 0,589274 3,111078
-0,085588 -0,220197 3,087952 0,357126 1,327098 3,134035 -0,141999 0,020583 1,923082 -0,024572 0,592400 3,110301
-0,085924 -0,218664 3,083928 0,359449 1,322797 3,142170 -0,188703 0,105042 1,932174 -0,019394 0,610515 3,102680
-0,081926 -0,212853 3,085941 0,363653 1,321352 3,132755 -0,250134 0,225301 1,936079 -0,040597 0,573247 3,235049
-0,079240 -0,223330 3,086120 0,364979 1,326606 3,132266 -0,311758 0,381134 1,960312 -0,037007 0,564599 3,223697
-0,079240 -0,237002 3,085057 0,364711 1,327475 3,126695 -0,369892 0,569138 2,018393 -0,024435 0,521766 3,186379
-0,074745 -0,233012 3,087181 0,363294 1,325075 3,126210 -0,414785 0,754257 2,107787 0,026526 0,520535 3,113070
-0,071750 -0,229700 3,082030 0,363452 1,311849 3,109811 -0,441604 0,941057 2,263392 0,018683 0,533942 3,114509
-0,075279 -0,225636 3,077239 0,367980 1,331981 3,129670 -0,466509 1,105253 2,448182 0,011727 0,537208 3,093282
-0,074796 -0,222410 3,071044 0,367411 1,316990 3,123951 -0,476974 1,223090 2,633474 0,005228 0,543847 3,114355
-0,076574 -0,226019 3,059146 0,362499 1,312814 3,112996 -0,462658 1,310248 2,815915 0,001399 0,542155 3,103773
-0,082665 -0,218382 3,061604 0,359972 1,320830 3,108715 -0,426532 1,336551 2,955580 -0,005092 0,538819 3,082474
