28 12
-0,063480 -0,211701 3,042028 0,304731 1,344134 3,024853 -0,433884 1,330631 3,018579 -0,032383 0,535495 3,081863
-0,054975 -0,220951 3,052120 0,298941 1,324628 2,986941 -0,432551 1,294481 2,970731 -0,028865 0,533883 3,092354
-0,050217 -0,217617 3,054466 0,328954 1,248147 2,854515 -0,363761 1,179483 2,826028 -0,032383 0,535495 3,081863
-0,045685 -0,218728 3,052280 0,322570 1,174106 2,732030 -0,335856 1,086907 2,744016 -0,025575 0,538885 3,124363
-0,041453 -0,216126 3,056664 0,253098 0,965336 2,574418 -0,312466 0,891199 2,665862 -0,018507 0,522451 3,081937
-0,041763 -0,230909 3,070222 0,216802 0,841484 2,557053 -0,228469 0,614520 2,525420 -0,022324 0,504413 3,092510
-0,037333 -0,226482 3,062710 0,200552 0,743218 2,535490 -0,213457 0,505959 2,528532 -0,026961 0,502344 3,101851
-0,033845 -0,231714 3,090842 0,117166 0,629163 2,436914 -0,173370 0,401810 2,635744 -0,012984 0,522136 3,145776
-0,030205 -0,231035 3,079601 0,024447 0,600840 2,543143 -0,076001 0,442285 2,520823 -0,001822 0,510743 3,135607
-0,032126 -0,232969 3,076912 0,027743 0,589551 2,563309 -0,047918 0,497078 2,603435 -0,005263 0,515761 3,124822
-0,026202 -0,234269 3,078424 0,039716 0,621795 2,592469 -0,034193 0,512199 2,632270 -0,001822 0,510743 3,135607
-0,021156 -0,231925 3,078068 0,064107 0,623943 2,535854 -0,033113 0,506459 2,611277 -0,012122 0,512334 3,146240
-0,022930 -0,229607 3,072963 0,065977 0,653217 2,618922 -0,016613 0,542003 2,620459 0,004777 0,510858 3,114284
-0,017243 -0,227949 3,071806 0,073111 0,664583 2,560507 -0,006241 0,568497 2,673102 0,001753 0,512458 3,124830
-0,019228 -0,230276 3,071268 0,064348 0,636198 2,600547 -0,020970 0,502998 2,646859 -0,001888 0,507572 3,114149
-0,015964 -0,228199 3,066586 0,072327 0,633861 2,529069 -0,007740 0,519454 2,627990 -0,008508 0,514054 3,135407
-0,016289 -0,232301 3,074853 0,078719 0,661766 2,586927 0,012450 0,582237 2,702079 -0,005189 0,515573 3,168246
-0,016523 -0,226197 3,075386 0,082658 0,640028 2,600697 0,003735 0,547218 2,701453 -0,019065 0,525567 3,190138
-0,012500 -0,234906 3,072918 0,090244 0,626098 2,579503 -0,002000 0,540554 2,671892 -0,005070 0,509015 3,146266
-0,018165 -0,231628 3,066433 0,073757 0,672609 2,642280 0,016138 0,580485 2,671789 -0,005234 0,512341 3,146379
-0,017449 -0,235962 3,067490 0,036505 0,732424 2,573991 0,002273 0,638561 2,671542 -0,011951 0,512219 3,167984
-0,019001 -0,226945 3,067945 0,059118 0,793303 2,611627 -0,014486 0,682985 2,671217 -0,011951 0,512219 3,167984
-0,025668 -0,227730 3,069795 0,121815 0,950179 2,628072 -0,091951 0,794695 2,563118 -0,029670 0,490776 3,134842
-0,024738 -0,223853 3,061079 0,185850 1,113815 2,610797 -0,253416 1,055090 2,751704 -0,018946 0,522356 3,124560
-0,025902 -0,221593 3,075101 0,240696 1,200987 2,713221 -0,340083 1,160239 2,803782 -0,026069 0,525640 3,103090
-0,025284 -0,221975 3,065970 0,385639 1,331131 2,991122 -0,437507 1,248912 2,804770 -0,025330 0,532248 3,102840
-0,028417 -0,218581 3,061262 0,393545 1,329678 3,097595 -0,550413 1,322331 3,041331 -0,012054 0,538862 3,103491
-0,028843 -0,222499 3,054178 0,395421 1,343646 3,161484 -0,545280 1,306156 3,079089 -0,012054 0,538862 3,103491
