21 12
-0,031727 -0,221196 3,115387 0,309807 1,337554 3,046395 -0,397615 1,325078 2,986680 0,015530 0,545634 3,146843
-0,035094 -0,219501 3,116695 0,306127 1,332757 3,046218 -0,428659 1,302874 2,930548 0,015530 0,545634 3,146843
-0,036281 -0,227069 3,120383 0,307513 1,329530 3,043240 -0,470907 1,240192 2,799961 0,011819 0,540600 3,135968
-0,037649 -0,225390 3,126192 0,313470 1,326752 3,045779 -0,517483 1,142590 2,623569 0,022563 0,535579 3,125017
-0,046227 -0,218437 3,129169 0,315801 1,324182 3,031854 -0,566277 0,985231 2,419879 0,015205 0,538870 3,103882
-0,053892 -0,226946 3,128316 0,309415 1,327500 3,051245 -0,585388 0,794520 2,229733 0,018663 0,527344 3,114475
-0,060941 -0,222397 3,120701 0,308104 1,322168 3,038292 -0,559085 0,556279 2,109182 0,021809 0,528988 3,103875
-0,063923 -0,229517 3,129326 0,305679 1,320241 3,035198 -0,523423 0,348091 2,036121 -0,026879 0,559522 3,235093
-0,070895 -0,219859 3,130779 0,303124 1,320659 3,043550 -0,490945 0,190587 2,018989 -0,034615 0,573210 3,257069
-0,073615 -0,229111 3,119644 0,311763 1,326223 3,051306 -0,469796 0,116027 2,021888 -0,030911 0,574525 3,222798
-0,076375 -0,225625 3,123442 0,303451 1,322437 3,046285 -0,468023 0,098691 2,036223 -0,034746 0,579244 3,210459
-0,074356 -0,213825 3,117193 0,309173 1,326702 3,046023 -0,486248 0,134816 2,045701 -0,027436 0,576390 3,234289
-0,073773 -0,218696 3,125315 0,311613 1,330625 3,051190 -0,514946 0,222116 2,067874 -0,037523 0,575020 3,246398
-0,065208 -0,222268 3,119130 0,298858 1,322061 3,035190 -0,536220 0,352741 2,070282 -0,022818 0,564888 3,247009
-0,057974 -0,230491 3,124102 0,298224 1,336998 3,033180 -0,541255 0,509818 2,093635 0,022161 0,528985 3,082609
-0,056383 -0,228998 3,128345 0,297095 1,323627 3,029714 -0,537414 0,679406 2,137452 0,018675 0,533954 3,135972
-0,050591 -0,222839 3,128510 0,301311 1,313300 3,026552 -0,532683 0,858415 2,261287 0,008686 0,538920 3,125067
-0,048911 -0,224089 3,121168 0,308963 1,317012 3,041023 -0,518573 1,022892 2,417107 -0,001736 0,543929 3,135803
-0,052182 -0,225366 3,115530 0,316961 1,341063 3,061691 -0,500803 1,172310 2,593175 -0,005195 0,542231 3,124971
-0,053735 -0,223629 3,112534 0,314211 1,326671 3,051852 -0,476267 1,290400 2,796292 -0,005195 0,542231 3,124971
-0,057567 -0,222560 3,099590 0,318764 1,320085 3,059174 -0,447615 1,349585 2,965326 -0,005563 0,542198 3,124955
