20 12
-0,037378 -0,224075 3,051648 0,372870 1,295013 2,960363 -0,499671 1,246047 2,948006 -0,053073 0,561752 3,102347
-0,035708 -0,232112 3,072610 0,326483 1,270204 2,838874 -0,487657 1,100325 2,735349 -0,049597 0,553624 3,113015
-0,038305 -0,238623 3,085463 0,230015 1,220561 2,848033 -0,330382 0,833827 2,474541 -0,052064 0,528716 3,121665
-0,035989 -0,243493 3,090165 0,153717 1,114293 2,753070 -0,282313 0,721862 2,426154 -0,059825 0,532135 3,122990
-0,032077 -0,245003 3,099161 -0,005762 0,877884 2,497983 -0,177655 0,638270 2,607235 -0,051419 0,500111 3,132216
-0,029030 -0,249183 3,109313 -0,070884 0,769940 2,642687 -0,073435 0,619661 2,551587 -0,047108 0,542412 3,211756
-0,024913 -0,248612 3,117683 -0,094039 0,701005 2,526781 -0,058728 0,621907 2,617998 -0,036527 0,540724 3,200898
-0,025749 -0,244813 3,110108 -0,021679 0,652426 2,548782 -0,099278 0,523241 2,625078 -0,039617 0,538891 3,145605
-0,025296 -0,246522 3,111990 -0,016686 0,606571 2,568689 -0,103362 0,475063 2,619340 -0,033258 0,552638 3,212409
-0,026761 -0,241554 3,109227 -0,038343 0,603924 2,656956 -0,038627 0,461092 2,500247 -0,036049 0,543943 3,156538
-0,028551 -0,239290 3,108895 -0,055418 0,584878 2,643439 -0,032373 0,481342 2,602756 -0,025886 0,555752 3,168033
-0,024988 -0,237630 3,110553 -0,042005 0,573211 2,591973 -0,106723 0,447535 2,703858 -0,039975 0,545510 3,145684
-0,026765 -0,236992 3,111941 -0,027283 0,557832 2,564106 -0,100126 0,456835 2,637882 -0,036214 0,553969 3,156724
-0,026422 -0,244909 3,108360 -0,070048 0,552416 2,618777 -0,005872 0,461910 2,581752 -0,032830 0,549023 3,167771
-0,026347 -0,243260 3,106438 -0,054942 0,644966 2,540155 -0,065379 0,560609 2,646268 -0,039558 0,545732 3,189323
-0,029727 -0,244717 3,111957 -0,018075 0,698257 2,446615 -0,089800 0,621567 2,651143 -0,032219 0,545694 3,188988
-0,030029 -0,242880 3,105833 0,088014 0,918870 2,532330 -0,161569 0,750546 2,574103 -0,047900 0,505178 3,121644
-0,026380 -0,240905 3,089273 0,195844 1,071841 2,491928 -0,364025 1,028232 2,814726 -0,046671 0,542077 3,123822
-0,023314 -0,240821 3,086881 0,291101 1,176489 2,641484 -0,461895 1,133220 2,887408 -0,046663 0,548699 3,123863
-0,024217 -0,240429 3,081489 0,476600 1,341627 3,041510 -0,554010 1,212164 2,883608 -0,032759 0,558721 3,124421
