26 12
-0,023443 -0,226582 3,083832 0,357599 1,240015 3,220872 -0,519776 1,179516 3,031123 -0,005178 0,548854 3,125008
-0,036486 -0,231193 3,118325 0,410225 1,042144 2,974334 -0,442601 0,914562 2,785324 0,009026 0,532259 3,124669
-0,040942 -0,240762 3,132397 0,387208 0,948451 2,886070 -0,366194 0,711826 2,587376 -0,000820 0,513988 3,112674
-0,037933 -0,238828 3,153139 0,198386 0,623084 2,538401 -0,254710 0,438164 2,669267 0,000801 0,512462 3,103291
-0,040298 -0,225527 3,164447 0,236962 0,371389 2,407058 -0,075782 0,272124 2,360768 -0,040421 0,563010 3,234971
-0,040086 -0,221670 3,172881 0,207496 0,293416 2,225507 -0,071976 0,236346 2,311070 -0,054707 0,566335 3,234434
-0,029276 -0,188389 3,180516 0,301221 0,161354 2,263775 -0,273382 0,160024 1,993911 -0,041382 0,632703 3,241334
-0,018052 -0,193345 3,170693 0,502677 0,100713 2,091495 -0,654803 0,158147 2,355622 -0,038872 0,582752 3,188600
-0,016971 -0,208933 3,164521 0,619165 0,145961 2,205331 -0,785267 0,198963 2,391925 -0,035505 0,553792 3,134447
-0,018019 -0,231395 3,144865 0,906105 0,372998 2,565670 -0,868021 0,337543 2,457567 -0,022865 0,530578 3,178993
-0,016424 -0,231665 3,102541 0,837396 0,590366 3,059787 -0,785990 0,448271 2,470397 -0,025868 0,525616 3,145971
-0,015729 -0,229365 3,098954 0,733592 0,648788 3,134408 -0,671690 0,487688 2,513187 -0,026069 0,525640 3,103090
-0,025549 -0,232614 3,066601 0,432471 0,600395 2,809914 -0,456022 0,586286 2,978552 -0,029244 0,527310 3,092466
-0,038259 -0,230327 3,099784 0,277051 0,524776 2,904994 -0,186696 0,423927 2,625194 -0,026236 0,535468 3,103050
-0,043889 -0,225713 3,105861 0,235634 0,448624 2,733206 -0,129323 0,368322 2,596334 -0,022902 0,547146 3,135290
-0,036759 -0,226106 3,144418 0,132822 0,349163 2,479481 -0,130507 0,282611 2,451085 -0,015266 0,564058 3,157290
-0,037352 -0,228156 3,170633 0,178000 0,288847 2,144797 -0,104651 0,212832 2,253950 -0,064746 0,564503 3,222467
-0,035368 -0,215927 3,182339 0,220380 0,280961 1,997068 -0,199596 0,215591 2,247184 -0,061856 0,573441 3,257189
-0,029899 -0,209900 3,186054 0,546748 0,256969 2,284458 -0,462037 0,172818 1,921612 -0,037252 0,579198 3,293345
-0,017498 -0,217460 3,161335 0,730061 0,260000 2,169317 -0,916153 0,250744 2,362347 -0,032589 0,548796 3,124316
-0,013468 -0,223206 3,156231 0,855221 0,336070 2,284234 -1,048445 0,328043 2,392139 -0,005001 0,545540 3,124898
-0,008954 -0,234329 3,145687 1,111282 0,595842 2,571564 -1,130619 0,556422 2,535110 0,008304 0,532295 3,125127
0,003769 -0,227905 3,092034 1,112880 1,004184 3,126369 -1,068555 0,751695 2,532617 0,018517 0,543898 3,135970
0,009912 -0,220721 3,080930 1,030137 1,157272 3,316538 -1,000550 0,852036 2,611853 0,025364 0,543828 3,114584
0,012274 -0,221913 3,085274 0,654110 1,165024 2,990869 -0,883312 1,219553 3,227268 0,029053 0,548718 3,103909
0,015748 -0,218792 3,071094 0,441165 1,352358 3,430607 -0,529384 1,167261 2,905499 0,025559 0,547135 3,114597
