17 12
-0,054761 -0,239152 3,070090 0,351312 1,303258 3,134240 -0,501050 1,341075 3,031323 -0,032341 0,555119 3,081955
-0,056126 -0,238498 3,081536 0,349589 1,303756 3,124711 -0,488200 1,277656 2,829033 -0,011645 0,552012 3,103304
-0,045651 -0,241056 3,106931 0,346964 1,298967 3,119444 -0,489338 1,028540 2,345059 -0,008422 0,550444 3,114161
-0,048566 -0,239143 3,108451 0,339445 1,307359 3,134355 -0,227110 0,589873 1,900729 -0,044201 0,589227 3,269724
-0,046489 -0,230691 3,115156 0,340472 1,316280 3,149093 -0,145640 0,400505 1,798546 -0,030930 0,606313 3,269510
-0,053611 -0,221069 3,104958 0,334377 1,304166 3,141637 -0,010014 0,135417 1,981151 -0,034022 0,618291 3,258474
-0,046948 -0,212461 3,100472 0,347232 1,300426 3,152422 0,089730 -0,008036 1,916681 -0,033519 0,674664 3,213498
-0,047620 -0,208874 3,094938 0,345181 1,298816 3,147852 0,132679 -0,032645 1,950445 -0,043584 0,665076 3,180914
-0,037048 -0,219605 3,126530 0,354714 1,301755 3,166791 0,172444 -0,041582 2,011042 -0,046976 0,685695 3,216841
-0,033909 -0,199628 3,114008 0,358072 1,324745 3,215271 0,161554 -0,009051 2,024839 -0,044083 0,684809 3,178623
-0,036347 -0,195421 3,094111 0,361158 1,309738 3,200554 0,128883 0,024801 2,043493 -0,054875 0,691317 3,211967
-0,034124 -0,217402 3,088518 0,354109 1,314664 3,191527 0,026053 0,147699 1,936976 -0,037093 0,616368 3,247048
-0,025954 -0,233517 3,071599 0,355123 1,310104 3,176516 -0,133101 0,419962 2,077443 -0,035572 0,581806 3,244798
-0,024588 -0,243069 3,081900 0,359267 1,313560 3,171577 -0,235906 0,597481 2,136523 -0,008899 0,523723 3,177745
-0,025567 -0,234164 3,074058 0,351420 1,307231 3,153926 -0,304576 0,946901 2,295603 -0,000801 0,547115 3,134702
-0,032747 -0,235338 3,072111 0,356292 1,302131 3,141554 -0,509583 1,237316 2,736065 -0,015618 0,567168 3,135705
-0,040030 -0,232103 3,070889 0,359227 1,302095 3,147866 -0,514524 1,297073 2,869351 -0,022091 0,573815 3,135434
