28 12
-0,021048 -0,217917 3,041845 0,341299 1,332050 2,989686 -0,525160 1,359808 3,138363 -0,022325 0,533847 3,051081
-0,015307 -0,222896 3,062956 0,326917 1,321339 2,880599 -0,545449 1,281057 2,904572 -0,018995 0,528991 3,061455
-0,016032 -0,220275 3,087458 0,323454 1,281649 2,745580 -0,455269 1,138210 2,680281 -0,018851 0,528994 3,082224
-0,017435 -0,219955 3,084538 0,298463 1,234218 2,661984 -0,416511 1,041818 2,576605 -0,029244 0,527310 3,092466
-0,015619 -0,228060 3,084408 0,182767 1,037210 2,451739 -0,374230 0,850165 2,525649 -0,025921 0,509236 3,103029
-0,014168 -0,229146 3,093254 0,106196 0,913847 2,488276 -0,247300 0,645576 2,396089 -0,029127 0,497852 3,092279
-0,015881 -0,240602 3,103257 0,067528 0,807856 2,435407 -0,193142 0,601198 2,384022 -0,027033 0,485662 3,123028
-0,011162 -0,235003 3,112034 -0,017957 0,676062 2,406198 -0,082261 0,604231 2,531465 -0,008482 0,517286 3,157137
-0,008301 -0,234224 3,102708 -0,016458 0,647699 2,408572 -0,084302 0,573153 2,537990 -0,011939 0,515661 3,146163
-0,010188 -0,238528 3,112870 -0,010364 0,648303 2,448152 -0,104546 0,556417 2,550336 0,001473 0,509008 3,146491
-0,014162 -0,233113 3,105999 -0,022033 0,685640 2,472863 -0,118917 0,533349 2,567733 -0,015588 0,517192 3,179065
-0,010128 -0,237412 3,115282 -0,038159 0,673906 2,492615 -0,058702 0,561229 2,524361 -0,002004 0,507416 3,135610
-0,012826 -0,234920 3,114812 -0,041099 0,682216 2,487851 -0,053152 0,569659 2,561719 -0,012129 0,509143 3,124646
-0,012233 -0,235400 3,100029 -0,009765 0,681345 2,451680 -0,084396 0,530058 2,501331 0,001655 0,512344 3,146492
-0,012710 -0,237693 3,116360 -0,023765 0,705331 2,460213 -0,075750 0,561254 2,474493 -0,011753 0,518977 3,146018
-0,013900 -0,238168 3,107440 -0,021606 0,703757 2,468749 -0,054923 0,593553 2,514633 -0,011939 0,515661 3,146163
-0,010693 -0,247363 3,103298 -0,000481 0,705056 2,465390 -0,070078 0,582624 2,505253 -0,005385 0,505521 3,168203
-0,008358 -0,240724 3,099472 -0,004464 0,686477 2,435905 -0,119930 0,543324 2,552904 -0,005461 0,505834 3,124790
-0,013525 -0,233527 3,094073 0,024013 0,690758 2,452016 -0,102077 0,548316 2,473636 -0,005280 0,509150 3,124785
-0,010539 -0,236463 3,099256 -0,024754 0,700422 2,474818 -0,060905 0,612974 2,531888 -0,005461 0,505834 3,124790
-0,013668 -0,237325 3,094165 -0,033870 0,777975 2,443433 -0,078928 0,685700 2,550691 -0,011794 0,505674 3,145936
-0,019144 -0,232033 3,098767 -0,011311 0,835761 2,449767 -0,102164 0,733150 2,554652 -0,017684 0,450664 3,108818
-0,015101 -0,230119 3,085195 0,088956 1,019006 2,541870 -0,168926 0,843649 2,469635 -0,017716 0,463518 3,079388
-0,018806 -0,231925 3,078118 0,206196 1,124286 2,485539 -0,356823 1,081289 2,705407 -0,022649 0,517472 3,092580
-0,015174 -0,228840 3,075902 0,301439 1,201194 2,594426 -0,446874 1,155689 2,767547 -0,019583 0,522337 3,081941
-0,022766 -0,215584 3,058608 0,497091 1,343381 2,964755 -0,528593 1,210562 2,773621 -0,022198 0,533879 3,071724
-0,021367 -0,215204 3,049273 0,521719 1,331685 3,088683 -0,633721 1,281187 2,996663 -0,022375 0,537125 3,071774
-0,022897 -0,215151 3,047854 0,528204 1,341452 3,159931 -0,631744 1,305404 3,053838 -0,022375 0,537125 3,071774
