23 12
-0,094126 -0,067785 3,127812 0,378033 1,372659 3,110173 -0,531138 1,387392 3,102625 -0,073941 0,688133 3,123512
-0,094872 -0,061868 3,132611 0,378845 1,364304 3,102455 -0,547593 1,298486 2,996360 -0,076950 0,689303 3,112589
-0,103677 -0,068420 3,121207 0,382032 1,365830 3,105418 -0,585111 0,950548 2,646618 -0,080640 0,680423 3,101667
-0,108467 -0,068747 3,137834 0,382217 1,364554 3,098850 -0,556934 0,587753 2,632789 -0,080637 0,687054 3,101707
-0,110387 -0,063899 3,131830 0,380221 1,367894 3,096350 -0,564914 0,479471 2,625342 -0,066386 0,678716 3,060345
-0,100154 -0,059803 3,156087 0,372425 1,369469 3,080359 -0,564651 0,440363 2,494662 -0,067683 0,696914 3,101907
-0,086046 -0,078151 3,151078 0,365327 1,376374 3,093641 -0,526643 0,564414 2,344592 -0,059954 0,677325 3,102706
-0,076077 -0,073572 3,148020 0,357654 1,377816 3,096215 -0,521795 0,541911 2,329699 -0,060218 0,688246 3,124168
-0,066414 -0,070582 3,179430 0,349358 1,365605 3,085852 -0,532878 0,443336 2,442794 -0,053113 0,690638 3,103069
-0,060395 -0,075083 3,178046 0,347183 1,373166 3,109090 -0,519887 0,496215 2,390121 -0,052897 0,680712 3,103012
-0,059694 -0,080884 3,179051 0,351049 1,373765 3,098717 -0,505411 0,553775 2,349439 -0,053139 0,678309 3,124396
-0,060064 -0,076897 3,169202 0,373281 1,379092 3,131324 -0,486510 0,531250 2,386720 -0,050038 0,683787 3,135368
-0,056222 -0,083486 3,166563 0,386544 1,374359 3,121565 -0,528400 0,478895 2,494690 -0,050048 0,682798 3,113759
-0,055584 -0,075294 3,160969 0,398160 1,382163 3,141428 -0,531556 0,510274 2,474510 -0,053129 0,684982 3,124438
-0,063983 -0,080156 3,167320 0,410442 1,394525 3,160424 -0,540020 0,615729 2,379519 -0,042930 0,680505 3,135608
-0,057625 -0,074859 3,168150 0,410145 1,374356 3,127121 -0,574531 0,515747 2,487997 -0,053813 0,688199 3,124262
-0,060935 -0,064994 3,166849 0,410281 1,377529 3,127156 -0,596866 0,473063 2,562157 -0,057141 0,693745 3,135091
-0,065617 -0,065114 3,156966 0,396990 1,377809 3,118432 -0,620211 0,453339 2,600962 -0,060218 0,688246 3,124168
-0,059712 -0,076508 3,144220 0,380410 1,389900 3,132565 -0,675424 0,636820 2,626428 -0,052916 0,682592 3,145886
-0,059750 -0,071301 3,151463 0,374455 1,391579 3,131644 -0,697076 0,774246 2,591456 -0,059530 0,684938 3,123930
-0,057311 -0,070642 3,157531 0,359285 1,373523 3,097347 -0,685513 1,131853 2,763162 -0,059767 0,681607 3,124048
-0,060803 -0,065818 3,151137 0,359180 1,386167 3,109334 -0,627296 1,282539 2,817721 -0,053591 0,692640 3,146160
-0,057457 -0,070592 3,152864 0,361248 1,381592 3,107963 -0,553883 1,329986 2,896038 -0,059992 0,684934 3,124141
