21 12
-0,091752 -0,075693 3,153331 0,239488 1,162504 3,038062 -0,666082 1,413860 3,303689 -0,082244 0,657048 3,188624
-0,084202 -0,081002 3,207572 0,233282 1,105456 3,023293 -0,766575 0,909591 2,514233 -0,068938 0,653555 3,188720
-0,099138 -0,049500 3,239258 0,234258 1,086759 3,032882 -0,746167 0,360198 2,440111 -0,076504 0,667836 3,210638
-0,109601 -0,068115 3,263077 0,231214 1,076618 3,013174 -0,729298 0,096970 2,408841 -0,085945 0,659119 3,199642
-0,122747 -0,053869 3,237618 0,219971 1,085819 2,961908 -0,740413 -0,374116 2,621072 -0,062190 0,676982 3,258169
-0,125931 -0,057623 3,239914 0,219156 1,144945 2,982370 -0,863939 -0,586879 2,807253 -0,072304 0,677211 3,223179
-0,125843 -0,063087 3,248103 0,205282 1,171595 3,015737 -0,804772 -0,607451 2,763705 -0,055268 0,672520 3,234994
-0,112613 -0,059755 3,238668 0,148238 1,124247 2,961143 -0,698768 -0,747331 3,138491 -0,065802 0,671248 3,246242
-0,109212 -0,056598 3,246020 0,168005 1,102774 2,950151 -0,582013 -0,739572 3,036777 -0,051179 0,655933 3,201155
-0,108978 -0,070026 3,230958 0,180853 1,091678 2,938580 -0,640723 -0,760015 3,085307 -0,057913 0,651714 3,178510
-0,103886 -0,060524 3,249260 0,198757 1,083906 2,984035 -0,698492 -0,708241 2,963380 -0,051188 0,663646 3,223992
-0,092635 -0,064002 3,227572 0,203351 1,072124 2,980626 -0,601993 -0,657849 2,842276 -0,044145 0,663687 3,224253
-0,089684 -0,069491 3,226899 0,199241 1,081590 2,983380 -0,548014 -0,650909 2,884854 -0,047983 0,670149 3,258681
-0,087121 -0,060679 3,220058 0,189878 1,083694 2,959887 -0,555326 -0,609164 2,869721 -0,055053 0,662273 3,235116
-0,087645 -0,047184 3,225667 0,178127 1,126535 2,982662 -0,692137 -0,526036 2,946461 -0,043698 0,670612 3,224404
-0,077316 -0,066717 3,213823 0,171535 1,146966 2,984620 -0,740250 -0,404708 2,843748 -0,051393 0,659267 3,200968
-0,059876 -0,057081 3,260456 0,151355 1,172887 2,960299 -0,788514 0,007492 2,579561 -0,054550 0,667400 3,189911
-0,043944 -0,073436 3,229756 0,143778 1,200482 2,958249 -0,764492 0,548346 2,454934 -0,058009 0,667071 3,223805
-0,034823 -0,075644 3,217509 0,149428 1,208573 2,954471 -0,732307 0,815966 2,546982 -0,054830 0,672651 3,235359
-0,040721 -0,072452 3,181552 0,186063 1,224773 3,002150 -0,648709 1,367584 3,102071 -0,060794 0,676717 3,167687
-0,063096 -0,072666 3,189259 0,218216 1,184523 2,974255 -0,510350 1,377757 3,127809 -0,061366 0,685421 3,212462
