24 12
-0,078177 -0,063448 3,159872 0,384156 1,352283 3,185115 -0,546047 1,430553 3,223638 -0,068728 0,677414 3,189191
-0,068877 -0,055568 3,196938 0,396507 1,369019 3,201412 -0,675634 1,203871 2,739463 -0,064108 0,681283 3,156563
-0,070054 -0,066185 3,219923 0,398384 1,387997 3,196586 -0,818610 0,909574 2,696594 -0,053875 0,677715 3,190202
-0,074063 -0,066623 3,248815 0,389516 1,385217 3,178835 -0,829039 0,566681 2,459010 -0,062259 0,685157 3,211773
-0,091503 -0,045536 3,225598 0,372239 1,374122 3,139397 -0,833643 -0,031970 2,418059 -0,068945 0,693204 3,234927
-0,093084 -0,042188 3,238969 0,364267 1,367124 3,132950 -0,728929 -0,421562 2,413393 -0,054811 0,700203 3,235618
-0,094667 -0,046734 3,217812 0,358877 1,363722 3,126865 -0,686504 -0,550735 2,521654 -0,054313 0,691250 3,190245
-0,100805 -0,051416 3,207491 0,338435 1,360697 3,098260 -0,582056 -0,763803 2,939207 -0,053856 0,691315 3,190312
-0,092548 -0,043868 3,205135 0,322965 1,370165 3,118289 -0,447208 -0,757160 2,870309 -0,046885 0,697085 3,168406
-0,088847 -0,045458 3,199495 0,327312 1,376492 3,117558 -0,441287 -0,774887 2,936871 -0,047504 0,710632 3,236064
-0,086500 -0,047554 3,218510 0,337131 1,380303 3,109951 -0,465034 -0,766145 2,916721 -0,033010 0,702730 3,213678
-0,079817 -0,047852 3,223222 0,357144 1,360915 3,052698 -0,414450 -0,737456 2,885304 -0,026366 0,691398 3,191156
-0,076974 -0,055720 3,209593 0,365222 1,369599 3,056785 -0,448901 -0,761525 2,958286 -0,026366 0,691398 3,191156
-0,080137 -0,058981 3,222092 0,380428 1,370693 3,069906 -0,520166 -0,766605 2,917614 -0,022680 0,690253 3,202548
-0,077930 -0,053697 3,208162 0,393847 1,348800 3,052600 -0,499783 -0,734508 2,893205 -0,022224 0,690282 3,202529
-0,075295 -0,047185 3,221944 0,400398 1,354729 3,062385 -0,531165 -0,744575 2,970360 -0,029689 0,690227 3,202365
-0,079217 -0,039545 3,213140 0,400377 1,355143 3,078890 -0,606634 -0,666534 2,776908 -0,033255 0,692433 3,213573
-0,076970 -0,043401 3,205395 0,398621 1,373937 3,110916 -0,685591 -0,546227 2,788060 -0,032766 0,693800 3,168862
-0,073059 -0,047703 3,200118 0,396954 1,384092 3,116903 -0,710065 -0,382900 2,694203 -0,011694 0,694907 3,191584
-0,060505 -0,038625 3,215385 0,388015 1,381158 3,119838 -0,732417 0,080731 2,552870 -0,025452 0,691456 3,191107
-0,041939 -0,063942 3,181911 0,377846 1,385014 3,134962 -0,727733 0,645789 2,429606 -0,032160 0,675280 3,212796
-0,047298 -0,069293 3,190987 0,372409 1,385827 3,140087 -0,703508 0,867860 2,472822 -0,039907 0,677796 3,190737
-0,055431 -0,071031 3,153205 0,381944 1,377732 3,135725 -0,580067 1,372329 3,081890 -0,032584 0,670157 3,168638
-0,074129 -0,059893 3,172850 0,379824 1,358700 3,147566 -0,434665 1,411167 3,109251 -0,036927 0,686744 3,202044
