18 12
-0,101827 -0,047084 3,198831 0,370712 1,382612 3,150226 -0,541782 1,351846 3,159217 -0,094987 0,685553 3,143966
-0,101670 -0,044521 3,204710 0,371966 1,393267 3,144560 -0,515213 1,304274 3,064557 -0,095726 0,690944 3,188086
-0,106048 -0,048078 3,202615 0,354865 1,367854 3,117159 -0,510288 1,083457 2,801513 -0,089211 0,688620 3,210983
-0,114086 -0,038916 3,218155 0,360062 1,375211 3,138354 -0,464715 0,619369 2,654926 -0,088990 0,689879 3,166197
-0,115348 -0,042685 3,217877 0,361326 1,373749 3,141886 -0,478199 0,463619 2,730656 -0,088798 0,697641 3,121974
-0,115894 -0,029550 3,230083 0,358674 1,381002 3,136533 -0,492720 0,292275 2,766099 -0,079868 0,727078 3,199735
-0,113625 -0,034567 3,234616 0,349187 1,368756 3,126728 -0,501509 0,290634 2,619990 -0,060998 0,707095 3,167856
-0,111406 -0,044487 3,228100 0,348851 1,375973 3,135007 -0,508887 0,270298 2,474042 -0,072165 0,717172 3,200775
-0,097911 -0,037468 3,219486 0,350544 1,376009 3,141677 -0,454401 0,212923 2,641833 -0,069634 0,730907 3,234682
-0,115264 -0,033462 3,257068 0,359707 1,378056 3,168103 -0,447889 0,279811 2,591822 -0,066025 0,729946 3,246617
-0,116988 -0,047183 3,252328 0,361973 1,369477 3,176824 -0,477381 0,321460 2,469669 -0,071593 0,708189 3,223413
-0,117129 -0,044972 3,261124 0,370981 1,382821 3,176390 -0,485724 0,378783 2,419441 -0,068477 0,707056 3,235102
-0,102022 -0,058712 3,239668 0,372314 1,385927 3,196043 -0,502436 0,530261 2,440097 -0,074944 0,692186 3,211725
-0,098910 -0,060141 3,249417 0,364566 1,377833 3,175212 -0,533486 0,698660 2,481680 -0,075258 0,687311 3,257109
-0,094928 -0,059445 3,255908 0,359570 1,372813 3,162892 -0,561692 1,059786 2,626833 -0,075184 0,681913 3,211726
-0,097160 -0,049299 3,260830 0,364545 1,395609 3,190985 -0,618875 1,271083 2,866030 -0,072427 0,698925 3,246367
-0,095260 -0,058979 3,239727 0,360329 1,381166 3,183035 -0,621025 1,345438 3,017346 -0,075403 0,692150 3,211837
-0,103356 -0,048326 3,233653 0,361700 1,393020 3,188678 -0,568512 1,424835 3,297745 -0,099699 0,689680 3,199089
