22 12
-0,085188 -0,071572 3,151859 0,384518 1,382585 3,122507 -0,524170 1,377924 3,032599 -0,060218 0,688246 3,124168
-0,090700 -0,067396 3,136867 0,391921 1,361964 3,093623 -0,507855 1,201945 2,882635 -0,073713 0,684823 3,123472
-0,088539 -0,074324 3,148201 0,390736 1,366392 3,096868 -0,518124 1,033625 2,752478 -0,066492 0,679117 3,144999
-0,097613 -0,068714 3,157698 0,386265 1,369667 3,086838 -0,552241 0,675805 2,627148 -0,073487 0,681498 3,123368
-0,083778 -0,063553 3,151223 0,382765 1,373421 3,080458 -0,530360 0,480595 2,590806 -0,063958 0,692625 3,113130
-0,076746 -0,066137 3,141695 0,377141 1,392974 3,096294 -0,521193 0,458699 2,572061 -0,050041 0,689453 3,113799
-0,063808 -0,066276 3,165602 0,355887 1,371912 3,060562 -0,522223 0,578026 2,435132 -0,066463 0,679666 3,081276
-0,048851 -0,073615 3,142689 0,344263 1,386513 3,095753 -0,526530 0,674105 2,401211 -0,038888 0,679291 3,146217
-0,045728 -0,070965 3,144213 0,337684 1,391381 3,091858 -0,522210 0,641897 2,440819 -0,043562 0,684749 3,157359
-0,042367 -0,072165 3,159753 0,343852 1,388049 3,110578 -0,515824 0,630229 2,509063 -0,043096 0,691551 3,157490
-0,045403 -0,078901 3,154764 0,360138 1,384996 3,103701 -0,524672 0,781076 2,432902 -0,039124 0,675957 3,146386
-0,048326 -0,086602 3,148030 0,377128 1,379925 3,105112 -0,520956 0,798433 2,448944 -0,039139 0,669247 3,146343
-0,049592 -0,076362 3,140236 0,400626 1,394526 3,150999 -0,528469 0,667242 2,483305 -0,039108 0,682671 3,146431
-0,060046 -0,078428 3,159326 0,407528 1,382620 3,130013 -0,522782 0,646046 2,484856 -0,039108 0,682671 3,146431
-0,065353 -0,083144 3,157675 0,415485 1,382890 3,149005 -0,522473 0,685280 2,445505 -0,042032 0,673756 3,134929
-0,072035 -0,078536 3,146640 0,422313 1,372990 3,126213 -0,527492 0,692069 2,427507 -0,059020 0,663285 3,081296
-0,075385 -0,072146 3,135876 0,411993 1,394224 3,143877 -0,590249 0,681200 2,524111 -0,056697 0,680419 3,135062
-0,077112 -0,072160 3,143085 0,400719 1,378234 3,130404 -0,609802 0,729514 2,566453 -0,052916 0,682592 3,145885
-0,073521 -0,077984 3,139114 0,373570 1,369222 3,088880 -0,618025 0,924677 2,601111 -0,065870 0,670659 3,101921
-0,072995 -0,068555 3,135841 0,362049 1,392882 3,129026 -0,610606 1,141892 2,654226 -0,059767 0,681607 3,124048
-0,072222 -0,066131 3,135291 0,356678 1,378237 3,117101 -0,589366 1,233186 2,763018 -0,060225 0,681572 3,124127
-0,077729 -0,075096 3,134836 0,353357 1,380165 3,112323 -0,514719 1,433783 3,134197 -0,059992 0,684934 3,124141
