17 12
-0,135343 -0,077207 3,163020 0,366462 1,359549 3,153093 -0,667329 1,449129 3,212093 -0,071152 0,675429 3,178233
-0,128041 -0,076111 3,221460 0,348232 1,341181 3,110017 -0,772462 1,043320 2,531004 -0,074442 0,680008 3,167022
-0,142504 -0,063926 3,265875 0,344638 1,329352 3,101215 -0,755718 0,456583 2,292462 -0,095075 0,716925 3,267977
-0,151813 -0,068405 3,261031 0,345735 1,317702 3,077736 -0,713046 0,118642 2,103372 -0,090822 0,714802 3,256965
-0,158281 -0,075851 3,233987 0,348578 1,313281 3,072773 -0,692712 -0,449401 2,502970 -0,097407 0,696311 3,233279
-0,146231 -0,079660 3,199731 0,361425 1,306896 3,053855 -0,597639 -0,648436 2,526408 -0,085941 0,679559 3,199823
-0,151544 -0,074718 3,199806 0,364761 1,313737 3,066820 -0,557294 -0,714211 2,639327 -0,089674 0,686191 3,233727
-0,147170 -0,066863 3,178089 0,372617 1,327894 3,091342 -0,506707 -0,793303 2,832205 -0,075411 0,678466 3,211715
-0,141421 -0,072792 3,195581 0,376458 1,342215 3,114333 -0,506851 -0,772313 2,812305 -0,083067 0,693077 3,234194
-0,141412 -0,070091 3,184280 0,380992 1,348255 3,131085 -0,521487 -0,752153 2,800054 -0,082842 0,689677 3,234207
-0,139269 -0,064268 3,214296 0,385369 1,360675 3,152002 -0,569965 -0,651297 2,626724 -0,079510 0,698861 3,245993
-0,136388 -0,058061 3,213671 0,391035 1,356037 3,140868 -0,631938 -0,440010 2,627089 -0,054811 0,700203 3,235618
-0,133048 -0,055904 3,209571 0,390097 1,362089 3,150207 -0,659723 -0,221737 2,497500 -0,061347 0,705962 3,212642
-0,124951 -0,046713 3,238385 0,386822 1,359393 3,133917 -0,721923 0,294734 2,330411 -0,058936 0,716155 3,246779
-0,117666 -0,055421 3,223276 0,383572 1,358703 3,108146 -0,724901 0,802668 2,352971 -0,050253 0,690150 3,201592
-0,117596 -0,071475 3,211718 0,387855 1,343161 3,113676 -0,696028 1,023208 2,511403 -0,053875 0,677715 3,190202
-0,124548 -0,060249 3,191040 0,390067 1,346214 3,115182 -0,596759 1,432625 3,153289 -0,064269 0,683233 3,200908
