21 12
-0,146926 -0,075388 3,203092 0,294811 1,371937 3,123270 -0,689118 1,356411 3,020066 -0,151633 0,679941 3,183644
-0,135093 -0,081979 3,203639 0,275806 1,391200 3,137403 -0,779966 1,259488 2,952981 -0,140605 0,674598 3,173362
-0,137483 -0,074018 3,233803 0,262396 1,387562 3,129117 -0,800375 0,990949 2,701526 -0,147533 0,674487 3,172732
-0,148741 -0,040116 3,217027 0,240081 1,372194 3,087244 -0,813742 0,260010 2,291584 -0,142370 0,714134 3,218689
-0,168727 -0,029848 3,228442 0,255355 1,353856 3,051545 -0,668024 -0,322113 2,219883 -0,142591 0,696928 3,218526
-0,176158 -0,022752 3,193997 0,260632 1,356124 3,039721 -0,628523 -0,532502 2,376333 -0,117710 0,701896 3,209227
-0,187999 -0,014622 3,137829 0,268182 1,350542 3,038311 -0,495591 -0,834625 3,037656 -0,130091 0,682704 3,163344
-0,183573 -0,008376 3,127935 0,276981 1,357038 3,021861 -0,416599 -0,795959 3,175893 -0,130093 0,689454 3,163401
-0,185638 -0,013771 3,105242 0,285437 1,358008 3,034372 -0,393693 -0,811338 3,284255 -0,130093 0,689454 3,163401
-0,172393 -0,003175 3,161504 0,294100 1,364815 3,047474 -0,384154 -0,788342 3,244053 -0,120187 0,709918 3,197588
-0,169270 -0,024917 3,135688 0,299211 1,356353 3,032917 -0,423169 -0,803546 3,191610 -0,120428 0,699672 3,197626
-0,163687 -0,032164 3,145617 0,306418 1,369212 3,036995 -0,456644 -0,788395 3,136686 -0,112613 0,698711 3,175698
-0,159413 -0,039690 3,136377 0,297507 1,352432 3,024225 -0,511800 -0,729432 2,903631 -0,102398 0,689826 3,165466
-0,153601 -0,032680 3,139730 0,293679 1,367002 3,034678 -0,539171 -0,664736 2,861788 -0,109326 0,689741 3,164988
-0,154606 -0,025318 3,149696 0,295058 1,370927 3,044774 -0,576203 -0,552302 2,760723 -0,126734 0,701894 3,174773
-0,147989 -0,023416 3,159154 0,285403 1,356671 3,033079 -0,662347 -0,169973 2,346357 -0,116251 0,703162 3,164595
-0,138243 -0,031286 3,153869 0,280407 1,379080 3,065258 -0,749693 0,371554 2,285960 -0,129136 0,702984 3,162833
-0,131906 -0,040971 3,147539 0,276487 1,374833 3,066308 -0,777289 0,636238 2,299561 -0,114723 0,678620 3,141886
-0,131594 -0,054899 3,129983 0,282169 1,379363 3,071474 -0,761638 1,159921 2,683712 -0,102177 0,672976 3,165290
-0,139296 -0,051593 3,149136 0,285456 1,361074 3,078488 -0,661487 1,289468 2,776435 -0,116479 0,686228 3,164441
-0,148045 -0,042903 3,135370 0,292120 1,362690 3,081364 -0,603310 1,343789 2,949128 -0,129861 0,686109 3,163308
