19 12
-0,023127 -0,066696 3,121747 0,454811 1,372199 3,126013 -0,433534 1,357944 3,168697 -0,012181 0,672678 3,147254
-0,020963 -0,066865 3,106570 0,450351 1,379975 3,126374 -0,434615 1,367007 3,164639 -0,005083 0,671829 3,125730
-0,000386 -0,073650 3,150083 0,446448 1,386967 3,112639 -0,456122 1,330348 3,050956 0,008656 0,671839 3,125896
0,004043 -0,085708 3,182934 0,430988 1,397169 3,119233 -0,457713 1,084466 2,857192 -0,001207 0,660562 3,136400
0,002601 -0,080074 3,201699 0,423726 1,397370 3,121275 -0,477201 0,800449 2,633056 0,001853 0,669362 3,147484
-0,012878 -0,064234 3,190436 0,415287 1,396079 3,116297 -0,579467 0,160388 2,428313 0,000518 0,682437 3,146282
-0,036168 -0,066051 3,223452 0,417113 1,397644 3,109880 -0,674742 -0,361855 2,480270 0,001361 0,688009 3,191436
-0,043827 -0,068726 3,218338 0,414766 1,381676 3,100818 -0,730653 -0,524088 2,570368 0,008449 0,680315 3,169400
-0,046943 -0,064002 3,178862 0,405764 1,371875 3,071105 -0,691181 -0,660233 2,699444 0,015563 0,684661 3,191687
-0,045384 -0,060661 3,185973 0,400625 1,397435 3,115532 -0,639759 -0,689493 2,673464 0,019386 0,690301 3,203089
-0,044423 -0,065232 3,178651 0,390690 1,377263 3,090017 -0,640703 -0,694731 2,703279 0,022526 0,685583 3,214000
-0,034198 -0,068787 3,207178 0,393049 1,397824 3,115432 -0,650042 -0,660372 2,666963 0,026845 0,691328 3,225820
-0,026543 -0,054983 3,178316 0,399116 1,392406 3,106600 -0,612342 -0,532451 2,589627 0,022567 0,691457 3,191743
-0,019093 -0,049671 3,184020 0,405919 1,386641 3,096904 -0,584037 -0,410306 2,527888 0,023012 0,699366 3,214454
-0,001691 -0,057689 3,223269 0,408720 1,404335 3,096665 -0,562380 -0,045111 2,568938 0,040419 0,690254 3,203000
0,017625 -0,069218 3,177261 0,408929 1,404333 3,101745 -0,543946 0,492215 2,395621 0,027720 0,684372 3,225317
0,018723 -0,073063 3,181083 0,410187 1,394724 3,090213 -0,560349 0,764799 2,485463 0,008884 0,673614 3,169527
0,010659 -0,073777 3,178075 0,417384 1,399715 3,119097 -0,494628 1,268197 2,991613 0,008437 0,673559 3,169354
-0,004427 -0,073177 3,193557 0,415235 1,388585 3,110120 -0,432539 1,326319 3,045045 0,001636 0,672698 3,147459
