22 12
-0,065689 -0,095016 3,223506 0,362101 1,349664 3,213483 -0,637262 1,435671 3,157197 -0,025960 0,664264 3,191061
-0,069159 -0,089437 3,250771 0,358722 1,342511 3,198497 -0,692172 1,327961 2,918597 -0,022345 0,667278 3,224984
-0,076858 -0,080919 3,267140 0,346145 1,340012 3,207979 -0,734048 1,134329 2,672461 -0,036652 0,670646 3,224648
-0,094097 -0,077182 3,272164 0,346103 1,336586 3,191041 -0,760192 0,837436 2,451392 -0,041084 0,687455 3,258941
-0,106278 -0,068162 3,273923 0,343490 1,329303 3,180052 -0,749744 0,480105 2,397741 -0,037753 0,701263 3,294388
-0,119676 -0,061315 3,259999 0,351109 1,336506 3,186954 -0,715026 0,144000 2,319562 -0,045180 0,703432 3,270098
-0,138251 -0,059828 3,231694 0,352054 1,334412 3,188789 -0,690947 -0,181929 2,330247 -0,059335 0,709363 3,317700
-0,146268 -0,056285 3,204894 0,353856 1,336697 3,186918 -0,634333 -0,428277 2,420352 -0,066446 0,701077 3,293297
-0,149027 -0,058426 3,191994 0,355844 1,329439 3,184284 -0,581684 -0,587803 2,580451 -0,058553 0,682737 3,270101
-0,157482 -0,055119 3,189859 0,358403 1,327610 3,191871 -0,541260 -0,677896 2,704758 -0,055080 0,683962 3,258542
-0,157803 -0,048915 3,174626 0,353769 1,336791 3,203048 -0,515367 -0,726252 2,788806 -0,061739 0,683980 3,258298
-0,155998 -0,043536 3,170953 0,358968 1,328983 3,196106 -0,502417 -0,741407 2,824190 -0,058715 0,685113 3,246688
-0,154840 -0,051013 3,182010 0,356779 1,336255 3,187285 -0,527607 -0,719456 2,856454 -0,058495 0,681717 3,246797
-0,155303 -0,053313 3,193314 0,359827 1,333094 3,178505 -0,547213 -0,695545 2,832386 -0,062186 0,683911 3,258239
-0,143312 -0,063317 3,210637 0,344948 1,349397 3,178793 -0,594092 -0,584757 2,613057 -0,062183 0,690844 3,258309
-0,143696 -0,059574 3,204445 0,351021 1,356312 3,186243 -0,596809 -0,460486 2,579523 -0,051635 0,700134 3,270502
-0,137115 -0,057742 3,214728 0,349885 1,355438 3,181193 -0,620377 -0,338232 2,525723 -0,058711 0,698936 3,246824
-0,123665 -0,047128 3,242952 0,337898 1,354727 3,160998 -0,651357 0,079162 2,365493 -0,050927 0,709484 3,247429
-0,102080 -0,065267 3,206441 0,338618 1,363029 3,166136 -0,696564 0,589759 2,288224 -0,043898 0,687746 3,224549
-0,100082 -0,076513 3,199588 0,335241 1,359595 3,156610 -0,695334 0,842714 2,397776 -0,029261 0,676613 3,202225
-0,092771 -0,078851 3,200532 0,341906 1,365573 3,171285 -0,604812 1,351242 3,052698 -0,022546 0,677564 3,225120
-0,089136 -0,069282 3,163429 0,352010 1,352749 3,161685 -0,540985 1,376900 3,216711 -0,040467 0,683102 3,236060
