22 12
-0,062823 -0,071228 3,116143 0,406596 1,371758 3,092836 -0,568072 1,327842 2,980666 -0,028908 0,690621 3,136068
-0,061752 -0,079750 3,119228 0,407165 1,361685 3,091375 -0,553370 1,153906 2,777885 -0,038816 0,667536 3,103280
-0,065227 -0,076888 3,121601 0,399961 1,357617 3,073743 -0,574417 0,641588 2,494707 -0,045989 0,683567 3,167913
-0,072667 -0,074033 3,143946 0,392807 1,356280 3,032372 -0,568046 0,171791 2,579205 -0,036672 0,685123 3,092618
-0,070065 -0,066632 3,143443 0,391204 1,350475 3,033133 -0,581754 0,044480 2,712370 -0,022412 0,692955 3,114740
-0,061677 -0,069288 3,172897 0,373414 1,337081 2,993206 -0,580123 -0,044159 2,845786 -0,030051 0,700479 3,135702
-0,052686 -0,069984 3,156852 0,362107 1,350209 3,035371 -0,495212 0,051354 2,599065 -0,023624 0,707023 3,135252
-0,052551 -0,057271 3,182651 0,353384 1,357180 3,047226 -0,487393 0,184265 2,481064 -0,036844 0,708328 3,157600
-0,046141 -0,070564 3,193824 0,356049 1,359998 3,060571 -0,509198 0,260519 2,397812 -0,026180 0,702830 3,147053
-0,050851 -0,066485 3,198424 0,363293 1,357854 3,065196 -0,560184 0,085564 2,537442 -0,029556 0,706182 3,180117
-0,053819 -0,067663 3,182463 0,374585 1,353852 3,075804 -0,581510 0,016854 2,630288 -0,026646 0,702706 3,146672
-0,061160 -0,071675 3,171619 0,406506 1,384314 3,133352 -0,585542 -0,026326 2,703570 -0,026489 0,710627 3,168908
-0,067782 -0,071288 3,178701 0,415151 1,368069 3,107611 -0,512684 0,157493 2,490799 -0,033440 0,710596 3,168728
-0,061532 -0,071619 3,191868 0,424770 1,361530 3,104816 -0,519871 0,208187 2,420766 -0,033209 0,707267 3,168858
-0,066751 -0,075057 3,180352 0,425633 1,362184 3,104101 -0,523340 0,200344 2,496238 -0,030614 0,704727 3,156893
-0,067715 -0,077844 3,167690 0,423187 1,363867 3,111425 -0,558199 0,213956 2,588416 -0,036710 0,697166 3,135709
-0,071598 -0,068023 3,165384 0,415264 1,363104 3,111294 -0,570951 0,257365 2,594531 -0,039848 0,691676 3,124909
-0,069821 -0,081457 3,171410 0,394096 1,340800 3,062515 -0,575005 0,469636 2,581534 -0,039948 0,690362 3,168601
-0,060812 -0,084508 3,161738 0,374096 1,353868 3,092928 -0,612761 0,809380 2,503370 -0,032570 0,676910 3,168687
-0,059810 -0,075775 3,144561 0,364744 1,354754 3,093557 -0,620203 1,002599 2,587028 -0,046669 0,686968 3,168336
-0,058597 -0,071120 3,142682 0,361396 1,355601 3,085162 -0,570049 1,361205 2,987672 -0,032778 0,687039 3,168813
-0,059715 -0,072531 3,142205 0,368641 1,356489 3,080050 -0,518273 1,371967 3,081280 -0,036321 0,689212 3,179797
