18 12
-0,125202 -0,055572 3,129177 0,333222 1,402320 3,134403 -0,557530 1,365617 3,097358 -0,122765 0,695226 3,142093
-0,126613 -0,048426 3,129358 0,329600 1,397522 3,127229 -0,594219 1,235829 3,033894 -0,115650 0,685300 3,142548
-0,134162 -0,052973 3,150803 0,331401 1,402233 3,129250 -0,608449 1,085401 2,908316 -0,122068 0,685251 3,141841
-0,135133 -0,042622 3,147162 0,325381 1,410686 3,103941 -0,669422 0,717871 2,678566 -0,133431 0,690539 3,152144
-0,127542 -0,046660 3,130124 0,316717 1,410039 3,096116 -0,675431 0,509496 2,659840 -0,140510 0,699122 3,129238
-0,128234 -0,046538 3,147909 0,314573 1,415303 3,090908 -0,679970 0,492335 2,637551 -0,129443 0,703970 3,119787
-0,124449 -0,049164 3,179512 0,299363 1,401918 3,059384 -0,722754 0,557406 2,433176 -0,112960 0,700877 3,153738
-0,116486 -0,054035 3,168514 0,288751 1,396825 3,074135 -0,703300 0,551331 2,376725 -0,116485 0,706497 3,164609
-0,112569 -0,053141 3,170265 0,289980 1,413010 3,090839 -0,689009 0,558823 2,486680 -0,123865 0,699501 3,163808
-0,112358 -0,060322 3,170285 0,298682 1,410959 3,096992 -0,710582 0,624490 2,473074 -0,120313 0,693876 3,152819
-0,121561 -0,053857 3,174941 0,304060 1,401748 3,092563 -0,697131 0,639542 2,438259 -0,112603 0,686354 3,131705
-0,120817 -0,061058 3,175567 0,312840 1,396065 3,092357 -0,694841 0,650893 2,489446 -0,122760 0,681805 3,141989
-0,129134 -0,074849 3,159785 0,334916 1,408466 3,126978 -0,710819 0,777464 2,522711 -0,118325 0,676459 3,131204
-0,129731 -0,068322 3,156157 0,353395 1,400812 3,124616 -0,717064 0,983986 2,496612 -0,115512 0,680898 3,120790
-0,119637 -0,064374 3,155396 0,351064 1,404031 3,118134 -0,702122 1,076208 2,548629 -0,119084 0,685204 3,109507
-0,123999 -0,056433 3,157949 0,346740 1,405768 3,128044 -0,640062 1,340012 2,933876 -0,129179 0,695201 3,141488
-0,129483 -0,057878 3,160178 0,337675 1,403246 3,130620 -0,525476 1,345513 2,935241 -0,118634 0,685371 3,109860
-0,132166 -0,046886 3,152364 0,335302 1,413227 3,119818 -0,510983 1,397287 3,094669 -0,125646 0,696381 3,130991
