31 12
0,063850 -0,089643 3,192982 0,483381 1,363273 3,039302 -0,487359 1,324422 2,942559 0,051046 0,680262 3,169413
0,055472 -0,091363 3,193083 0,494083 1,367846 3,063935 -0,500261 1,250347 2,800698 0,047374 0,671391 3,158392
0,043609 -0,091386 3,197200 0,498718 1,366076 3,066838 -0,514896 1,137609 2,666346 0,054924 0,678990 3,180315
0,035184 -0,087387 3,210239 0,502233 1,359296 3,059918 -0,530755 0,992931 2,535961 0,051256 0,676853 3,169271
0,017689 -0,093282 3,215238 0,505665 1,358544 3,068859 -0,537085 0,830169 2,441825 0,044844 0,677761 3,191365
0,004195 -0,088326 3,216686 0,496799 1,351805 3,058262 -0,539129 0,664997 2,365587 0,044873 0,684559 3,191413
-0,005659 -0,081366 3,200552 0,494420 1,349982 3,065819 -0,540353 0,501716 2,323304 0,033378 0,689286 3,180751
-0,016928 -0,084141 3,205719 0,484846 1,340716 3,062782 -0,536761 0,351517 2,343420 0,025503 0,688205 3,158271
-0,014285 -0,075754 3,197477 0,477395 1,334605 3,046856 -0,521855 0,203603 2,425033 0,029343 0,700579 3,169549
-0,018907 -0,073878 3,190945 0,468109 1,334649 3,053254 -0,484495 0,107692 2,605592 0,011569 0,702713 3,180195
-0,015541 -0,076220 3,199872 0,458207 1,327168 3,045202 -0,452163 0,095239 2,782158 0,011523 0,697285 3,136510
-0,014101 -0,084833 3,201082 0,446643 1,330921 3,047456 -0,442140 0,106346 2,882500 0,014811 0,696057 3,147129
-0,015609 -0,084338 3,206175 0,435784 1,335447 3,050803 -0,468912 0,101366 2,804883 0,014811 0,696057 3,147129
-0,017352 -0,073219 3,202256 0,428669 1,337509 3,059242 -0,529861 0,093100 2,687396 0,011892 0,698381 3,158526
-0,023405 -0,070424 3,213660 0,428297 1,338165 3,066783 -0,587153 0,119947 2,552543 0,008623 0,711892 3,191856
-0,023312 -0,077829 3,211434 0,427510 1,343099 3,075165 -0,590050 0,095462 2,495158 -0,001746 0,695039 3,158501
-0,024739 -0,082283 3,201857 0,430280 1,347410 3,081960 -0,539863 0,036108 2,613593 -0,002147 0,699380 3,180334
-0,028374 -0,074300 3,217568 0,428126 1,339373 3,068136 -0,484714 0,012352 2,783318 -0,019318 0,700555 3,169155
-0,030525 -0,080776 3,204787 0,429764 1,341008 3,077297 -0,457697 0,023768 2,901007 -0,012131 0,699548 3,147424
-0,039489 -0,082374 3,213648 0,435088 1,345507 3,079036 -0,470035 0,019631 2,897635 -0,019781 0,700431 3,168754
-0,046379 -0,081627 3,212960 0,438817 1,354404 3,081844 -0,499274 0,026459 2,803733 -0,016050 0,690549 3,136165
-0,048382 -0,084450 3,197617 0,441762 1,348658 3,061084 -0,526117 0,046935 2,737031 -0,019468 0,695050 3,125319
-0,047316 -0,076219 3,201114 0,433168 1,346718 3,055059 -0,549659 0,122108 2,649691 -0,019476 0,688372 3,125280
-0,047526 -0,074397 3,204281 0,435575 1,336411 3,036281 -0,570173 0,232453 2,583064 -0,026269 0,684057 3,103695
-0,041510 -0,087346 3,195940 0,435214 1,348801 3,043913 -0,584911 0,386349 2,536617 -0,019028 0,681786 3,125495
-0,043412 -0,092531 3,197129 0,426630 1,345070 3,026627 -0,597167 0,584211 2,518161 -0,025996 0,672637 3,146945
-0,044329 -0,089211 3,183568 0,421597 1,343521 3,029819 -0,612192 0,788696 2,547645 -0,025778 0,669304 3,146945
-0,043584 -0,087522 3,171109 0,415102 1,341120 3,028203 -0,620940 0,970640 2,589131 -0,032103 0,671751 3,124930
-0,046765 -0,082611 3,180891 0,408625 1,343952 3,042316 -0,614123 1,128882 2,701574 -0,036141 0,672937 3,114249
-0,057215 -0,078479 3,160641 0,397857 1,341741 3,042859 -0,595040 1,261992 2,823080 -0,032775 0,675063 3,125099
-0,055432 -0,088357 3,140944 0,393845 1,349227 3,062142 -0,582525 1,345148 2,956620 -0,039035 0,670856 3,103417
