30 12
-0,055092 -0,078861 3,185836 0,354650 1,241326 2,882042 -0,455717 1,324672 2,874945 -0,049825 0,673773 3,135305
-0,051007 -0,075659 3,198364 0,360765 1,171502 2,754021 -0,380146 1,222387 2,717874 -0,053394 0,669166 3,145998
-0,050963 -0,093645 3,216118 0,359571 1,058259 2,630121 -0,297534 1,080258 2,567609 -0,045242 0,641605 3,123482
-0,055230 -0,091656 3,227122 0,352156 0,936095 2,531492 -0,217921 0,900630 2,438792 -0,047028 0,599530 3,148493
-0,056995 -0,105193 3,240670 0,347415 0,808479 2,476366 -0,161522 0,725475 2,362773 -0,065065 0,646460 3,223297
-0,059297 -0,103305 3,247529 0,337411 0,687600 2,484140 -0,117950 0,576168 2,359701 -0,048633 0,666465 3,257956
-0,066425 -0,082419 3,249729 0,332034 0,585013 2,457362 -0,068952 0,471840 2,360216 -0,059386 0,702117 3,245987
-0,067465 -0,071511 3,259833 0,295209 0,519033 2,467053 -0,009969 0,420092 2,369308 -0,054336 0,714059 3,235816
-0,069783 -0,067704 3,258751 0,270061 0,482834 2,414999 0,070767 0,425433 2,385164 -0,080503 0,730420 3,316921
-0,070550 -0,070774 3,269362 0,253111 0,427979 2,354796 0,107840 0,448736 2,454079 -0,080269 0,726897 3,316773
-0,070329 -0,079477 3,262961 0,272845 0,451652 2,398865 0,106390 0,453442 2,441612 -0,054802 0,713994 3,235749
-0,070980 -0,068073 3,258627 0,279582 0,502686 2,415541 0,099797 0,456272 2,443495 -0,076931 0,731535 3,305192
-0,066261 -0,070476 3,262166 0,289800 0,517260 2,446871 0,083568 0,447541 2,431566 -0,061701 0,718665 3,258646
-0,067900 -0,067314 3,256045 0,289007 0,524006 2,443564 0,084387 0,459534 2,422875 -0,080269 0,726897 3,316773
-0,070550 -0,067115 3,266991 0,269286 0,477580 2,374700 0,120353 0,499061 2,451615 -0,050447 0,716400 3,247276
-0,067996 -0,082609 3,268746 0,306355 0,468390 2,448943 0,129547 0,502438 2,455274 -0,058016 0,709436 3,247131
-0,067961 -0,071427 3,259407 0,301084 0,516746 2,447616 0,124723 0,490802 2,460001 -0,057777 0,712902 3,247084
-0,062274 -0,074814 3,253054 0,296442 0,509250 2,425765 0,100029 0,479533 2,451282 -0,054361 0,715251 3,258848
-0,063161 -0,071633 3,240880 0,300871 0,458455 2,450158 0,114001 0,504233 2,453733 -0,051162 0,714125 3,270722
-0,068679 -0,066275 3,237661 0,297901 0,466001 2,465096 0,118686 0,531127 2,449633 -0,057019 0,715137 3,223785
-0,060535 -0,078602 3,241283 0,293599 0,513361 2,452760 0,108591 0,564568 2,445945 -0,058478 0,709370 3,247069
-0,065294 -0,086524 3,234271 0,293562 0,575034 2,459767 0,084795 0,623861 2,451920 -0,037826 0,693124 3,270523
-0,061910 -0,092798 3,241732 0,284644 0,677972 2,494110 0,049009 0,707812 2,454262 -0,030703 0,672297 3,270507
-0,064605 -0,097917 3,236723 0,283675 0,813985 2,539811 -0,008182 0,813520 2,464355 -0,014145 0,632027 3,278996
-0,065766 -0,095080 3,224377 0,299303 0,942748 2,610569 -0,083601 0,948350 2,501122 -0,033756 0,630818 3,212798
-0,058910 -0,086150 3,218505 0,320483 1,058447 2,670027 -0,175403 1,087964 2,585480 -0,024073 0,640043 3,187927
-0,059166 -0,090759 3,200079 0,350495 1,168266 2,778558 -0,275648 1,211387 2,696225 -0,032172 0,656628 3,168232
-0,053329 -0,082931 3,209008 0,378615 1,263376 2,904755 -0,376041 1,310908 2,824907 -0,031901 0,673464 3,168093
-0,054143 -0,078999 3,188464 0,398247 1,329208 3,026949 -0,467100 1,379115 2,963998 -0,042941 0,673813 3,135566
-0,052462 -0,080703 3,180956 0,402272 1,351257 3,116813 -0,528763 1,408042 3,083293 -0,035740 0,678113 3,157456
