35 12
-0,059067 -0,070566 3,104261 0,389970 1,257872 3,063339 -0,520135 1,264646 3,054538 -0,067177 0,682489 3,145465
-0,059815 -0,071218 3,106346 0,373840 1,186158 2,974679 -0,495888 1,158314 2,931209 -0,067408 0,679106 3,145452
-0,059466 -0,083367 3,118709 0,337119 1,070011 2,864825 -0,446817 1,017675 2,780390 -0,074237 0,663144 3,166807
-0,058568 -0,088908 3,125517 0,286530 0,916532 2,744122 -0,391180 0,837690 2,712446 -0,074696 0,642873 3,166754
-0,061875 -0,086136 3,139592 0,241554 0,722868 2,638851 -0,339139 0,666164 2,628768 -0,067866 0,652178 3,145082
-0,063738 -0,071588 3,164582 0,212565 0,551473 2,572091 -0,292540 0,519055 2,551891 -0,060788 0,683472 3,167738
-0,066559 -0,055088 3,194712 0,169709 0,373687 2,473430 -0,244170 0,387924 2,462344 -0,060288 0,710552 3,167858
-0,068978 -0,056885 3,199258 0,134479 0,260152 2,350279 -0,219376 0,286613 2,356637 -0,067556 0,715041 3,189786
-0,069305 -0,061808 3,222901 0,159060 0,196435 2,262878 -0,243536 0,229964 2,262021 -0,049904 0,744023 3,247021
-0,058417 -0,068173 3,204037 0,210120 0,170182 2,213722 -0,335355 0,208479 2,215003 -0,050103 0,866559 3,295156
-0,056681 -0,043388 3,137515 0,318700 0,165714 2,214562 -0,461463 0,203711 2,201445 -0,057878 0,836377 3,271602
-0,059127 -0,041163 3,155962 0,417260 0,173666 2,373640 -0,561980 0,221917 2,244166 -0,061596 0,809164 3,259557
-0,057655 -0,036543 3,167703 0,439998 0,155965 2,371292 -0,598566 0,254636 2,275734 -0,061360 0,791727 3,259295
-0,061290 -0,045215 3,171007 0,513210 0,198273 2,430884 -0,588045 0,307785 2,314462 -0,042326 0,756410 3,224112
-0,056663 -0,047341 3,166442 0,551900 0,280541 2,525849 -0,551691 0,356711 2,340704 -0,049446 0,734471 3,201322
-0,056753 -0,043195 3,195974 0,504782 0,349201 2,483514 -0,482728 0,378669 2,333357 -0,069359 0,732791 3,176617
-0,060469 -0,049614 3,200361 0,381406 0,385449 2,398171 -0,397558 0,372957 2,295299 -0,031771 0,726578 3,212885
-0,064993 -0,051227 3,207334 0,226289 0,335552 2,347836 -0,326495 0,332365 2,275133 -0,053562 0,736888 3,212989
-0,068298 -0,038521 3,210013 0,144507 0,242712 2,302305 -0,278791 0,271361 2,267356 -0,039921 0,806402 3,263009
-0,073992 -0,064073 3,233366 0,130862 0,162500 2,221557 -0,271687 0,200689 2,224815 -0,050709 0,850465 3,272045
-0,068155 -0,113585 3,221787 0,183131 0,098386 2,197632 -0,346449 0,169314 2,220300 -0,061010 0,844073 3,259659
-0,087991 -0,087127 3,104322 0,322067 0,041900 2,163591 -0,466673 0,151264 2,207193 -0,057627 0,825842 3,271331
-0,071628 -0,048238 3,202064 0,477946 0,019816 2,231418 -0,620332 0,141775 2,231717 -0,064890 0,799482 3,294069
-0,079962 -0,050219 3,175555 0,617624 0,013144 2,326588 -0,774347 0,164721 2,312742 -0,057429 0,756478 3,224531
-0,078875 -0,043479 3,161325 0,799515 0,010450 2,424878 -0,906159 0,219387 2,397893 -0,061143 0,731267 3,235586
-0,080011 -0,060021 3,172166 1,008265 0,070138 2,627180 -1,008930 0,311638 2,474960 -0,063943 0,692437 3,178632
-0,077925 -0,065759 3,147732 1,087203 0,204538 2,740008 -1,074816 0,437524 2,557576 -0,074219 0,676643 3,166909
-0,080611 -0,076338 3,129164 1,104201 0,354693 2,776753 -1,087341 0,579058 2,641437 -0,080210 0,653997 3,101532
-0,078458 -0,073836 3,113105 1,096827 0,538179 2,848991 -1,059125 0,720136 2,725902 -0,088544 0,669723 3,166184
-0,082735 -0,082209 3,105722 1,058490 0,729549 2,948363 -0,998223 0,855178 2,786698 -0,074186 0,658084 3,123266
-0,081959 -0,073254 3,105558 0,977869 0,898589 3,013901 -0,919136 0,982932 2,862275 -0,084225 0,666813 3,133574
-0,081499 -0,075557 3,087915 0,865747 1,058483 3,085893 -0,833399 1,102715 2,940369 -0,080755 0,672314 3,144574
-0,082072 -0,066721 3,074447 0,741809 1,175845 3,151094 -0,743339 1,200644 3,011922 -0,080979 0,675656 3,144688
-0,079332 -0,065842 3,078012 0,607782 1,264447 3,182497 -0,654103 1,285831 3,066710 -0,081146 0,683333 3,166574
-0,081151 -0,066602 3,078696 0,491322 1,321559 3,209159 -0,571931 1,358796 3,131373 -0,077944 0,681165 3,155868
