16 12
-0,096284 -0,053096 3,183994 0,339823 1,422392 3,196758 -0,513523 1,353269 3,098044 -0,096907 0,698677 3,210536
-0,094491 -0,049302 3,204454 0,337502 1,408518 3,195084 -0,493817 1,302067 3,040141 -0,110125 0,697503 3,187221
-0,090408 -0,062884 3,203922 0,337667 1,406186 3,194916 -0,544831 1,085048 2,849279 -0,100445 0,690653 3,221686
-0,100818 -0,055251 3,224935 0,351178 1,407539 3,182466 -0,791687 0,899417 3,025022 -0,089665 0,688548 3,210974
-0,109206 -0,057917 3,214072 0,347877 1,409689 3,169144 -0,967301 0,732119 2,980021 -0,089665 0,688548 3,210974
-0,115783 -0,040178 3,213668 0,363374 1,416310 3,174665 -1,115041 0,396243 2,552520 -0,082686 0,690884 3,188611
-0,117674 -0,037070 3,223708 0,365202 1,414040 3,126651 -1,206390 0,270989 2,599028 -0,082462 0,701163 3,188885
-0,112875 -0,032359 3,206014 0,365993 1,397205 3,121387 -1,200222 0,245839 2,600781 -0,068503 0,694488 3,189532
-0,100503 -0,036840 3,228027 0,354369 1,403410 3,095569 -1,195796 0,249794 2,609165 -0,068274 0,697948 3,189687
-0,097367 -0,029869 3,205182 0,338905 1,402924 3,095183 -1,155293 0,285512 2,552505 -0,064634 0,688971 3,178634
-0,084732 -0,036162 3,205468 0,337736 1,413542 3,101060 -1,122410 0,322678 2,552667 -0,064710 0,696843 3,201115
-0,065741 -0,048839 3,217860 0,328647 1,408353 3,103114 -1,093035 0,499128 2,832009 -0,058437 0,694425 3,223848
-0,050436 -0,057905 3,187713 0,323551 1,419064 3,123720 -0,814275 0,674444 2,487350 -0,061589 0,688801 3,212428
-0,049171 -0,051302 3,189678 0,323152 1,426791 3,132849 -0,736879 0,812140 2,559379 -0,061136 0,688868 3,212485
-0,050918 -0,041071 3,199250 0,332185 1,421373 3,140660 -0,633714 1,206545 3,055316 -0,071942 0,693331 3,200691
-0,052882 -0,061187 3,199332 0,342931 1,407831 3,133586 -0,488765 1,251649 2,992042 -0,078942 0,693267 3,200330
