16 12
-0,082059 -0,055529 3,186219 0,351583 1,397073 3,173033 -0,525998 1,407692 3,160555 -0,081876 0,675454 3,144376
-0,082172 -0,054129 3,217184 0,336458 1,388733 3,131983 -0,525803 1,352500 2,904958 -0,071375 0,678789 3,178276
-0,103768 -0,063115 3,256612 0,337391 1,388227 3,118847 -0,180577 0,902000 2,240469 -0,078000 0,670312 3,221965
-0,121679 -0,046350 3,282540 0,338272 1,364126 3,103072 -0,080044 0,667186 2,093675 -0,069396 0,699960 3,234656
-0,135152 -0,026875 3,252100 0,341789 1,365297 3,102381 0,063512 0,241073 2,349626 -0,079999 0,751605 3,316879
-0,146358 -0,048135 3,279724 0,345907 1,360704 3,113347 0,127159 -0,045795 2,307836 -0,081110 0,776253 3,269060
-0,140959 -0,000250 3,293885 0,345852 1,347919 3,096388 0,163285 -0,119637 2,355103 -0,081110 0,776253 3,269060
-0,130374 -0,000523 3,345545 0,347283 1,360148 3,108042 0,200562 -0,134281 2,402019 -0,084754 0,771661 3,232632
-0,121931 0,011885 3,296895 0,341213 1,358070 3,116650 0,207916 -0,055833 2,378111 -0,078098 0,790704 3,256239
-0,121497 0,004830 3,266155 0,340774 1,363576 3,116606 0,197079 -0,011148 2,388119 -0,057488 0,791809 3,230942
-0,135073 -0,053312 3,178267 0,344549 1,371194 3,131335 0,137210 0,090720 2,329039 -0,057740 0,795000 3,230035
-0,119224 -0,037330 3,174680 0,349476 1,367569 3,114213 0,044192 0,302760 2,440143 -0,083586 0,750492 3,328428
-0,104784 -0,021456 3,162715 0,351907 1,374508 3,123399 -0,024570 0,468924 2,501759 -0,046099 0,716287 3,212610
-0,091442 -0,050775 3,175808 0,356481 1,383111 3,128935 -0,152970 0,828937 2,473279 -0,066521 0,657079 3,187851
-0,076181 -0,037262 3,171339 0,359298 1,376823 3,116351 -0,460024 1,268146 2,956705 -0,071027 0,681226 3,156228
-0,075238 -0,045010 3,144083 0,362352 1,384583 3,137826 -0,513205 1,337073 3,041990 -0,075341 0,679808 3,166681
