18 12
-0,064023 -0,051873 3,162113 0,366068 1,211753 2,933598 -0,444582 1,229561 2,820817 -0,064038 0,673611 3,134657
-0,081710 -0,061495 3,196027 0,455659 0,923704 2,568275 -0,198052 0,807577 2,371931 -0,080930 0,650298 3,187799
-0,080692 -0,064379 3,197841 0,442878 0,794314 2,537822 -0,133747 0,648729 2,292866 -0,075121 0,656257 3,166684
-0,089909 -0,039227 3,228013 0,313376 0,500680 2,433703 0,027739 0,468091 2,522414 -0,104638 0,726455 3,279526
-0,104034 -0,037153 3,259893 0,232075 0,269379 2,403879 0,086395 0,370364 2,453928 -0,103828 0,745000 3,389204
-0,109503 -0,043141 3,263961 0,241935 0,221122 2,410060 0,087015 0,303041 2,493643 -0,106123 0,737468 3,351413
-0,112416 -0,037084 3,228890 0,308824 0,189147 2,463644 0,112272 0,236576 2,540213 -0,101935 0,759904 3,339470
-0,134013 -0,029502 3,265819 0,270342 0,212442 2,434660 0,119176 0,257805 2,498121 -0,101273 0,808990 3,336316
-0,128090 -0,027851 3,250988 0,304098 0,206835 2,400724 0,106539 0,239291 2,496179 -0,078540 0,790299 3,268178
-0,127416 -0,031340 3,264363 0,345901 0,223375 2,431338 0,133542 0,262466 2,483218 -0,123430 0,748893 3,337268
-0,127709 -0,030240 3,254349 0,302391 0,236762 2,454637 0,125674 0,344744 2,533999 -0,123936 0,741868 3,337882
-0,118964 -0,034706 3,239588 0,277683 0,293271 2,481141 0,080539 0,378993 2,550843 -0,113779 0,745900 3,375299
-0,123284 -0,046601 3,229313 0,264170 0,485302 2,508085 -0,010893 0,483230 2,466038 -0,112252 0,712359 3,279042
-0,129327 -0,055403 3,217538 0,276695 0,746200 2,514845 -0,163924 0,800070 2,671697 -0,088359 0,647584 3,209780
-0,123433 -0,069581 3,198981 0,308316 0,902123 2,643415 -0,276363 0,973426 2,746406 -0,100228 0,625615 3,221095
-0,127283 -0,052006 3,177363 0,397894 1,182480 2,892866 -0,406006 1,203152 2,800066 -0,102403 0,669572 3,165304
-0,126066 -0,048783 3,154210 0,324852 1,337027 3,224338 -0,524163 1,302695 3,091658 -0,106586 0,678326 3,176076
-0,130005 -0,048399 3,147561 0,301524 1,311438 3,175187 -0,516009 1,305654 3,158642 -0,110122 0,683908 3,187102
