29 12
-0,095760 -0,085691 3,193421 0,367083 1,364127 3,085294 -0,560057 1,391781 3,080856 -0,053598 0,685922 3,146112
-0,096556 -0,081961 3,202986 0,361550 1,356694 3,067845 -0,567336 1,321138 2,905700 -0,046275 0,678352 3,124668
-0,096998 -0,087765 3,201060 0,360780 1,362158 3,066624 -0,544584 1,223855 2,703621 -0,039035 0,670856 3,103417
-0,105817 -0,079630 3,212888 0,364795 1,349236 3,067429 -0,496844 1,054269 2,479695 -0,032087 0,678422 3,124970
-0,112424 -0,081372 3,223429 0,360701 1,358765 3,080089 -0,438008 0,837171 2,296791 -0,035423 0,682368 3,179105
-0,122689 -0,071715 3,225911 0,357696 1,361140 3,089879 -0,382517 0,592877 2,182590 -0,043450 0,707252 3,202070
-0,129909 -0,074038 3,225107 0,357641 1,355304 3,092438 -0,325334 0,372596 2,117656 -0,077005 0,733621 3,281334
-0,133418 -0,067585 3,228450 0,356014 1,353674 3,091758 -0,281322 0,205430 2,108649 -0,054536 0,767564 3,169338
-0,147133 -0,091660 3,248995 0,354299 1,346942 3,079389 -0,252187 0,089414 2,117548 -0,052567 0,743983 3,199568
-0,151908 -0,101361 3,230615 0,355905 1,348170 3,085871 -0,236071 0,017429 2,122292 -0,059097 0,737396 3,200325
-0,161626 -0,107756 3,241845 0,355518 1,345293 3,084882 -0,221511 -0,028973 2,134283 -0,075852 0,740026 3,212098
-0,162333 -0,112120 3,234138 0,353070 1,345472 3,092541 -0,211438 -0,052418 2,134804 -0,069302 0,739921 3,211967
-0,163545 -0,108800 3,224477 0,355345 1,339253 3,083909 -0,196292 -0,052393 2,146642 -0,069639 0,744720 3,234817
-0,157313 -0,107936 3,235473 0,354665 1,338483 3,089165 -0,188716 -0,041155 2,153089 -0,069639 0,744720 3,234817
-0,157875 -0,101827 3,251054 0,356703 1,339969 3,093433 -0,190054 -0,015280 2,150493 -0,073232 0,745611 3,222885
-0,154626 -0,093646 3,242186 0,357095 1,342868 3,097311 -0,197585 0,015502 2,140701 -0,054996 0,742119 3,190039
-0,156662 -0,096597 3,264739 0,362223 1,347767 3,116146 -0,203484 0,040377 2,149551 -0,065870 0,740886 3,200495
-0,147274 -0,077452 3,248041 0,360949 1,351670 3,117530 -0,209296 0,078239 2,142896 -0,063055 0,758359 3,234471
-0,142686 -0,069112 3,261334 0,368076 1,349802 3,119676 -0,210825 0,132423 2,148791 -0,063149 0,756763 3,164618
-0,135664 -0,065751 3,241697 0,368469 1,357481 3,113776 -0,225907 0,216739 2,167939 -0,061491 0,767507 3,169168
-0,131040 -0,065703 3,252846 0,363369 1,367359 3,125135 -0,247521 0,329683 2,220697 -0,054059 0,715116 3,190507
-0,121463 -0,065466 3,247642 0,362745 1,366219 3,126613 -0,270939 0,475946 2,294578 -0,057420 0,712811 3,179192
-0,117983 -0,079268 3,234973 0,357011 1,367810 3,121051 -0,301352 0,642509 2,380495 -0,052709 0,687797 3,189224
-0,108019 -0,088676 3,229275 0,355932 1,364390 3,115285 -0,346944 0,819595 2,473190 -0,052074 0,663037 3,165953
-0,106238 -0,080354 3,229327 0,362700 1,358288 3,101055 -0,400192 1,002195 2,585341 -0,045786 0,673398 3,167568
-0,103253 -0,082511 3,219445 0,350938 1,370145 3,109268 -0,454182 1,140465 2,687878 -0,050042 0,678037 3,157133
-0,109361 -0,077343 3,194512 0,354957 1,363435 3,104527 -0,495704 1,260577 2,831470 -0,060788 0,683472 3,167738
-0,105364 -0,079214 3,201112 0,350447 1,375351 3,107898 -0,512607 1,327090 2,959667 -0,071369 0,685566 3,178330
-0,113490 -0,072407 3,209613 0,355214 1,363027 3,102546 -0,510567 1,367227 3,069891 -0,071130 0,695761 3,178395
