17 12
-0,060979 -0,047963 3,166988 0,326070 1,401163 3,136225 -0,518675 1,367434 3,108850 -0,094497 0,663660 3,100676
-0,068369 -0,036769 3,178789 0,327254 1,386060 3,138063 -0,490668 1,351041 3,004586 -0,063749 0,662756 3,113069
-0,069646 -0,058155 3,160069 0,341637 1,400293 3,165256 -0,437751 1,151135 2,623713 -0,060599 0,653120 3,167504
-0,095546 -0,038012 3,213299 0,339246 1,392996 3,145714 -0,121640 0,559250 2,063536 -0,114159 0,711025 3,326362
-0,110990 -0,021809 3,209401 0,332880 1,385235 3,139385 -0,068307 0,344157 2,045063 -0,081651 0,777417 3,263481
-0,112206 -0,008981 3,270750 0,333057 1,376560 3,134805 0,037034 0,014166 2,262215 -0,080483 0,769412 3,175764
-0,120881 -0,043762 3,257098 0,340150 1,376646 3,124244 0,091362 -0,093934 2,189628 -0,084742 0,764747 3,232562
-0,126950 -0,034448 3,269430 0,334706 1,375667 3,114595 0,116245 -0,112297 2,215110 -0,076308 0,747004 3,165788
-0,107412 -0,023469 3,289058 0,340213 1,369755 3,116708 0,153680 -0,094983 2,274015 -0,084998 0,774929 3,232043
-0,093029 0,019579 3,304314 0,337704 1,372785 3,117290 0,153613 -0,038108 2,288703 -0,063022 0,777375 3,211353
-0,096735 -0,016077 3,277764 0,338847 1,383762 3,127083 0,141589 -0,004030 2,296072 -0,077063 0,770194 3,164195
-0,113031 -0,048097 3,201989 0,342798 1,375433 3,134920 0,096944 0,092656 2,263932 -0,064240 0,779781 3,207869
-0,101518 -0,043083 3,159946 0,345272 1,381217 3,115140 0,000537 0,317360 2,428632 -0,060840 0,733417 3,212794
-0,094754 -0,034452 3,163230 0,341846 1,396108 3,114669 -0,061428 0,476985 2,470434 -0,045870 0,712799 3,212226
-0,079584 -0,074487 3,133252 0,336125 1,392131 3,098063 -0,162606 0,848296 2,495852 -0,063867 0,655952 3,200306
-0,075771 -0,062312 3,128463 0,344945 1,401602 3,123400 -0,449405 1,288532 2,958503 -0,067636 0,675709 3,145373
-0,075284 -0,057060 3,132712 0,341771 1,398108 3,115017 -0,505035 1,350582 3,056492 -0,074402 0,674691 3,123260
