21 12
-0,115293 -0,060249 3,168391 0,297022 1,316022 3,073717 -0,440044 1,355663 2,927152 -0,101364 0,681177 3,121849
-0,111437 -0,071778 3,178728 0,339900 1,283312 3,026950 -0,354905 1,328382 2,860478 -0,088307 0,686631 3,166287
-0,111759 -0,080798 3,181739 0,431477 1,089818 2,731658 -0,070012 1,021607 2,406090 -0,094133 0,666933 3,185669
-0,115179 -0,087580 3,211801 0,462342 1,016549 2,695664 0,020910 0,934683 2,377035 -0,107943 0,675359 3,267000
-0,121623 -0,081103 3,203612 0,480261 0,885257 2,617835 0,198664 0,851449 2,620859 -0,114554 0,705185 3,350748
-0,128178 -0,076202 3,211318 0,514291 0,753194 2,590759 0,311961 0,751441 2,569448 -0,124302 0,724861 3,398285
-0,130771 -0,077220 3,205718 0,527818 0,699398 2,573541 0,345203 0,735881 2,615964 -0,116523 0,723492 3,373267
-0,128199 -0,071459 3,213200 0,563689 0,743519 2,595419 0,355078 0,685817 2,632925 -0,123899 0,739606 3,399462
-0,129258 -0,070579 3,221100 0,535943 0,766002 2,628504 0,355668 0,691301 2,666858 -0,119884 0,737159 3,387179
-0,129972 -0,069627 3,221978 0,531602 0,741117 2,648923 0,358553 0,695204 2,692891 -0,114796 0,722905 3,350806
-0,134462 -0,070704 3,206560 0,534930 0,725133 2,600975 0,326408 0,671507 2,625739 -0,122290 0,726265 3,350070
-0,136144 -0,070018 3,218704 0,531782 0,719393 2,657119 0,322601 0,705245 2,670040 -0,107172 0,721632 3,326728
-0,135509 -0,073098 3,215107 0,516386 0,697209 2,649644 0,337195 0,728935 2,703420 -0,105201 0,730153 3,388059
-0,142405 -0,069064 3,213909 0,488747 0,734614 2,645511 0,301628 0,742474 2,656475 -0,107748 0,719336 3,350987
-0,138237 -0,076198 3,205469 0,447617 0,810629 2,710638 0,232686 0,856056 2,745360 -0,099481 0,700676 3,327383
-0,134080 -0,093159 3,224749 0,412091 0,887989 2,782037 0,169402 0,941612 2,781273 -0,098583 0,686690 3,327194
-0,132814 -0,088209 3,216508 0,389511 1,063761 2,823203 0,014155 1,051276 2,599867 -0,082855 0,662151 3,233940
-0,127273 -0,075240 3,196700 0,350731 1,243899 3,015544 -0,259594 1,364031 3,006470 -0,078327 0,685504 3,177966
-0,124204 -0,063286 3,200910 0,343084 1,302001 3,097592 -0,372389 1,419452 3,052987 -0,085279 0,692215 3,177632
-0,122591 -0,063148 3,178882 0,307960 1,325642 3,121876 -0,478178 1,369684 2,995559 -0,094984 0,692267 3,144015
-0,124545 -0,064878 3,179003 0,289374 1,334041 3,187742 -0,529477 1,352961 3,109461 -0,105820 0,690923 3,154225
