27 12
-0,135724 -0,111987 3,278360 0,230846 1,344049 3,233830 -0,525585 1,327500 3,219785 -0,103464 0,586786 3,362307
-0,140118 -0,114009 3,274271 0,237837 1,338431 3,236849 -0,561713 1,237467 3,158297 -0,104800 0,598279 3,412159
-0,146504 -0,109209 3,267098 0,236156 1,336769 3,235109 -0,606242 1,118177 3,118291 -0,114686 0,588641 3,373847
-0,157094 -0,113717 3,268960 0,242972 1,334972 3,245090 -0,646172 0,995595 3,077354 -0,118856 0,594100 3,386000
-0,160569 -0,119085 3,263861 0,247899 1,338644 3,244661 -0,670483 0,877672 3,079716 -0,118193 0,583039 3,361158
-0,166888 -0,118108 3,276751 0,248980 1,339266 3,242461 -0,667577 0,787154 3,085665 -0,128538 0,577495 3,348028
-0,172086 -0,118185 3,273390 0,249152 1,339684 3,236252 -0,637159 0,717764 3,090098 -0,135961 0,573823 3,347347
-0,173371 -0,117025 3,276795 0,248521 1,333953 3,218650 -0,618689 0,659841 3,042142 -0,125072 0,575959 3,360464
-0,172146 -0,115184 3,283043 0,243472 1,335808 3,224455 -0,656213 0,631381 3,049930 -0,135776 0,577408 3,347413
-0,168822 -0,115409 3,268753 0,238325 1,335609 3,212326 -0,752862 0,624452 3,089742 -0,129986 0,585284 3,397481
-0,166800 -0,119235 3,277072 0,234182 1,330779 3,197215 -0,883763 0,614002 3,117377 -0,118376 0,579427 3,360995
-0,166232 -0,114377 3,280786 0,230248 1,326412 3,181700 -0,967560 0,584280 3,100444 -0,129633 0,581242 3,372458
-0,169278 -0,116606 3,283910 0,235291 1,336878 3,202269 -0,956899 0,548750 3,084361 -0,129442 0,577754 3,372513
-0,172933 -0,115996 3,282737 0,237382 1,336723 3,194642 -0,945885 0,541538 3,096185 -0,125967 0,583359 3,385295
-0,175753 -0,118465 3,281726 0,238107 1,323950 3,203833 -0,970805 0,538300 3,120942 -0,121673 0,577459 3,348475
-0,177182 -0,116324 3,284625 0,238782 1,335865 3,198373 -1,056038 0,502576 3,080693 -0,132903 0,579258 3,359838
-0,177438 -0,114270 3,279916 0,241847 1,328370 3,209067 -1,221336 0,470456 3,133944 -0,135776 0,577408 3,347413
-0,177092 -0,115850 3,278515 0,245779 1,325249 3,201253 -1,328484 0,447197 3,195457 -0,136152 0,577286 3,347297
-0,178603 -0,117236 3,278285 0,250961 1,328449 3,210568 -1,372930 0,444464 3,235988 -0,137691 0,585071 3,396732
-0,175415 -0,115000 3,275857 0,258151 1,322672 3,189770 -1,388316 0,452000 3,263155 -0,150435 0,580695 3,346138
-0,178373 -0,116385 3,279947 0,264833 1,323434 3,200473 -1,367001 0,456767 3,236493 -0,147416 0,579070 3,358566
-0,175558 -0,113693 3,276256 0,258261 1,331471 3,217916 -1,193828 0,514275 2,993262 -0,150446 0,587758 3,346236
-0,174697 -0,115020 3,271930 0,251554 1,327397 3,218191 -1,101051 0,577173 2,901747 -0,144023 0,591796 3,371455
-0,172808 -0,114067 3,263730 0,240531 1,328774 3,215190 -1,008614 0,957626 3,332488 -0,122171 0,592068 3,373304
-0,174105 -0,110101 3,257327 0,236739 1,330749 3,206475 -0,687439 1,074428 2,956843 -0,114686 0,588641 3,373847
-0,172759 -0,111539 3,266743 0,237570 1,334762 3,208264 -0,585887 1,169808 3,004363 -0,114686 0,588641 3,373848
-0,171845 -0,110831 3,250679 0,229515 1,328379 3,197989 -0,462261 1,367261 3,310241 -0,118661 0,590581 3,385981
