21 12
-0,291336 -0,036030 3,042465 0,149436 1,357430 3,180135 -0,562772 1,237004 3,068087 -0,279790 0,651188 3,212211
-0,287292 -0,031900 3,036872 0,144359 1,364572 3,164865 -0,583777 1,126286 2,854032 -0,275123 0,649402 3,201585
-0,294008 -0,039470 3,052191 0,150999 1,356169 3,177737 -0,540877 0,922222 2,712147 -0,269962 0,634073 3,190175
-0,290274 -0,042601 3,046734 0,153383 1,359414 3,174147 -0,529270 0,814625 2,652684 -0,270184 0,630647 3,190388
-0,287147 -0,042528 3,047267 0,151953 1,339586 3,191937 -0,552168 0,602758 2,425202 -0,262038 0,623409 3,169352
-0,287282 -0,040117 3,039149 0,148462 1,350183 3,206647 -0,503135 0,479684 2,273779 -0,254241 0,632917 3,148648
-0,286517 -0,033713 3,060175 0,148366 1,340331 3,216203 -0,504772 0,438916 2,177319 -0,285110 0,646819 3,188543
-0,293253 -0,036500 3,047710 0,148784 1,345765 3,212422 -0,548971 0,380558 1,940381 -0,265515 0,658628 3,214627
-0,286067 -0,039311 3,021230 0,154272 1,335469 3,244792 -0,575291 0,368545 1,918814 -0,246018 0,668105 3,160136
-0,291328 -0,035695 3,031627 0,149893 1,349656 3,242604 -0,583032 0,342794 1,895009 -0,238432 0,666845 3,137627
-0,284955 -0,036586 3,016095 0,151099 1,338545 3,246353 -0,578715 0,322103 1,883628 -0,247665 0,699923 3,154943
-0,284524 -0,022136 3,039207 0,154609 1,333623 3,250471 -0,582809 0,328306 1,884516 -0,242784 0,685440 3,147604
-0,285838 -0,036721 3,025411 0,148377 1,334050 3,228713 -0,584683 0,338179 1,893811 -0,245590 0,661680 3,160781
-0,284390 -0,048748 3,033009 0,146525 1,338717 3,204499 -0,576199 0,385979 1,943804 -0,256804 0,639416 3,114527
-0,276747 -0,045572 3,035788 0,146145 1,341657 3,207657 -0,571716 0,493928 1,993843 -0,259205 0,628905 3,125775
-0,267291 -0,051234 3,019766 0,151177 1,348522 3,195867 -0,572475 0,584065 2,068861 -0,261173 0,617006 3,113736
-0,274450 -0,044539 3,028470 0,143924 1,358493 3,187171 -0,531947 0,859191 2,346770 -0,260942 0,620330 3,113403
-0,268847 -0,034622 3,020388 0,155362 1,378266 3,180279 -0,575822 1,060109 2,526795 -0,273669 0,641508 3,123787
-0,273195 -0,039713 3,022168 0,146449 1,365048 3,165938 -0,575463 1,145393 2,662952 -0,268580 0,648988 3,146427
-0,275920 -0,035837 3,013978 0,147860 1,348116 3,164394 -0,538595 1,255773 2,973816 -0,296294 0,655384 3,198120
-0,282843 -0,038804 3,013596 0,142715 1,374731 3,158198 -0,527100 1,257763 3,078480 -0,273697 0,648171 3,123851
