18 12
-0,160261 -0,075591 3,298385 0,133518 1,314829 3,228159 -0,586672 1,345969 3,159562 -0,115488 0,560343 3,398247
-0,160576 -0,065821 3,302513 0,130638 1,319781 3,233609 -0,623954 1,215117 3,081129 -0,107971 0,556891 3,398781
-0,166062 -0,071509 3,299690 0,130497 1,327617 3,237164 -0,685111 1,047838 2,998701 -0,122261 0,549659 3,397371
-0,166502 -0,068065 3,305611 0,130657 1,326790 3,238130 -0,771823 0,580975 2,680889 -0,118815 0,551297 3,385380
-0,169967 -0,071628 3,316854 0,133983 1,319354 3,225817 -0,719151 0,364687 2,612298 -0,110715 0,544206 3,361210
-0,165704 -0,077047 3,305835 0,136904 1,319237 3,224593 -0,658245 0,320802 2,597643 -0,115017 0,545873 3,373088
-0,165988 -0,073184 3,318347 0,138191 1,322442 3,243627 -0,655304 0,258561 2,666886 -0,119488 0,562199 3,410536
-0,159599 -0,079710 3,304474 0,142769 1,322750 3,247161 -0,796223 0,221386 2,774924 -0,122811 0,553115 3,397573
-0,160284 -0,077573 3,304070 0,132244 1,328329 3,239228 -0,738447 0,227317 2,631383 -0,126831 0,554944 3,409841
-0,162746 -0,076438 3,320007 0,135614 1,324414 3,243265 -0,669283 0,289054 2,685368 -0,114850 0,556592 3,373361
-0,162072 -0,072591 3,315628 0,135412 1,322868 3,240382 -0,841210 0,314025 2,869858 -0,122627 0,549594 3,397555
-0,163244 -0,082068 3,319292 0,134331 1,329427 3,250042 -0,870698 0,335446 2,788812 -0,111325 0,547860 3,385924
-0,166790 -0,079753 3,311154 0,136688 1,318957 3,255599 -0,834901 0,514652 2,830787 -0,115475 0,546043 3,398036
-0,165575 -0,077624 3,298031 0,140181 1,306233 3,252763 -0,716371 0,782004 2,626048 -0,130875 0,556785 3,422184
-0,167291 -0,074437 3,303057 0,134057 1,321200 3,242237 -0,690828 0,951410 2,700033 -0,127552 0,558721 3,435225
-0,175481 -0,072749 3,290894 0,135307 1,315002 3,241059 -0,617876 1,335977 3,198067 -0,130510 0,556880 3,422154
-0,179009 -0,070370 3,299623 0,126227 1,324930 3,246178 -0,560859 1,371588 3,243391 -0,130698 0,560439 3,422267
-0,184947 -0,073581 3,289653 0,122963 1,314959 3,220734 -0,539448 1,394115 3,315152 -0,152094 0,552767 3,395010
