30 12
-0,153767 -0,077281 3,214128 0,150372 1,303388 3,186789 -0,441563 1,297048 3,181930 -0,091513 0,538871 3,302057
-0,147955 -0,080402 3,210069 0,148846 1,304366 3,190626 -0,471146 1,295705 3,138440 -0,077006 0,542508 3,303005
-0,149632 -0,095605 3,226027 0,148306 1,300486 3,186009 -0,521424 1,268137 3,069078 -0,076241 0,528611 3,256013
-0,142805 -0,083078 3,234896 0,158608 1,297154 3,196273 -0,611219 1,213247 2,957651 -0,079801 0,533783 3,267451
-0,143790 -0,089355 3,227698 0,163396 1,296403 3,204569 -0,713062 1,126569 2,838141 -0,080563 0,537192 3,290853
-0,142073 -0,092121 3,240261 0,172001 1,298421 3,205742 -0,819783 1,050838 2,788341 -0,077008 0,535545 3,302923
-0,142267 -0,092673 3,242350 0,182681 1,286856 3,217711 -0,865500 0,968719 2,691558 -0,076621 0,532056 3,279314
-0,142544 -0,092237 3,248357 0,188185 1,281917 3,220799 -0,836543 0,892585 2,600077 -0,066095 0,533863 3,291642
-0,144992 -0,091885 3,246330 0,189926 1,299080 3,247992 -0,732882 0,815973 2,462041 -0,065776 0,530395 3,268182
-0,148183 -0,092259 3,245652 0,186624 1,305461 3,246208 -0,573845 0,734009 2,341293 -0,061903 0,525296 3,256705
-0,153898 -0,102814 3,247810 0,176909 1,296098 3,231410 -0,369304 0,649118 2,271683 -0,096854 0,537439 3,436129
-0,165750 -0,097347 3,243325 0,174386 1,288353 3,229101 -0,110725 0,555521 2,209259 -0,113298 0,552066 3,487623
-0,167401 -0,101515 3,231450 0,166881 1,300785 3,220545 0,113741 0,504612 2,311925 -0,113485 0,555718 3,487910
-0,178201 -0,108167 3,217666 0,157225 1,289489 3,207006 0,300147 0,510063 2,556190 -0,124189 0,546177 3,448112
-0,178257 -0,099849 3,217870 0,157834 1,305649 3,218456 0,391953 0,526236 2,702821 -0,112929 0,555197 3,436191
-0,185560 -0,099742 3,226236 0,161049 1,300694 3,222634 0,437979 0,531620 2,773556 -0,113567 0,559001 3,461932
-0,185999 -0,101517 3,214670 0,155328 1,311146 3,235456 0,446735 0,535659 2,782654 -0,121878 0,559035 3,487176
-0,187737 -0,097867 3,224640 0,160709 1,291133 3,211722 0,432472 0,543879 2,753983 -0,138598 0,556544 3,421249
-0,187429 -0,101164 3,226935 0,166424 1,302955 3,230319 0,380944 0,558232 2,683276 -0,131615 0,553341 3,447620
-0,180187 -0,111301 3,217536 0,167473 1,294375 3,211039 0,302670 0,586201 2,618223 -0,134567 0,544296 3,434338
-0,186688 -0,110058 3,208123 0,174189 1,265411 3,203532 0,190310 0,629649 2,544988 -0,126633 0,537075 3,409601
-0,182374 -0,114289 3,214647 0,169731 1,298684 3,212017 0,068864 0,706523 2,517601 -0,097559 0,522901 3,411381
-0,182899 -0,109436 3,217312 0,159163 1,302243 3,198014 -0,068220 0,805372 2,522956 -0,065098 0,488481 3,312662
-0,178759 -0,090156 3,224778 0,149429 1,350313 3,214480 -0,193389 0,928378 2,598926 -0,065420 0,530447 3,268106
-0,177597 -0,092790 3,214778 0,160921 1,280884 3,181211 -0,288826 1,059616 2,687471 -0,068653 0,521878 3,233351
-0,171901 -0,081622 3,209365 0,154806 1,296855 3,191825 -0,369670 1,172253 2,824783 -0,086637 0,540526 3,244003
-0,169303 -0,084653 3,202926 0,146535 1,287562 3,141119 -0,419010 1,249284 2,964436 -0,101986 0,543956 3,289600
-0,172393 -0,082255 3,175261 0,146876 1,312668 3,166212 -0,434460 1,289810 3,069698 -0,090575 0,538764 3,255233
-0,173908 -0,079247 3,185212 0,141790 1,317083 3,165249 -0,431715 1,313044 3,165419 -0,097150 0,535239 3,231790
-0,177304 -0,078633 3,168783 0,136337 1,318531 3,158617 -0,430161 1,315963 3,185706 -0,094357 0,540484 3,266621
