29 12
-0,210731 -0,091869 3,285166 0,038999 1,317759 3,190333 -0,573664 1,326149 3,131255 -0,127808 0,545638 3,323438
-0,212443 -0,085415 3,283657 0,034267 1,312538 3,199579 -0,579015 1,272092 3,057121 -0,146368 0,550689 3,333950
-0,216562 -0,087945 3,289933 0,037400 1,318188 3,190295 -0,589116 1,203404 2,988175 -0,150204 0,549004 3,345711
-0,218661 -0,087458 3,298433 0,040283 1,316281 3,197500 -0,585744 1,157175 2,957388 -0,142184 0,545471 3,322189
-0,220999 -0,087795 3,294151 0,039019 1,327830 3,213666 -0,580386 1,164263 2,929108 -0,147180 0,547287 3,358208
-0,221669 -0,091224 3,281693 0,046553 1,304597 3,190388 -0,578888 1,185488 2,918701 -0,147004 0,550880 3,358270
-0,218858 -0,086533 3,292271 0,035760 1,320442 3,205977 -0,576410 1,181887 2,914459 -0,142191 0,552474 3,322278
-0,219087 -0,085961 3,307101 0,038387 1,301193 3,185399 -0,573546 1,164548 2,889368 -0,139573 0,554548 3,358920
-0,223842 -0,094216 3,299714 0,038878 1,308592 3,192972 -0,575397 1,127047 2,863058 -0,138790 0,543849 3,334464
-0,222402 -0,093768 3,299945 0,041640 1,302112 3,194107 -0,586499 1,057115 2,787992 -0,135741 0,542132 3,346936
-0,219802 -0,087765 3,306591 0,038233 1,311926 3,213952 -0,607401 0,942474 2,710244 -0,138599 0,533345 3,334187
-0,226787 -0,092369 3,307245 0,033070 1,311631 3,210889 -0,622637 0,760155 2,641396 -0,141992 0,535014 3,321992
-0,230648 -0,094708 3,312274 0,034350 1,313773 3,206580 -0,635168 0,525508 2,593397 -0,145807 0,540281 3,333609
-0,228121 -0,087427 3,291351 0,035138 1,309677 3,210406 -0,636862 0,297533 2,591900 -0,126780 0,538409 3,275840
-0,225069 -0,085826 3,295825 0,041966 1,310591 3,213802 -0,638943 0,122600 2,666590 -0,135355 0,545433 3,322705
-0,224893 -0,088669 3,301259 0,041361 1,307348 3,208876 -0,637930 0,037099 2,719012 -0,133028 0,547311 3,359201
-0,225269 -0,088520 3,296598 0,046764 1,310995 3,204799 -0,638026 0,004278 2,733873 -0,128166 0,545517 3,323304
-0,217334 -0,093346 3,306595 0,045306 1,311855 3,211681 -0,640285 0,010134 2,715419 -0,129055 0,552587 3,347373
-0,212546 -0,091310 3,304303 0,045344 1,319974 3,215814 -0,641457 0,052250 2,679581 -0,128692 0,545684 3,347574
-0,209541 -0,092184 3,298384 0,043464 1,298575 3,196339 -0,645369 0,136349 2,659714 -0,120145 0,545563 3,300133
-0,208066 -0,096906 3,310030 0,040580 1,321559 3,206452 -0,642352 0,249856 2,632749 -0,132306 0,550714 3,334934
-0,204289 -0,098303 3,312971 0,039183 1,318475 3,208922 -0,635578 0,402708 2,607374 -0,119958 0,535179 3,300040
-0,205850 -0,098786 3,318026 0,038758 1,314666 3,193171 -0,616106 0,581495 2,564249 -0,123690 0,540432 3,311655
-0,203491 -0,093737 3,306070 0,039540 1,301805 3,192588 -0,608517 0,775652 2,562624 -0,127624 0,542177 3,323342
-0,204268 -0,089066 3,304889 0,046350 1,292996 3,187732 -0,593798 0,975828 2,675239 -0,131585 0,550959 3,335190
-0,209343 -0,087929 3,303229 0,034842 1,319436 3,211794 -0,578038 1,141590 2,789201 -0,127808 0,545638 3,323438
-0,215448 -0,091038 3,302302 0,037151 1,297811 3,193701 -0,568757 1,247704 2,914423 -0,127627 0,549181 3,323431
-0,213236 -0,090987 3,299262 0,039131 1,313176 3,198215 -0,557081 1,325809 3,040717 -0,142184 0,545471 3,322189
-0,219264 -0,091475 3,299419 0,038333 1,310931 3,190666 -0,550462 1,363104 3,143371 -0,139573 0,554548 3,358920
