31 12
-0,167426 -0,133652 3,130119 0,220577 1,308038 3,046660 -0,484110 0,990388 2,807439 -0,151354 0,575097 3,182620
-0,167696 -0,136723 3,127220 0,214798 1,308869 3,050652 -0,553449 0,959411 2,803156 -0,142285 0,584146 3,217396
-0,165235 -0,132156 3,114519 0,217257 1,317748 3,058856 -0,617462 0,931694 2,804133 -0,145393 0,582229 3,205769
-0,171156 -0,128650 3,128110 0,205377 1,311581 3,047426 -0,663517 0,915544 2,791504 -0,152369 0,582130 3,205115
-0,171495 -0,127331 3,123830 0,211615 1,307395 3,038627 -0,677809 0,908965 2,775281 -0,148483 0,580324 3,194210
-0,174750 -0,132951 3,136617 0,207929 1,314878 3,044174 -0,688437 0,892885 2,784724 -0,155436 0,580224 3,193548
-0,176618 -0,130099 3,132385 0,206941 1,315504 3,038201 -0,741918 0,877870 2,823375 -0,161319 0,579848 3,170571
-0,183152 -0,130273 3,133191 0,208879 1,310223 3,035888 -0,863481 0,829154 2,850918 -0,159144 0,585465 3,204389
-0,182831 -0,131544 3,121784 0,202440 1,311964 3,022126 -0,981256 0,738368 2,829071 -0,162586 0,583448 3,192901
-0,190233 -0,125823 3,131424 0,207190 1,298090 3,023974 -1,165049 0,666838 2,919917 -0,159340 0,582028 3,204435
-0,196057 -0,124377 3,124119 0,209132 1,300222 3,016216 -1,260895 0,587102 2,972803 -0,159340 0,582028 3,204435
-0,193836 -0,135764 3,125409 0,206547 1,304134 3,005998 -1,301400 0,537769 3,075938 -0,179643 0,577868 3,179852
-0,196506 -0,129476 3,128635 0,210144 1,303311 3,017159 -1,330208 0,510520 3,154447 -0,187897 0,575749 3,145643
-0,198336 -0,134480 3,124621 0,211146 1,294005 3,010940 -1,327288 0,503179 3,205969 -0,199306 0,580547 3,155491
-0,197997 -0,133809 3,126206 0,210765 1,296539 3,019386 -1,326430 0,510372 3,230516 -0,179263 0,584742 3,179941
-0,197218 -0,134249 3,127516 0,211627 1,308368 3,032815 -1,334478 0,515950 3,257310 -0,193282 0,581067 3,178366
-0,194091 -0,138651 3,128277 0,208819 1,313504 3,037957 -1,340964 0,532399 3,309805 -0,190989 0,586825 3,212266
-0,192981 -0,134532 3,114294 0,202765 1,309343 3,030497 -1,311642 0,535144 3,251892 -0,172139 0,581528 3,180571
-0,201090 -0,134179 3,123103 0,200251 1,306736 3,021497 -1,320130 0,555178 3,259457 -0,186371 0,581191 3,179162
-0,197988 -0,133817 3,127338 0,200609 1,310158 3,023231 -1,284538 0,566579 3,197031 -0,165420 0,584969 3,181413
-0,199788 -0,127573 3,129018 0,194414 1,314522 3,015969 -1,267600 0,606815 3,184988 -0,184224 0,590309 3,213207
-0,198463 -0,140518 3,122740 0,196246 1,306723 3,015398 -1,231416 0,656317 3,138812 -0,184417 0,586846 3,213200
-0,197718 -0,135419 3,148599 0,189266 1,290228 2,991585 -1,173240 0,715310 3,060181 -0,177438 0,586966 3,213970
-0,193650 -0,130096 3,136031 0,188725 1,309499 3,012955 -1,104057 0,793756 3,055002 -0,173281 0,588599 3,203065
-0,193520 -0,127771 3,134356 0,186768 1,303813 3,008202 -1,011844 0,864587 2,998708 -0,173281 0,588599 3,203065
-0,192699 -0,131409 3,140327 0,179287 1,300842 2,998829 -0,917868 0,931654 2,988977 -0,173272 0,581809 3,202998
-0,195113 -0,132054 3,148035 0,183568 1,299012 3,016867 -0,839294 0,999961 2,982982 -0,176272 0,579898 3,191403
-0,194547 -0,139261 3,143986 0,183897 1,304351 3,021917 -0,758775 1,066446 2,971413 -0,173647 0,574894 3,202893
-0,193625 -0,135174 3,147351 0,185522 1,299912 3,029775 -0,678751 1,111798 2,973199 -0,173272 0,581809 3,202998
-0,199483 -0,135215 3,156314 0,187904 1,294959 3,025440 -0,598959 1,131991 2,988354 -0,185034 0,590738 3,235868
-0,199913 -0,130902 3,152950 0,186486 1,296858 3,041360 -0,541329 1,148253 2,988223 -0,179394 0,587697 3,259800
