29 12
-0,187389 -0,079506 3,259337 0,131038 1,326229 3,203147 -0,467665 1,324909 3,164139 -0,099550 0,549551 3,349838
-0,187524 -0,082369 3,252296 0,133540 1,329496 3,206193 -0,522724 1,309894 3,113838 -0,099728 0,545973 3,349740
-0,181763 -0,080746 3,259146 0,129827 1,323744 3,190370 -0,620268 1,253996 3,040115 -0,100088 0,553230 3,374401
-0,180406 -0,087767 3,257883 0,137714 1,313854 3,202091 -0,730703 1,191978 2,987394 -0,092301 0,549613 3,350316
-0,179077 -0,088082 3,262485 0,147880 1,315680 3,206418 -0,833982 1,125086 2,933406 -0,092480 0,546035 3,350210
-0,174597 -0,090274 3,258791 0,143749 1,301363 3,197916 -0,889462 1,039507 2,845659 -0,092480 0,546035 3,350210
-0,168832 -0,096033 3,277332 0,158180 1,317902 3,223697 -0,888065 0,952565 2,744605 -0,092974 0,549689 3,374774
-0,169411 -0,094187 3,279113 0,164576 1,320829 3,241475 -0,829849 0,880378 2,644536 -0,092974 0,549689 3,374774
-0,169256 -0,091999 3,297087 0,163920 1,313901 3,245077 -0,701682 0,807757 2,525262 -0,081456 0,548023 3,363160
-0,170365 -0,103141 3,286276 0,162256 1,329692 3,263864 -0,537431 0,744214 2,421491 -0,081531 0,537479 3,387420
-0,178582 -0,107236 3,302455 0,154324 1,313133 3,242125 -0,329395 0,697851 2,362401 -0,088250 0,519334 3,408775
-0,179669 -0,112838 3,281720 0,151870 1,304314 3,232122 -0,102297 0,646673 2,317741 -0,105990 0,548464 3,488353
-0,188551 -0,122506 3,288388 0,158228 1,310469 3,254785 0,093491 0,639318 2,444726 -0,108057 0,518395 3,512020
-0,187976 -0,111423 3,291326 0,149550 1,312899 3,239676 0,236103 0,647860 2,642505 -0,117254 0,546414 3,474586
-0,186879 -0,119895 3,287255 0,146997 1,328446 3,264638 0,306394 0,648769 2,741361 -0,126176 0,553953 3,526881
-0,181775 -0,109842 3,286902 0,153970 1,315905 3,253255 0,336477 0,640616 2,774907 -0,121676 0,552133 3,513631
-0,182985 -0,118093 3,284738 0,150090 1,312635 3,248619 0,319039 0,635460 2,757212 -0,118431 0,550372 3,527376
-0,178093 -0,109510 3,292668 0,154815 1,330139 3,265384 0,282197 0,649313 2,722066 -0,125079 0,550185 3,500052
-0,183750 -0,119345 3,299267 0,162551 1,298741 3,263083 0,209756 0,666942 2,661395 -0,118796 0,557676 3,527515
-0,177170 -0,119319 3,295033 0,169681 1,314256 3,280215 0,115905 0,695911 2,594665 -0,103851 0,520442 3,499707
-0,172652 -0,115749 3,287597 0,164594 1,305756 3,268456 0,003221 0,751196 2,544878 -0,087528 0,528388 3,476291
-0,168770 -0,123797 3,298971 0,156720 1,327232 3,252339 -0,121002 0,822427 2,535373 -0,074502 0,512312 3,436763
-0,165323 -0,101964 3,322389 0,168751 1,325878 3,222357 -0,237078 0,919609 2,572234 -0,080560 0,530303 3,361634
-0,162360 -0,106317 3,310567 0,166974 1,319224 3,261681 -0,328251 1,023548 2,622756 -0,081344 0,541033 3,387204
-0,161835 -0,099749 3,307608 0,175853 1,311174 3,251862 -0,403711 1,130018 2,725694 -0,077841 0,546350 3,375556
-0,157709 -0,102346 3,293778 0,154944 1,319846 3,239276 -0,451811 1,213961 2,831836 -0,074361 0,544499 3,363536
-0,160016 -0,103021 3,303146 0,149604 1,317526 3,227187 -0,479494 1,281098 2,939481 -0,074361 0,544499 3,363536
-0,158543 -0,093567 3,291231 0,152937 1,327568 3,235534 -0,478186 1,317788 3,055089 -0,078202 0,546297 3,375662
-0,156510 -0,099082 3,283811 0,147632 1,334982 3,239002 -0,459180 1,344361 3,140052 -0,088910 0,544395 3,362691
