34 12
-0,219287 -0,073867 3,239805 0,124551 1,305786 3,242147 -0,491590 1,272897 3,218043 -0,153571 0,550595 3,333272
-0,219452 -0,069446 3,244585 0,120868 1,299322 3,218022 -0,506177 1,291540 3,200326 -0,150023 0,552571 3,345687
-0,221830 -0,070084 3,245697 0,123553 1,299109 3,217091 -0,520926 1,286659 3,135500 -0,142369 0,548917 3,322219
-0,225267 -0,074134 3,246467 0,125441 1,297390 3,221557 -0,530741 1,251970 3,037675 -0,138209 0,543720 3,310532
-0,219905 -0,075593 3,245998 0,124598 1,295314 3,225671 -0,531373 1,199875 2,938114 -0,142184 0,545471 3,322189
-0,223316 -0,076922 3,259785 0,130988 1,287175 3,233655 -0,515281 1,143131 2,853263 -0,146182 0,547232 3,333915
-0,226365 -0,074725 3,266187 0,136990 1,284678 3,229023 -0,465848 1,078443 2,759347 -0,127624 0,542177 3,323342
-0,226855 -0,084204 3,260075 0,144763 1,271441 3,234107 -0,387258 1,013696 2,659717 -0,123321 0,533495 3,311241
-0,230336 -0,080210 3,270684 0,132994 1,289485 3,210775 -0,286667 0,957652 2,612389 -0,119775 0,524789 3,299873
-0,229808 -0,090829 3,272595 0,115820 1,344225 3,256898 -0,195097 0,918157 2,629387 -0,115617 0,509136 3,310479
-0,226819 -0,089340 3,265189 0,122031 1,318386 3,226711 -0,135950 0,885885 2,626545 -0,123637 0,515963 3,334360
-0,230656 -0,080752 3,270757 0,120368 1,293293 3,207143 -0,128374 0,845437 2,590301 -0,122404 0,508994 3,308771
-0,235308 -0,086059 3,278183 0,121703 1,300550 3,222204 -0,149945 0,810021 2,561745 -0,123780 0,501655 3,356856
-0,235864 -0,091551 3,293297 0,124121 1,298428 3,228347 -0,178001 0,784407 2,546203 -0,122553 0,487651 3,330170
-0,229997 -0,090952 3,279363 0,120747 1,293465 3,222669 -0,208330 0,776008 2,568444 -0,119282 0,489288 3,342565
-0,227357 -0,090837 3,292821 0,121296 1,296689 3,197958 -0,266936 0,766313 2,615050 -0,125956 0,503529 3,318881
-0,224169 -0,084506 3,303721 0,122901 1,288795 3,203600 -0,388868 0,730549 2,591835 -0,118685 0,510876 3,297834
-0,213404 -0,094665 3,284855 0,120942 1,294698 3,206845 -0,573960 0,669876 2,557944 -0,122956 0,519542 3,310435
-0,210623 -0,089002 3,290374 0,130672 1,292170 3,215101 -0,796756 0,600730 2,644084 -0,121448 0,538712 3,348063
-0,206733 -0,084576 3,283698 0,135733 1,299035 3,217836 -1,005721 0,525350 2,658685 -0,131043 0,543803 3,311153
-0,203936 -0,081381 3,281631 0,140858 1,293108 3,211062 -1,175658 0,483190 2,700562 -0,141997 0,542013 3,322081
-0,204690 -0,086082 3,275810 0,145141 1,302680 3,216204 -1,246279 0,463008 2,728324 -0,150857 0,536486 3,262099
-0,203680 -0,083507 3,266002 0,147648 1,294494 3,212636 -1,258918 0,467285 2,753939 -0,154630 0,534778 3,273306
-0,202944 -0,085046 3,271829 0,150151 1,289920 3,208648 -1,237997 0,480116 2,762863 -0,151687 0,539991 3,285497
-0,204013 -0,082371 3,276772 0,142514 1,290276 3,205199 -1,199305 0,506790 2,754112 -0,155487 0,538282 3,296850
-0,207758 -0,083888 3,271980 0,132901 1,299932 3,213019 -1,142318 0,558728 2,765062 -0,156544 0,545287 3,320827
-0,208373 -0,087572 3,265990 0,124673 1,291748 3,193312 -1,067770 0,637468 2,790359 -0,156356 0,541832 3,320707
-0,210255 -0,079058 3,271502 0,118674 1,304325 3,198745 -0,984775 0,740022 2,786475 -0,150204 0,549004 3,345712
-0,207285 -0,081145 3,253745 0,114157 1,307890 3,195181 -0,873742 0,863415 2,810151 -0,145995 0,543763 3,333802
-0,210075 -0,084036 3,269863 0,108510 1,303767 3,192015 -0,751468 0,989278 2,835410 -0,142184 0,545471 3,322189
-0,208565 -0,080444 3,260417 0,110583 1,280123 3,179617 -0,647633 1,107701 2,919778 -0,142184 0,545471 3,322189
-0,214688 -0,083708 3,251291 0,116573 1,283294 3,185474 -0,558571 1,208461 3,020309 -0,142369 0,548917 3,322219
-0,216460 -0,080624 3,261906 0,111616 1,295473 3,193638 -0,483046 1,267780 3,152571 -0,142003 0,549014 3,322169
-0,218228 -0,080470 3,252975 0,110895 1,291831 3,190822 -0,435296 1,292159 3,220142 -0,142369 0,548917 3,322219
