20 12
-0,210851 -0,054352 3,286843 0,094388 1,315459 3,239101 -0,479425 1,214065 2,971548 -0,145609 0,556609 3,420887
-0,208949 -0,046353 3,304825 0,096897 1,303707 3,233765 -0,438589 1,149292 2,853648 -0,144768 0,545716 3,395588
-0,210815 -0,049447 3,314328 0,109773 1,292687 3,235438 -0,343696 1,128833 2,869269 -0,129946 0,542371 3,396847
-0,212606 -0,065053 3,319984 0,077406 1,339591 3,248858 -0,103392 0,942567 2,560142 -0,129383 0,520901 3,419478
-0,217842 -0,072162 3,301439 0,084819 1,313094 3,243459 -0,015026 0,923474 2,612112 -0,129769 0,499443 3,420211
-0,219497 -0,069602 3,306373 0,081066 1,287393 3,223487 0,066297 0,876727 2,738427 -0,115399 0,485236 3,421933
-0,213458 -0,067966 3,285665 0,082499 1,296475 3,237891 0,000265 0,810063 2,776171 -0,114870 0,455892 3,443017
-0,206129 -0,068236 3,293868 0,079985 1,309955 3,242578 -0,102400 0,785420 2,806079 -0,129614 0,522168 3,485223
-0,192607 -0,068055 3,327618 0,088766 1,315515 3,239840 -0,393182 0,585294 2,334548 -0,117741 0,504386 3,428769
-0,176857 -0,060679 3,304842 0,098352 1,301183 3,218526 -0,926479 0,617426 2,939933 -0,111325 0,547860 3,385924
-0,170700 -0,061081 3,307337 0,100412 1,315282 3,236695 -1,065928 0,567594 2,856337 -0,104764 0,547993 3,411403
-0,173459 -0,053186 3,327479 0,097144 1,315174 3,223806 -1,089862 0,507255 2,710597 -0,119480 0,555023 3,410427
-0,174075 -0,054563 3,327576 0,090575 1,323822 3,225059 -0,995881 0,517067 2,631380 -0,115475 0,546043 3,398036
-0,174959 -0,051044 3,318872 0,082850 1,322779 3,213562 -0,927276 0,555846 2,615534 -0,114844 0,549489 3,373261
-0,169379 -0,053209 3,313461 0,077209 1,328466 3,217091 -0,860518 0,795225 2,907963 -0,100632 0,549805 3,399191
-0,167692 -0,049239 3,306065 0,079998 1,319615 3,215948 -0,645174 0,948461 2,726927 -0,104588 0,551631 3,411507
-0,171676 -0,057699 3,290495 0,079775 1,323020 3,216241 -0,586917 1,071138 2,828303 -0,104764 0,547993 3,411403
-0,175454 -0,055663 3,266142 0,080212 1,317549 3,205956 -0,474497 1,312561 3,254466 -0,109354 0,553571 3,449363
-0,178969 -0,052587 3,290213 0,088045 1,312719 3,214900 -0,435237 1,339796 3,306083 -0,115764 0,557034 3,423357
-0,186559 -0,050305 3,294816 0,089461 1,317893 3,217213 -0,455412 1,324427 3,273345 -0,115945 0,553397 3,423347
