20 12
-0,266815 -0,065596 3,317489 0,090285 1,311880 3,219763 -0,530346 1,323843 3,140705 -0,175012 0,549015 3,417828
-0,267457 -0,065971 3,317990 0,095978 1,319176 3,232340 -0,573462 1,224950 2,957921 -0,174839 0,552670 3,417876
-0,269259 -0,069495 3,313914 0,097523 1,313836 3,233930 -0,559219 1,114287 2,885426 -0,175012 0,549015 3,417828
-0,272994 -0,073614 3,311873 0,105746 1,316992 3,234167 -0,560955 1,066100 2,854103 -0,174454 0,545563 3,417488
-0,270292 -0,072567 3,317886 0,099061 1,314213 3,239329 -0,555695 1,057602 2,790673 -0,170467 0,540161 3,405395
-0,269365 -0,077046 3,296795 0,102057 1,324969 3,235957 -0,534750 0,977652 2,754331 -0,170656 0,543695 3,405540
-0,272394 -0,076252 3,309055 0,106569 1,314778 3,226333 -0,535206 0,957982 2,750699 -0,177977 0,543589 3,404743
-0,273357 -0,075515 3,312223 0,109570 1,326352 3,247352 -0,559575 0,861548 2,639427 -0,173984 0,538185 3,392565
-0,272613 -0,083847 3,296387 0,098641 1,326016 3,237063 -0,570209 0,629180 2,617057 -0,166512 0,541917 3,393391
-0,274576 -0,080062 3,307672 0,101880 1,321025 3,226077 -0,584118 0,488337 2,598832 -0,162027 0,540227 3,381069
-0,271738 -0,067078 3,310001 0,100290 1,330504 3,243304 -0,605664 0,277169 2,617383 -0,139502 0,543600 3,334228
-0,264321 -0,069908 3,301826 0,104274 1,315298 3,226746 -0,612571 0,216141 2,638481 -0,139334 0,547196 3,334454
-0,260431 -0,065907 3,294617 0,105576 1,321617 3,222241 -0,616622 0,220748 2,622300 -0,140282 0,547223 3,358583
-0,258739 -0,066591 3,305583 0,103344 1,311474 3,227224 -0,612737 0,326708 2,625220 -0,136107 0,549057 3,346907
-0,262606 -0,080370 3,305734 0,100634 1,322071 3,220637 -0,595390 0,528159 2,592620 -0,159207 0,542016 3,394140
-0,251360 -0,069746 3,298196 0,101829 1,318011 3,219671 -0,582473 0,651317 2,570053 -0,151036 0,538488 3,370024
-0,250443 -0,070382 3,299939 0,112576 1,321766 3,224693 -0,548892 0,959152 2,709154 -0,155293 0,543746 3,382090
-0,249495 -0,067321 3,284035 0,102172 1,324352 3,219583 -0,548326 1,163959 2,801589 -0,155476 0,547233 3,382052
-0,247251 -0,070788 3,283542 0,101537 1,321708 3,216646 -0,537522 1,252397 2,892857 -0,152082 0,545624 3,394903
-0,246186 -0,063083 3,279665 0,102263 1,318771 3,216218 -0,508043 1,369420 3,135347 -0,159576 0,549025 3,394156
