25 12
-0,239788 -0,062478 3,261998 0,134988 1,343147 3,201406 -0,556964 1,366027 3,222584 -0,203195 0,634285 3,390646
-0,241150 -0,057798 3,263905 0,134161 1,357506 3,219975 -0,560512 1,359782 3,193051 -0,210280 0,637763 3,389642
-0,241875 -0,061209 3,264132 0,132866 1,339565 3,200400 -0,606777 1,261095 2,997335 -0,202210 0,626417 3,365797
-0,248155 -0,055622 3,290047 0,132182 1,336501 3,201391 -0,614391 1,169968 2,908526 -0,210264 0,630599 3,389533
-0,246221 -0,060835 3,286223 0,131517 1,332818 3,199024 -0,624983 1,096757 2,845450 -0,210264 0,630599 3,389533
-0,250570 -0,067572 3,302661 0,134144 1,341486 3,206334 -0,642080 1,003434 2,716243 -0,210040 0,627044 3,389254
-0,252953 -0,072077 3,298032 0,136777 1,325040 3,203425 -0,635527 0,965412 2,709630 -0,206001 0,621414 3,377433
-0,248299 -0,067221 3,289230 0,141113 1,328114 3,216470 -0,636805 0,937210 2,716414 -0,214314 0,629091 3,401311
-0,254400 -0,070697 3,308066 0,136827 1,331419 3,205946 -0,638364 0,958389 2,703878 -0,218613 0,631150 3,413441
-0,253369 -0,081937 3,286498 0,144438 1,348816 3,224977 -0,636800 0,940801 2,674152 -0,214285 0,614727 3,401090
-0,256160 -0,072941 3,300302 0,135416 1,343384 3,239134 -0,637331 0,866483 2,650747 -0,213623 0,618305 3,399952
-0,262542 -0,072917 3,292457 0,142622 1,319722 3,212731 -0,670114 0,577990 2,495119 -0,210451 0,619813 3,389507
-0,261462 -0,058412 3,292480 0,137314 1,338573 3,224349 -0,674391 0,235772 2,452198 -0,217358 0,643641 3,363936
-0,257668 -0,056739 3,284454 0,138516 1,341916 3,217920 -0,685272 0,089607 2,465075 -0,217771 0,650498 3,363438
-0,260632 -0,063609 3,282795 0,140859 1,336100 3,228501 -0,687384 -0,104715 2,546767 -0,195224 0,662138 3,429230
-0,256342 -0,055963 3,286410 0,141241 1,344177 3,216012 -0,687293 -0,157534 2,549285 -0,190974 0,659959 3,416909
-0,252292 -0,053631 3,279462 0,132512 1,330193 3,195465 -0,688084 -0,155167 2,546507 -0,201433 0,664705 3,403142
-0,248877 -0,056870 3,285216 0,138210 1,347480 3,217971 -0,689909 -0,093021 2,542801 -0,205280 0,659929 3,415889
-0,251408 -0,061265 3,284916 0,136627 1,330588 3,203646 -0,682088 0,070734 2,524018 -0,169950 0,634601 3,272748
-0,254385 -0,066026 3,299399 0,141702 1,342457 3,212193 -0,669150 0,204906 2,517673 -0,167989 0,637322 3,308284
-0,246869 -0,060969 3,298042 0,136666 1,336169 3,200373 -0,642001 0,541396 2,573717 -0,202442 0,637022 3,365924
-0,249962 -0,072977 3,269955 0,143539 1,330664 3,190025 -0,645564 0,895227 2,539871 -0,206435 0,628451 3,377727
-0,245270 -0,068268 3,286124 0,138134 1,336249 3,199775 -0,643636 1,064792 2,650967 -0,201805 0,633636 3,365721
-0,251661 -0,065775 3,273430 0,137658 1,341767 3,194930 -0,608009 1,351755 3,020483 -0,213296 0,635544 3,376713
-0,256175 -0,070119 3,259478 0,139152 1,322516 3,186385 -0,589810 1,385548 3,129225 -0,206030 0,635693 3,377646
