27 12
-0,219387 -0,120604 3,277249 0,247148 1,323135 3,255742 -0,561425 1,419217 3,362320 -0,162660 0,586391 3,382003
-0,215799 -0,119923 3,277358 0,242144 1,321347 3,253734 -0,563231 1,407413 3,335050 -0,166784 0,588313 3,394103
-0,220155 -0,124670 3,281936 0,236703 1,319715 3,247190 -0,571699 1,391106 3,294154 -0,163401 0,586824 3,406973
-0,221942 -0,125712 3,297887 0,237970 1,317947 3,243557 -0,557924 1,367102 3,233517 -0,173077 0,577157 3,368381
-0,224205 -0,118554 3,298463 0,235852 1,314271 3,247225 -0,560730 1,354407 3,210593 -0,166784 0,588313 3,394103
-0,225719 -0,119600 3,291917 0,240355 1,313475 3,228690 -0,567754 1,315464 3,115484 -0,170145 0,589774 3,381236
-0,229427 -0,120756 3,304207 0,246094 1,312212 3,261317 -0,565271 1,251831 3,055527 -0,179121 0,576792 3,343122
-0,231837 -0,122972 3,310553 0,245299 1,309401 3,249843 -0,584615 1,218718 3,025959 -0,169355 0,582844 3,380916
-0,232547 -0,120081 3,296985 0,243060 1,311902 3,252723 -0,606202 1,107967 2,847986 -0,187605 0,584023 3,366880
-0,239608 -0,123705 3,322081 0,240015 1,320667 3,264164 -0,623039 1,073060 2,797933 -0,168579 0,575389 3,356366
-0,243873 -0,129388 3,320672 0,234968 1,312932 3,252453 -0,628386 0,997552 2,730675 -0,165231 0,573845 3,368822
-0,248235 -0,132192 3,316320 0,235039 1,308315 3,249341 -0,649377 0,735292 2,577177 -0,175606 0,564697 3,355256
-0,245003 -0,131715 3,325496 0,238482 1,305556 3,246635 -0,663082 0,664543 2,583831 -0,164482 0,566476 3,344433
-0,245067 -0,132703 3,327001 0,238104 1,325309 3,246236 -0,660275 0,649583 2,526043 -0,172868 0,566564 3,368214
-0,240749 -0,129427 3,333241 0,234815 1,307182 3,240184 -0,659868 0,512393 2,447537 -0,156573 0,566298 3,321100
-0,248970 -0,124727 3,331813 0,236204 1,322518 3,247223 -0,657713 0,192511 2,457994 -0,138428 0,575101 3,310910
-0,247647 -0,126135 3,330980 0,238930 1,309039 3,241677 -0,659580 0,062611 2,488936 -0,159652 0,584771 3,394706
-0,244792 -0,123630 3,346985 0,240709 1,306662 3,236982 -0,662851 -0,049110 2,525093 -0,162451 0,575753 3,381840
-0,233311 -0,123215 3,328332 0,230434 1,318280 3,234214 -0,661998 -0,031238 2,510900 -0,151083 0,573978 3,370530
-0,228112 -0,127515 3,324782 0,226001 1,322531 3,235423 -0,665144 -0,000462 2,508317 -0,157829 0,569935 3,345216
-0,222917 -0,123476 3,329745 0,225714 1,313480 3,239497 -0,656203 0,123221 2,526148 -0,161914 0,578865 3,357182
-0,220884 -0,127368 3,329580 0,229461 1,309385 3,221725 -0,631469 0,338394 2,495681 -0,153225 0,571783 3,333480
-0,219652 -0,137002 3,319115 0,230982 1,310842 3,227067 -0,621003 0,492855 2,523670 -0,161132 0,564907 3,356806
-0,218120 -0,131702 3,310816 0,231109 1,314804 3,228272 -0,600033 0,831931 2,634919 -0,153493 0,565019 3,356974
-0,222024 -0,129399 3,307512 0,232724 1,312495 3,225687 -0,632173 1,114404 2,741861 -0,161720 0,575395 3,357208
-0,222808 -0,129393 3,297552 0,228749 1,311513 3,221138 -0,628315 1,227588 2,868766 -0,164678 0,569959 3,344568
-0,228486 -0,127195 3,286540 0,237279 1,318679 3,253465 -0,596221 1,399274 3,223902 -0,164689 0,577015 3,344666
