22 12
-0,210722 -0,026212 3,222394 0,223582 1,310545 3,283893 -0,639637 1,314586 3,078533 -0,175109 0,631278 3,332146
-0,208321 -0,032381 3,239610 0,223092 1,312104 3,285412 -0,745913 1,263918 3,075997 -0,172772 0,634168 3,369087
-0,208996 -0,027799 3,246142 0,229041 1,296422 3,273686 -0,810451 1,121351 2,968217 -0,178994 0,622746 3,343650
-0,204287 -0,033116 3,277489 0,237093 1,290782 3,296735 -0,884601 0,831225 2,636656 -0,172553 0,630629 3,368849
-0,203059 -0,038410 3,267012 0,237961 1,298249 3,307981 -0,896773 0,716330 2,618653 -0,179196 0,619169 3,343709
-0,193481 -0,036601 3,267275 0,237507 1,311277 3,294986 -0,894666 0,691354 2,609706 -0,172772 0,634168 3,369087
-0,184806 -0,042122 3,267907 0,235584 1,303022 3,328579 -0,888237 0,697153 2,603331 -0,172977 0,630566 3,369140
-0,180907 -0,046840 3,252225 0,239687 1,299509 3,296312 -0,869291 0,729864 2,572519 -0,164335 0,619472 3,344977
-0,178880 -0,043630 3,268826 0,238802 1,314993 3,318034 -0,817666 0,741710 2,514049 -0,157532 0,626600 3,346071
-0,184860 -0,048857 3,277856 0,239160 1,308005 3,302668 -0,695566 0,834583 2,692233 -0,151596 0,628057 3,395891
-0,190677 -0,057045 3,253968 0,238256 1,321727 3,316983 -0,228017 0,668764 2,173094 -0,170162 0,619119 3,406144
-0,196318 -0,062462 3,259758 0,234584 1,316015 3,333359 -0,066952 0,648356 2,228665 -0,167403 0,621249 3,419645
-0,201403 -0,064678 3,202032 0,234404 1,314125 3,321451 0,201136 0,713237 2,675354 -0,171164 0,608134 3,406488
-0,203533 -0,062278 3,237291 0,238841 1,296561 3,329343 0,219472 0,708545 2,673023 -0,164401 0,619765 3,432811
-0,197108 -0,060268 3,221567 0,238904 1,262538 3,322368 0,175988 0,749270 2,712314 -0,170783 0,615452 3,406652
-0,190465 -0,066731 3,218596 0,241380 1,297694 3,325742 -0,019344 0,758169 2,418775 -0,166812 0,602631 3,394322
-0,193877 -0,066720 3,220865 0,246059 1,296035 3,314258 -0,321772 0,982741 2,721804 -0,149030 0,584303 3,344518
-0,194362 -0,060365 3,230972 0,241726 1,372102 3,337766 -0,476422 1,023725 2,718051 -0,149449 0,598480 3,345583
-0,191965 -0,051936 3,229590 0,240052 1,302988 3,306505 -0,598098 1,060488 2,638630 -0,164123 0,623017 3,344768
-0,194820 -0,036533 3,245870 0,242805 1,310630 3,295362 -0,667159 1,197574 2,802921 -0,160271 0,624524 3,333290
-0,194035 -0,031759 3,232962 0,239076 1,295329 3,276475 -0,641847 1,263884 2,890539 -0,164772 0,633564 3,345442
-0,197375 -0,027727 3,215587 0,235373 1,295695 3,265987 -0,574394 1,416956 3,292154 -0,164772 0,633564 3,345442
