34 12
-0,207760 -0,077561 3,300191 0,090845 1,308870 3,257638 -0,505871 1,374880 3,246015 -0,154231 0,536648 3,357380
-0,209744 -0,076792 3,318988 0,091803 1,296373 3,240522 -0,514344 1,358009 3,218879 -0,155109 0,540247 3,382046
-0,210609 -0,079384 3,320046 0,087975 1,292169 3,239128 -0,532827 1,335552 3,164079 -0,150176 0,527871 3,345425
-0,205091 -0,084975 3,310849 0,080587 1,308731 3,243554 -0,563690 1,273237 3,052031 -0,142339 0,527918 3,321947
-0,203384 -0,081425 3,316601 0,081502 1,303054 3,239795 -0,601738 1,162236 2,889568 -0,153365 0,533097 3,333044
-0,208833 -0,087572 3,329298 0,092435 1,305572 3,248494 -0,653514 0,992387 2,753649 -0,156515 0,524301 3,320555
-0,199869 -0,083716 3,323607 0,088235 1,321036 3,254856 -0,728868 0,775057 2,682291 -0,156341 0,527842 3,320528
-0,201682 -0,081764 3,346360 0,089769 1,311996 3,254754 -0,771914 0,561808 2,645061 -0,156341 0,527842 3,320528
-0,202201 -0,085227 3,334943 0,092000 1,314703 3,249653 -0,819596 0,395700 2,649857 -0,134238 0,521123 3,298692
-0,203970 -0,083159 3,336939 0,091985 1,308846 3,241864 -0,808150 0,261716 2,629246 -0,127969 0,528081 3,323186
-0,195982 -0,081762 3,343302 0,089651 1,312656 3,245861 -0,745758 0,177786 2,634916 -0,128675 0,531588 3,347384
-0,190982 -0,077706 3,326766 0,093944 1,305780 3,247513 -0,658972 0,133764 2,636234 -0,127280 0,531573 3,299393
-0,189649 -0,077716 3,330661 0,090642 1,322678 3,257507 -0,596227 0,122290 2,661240 -0,131390 0,536702 3,310938
-0,185363 -0,083057 3,351767 0,096134 1,304011 3,273964 -0,613349 0,104948 2,697867 -0,131934 0,536811 3,335036
-0,187690 -0,083080 3,356397 0,090890 1,317804 3,254099 -0,685711 0,067365 2,730875 -0,131926 0,529789 3,334943
-0,185864 -0,079329 3,363569 0,093725 1,305501 3,243481 -0,760417 0,058212 2,717365 -0,121268 0,535241 3,348051
-0,185587 -0,089695 3,354532 0,092800 1,315876 3,246574 -0,783470 0,081795 2,726366 -0,113409 0,524781 3,324313
-0,186803 -0,077391 3,357182 0,090240 1,315817 3,252539 -0,730644 0,081469 2,683237 -0,117501 0,529941 3,336107
-0,180981 -0,079034 3,352582 0,086016 1,317939 3,239616 -0,658888 0,085783 2,666514 -0,124388 0,533213 3,311287
-0,186394 -0,075318 3,356079 0,097301 1,306030 3,233223 -0,639544 0,114395 2,685843 -0,123550 0,533274 3,287791
-0,191247 -0,080350 3,359574 0,097034 1,301536 3,241828 -0,691996 0,092362 2,708073 -0,127797 0,531635 3,323261
-0,191960 -0,074059 3,361776 0,096308 1,310896 3,251547 -0,766817 0,081775 2,716143 -0,113585 0,528228 3,324315
-0,187360 -0,083968 3,354532 0,100074 1,311820 3,253077 -0,814473 0,091446 2,705924 -0,113412 0,531781 3,324400
-0,191763 -0,075487 3,348795 0,096159 1,316009 3,254197 -0,789469 0,107037 2,684309 -0,120606 0,531710 3,323845
-0,193942 -0,086363 3,354157 0,101690 1,298521 3,254763 -0,725747 0,132519 2,679855 -0,121441 0,531664 3,347969
-0,191231 -0,083925 3,345887 0,095973 1,310263 3,252525 -0,659483 0,203183 2,672677 -0,109868 0,529950 3,312515
-0,188720 -0,084123 3,345474 0,105834 1,315545 3,262897 -0,615827 0,317712 2,675751 -0,115272 0,519716 3,264911
-0,185255 -0,089710 3,344102 0,105101 1,302998 3,245627 -0,580548 0,460782 2,675747 -0,131025 0,522875 3,310894
-0,183116 -0,096122 3,353570 0,105392 1,308058 3,258080 -0,555415 0,623693 2,684340 -0,135186 0,524609 3,346289
-0,180555 -0,095380 3,333911 0,104374 1,306397 3,245255 -0,533674 0,847414 2,708834 -0,128497 0,528120 3,347366
-0,180491 -0,091707 3,346320 0,103187 1,298557 3,242678 -0,516621 1,053886 2,843280 -0,142779 0,531523 3,346084
-0,184920 -0,084101 3,344772 0,103885 1,305706 3,254922 -0,509281 1,199393 2,969294 -0,131573 0,529886 3,334917
-0,183271 -0,082132 3,331782 0,102810 1,305099 3,258354 -0,503725 1,293037 3,087638 -0,139739 0,536826 3,358739
-0,185938 -0,080778 3,331027 0,099925 1,312348 3,250315 -0,492586 1,332932 3,192775 -0,135734 0,535085 3,346842
