20 12
-0,167217 -0,057471 3,278911 0,116646 1,328982 3,234555 -0,523952 1,391582 3,285389 -0,126831 0,554944 3,409841
-0,168080 -0,057484 3,279515 0,119514 1,329888 3,237750 -0,522130 1,383617 3,286494 -0,126831 0,554944 3,409841
-0,164234 -0,060619 3,282969 0,114237 1,343935 3,235795 -0,522768 1,364408 3,263271 -0,130875 0,556785 3,422184
-0,164170 -0,064086 3,291044 0,115785 1,338823 3,222082 -0,572104 1,174487 2,972712 -0,127552 0,558721 3,435225
-0,167066 -0,062045 3,292035 0,119059 1,334322 3,236094 -0,777441 0,931315 3,113076 -0,123319 0,553321 3,422767
-0,167238 -0,062795 3,286557 0,122275 1,335425 3,233648 -0,861252 0,741434 3,028948 -0,130691 0,553241 3,422156
-0,171959 -0,064611 3,296761 0,118597 1,334449 3,251095 -0,880473 0,463414 2,894876 -0,130875 0,556785 3,422184
-0,180043 -0,065746 3,313697 0,119945 1,316422 3,231114 -0,649729 0,354406 2,662983 -0,134945 0,558637 3,434602
-0,174515 -0,073152 3,304218 0,116994 1,329763 3,250434 -0,665297 0,355999 2,823070 -0,142689 0,558392 3,433653
-0,173394 -0,074594 3,310198 0,126196 1,329532 3,255338 -0,774498 0,267136 2,718774 -0,138853 0,556933 3,447060
-0,181525 -0,080638 3,329591 0,123514 1,322545 3,246636 -0,764434 0,269386 2,653411 -0,122803 0,545967 3,397467
-0,180047 -0,072044 3,326648 0,118800 1,330196 3,242119 -0,688200 0,294311 2,635801 -0,122811 0,553115 3,397573
-0,181611 -0,065918 3,313606 0,123180 1,330269 3,252418 -0,684416 0,351500 2,726031 -0,137460 0,552950 3,396350
-0,181171 -0,070124 3,297914 0,115971 1,323218 3,231518 -0,836748 0,463412 2,845729 -0,130691 0,553241 3,422156
-0,185505 -0,070981 3,313007 0,122823 1,311007 3,238022 -0,819522 0,546750 2,766694 -0,137275 0,549432 3,396319
-0,180679 -0,068518 3,293765 0,114970 1,321401 3,227126 -0,798731 0,862240 2,893632 -0,134178 0,554861 3,409226
-0,176568 -0,069231 3,282021 0,124391 1,324693 3,242189 -0,691083 1,105658 2,830817 -0,137460 0,552950 3,396350
-0,175718 -0,064332 3,279955 0,119599 1,332398 3,248958 -0,658098 1,233491 2,993286 -0,137644 0,556454 3,396298
-0,177547 -0,066403 3,276654 0,120270 1,330239 3,252584 -0,606359 1,429644 3,378525 -0,140544 0,554667 3,383626
-0,181498 -0,072520 3,284404 0,115912 1,318603 3,222404 -0,563479 1,408985 3,352826 -0,152094 0,552767 3,395010
