30 12
-0,213659 -0,057160 3,179175 0,107121 1,327551 3,210388 -0,428660 1,153400 3,060514 -0,167979 0,557418 3,331926
-0,211568 -0,059143 3,187232 0,108153 1,337031 3,239984 -0,426784 1,090750 2,988885 -0,164847 0,559323 3,344427
-0,210990 -0,067086 3,172176 0,116803 1,331027 3,219206 -0,419930 1,009801 2,901559 -0,160582 0,547043 3,332518
-0,205400 -0,067353 3,182378 0,112857 1,328568 3,224857 -0,432403 0,919958 2,816178 -0,159504 0,546978 3,308468
-0,207378 -0,069564 3,190177 0,120282 1,319690 3,225831 -0,433973 0,822861 2,760422 -0,155786 0,538387 3,319965
-0,209709 -0,071362 3,196042 0,118894 1,328638 3,231072 -0,433509 0,732560 2,652784 -0,155973 0,527894 3,320145
-0,198173 -0,072511 3,192307 0,117439 1,326049 3,234614 -0,426767 0,646254 2,568188 -0,154993 0,531286 3,317846
-0,202615 -0,078616 3,200895 0,117445 1,311688 3,241681 -0,420214 0,554936 2,479782 -0,155395 0,531367 3,319020
-0,205989 -0,075508 3,201936 0,119544 1,308629 3,244114 -0,415343 0,484450 2,395323 -0,151775 0,529694 3,308282
-0,203812 -0,076910 3,201551 0,122678 1,320231 3,251588 -0,410180 0,428115 2,301072 -0,170304 0,558099 3,405492
-0,208569 -0,074341 3,208498 0,121450 1,323128 3,270001 -0,414073 0,391260 2,210283 -0,182002 0,556200 3,417015
-0,208922 -0,065222 3,214403 0,125772 1,308862 3,250391 -0,426534 0,374120 2,131387 -0,183481 0,574369 3,442873
-0,208445 -0,066257 3,204021 0,121076 1,302532 3,263320 -0,441092 0,368404 2,076528 -0,192559 0,581563 3,467488
-0,210782 -0,070160 3,199229 0,132864 1,309765 3,284269 -0,456624 0,367008 2,056992 -0,198990 0,580963 3,440533
-0,209174 -0,058345 3,211036 0,128128 1,309644 3,281881 -0,463870 0,365578 2,047405 -0,199174 0,584446 3,440194
-0,210141 -0,063982 3,204111 0,132818 1,292011 3,273294 -0,472630 0,361313 2,041483 -0,190156 0,584579 3,416561
-0,211084 -0,067291 3,204503 0,128912 1,299961 3,281284 -0,475224 0,365856 2,046993 -0,195527 0,583251 3,454391
-0,211016 -0,070459 3,201870 0,128594 1,311322 3,271377 -0,475808 0,377936 2,057957 -0,186819 0,575889 3,429654
-0,211525 -0,068834 3,208719 0,122063 1,319401 3,270941 -0,475578 0,410865 2,090299 -0,189568 0,574013 3,416561
-0,212288 -0,083054 3,201863 0,122281 1,299973 3,248893 -0,471738 0,457246 2,127586 -0,193390 0,561554 3,428279
-0,211060 -0,078456 3,182690 0,122899 1,313180 3,254924 -0,463534 0,529428 2,198138 -0,180560 0,552509 3,391418
-0,216421 -0,075126 3,202525 0,117263 1,308985 3,241971 -0,463473 0,627691 2,236974 -0,150161 0,519222 3,282571
-0,216164 -0,065850 3,204724 0,115887 1,311136 3,254064 -0,463149 0,736592 2,300308 -0,146364 0,531458 3,250395
-0,214764 -0,069402 3,177992 0,113579 1,311073 3,232491 -0,458488 0,862859 2,394253 -0,151696 0,546922 3,285580
-0,221342 -0,073742 3,194778 0,107821 1,329980 3,225381 -0,459065 0,984758 2,529346 -0,159170 0,546697 3,284806
-0,222221 -0,066204 3,196335 0,116753 1,286429 3,205403 -0,461186 1,091025 2,652851 -0,166464 0,549976 3,283989
-0,221581 -0,062861 3,188633 0,102051 1,317468 3,234957 -0,457647 1,165753 2,790472 -0,170307 0,548334 3,295535
-0,225767 -0,059100 3,180459 0,095478 1,318249 3,223756 -0,450850 1,219924 2,903761 -0,181518 0,556947 3,306360
-0,236088 -0,060855 3,186823 0,092484 1,335950 3,224574 -0,448239 1,235338 3,006813 -0,185802 0,562138 3,317832
-0,233368 -0,062808 3,170182 0,084854 1,324254 3,196530 -0,434533 1,244336 3,087409 -0,181872 0,556758 3,306006
