38 12
-0,143667 -0,118385 3,060282 0,220099 1,110429 3,002183 -0,481941 1,119886 3,029313 -0,131797 0,592489 3,108240
-0,142517 -0,118192 3,064439 0,202299 1,082052 2,939003 -0,484416 1,080559 2,970498 -0,128722 0,587753 3,119171
-0,143796 -0,124908 3,078394 0,176264 1,041408 2,909968 -0,475313 1,029987 2,901372 -0,135739 0,577673 3,118516
-0,146166 -0,131585 3,087846 0,146221 1,006550 2,847027 -0,451481 0,978409 2,849828 -0,142162 0,571051 3,117816
-0,145902 -0,129520 3,095915 0,112392 0,939615 2,796091 -0,420662 0,923117 2,794768 -0,129080 0,547905 3,118790
-0,147460 -0,134400 3,105697 0,080003 0,888983 2,761532 -0,382720 0,878961 2,738910 -0,138733 0,509921 3,107081
-0,148336 -0,126653 3,110786 0,042809 0,847413 2,716115 -0,337260 0,830613 2,695723 -0,146263 0,499786 3,127758
-0,145367 -0,125957 3,115691 0,007586 0,806362 2,671521 -0,285545 0,797565 2,632399 -0,152117 0,473629 3,083830
-0,148404 -0,136418 3,113185 -0,026505 0,789482 2,588452 -0,243329 0,774416 2,569515 -0,159659 0,436973 3,125979
-0,151369 -0,136694 3,119454 -0,040444 0,775121 2,509408 -0,212820 0,744771 2,464916 -0,175523 0,484205 3,118022
-0,156215 -0,135864 3,130568 -0,040493 0,720863 2,403522 -0,210494 0,712163 2,385118 -0,177672 0,544011 3,135753
-0,157447 -0,129046 3,126585 -0,005191 0,687784 2,348870 -0,243855 0,688275 2,346708 -0,176426 0,556176 3,191192
-0,158696 -0,141478 3,125378 0,059240 0,661973 2,344908 -0,314917 0,677000 2,346864 -0,168711 0,549685 3,191397
-0,154580 -0,144026 3,116112 0,134237 0,665787 2,384207 -0,391076 0,667705 2,356822 -0,153474 0,526025 3,127113
-0,154424 -0,145235 3,096379 0,206302 0,686963 2,437999 -0,458900 0,681262 2,402332 -0,165548 0,515985 3,083091
-0,150898 -0,131651 3,090983 0,246708 0,740655 2,494067 -0,490236 0,714803 2,445489 -0,160950 0,517783 3,052294
-0,149344 -0,135593 3,078434 0,237805 0,784679 2,568910 -0,479804 0,748790 2,495490 -0,168306 0,511185 3,072464
-0,151443 -0,130635 3,060382 0,183027 0,810679 2,636893 -0,425306 0,781726 2,542210 -0,167941 0,498314 3,072559
-0,151256 -0,138081 3,055453 0,103343 0,820322 2,640738 -0,339453 0,797753 2,560611 -0,167951 0,504825 3,072601
-0,147535 -0,129238 3,051999 0,038517 0,791604 2,615268 -0,265715 0,784097 2,537433 -0,171513 0,486095 3,037871
-0,151724 -0,128262 3,048165 -0,011845 0,744275 2,507937 -0,220331 0,742593 2,475367 -0,176321 0,475898 3,039367
-0,150782 -0,129642 3,046100 -0,014340 0,694876 2,399475 -0,215120 0,674923 2,367775 -0,175642 0,547196 3,093124
-0,157660 -0,131497 3,042898 0,015805 0,619995 2,258092 -0,234943 0,604608 2,316131 -0,175458 0,550538 3,093131
-0,157355 -0,133331 3,049924 0,063427 0,557774 2,190186 -0,316046 0,559631 2,234727 -0,175255 0,540737 3,092983
-0,157176 -0,135716 3,058112 0,148054 0,510829 2,141951 -0,433642 0,508321 2,176310 -0,169388 0,550815 3,115001
-0,153378 -0,129699 3,046059 0,254310 0,465484 2,126990 -0,568960 0,486049 2,141093 -0,169675 0,545480 3,041448
-0,148749 -0,121979 3,035608 0,368114 0,434561 2,150034 -0,706430 0,479768 2,160820 -0,166500 0,553375 3,031670
-0,150652 -0,118532 3,048464 0,484908 0,424313 2,194031 -0,830110 0,491573 2,199108 -0,159048 0,556547 3,012117
-0,147136 -0,123785 3,037485 0,586012 0,433906 2,253759 -0,928990 0,511664 2,271052 -0,174443 0,548027 2,980435
-0,142872 -0,124287 3,034834 0,664005 0,469383 2,373425 -0,994795 0,540508 2,347176 -0,164453 0,559598 2,991527
-0,149692 -0,118931 3,035900 0,728881 0,530222 2,472710 -1,027534 0,580517 2,459478 -0,163418 0,571370 3,042359
-0,145573 -0,116812 3,016875 0,760575 0,591284 2,595398 -1,040768 0,632622 2,542185 -0,168827 0,574333 3,021248
-0,147739 -0,126253 3,010113 0,775369 0,670397 2,718163 -1,040293 0,702502 2,660743 -0,153020 0,576246 3,033143
-0,145394 -0,114817 2,987259 0,750751 0,757494 2,847178 -1,002351 0,785184 2,759022 -0,154598 0,589893 3,074471
-0,153624 -0,115298 2,984474 0,704281 0,859670 2,962620 -0,938728 0,874898 2,863277 -0,152619 0,582802 3,033103
-0,150620 -0,114588 2,984429 0,627968 0,964827 3,077601 -0,835729 0,952592 2,968988 -0,163233 0,587625 3,042433
-0,150764 -0,116175 2,991728 0,523868 1,050580 3,167336 -0,722368 1,025867 3,027213 -0,160512 0,592678 3,053085
-0,147447 -0,115252 2,989883 0,401522 1,129190 3,202087 -0,602250 1,078125 3,047559 -0,165137 0,598121 3,084002
