25 12
-0,175445 -0,163836 3,190091 0,510284 1,027603 2,740580 -0,981035 1,289427 3,403064 -0,173262 0,575022 3,202930
-0,172841 -0,161693 3,193931 0,632254 0,925300 2,664839 -1,129400 1,153742 3,304706 -0,172710 0,571241 3,180527
-0,178627 -0,161503 3,218416 0,928614 0,707234 2,927150 -1,211677 0,642616 2,707277 -0,173451 0,571572 3,202914
-0,173419 -0,166808 3,204185 1,001742 0,315262 2,725446 -1,355532 0,286384 2,813436 -0,171579 0,557661 3,158412
-0,179642 -0,163963 3,210718 1,021185 0,175502 2,770633 -1,368273 0,121406 2,833745 -0,158005 0,561150 3,159772
-0,180005 -0,167313 3,198781 1,059791 -0,063235 2,832419 -1,371824 -0,146923 2,908407 -0,145186 0,565295 3,205540
-0,178832 -0,167427 3,201754 1,023340 -0,196995 2,966327 -1,289589 -0,233218 2,909630 -0,143456 0,554838 3,160892
-0,176362 -0,161596 3,186164 1,008636 -0,190264 2,946891 -1,305836 -0,227741 2,980696 -0,143651 0,558158 3,161050
-0,171334 -0,156613 3,185127 1,071844 -0,068039 2,981677 -1,322672 -0,124809 2,908739 -0,151345 0,561610 3,182500
-0,168739 -0,171507 3,182835 1,106077 0,150712 2,919450 -1,375006 0,050067 2,936536 -0,145382 0,568648 3,205638
-0,168130 -0,161622 3,191511 1,113664 0,223950 2,976532 -1,391356 0,106993 2,978726 -0,145577 0,571988 3,205665
-0,169114 -0,169285 3,180174 1,106316 0,184026 2,934330 -1,403314 0,059390 2,982907 -0,141321 0,563539 3,194629
-0,169292 -0,163709 3,184756 1,128071 0,029280 2,962020 -1,400580 -0,090898 2,975459 -0,137672 0,565125 3,183868
-0,168716 -0,162778 3,181562 1,126579 -0,059064 3,012531 -1,345888 -0,150074 2,923041 -0,133462 0,563444 3,172894
-0,164632 -0,178866 3,163226 1,049750 -0,161593 2,980923 -1,334238 -0,197744 3,096735 -0,137086 0,561834 3,183451
-0,162336 -0,165658 3,172789 1,053223 -0,094167 2,911651 -1,426669 -0,122283 3,209622 -0,145186 0,565295 3,205540
-0,162073 -0,172503 3,177877 1,089926 -0,012408 2,915809 -1,407409 -0,049483 3,092784 -0,133850 0,563378 3,173075
-0,166000 -0,174240 3,171905 1,109469 0,211233 2,922980 -1,395434 0,154717 3,033768 -0,137672 0,565125 3,183868
-0,164419 -0,173320 3,168230 1,094090 0,411678 2,942827 -1,403366 0,336069 3,047751 -0,155618 0,570017 3,193455
-0,163377 -0,175626 3,151661 1,099867 0,485212 2,937913 -1,415266 0,413388 3,050407 -0,157822 0,564568 3,159867
-0,164277 -0,167325 3,172468 1,023614 0,615689 2,902112 -1,380385 0,600953 3,096251 -0,150147 0,567784 3,138757
-0,160295 -0,170585 3,170225 0,939995 0,944757 3,209174 -1,103191 0,782673 2,805015 -0,143850 0,568168 3,161195
-0,163339 -0,157758 3,177614 0,820284 1,104140 3,263002 -0,994912 0,908513 2,766388 -0,151357 0,581845 3,182680
-0,166292 -0,170637 3,190343 0,499093 1,166674 2,939337 -0,853826 1,324236 3,317737 -0,151354 0,575097 3,182620
-0,167644 -0,159909 3,180418 0,293141 1,370824 3,334641 -0,497845 1,257825 2,949569 -0,163065 0,580479 3,215269
