21 12
-0,211105 -0,097250 3,260812 0,243799 1,219591 3,166282 -0,489270 1,369496 3,235498 -0,144391 0,543590 3,286144
-0,215999 -0,100763 3,275429 0,234155 1,214598 3,075932 -0,494391 1,351281 3,176186 -0,142542 0,545346 3,322079
-0,218011 -0,098856 3,277839 0,115186 1,060253 2,757980 -0,491896 1,292991 3,029664 -0,148896 0,541679 3,297554
-0,233497 -0,106146 3,320069 0,012728 0,890710 2,782017 -0,382541 1,162913 2,789391 -0,160368 0,522527 3,332115
-0,238493 -0,115967 3,314989 -0,052001 0,824423 2,700526 -0,332217 1,096873 2,698704 -0,167068 0,487506 3,306973
-0,255523 -0,117776 3,312933 -0,127487 0,696441 2,528681 -0,301706 0,935310 2,665084 -0,154347 0,490632 3,380548
-0,256205 -0,117999 3,327970 -0,194258 0,693843 2,669385 -0,199742 0,787040 2,559761 -0,157250 0,462727 3,408016
-0,263318 -0,117108 3,334223 -0,175014 0,633278 2,522317 -0,234663 0,783331 2,643906 -0,160225 0,464573 3,393824
-0,269519 -0,119015 3,327967 -0,165322 0,596806 2,508598 -0,280725 0,779334 2,591906 -0,177252 0,486124 3,425164
-0,274553 -0,120238 3,334914 -0,152543 0,629678 2,591099 -0,223960 0,714425 2,552149 -0,163197 0,459325 3,379567
-0,272451 -0,122913 3,335259 -0,169245 0,591498 2,560285 -0,260543 0,742893 2,637582 -0,164361 0,458975 3,405776
-0,272742 -0,130289 3,326673 -0,177465 0,578074 2,644020 -0,282199 0,771416 2,596037 -0,177642 0,479035 3,426530
-0,272125 -0,114935 3,330342 -0,240182 0,648442 2,738505 -0,214001 0,706501 2,461966 -0,166352 0,457772 3,366853
-0,269317 -0,120986 3,319927 -0,177900 0,614634 2,588953 -0,231709 0,723932 2,563378 -0,156353 0,459647 3,383130
-0,274099 -0,132324 3,317105 -0,119212 0,615459 2,596097 -0,287653 0,740120 2,560161 -0,159747 0,454673 3,371583
-0,270479 -0,128387 3,314596 -0,013715 0,608258 2,497553 -0,441254 0,891279 2,732154 -0,165657 0,487969 3,283380
-0,268207 -0,125431 3,299761 0,062960 0,653314 2,472930 -0,527689 0,970246 2,769268 -0,162742 0,499958 3,295737
-0,267838 -0,108082 3,298519 0,304983 0,920231 2,811079 -0,611379 1,100647 2,747015 -0,160632 0,514126 3,249032
-0,257649 -0,099506 3,276912 0,371220 1,077103 2,981825 -0,715879 1,261395 2,967896 -0,169164 0,534479 3,271943
-0,257944 -0,093689 3,284162 0,398760 1,199138 3,187791 -0,687510 1,288182 3,010152 -0,171078 0,548526 3,319409
-0,254215 -0,092461 3,265652 0,310904 1,177647 3,210083 -0,592046 1,424903 3,397380 -0,172645 0,546702 3,283158
