18 12
-0,157562 -0,119527 3,094142 0,336148 1,343907 3,151109 -0,584307 0,990518 3,190208 -0,117260 0,592814 3,208170
-0,158631 -0,119045 3,099444 0,327666 1,340951 3,147612 -0,670045 0,870934 3,100862 -0,109696 0,589118 3,186259
-0,152342 -0,120299 3,128532 0,322956 1,333603 3,121992 -0,807307 0,492839 2,554050 -0,109696 0,589118 3,186259
-0,155591 -0,117777 3,130435 0,325665 1,324373 3,106984 -1,095567 0,322589 2,723637 -0,104876 0,579929 3,131648
-0,161899 -0,122768 3,143687 0,332791 1,322180 3,116975 -1,164308 0,258894 2,600711 -0,116244 0,581925 3,163608
-0,158820 -0,121819 3,132116 0,346042 1,327108 3,131264 -1,186780 0,169183 2,429570 -0,126475 0,583265 3,151841
-0,155026 -0,125213 3,126793 0,337654 1,345006 3,174023 -1,189772 0,138000 2,427413 -0,109165 0,578234 3,142120
-0,155266 -0,128463 3,137142 0,328780 1,340479 3,176312 -1,193826 0,142156 2,458234 -0,115449 0,574549 3,120037
-0,153503 -0,127798 3,135375 0,315799 1,344907 3,183294 -1,195745 0,157107 2,460658 -0,122088 0,577845 3,119632
-0,149963 -0,121960 3,136200 0,320161 1,336163 3,139796 -1,177877 0,174603 2,458951 -0,130058 0,581761 3,162510
-0,147162 -0,115995 3,134606 0,318919 1,342460 3,143215 -1,142485 0,191611 2,442616 -0,130061 0,588472 3,162565
-0,144941 -0,126276 3,135761 0,320235 1,331406 3,127513 -1,115645 0,269166 2,653498 -0,134060 0,586875 3,173266
-0,146215 -0,126506 3,131127 0,316294 1,336613 3,125305 -0,940342 0,383981 2,540384 -0,123995 0,588874 3,185222
-0,148425 -0,131019 3,137970 0,317708 1,342041 3,127431 -0,881388 0,470606 2,613404 -0,123796 0,585547 3,185211
-0,155419 -0,124928 3,124772 0,320008 1,330763 3,122668 -0,796512 0,752664 2,950398 -0,130947 0,595544 3,184719
-0,162854 -0,120623 3,132377 0,314959 1,333271 3,125141 -0,622562 0,895855 2,821226 -0,134574 0,594061 3,195583
-0,163567 -0,119513 3,131792 0,314760 1,333885 3,123171 -0,551111 0,974691 2,892724 -0,131439 0,596009 3,207126
-0,170640 -0,122164 3,112202 0,314309 1,325559 3,114722 -0,457657 1,117163 3,188488 -0,137891 0,595452 3,184132
