26 12
-0,194986 -0,118298 3,031335 0,285882 1,333483 3,160824 -0,491992 1,337271 3,108444 -0,167944 0,592635 3,148093
-0,193227 -0,117533 3,046000 0,278331 1,331992 3,156943 -0,473106 1,257814 2,980476 -0,171836 0,594449 3,158684
-0,194146 -0,125705 3,054343 0,279627 1,333308 3,154399 -0,496266 0,974905 2,617555 -0,177726 0,570618 3,135975
-0,197336 -0,133557 3,064092 0,277523 1,335380 3,179640 -0,397292 0,643697 2,361906 -0,177338 0,570746 3,136001
-0,199343 -0,128422 3,076265 0,273801 1,334458 3,185920 -0,379389 0,492250 2,262818 -0,185767 0,584066 3,157000
-0,199265 -0,117921 3,096983 0,275082 1,329691 3,190492 -0,411759 0,265941 2,041571 -0,164195 0,615065 3,238500
-0,194224 -0,102766 3,091956 0,279084 1,324610 3,190097 -0,385091 0,183027 1,944749 -0,149642 0,683432 3,192006
-0,191497 -0,104186 3,084740 0,277845 1,326058 3,196952 -0,397337 0,163506 1,919829 -0,141959 0,663969 3,074862
-0,184948 -0,095213 3,096295 0,282905 1,328622 3,200401 -0,401229 0,144639 1,903409 -0,151046 0,683059 3,138241
-0,178783 -0,099302 3,086742 0,276903 1,336852 3,202268 -0,393678 0,150438 1,889559 -0,149918 0,679460 3,119138
-0,175093 -0,111238 3,080162 0,280081 1,351311 3,203792 -0,391419 0,155986 1,876984 -0,137456 0,679590 3,137823
-0,178900 -0,105036 3,064446 0,281826 1,353201 3,230805 -0,387386 0,167143 1,890204 -0,143067 0,673993 3,093272
-0,183154 -0,092218 3,058098 0,278869 1,334818 3,208128 -0,377325 0,177485 1,887394 -0,148036 0,692002 3,149436
-0,187362 -0,092380 3,050630 0,280483 1,330976 3,218042 -0,375361 0,177667 1,884624 -0,132394 0,675746 3,084812
-0,193767 -0,101172 3,041802 0,281256 1,329636 3,198499 -0,371361 0,171248 1,882392 -0,129482 0,674224 3,094153
-0,197110 -0,090308 3,042167 0,284342 1,331855 3,195595 -0,369797 0,161673 1,875346 -0,132652 0,673993 3,108442
-0,198854 -0,092771 3,053880 0,283072 1,342773 3,195418 -0,364888 0,162283 1,887634 -0,132652 0,673993 3,108442
-0,205493 -0,084529 3,045065 0,284530 1,342095 3,200586 -0,342238 0,171704 1,948345 -0,122398 0,658155 3,095787
-0,199695 -0,096940 3,042413 0,282600 1,340121 3,185105 -0,355060 0,252247 2,038774 -0,136259 0,604704 3,140280
-0,199027 -0,100207 3,032728 0,288722 1,331631 3,171355 -0,364357 0,334273 2,115549 -0,136971 0,601811 3,162089
-0,193134 -0,122636 3,041664 0,286254 1,347852 3,158369 -0,355262 0,539317 2,259173 -0,118372 0,576087 3,109201
-0,173294 -0,125378 3,017153 0,294857 1,348384 3,140714 -0,461413 0,842482 2,451751 -0,125429 0,573055 3,130040
-0,170511 -0,114288 3,009120 0,289951 1,340178 3,134077 -0,498303 0,994131 2,568348 -0,132669 0,579526 3,129559
-0,167665 -0,116235 3,026124 0,291500 1,348918 3,143759 -0,484144 1,281382 2,920651 -0,128520 0,591105 3,119141
-0,156883 -0,114356 3,001899 0,292614 1,343002 3,118647 -0,529368 1,355288 3,145280 -0,132874 0,589434 3,129556
-0,160996 -0,115653 3,014804 0,293055 1,343796 3,122740 -0,526740 1,342917 3,218145 -0,132683 0,599477 3,129708
