31 12
-0,191642 -0,046241 3,019888 0,123583 0,966664 2,943430 -0,410094 0,895869 2,709124 -0,200320 0,588520 3,122333
-0,189195 -0,065614 3,030007 -0,020729 0,865395 2,569543 -0,381559 0,837867 2,610548 -0,192680 0,584575 3,178085
-0,199178 -0,074013 3,051116 -0,029077 0,826082 2,471908 -0,315348 0,729202 2,448498 -0,197696 0,596225 3,189095
-0,195533 -0,069219 3,064763 -0,051200 0,779978 2,445700 -0,319104 0,690555 2,403950 -0,193335 0,608053 3,178626
-0,192481 -0,082275 3,084005 -0,067101 0,732199 2,419718 -0,335063 0,638941 2,388509 -0,201120 0,601678 3,200014
-0,196237 -0,080518 3,085396 -0,062800 0,711200 2,427764 -0,325331 0,614021 2,370974 -0,193322 0,601302 3,178560
-0,194094 -0,071505 3,074272 -0,047089 0,686298 2,399480 -0,303853 0,593918 2,330606 -0,197117 0,606597 3,189290
-0,188047 -0,053066 3,081002 -0,076209 0,632952 2,264049 -0,329648 0,547847 2,199442 -0,178439 0,618578 3,179440
-0,201678 -0,047962 3,104581 0,027454 0,562098 2,063281 -0,389759 0,539878 2,183322 -0,188300 0,623163 3,167223
-0,198640 -0,046462 3,082152 0,097348 0,518597 1,960554 -0,486399 0,521151 2,181111 -0,166477 0,625670 3,126638
-0,203203 -0,045267 3,080119 0,366518 0,533364 2,208887 -0,644988 0,441768 1,997647 -0,189477 0,615949 3,092088
-0,201255 -0,038560 3,056897 0,536057 0,521189 2,106340 -1,021984 0,551304 2,361323 -0,188831 0,606238 3,091911
-0,206459 -0,043746 3,064016 0,680822 0,592760 2,267971 -1,110347 0,593506 2,395160 -0,213443 0,607540 3,099782
-0,205705 -0,038896 3,031004 0,966656 0,744183 2,637262 -1,166759 0,721816 2,579928 -0,225339 0,616712 3,076827
-0,206362 -0,038097 3,022590 0,926184 0,886630 3,090271 -1,114448 0,794750 2,605678 -0,228015 0,634352 3,119486
-0,209720 -0,043850 3,008089 0,863289 0,935763 3,248023 -1,048307 0,836140 2,663529 -0,239055 0,632701 3,128897
-0,211999 -0,047891 2,976202 0,590502 0,919594 3,009067 -0,960450 1,018710 3,128096 -0,223795 0,635811 3,109122
-0,221638 -0,034614 2,985442 0,400010 1,103734 3,333378 -0,664369 0,944650 2,819145 -0,220273 0,640420 3,099164
-0,216625 -0,040401 2,988742 0,290129 1,075030 3,214217 -0,577377 0,959786 2,827098 -0,232039 0,636262 3,129801
-0,218638 -0,045701 3,017894 0,080080 0,947668 2,779848 -0,494319 0,963115 2,842745 -0,224934 0,595595 3,108581
-0,224662 -0,054006 3,028417 0,007694 0,914434 2,719076 -0,373563 0,865922 2,595656 -0,225880 0,560161 3,151462
-0,228658 -0,056705 3,058729 -0,024605 0,876010 2,609126 -0,357132 0,833469 2,542506 -0,226866 0,533508 3,172914
-0,225373 -0,071656 3,092174 -0,065842 0,814383 2,451207 -0,379954 0,788487 2,402996 -0,213449 0,584491 3,195735
-0,222522 -0,075588 3,103899 -0,052467 0,800172 2,387067 -0,378871 0,784022 2,379722 -0,219160 0,573928 3,172472
-0,223825 -0,083518 3,113657 -0,051342 0,794868 2,392246 -0,383081 0,788080 2,374744 -0,213230 0,553757 3,213111
-0,220555 -0,084233 3,122984 -0,025726 0,843931 2,448230 -0,390020 0,827843 2,376752 -0,210785 0,549120 3,207647
-0,216743 -0,078136 3,129811 -0,026439 0,920108 2,480788 -0,407724 0,914954 2,397218 -0,212912 0,551949 3,208950
-0,210475 -0,071934 3,145503 -0,023253 0,978896 2,521077 -0,415916 0,984995 2,434393 -0,216185 0,563388 3,196723
-0,207829 -0,069525 3,135152 0,032067 1,153935 2,684211 -0,393080 1,182212 2,618164 -0,215017 0,608186 3,198336
-0,207249 -0,071078 3,150694 0,055229 1,239155 2,778303 -0,457830 1,329388 2,818002 -0,203393 0,623242 3,245743
-0,203664 -0,068217 3,140126 0,087285 1,287381 2,851239 -0,468213 1,380160 2,919702 -0,203393 0,623242 3,245743
