31 12
-0,246652 -0,110487 3,160418 0,672358 1,138003 3,068462 -0,468081 1,356448 3,049057 -0,151547 0,571683 3,182660
-0,248261 -0,121963 3,170995 0,664126 1,129853 3,059898 -0,411433 1,336271 2,880672 -0,154830 0,563397 3,192957
-0,255416 -0,127288 3,173939 0,666587 1,124253 3,074664 -0,178844 1,067089 2,404076 -0,155295 0,543128 3,235128
-0,258458 -0,130900 3,186097 0,662399 1,125130 3,076563 -0,106608 0,926626 2,269310 -0,152973 0,555183 3,227410
-0,257190 -0,122690 3,184165 0,667636 1,116451 3,049608 -0,067884 0,647839 2,184632 -0,137852 0,578715 3,310760
-0,259421 -0,111365 3,188684 0,663687 1,099912 3,072893 0,031273 0,332937 2,016603 -0,131408 0,589682 3,335550
-0,254297 -0,109853 3,189258 0,667270 1,093338 3,064302 0,046215 0,225540 2,026256 -0,143817 0,571036 3,263147
-0,247612 -0,116225 3,220382 0,677333 1,104552 3,077002 0,066747 0,085986 2,061588 -0,157786 0,581230 3,261839
-0,238559 -0,117639 3,231703 0,677190 1,094167 3,081809 0,085155 0,028038 2,047217 -0,130895 0,635409 3,186753
-0,238428 -0,127713 3,233930 0,680661 1,098803 3,083404 0,098749 0,015935 2,045958 -0,130222 0,631392 3,164623
-0,239602 -0,138674 3,221959 0,691475 1,103113 3,109834 0,111662 0,010564 2,067350 -0,120917 0,633888 3,197329
-0,239567 -0,136032 3,213953 0,692410 1,096569 3,108274 0,120428 0,014939 2,053247 -0,134174 0,629665 3,174184
-0,236056 -0,135998 3,209967 0,696312 1,098333 3,116856 0,115944 0,017604 2,070249 -0,124087 0,631823 3,185954
-0,235129 -0,135190 3,215438 0,698524 1,096908 3,118968 0,121332 0,016505 2,069981 -0,116383 0,631592 3,165500
-0,234756 -0,137638 3,201565 0,697234 1,103209 3,115615 0,116119 0,020659 2,068751 -0,128256 0,645303 3,221933
-0,235727 -0,131802 3,225173 0,697500 1,109108 3,120061 0,121561 0,023480 2,067535 -0,117610 0,646507 3,210135
-0,232504 -0,136223 3,215271 0,688745 1,102361 3,111032 0,122151 0,028669 2,060577 -0,108640 0,653382 3,266723
-0,230214 -0,135332 3,215604 0,691212 1,107836 3,126477 0,121282 0,027601 2,071200 -0,114558 0,644899 3,220361
-0,232858 -0,131713 3,214701 0,692342 1,113072 3,125082 0,120416 0,029569 2,069546 -0,121580 0,644801 3,219947
-0,225980 -0,138282 3,210191 0,693975 1,109910 3,124534 0,118917 0,029491 2,064989 -0,118374 0,646927 3,231538
-0,228161 -0,129270 3,199604 0,690787 1,107542 3,123745 0,111202 0,039745 2,075914 -0,132267 0,643599 3,231869
-0,230754 -0,128709 3,195305 0,693636 1,113154 3,127406 0,106809 0,053176 2,088993 -0,132601 0,642961 3,229280
-0,234900 -0,113475 3,187909 0,693704 1,114851 3,125086 0,089345 0,122897 2,096380 -0,147167 0,586282 3,251406
-0,234746 -0,113247 3,186249 0,691076 1,117456 3,124237 0,022310 0,277061 2,221287 -0,137891 0,595595 3,287366
-0,234668 -0,125184 3,192469 0,692957 1,120454 3,118439 -0,015979 0,387117 2,263213 -0,128739 0,588041 3,348148
-0,232772 -0,133684 3,178135 0,694782 1,121881 3,110143 -0,059036 0,655467 2,296551 -0,133741 0,569519 3,275712
-0,234153 -0,128973 3,184419 0,699727 1,118705 3,111311 -0,236697 1,020700 2,620872 -0,117072 0,548688 3,207647
-0,230833 -0,120638 3,171289 0,695618 1,115147 3,087504 -0,309798 1,156793 2,738197 -0,120438 0,557022 3,196341
-0,236559 -0,122354 3,159971 0,701486 1,121790 3,099020 -0,376292 1,293398 2,860094 -0,123596 0,561959 3,184955
-0,236284 -0,116464 3,157831 0,700325 1,121042 3,100691 -0,537765 1,418200 3,206887 -0,130540 0,568623 3,184439
-0,239847 -0,112167 3,155507 0,695812 1,116583 3,088672 -0,571566 1,418101 3,283441 -0,135280 0,577422 3,217947
