32 12
-0,215528 -0,083219 3,262599 0,122987 1,320510 3,224161 -0,535674 1,393038 3,246637 -0,148685 0,558324 3,407975
-0,218247 -0,091656 3,258900 0,118330 1,315655 3,231979 -0,549487 1,343646 3,118846 -0,143961 0,549162 3,370842
-0,215570 -0,079686 3,289325 0,115465 1,331090 3,234830 -0,565293 1,246894 2,948633 -0,143596 0,549261 3,370791
-0,216750 -0,083879 3,296978 0,114369 1,311837 3,223512 -0,577873 1,096355 2,757751 -0,135741 0,542132 3,346936
-0,217178 -0,087619 3,288364 0,113345 1,330031 3,231209 -0,600937 0,886011 2,577675 -0,132487 0,536909 3,359375
-0,220014 -0,093869 3,295946 0,111549 1,323476 3,244941 -0,608759 0,639284 2,476238 -0,121268 0,535241 3,348051
-0,213675 -0,090888 3,297794 0,109266 1,306781 3,229324 -0,596859 0,398249 2,399542 -0,138233 0,549504 3,421438
-0,216636 -0,088536 3,294700 0,112095 1,320338 3,246648 -0,604363 0,224168 2,336729 -0,134891 0,561669 3,408388
-0,212445 -0,089302 3,287389 0,119256 1,323918 3,256789 -0,603376 0,103285 2,291895 -0,143050 0,565398 3,433127
-0,202748 -0,086846 3,278990 0,116260 1,314284 3,237598 -0,609695 0,025761 2,274108 -0,146179 0,574349 3,420617
-0,196876 -0,081862 3,279787 0,118911 1,314442 3,252443 -0,609250 -0,029422 2,257643 -0,142887 0,569126 3,433552
-0,191471 -0,082444 3,270691 0,124779 1,311766 3,246778 -0,602665 -0,066068 2,252360 -0,139775 0,574626 3,446377
-0,186857 -0,081606 3,273398 0,121024 1,323793 3,252467 -0,598839 -0,084773 2,267463 -0,138795 0,567242 3,421143
-0,186827 -0,078233 3,275839 0,125651 1,316226 3,258862 -0,596187 -0,090277 2,265723 -0,139794 0,581880 3,446501
-0,180812 -0,072539 3,280609 0,124259 1,310149 3,243671 -0,596667 -0,095209 2,265821 -0,142720 0,572840 3,433890
-0,186004 -0,083396 3,277599 0,126659 1,311391 3,251776 -0,594937 -0,092982 2,270075 -0,141905 0,568966 3,408514
-0,183953 -0,077209 3,287728 0,129307 1,317222 3,259807 -0,593394 -0,091095 2,266530 -0,142887 0,569126 3,433552
-0,181148 -0,073510 3,283469 0,133975 1,313184 3,269095 -0,599201 -0,089382 2,280298 -0,139425 0,574844 3,447032
-0,188427 -0,076301 3,292770 0,129964 1,310561 3,257659 -0,602936 -0,081919 2,266702 -0,139425 0,574844 3,447032
-0,191684 -0,093919 3,287630 0,130157 1,309993 3,243020 -0,610039 -0,073706 2,272552 -0,142887 0,569126 3,433552
-0,193261 -0,085466 3,291592 0,135886 1,317391 3,261381 -0,607515 -0,056069 2,282150 -0,139409 0,567592 3,446911
-0,190457 -0,088814 3,301193 0,132884 1,302530 3,254104 -0,600920 -0,018875 2,310880 -0,145994 0,570849 3,420830
-0,197715 -0,090695 3,319803 0,132033 1,315733 3,250533 -0,585865 0,051514 2,363893 -0,142072 0,565278 3,408185
-0,195599 -0,081446 3,321916 0,135921 1,313161 3,244392 -0,574014 0,143768 2,433361 -0,129786 0,563388 3,372011
-0,194202 -0,095138 3,307878 0,132980 1,308291 3,240616 -0,559613 0,285187 2,521516 -0,129232 0,552939 3,372187
-0,198526 -0,102196 3,305258 0,141488 1,318988 3,255648 -0,531398 0,453076 2,560518 -0,113235 0,535321 3,324405
-0,194778 -0,095112 3,302536 0,141851 1,313505 3,242650 -0,518834 0,657059 2,595693 -0,117243 0,537138 3,359898
-0,202151 -0,088134 3,292634 0,141960 1,316996 3,254989 -0,512158 0,866608 2,707254 -0,122811 0,553115 3,397573
-0,210016 -0,084263 3,286848 0,145176 1,310111 3,246019 -0,503174 1,065668 2,846221 -0,118638 0,554912 3,385469
-0,221837 -0,079520 3,288120 0,136401 1,298063 3,234172 -0,502205 1,215628 2,998838 -0,129409 0,549334 3,372109
-0,231248 -0,081352 3,268494 0,137662 1,306868 3,241896 -0,498908 1,308332 3,121398 -0,129409 0,549334 3,372109
-0,238266 -0,070705 3,277047 0,133439 1,325800 3,237745 -0,491294 1,360833 3,230808 -0,132860 0,550931 3,359439
