23 12
-0,242472 -0,034093 3,098556 0,231052 1,337432 3,181524 -0,493558 1,446641 3,057664 -0,204790 0,657096 3,188900
-0,237773 -0,030758 3,095567 0,237314 1,334974 3,199726 -0,542973 1,353907 2,771132 -0,197603 0,640360 3,189643
-0,246560 -0,044767 3,101280 0,246076 1,318477 3,219187 -0,550354 1,282380 2,612689 -0,204772 0,630878 3,210834
-0,245943 -0,044295 3,110947 0,240939 1,311085 3,214930 -0,562071 1,181327 2,495913 -0,204081 0,626782 3,188647
-0,251574 -0,044237 3,103811 0,241007 1,363935 3,264960 -0,610129 0,922024 2,172809 -0,184576 0,617903 3,156903
-0,247552 -0,044285 3,105649 0,255677 1,303149 3,251850 -0,593492 0,735604 2,097955 -0,192495 0,621702 3,178174
-0,244900 -0,045319 3,099842 0,254951 1,297365 3,237818 -0,590974 0,633915 2,058497 -0,193788 0,635870 3,200891
-0,245879 -0,041936 3,109466 0,255659 1,308769 3,245823 -0,586764 0,492228 2,038427 -0,182523 0,640012 3,169034
-0,239843 -0,044665 3,097075 0,260660 1,308011 3,235082 -0,567989 0,406120 2,066957 -0,186919 0,648597 3,179674
-0,236644 -0,034379 3,116696 0,258379 1,312665 3,243467 -0,561102 0,396521 2,131150 -0,183753 0,654220 3,191360
-0,232992 -0,035093 3,109908 0,255040 1,321802 3,229046 -0,530539 0,436824 2,381557 -0,179995 0,648733 3,180428
-0,232020 -0,036191 3,106510 0,250366 1,336396 3,221313 -0,572427 0,501125 2,555867 -0,195966 0,649969 3,223895
-0,235607 -0,043323 3,097779 0,255876 1,330502 3,209980 -0,573847 0,544299 2,687524 -0,195966 0,649969 3,223895
-0,248140 -0,031054 3,079353 0,256391 1,322549 3,194213 -0,546323 0,617903 2,936129 -0,204315 0,657387 3,245910
-0,259145 -0,033695 3,084536 0,257418 1,321921 3,198864 -0,556571 0,651502 3,009370 -0,202523 0,643128 3,223110
-0,262119 -0,029144 3,082650 0,251704 1,304998 3,195785 -0,556004 0,660356 3,040746 -0,217918 0,643476 3,244249
-0,265698 -0,024544 3,080736 0,250814 1,323907 3,183120 -0,556185 0,690370 3,031960 -0,213602 0,644981 3,233242
-0,261359 -0,024786 3,092858 0,243603 1,320132 3,184970 -0,545520 0,783761 2,978121 -0,206144 0,638362 3,233864
-0,257773 -0,037814 3,086827 0,245572 1,340855 3,185323 -0,544871 0,862867 2,955605 -0,209261 0,625924 3,222004
-0,245522 -0,031391 3,105356 0,246671 1,330996 3,194017 -0,533965 1,080303 2,998319 -0,206144 0,638362 3,233864
-0,242431 -0,025220 3,116814 0,249768 1,325642 3,192920 -0,525307 1,256495 3,015225 -0,197504 0,648263 3,270103
-0,236269 -0,028270 3,113455 0,245361 1,333992 3,198823 -0,519341 1,335791 3,052234 -0,199370 0,648774 3,234967
-0,238295 -0,033852 3,098307 0,246521 1,341834 3,202477 -0,507782 1,450793 3,160597 -0,190866 0,655224 3,271032
