25 12
-0,131823 -0,138788 3,118505 0,191232 1,310199 2,995653 -0,571004 1,250738 3,083774 -0,171014 0,581237 3,158359
-0,129506 -0,134038 3,128477 0,081339 1,392482 3,050495 -0,669448 1,205205 3,129756 -0,170804 0,571205 3,158053
-0,115366 -0,137724 3,116734 -0,011824 1,338168 2,995639 -0,715197 1,103063 3,036332 -0,169892 0,560971 3,136208
-0,107177 -0,157452 3,139481 -0,262836 1,085127 2,536049 -0,784194 0,797912 2,716449 -0,147328 0,534109 3,226327
-0,095874 -0,156030 3,131734 -0,461841 1,039579 2,715150 -0,779777 0,596338 2,714644 -0,125197 0,531696 3,252298
-0,086948 -0,152659 3,123119 -0,530319 0,955013 2,661090 -0,774518 0,524278 2,662911 -0,116306 0,541883 3,206417
-0,075744 -0,150839 3,146818 -0,606716 0,808729 2,505283 -0,753027 0,497988 2,695014 -0,107044 0,554112 3,242156
-0,062009 -0,150019 3,135340 -0,651148 0,732425 2,572076 -0,731378 0,579799 2,666894 -0,134456 0,538045 3,096819
-0,061199 -0,147566 3,135093 -0,689342 0,722237 2,632564 -0,720156 0,637482 2,743715 -0,096784 0,555811 3,232012
-0,058208 -0,145543 3,135794 -0,727335 0,766693 2,661702 -0,731725 0,611411 2,712512 -0,096593 0,559249 3,231944
-0,052957 -0,148535 3,130743 -0,714676 0,821358 2,634660 -0,760725 0,581162 2,767046 -0,096598 0,552417 3,231879
-0,056076 -0,145141 3,135080 -0,724734 0,826927 2,687753 -0,763665 0,595876 2,755652 -0,086447 0,557694 3,244155
-0,056887 -0,145474 3,111101 -0,664010 0,737452 2,644099 -0,744643 0,680735 2,726195 -0,104171 0,562809 3,254458
-0,066096 -0,143579 3,133201 -0,723670 0,782908 2,661232 -0,775154 0,605831 2,790795 -0,089630 0,562933 3,254998
-0,062106 -0,142100 3,126445 -0,734820 0,811253 2,663184 -0,765748 0,567785 2,752350 -0,103092 0,555610 3,208752
-0,066241 -0,147983 3,136331 -0,726662 0,758892 2,654693 -0,767014 0,609494 2,763441 -0,134266 0,534779 3,096618
-0,066609 -0,139433 3,138102 -0,710028 0,729841 2,685432 -0,786243 0,644721 2,791796 -0,093602 0,568192 3,266664
-0,066812 -0,138469 3,142178 -0,715918 0,738247 2,684994 -0,786567 0,594035 2,774303 -0,152184 0,549525 3,126832
-0,069004 -0,146804 3,130855 -0,661907 0,800632 2,648416 -0,789379 0,514491 2,787292 -0,096208 0,559253 3,231524
-0,075165 -0,155614 3,144948 -0,526244 0,878867 2,459980 -0,778784 0,510220 2,780807 -0,121410 0,543749 3,263252
-0,080153 -0,157758 3,141540 -0,446784 0,949124 2,437710 -0,782790 0,548034 2,812983 -0,119408 0,545693 3,299797
-0,088641 -0,150193 3,135020 -0,237074 1,247175 2,783389 -0,797420 0,734669 2,921463 -0,142430 0,539841 3,216944
-0,096283 -0,142692 3,149187 0,010003 1,199278 2,536866 -0,737621 0,926154 2,840136 -0,137112 0,571006 3,263677
-0,096877 -0,133385 3,144461 0,106457 1,251789 2,637673 -0,702751 1,019821 2,873355 -0,151736 0,568256 3,182629
-0,113681 -0,136727 3,129672 0,271824 1,383598 2,974246 -0,627881 1,275446 3,187993 -0,151354 0,575097 3,182619
