21 12
-0,207446 -0,087074 3,063141 0,132292 1,378587 3,162123 -0,523946 1,251550 3,180277 -0,137897 0,602210 3,184193
-0,201548 -0,086699 3,048622 0,132092 1,376150 3,167183 -0,442203 1,061030 2,850474 -0,126128 0,583717 3,173200
-0,204718 -0,092922 3,068897 0,135392 1,375156 3,163925 -0,409020 0,868062 2,630397 -0,125324 0,563409 3,171307
-0,206647 -0,093966 3,058475 0,130890 1,368366 3,164825 -0,418203 0,475229 2,355692 -0,127204 0,587434 3,195926
-0,217468 -0,080004 3,087773 0,120275 1,370608 3,190269 -0,323260 0,177743 2,118591 -0,131597 0,651571 3,236259
-0,213343 -0,081836 3,083542 0,123099 1,365948 3,178829 -0,317639 0,099144 2,011393 -0,114013 0,636911 3,249650
-0,209177 -0,094866 3,085541 0,125501 1,364634 3,187365 -0,320597 0,048478 1,928256 -0,113005 0,619513 3,228133
-0,196456 -0,087105 3,060687 0,128537 1,385768 3,206102 -0,305189 0,050365 1,909922 -0,119239 0,619042 3,205691
-0,195323 -0,086027 3,061609 0,126114 1,368133 3,202609 -0,307914 0,060386 1,916138 -0,112663 0,632376 3,204885
-0,189598 -0,088314 3,076213 0,130051 1,367950 3,192721 -0,310449 0,084813 1,906454 -0,119854 0,635477 3,203660
-0,192644 -0,082419 3,067892 0,129056 1,364041 3,185396 -0,315638 0,102765 1,918003 -0,113259 0,641910 3,202341
-0,193923 -0,086993 3,067882 0,128278 1,363185 3,192603 -0,317518 0,107837 1,912290 -0,107176 0,645592 3,223211
-0,190554 -0,079128 3,069178 0,134796 1,366394 3,193902 -0,325762 0,131905 1,924208 -0,114073 0,656062 3,224047
-0,181289 -0,087378 3,054246 0,132266 1,368842 3,195971 -0,370277 0,204442 2,012333 -0,120608 0,622147 3,300783
-0,176754 -0,086565 3,048293 0,132868 1,366934 3,183880 -0,387974 0,273824 2,064053 -0,090730 0,620607 3,232500
-0,169567 -0,090424 3,062921 0,137164 1,379119 3,200401 -0,374968 0,497737 2,194990 -0,092266 0,604241 3,176495
-0,167191 -0,093871 3,059664 0,138449 1,374447 3,178528 -0,482955 0,821384 2,342673 -0,094692 0,588908 3,164590
-0,163751 -0,094643 3,060149 0,143509 1,346020 3,134985 -0,518759 1,004189 2,490400 -0,105945 0,594024 3,175453
-0,166546 -0,097156 3,065891 0,142079 1,368860 3,165926 -0,508336 1,329933 2,871414 -0,109693 0,602639 3,186375
-0,171456 -0,093993 3,070730 0,142841 1,373643 3,164624 -0,575917 1,415592 3,183258 -0,124008 0,609155 3,185402
-0,170894 -0,089607 3,072776 0,143600 1,362196 3,149290 -0,569413 1,406989 3,304024 -0,130069 0,608622 3,162731
