248 12
-0,147452 -0,133165 3,225507 0,275297 1,329734 3,156458 -0,491172 1,384386 3,201928 -0,140477 0,590298 3,275278
-0,145898 -0,129458 3,216179 0,275720 1,334611 3,155527 -0,493078 1,388041 3,205977 -0,136013 0,588014 3,240862
-0,149532 -0,132086 3,218446 0,276857 1,328902 3,154203 -0,489960 1,381132 3,200341 -0,143836 0,591745 3,263380
-0,146553 -0,136214 3,224332 0,277177 1,329189 3,152474 -0,492384 1,381206 3,207071 -0,128967 0,588103 3,241460
-0,150149 -0,136221 3,220571 0,273116 1,335091 3,161538 -0,491066 1,378891 3,202859 -0,140871 0,590206 3,275337
-0,144085 -0,130925 3,220944 0,276810 1,329183 3,150931 -0,490163 1,377017 3,194905 -0,139159 0,586074 3,229094
-0,145118 -0,131593 3,225464 0,272716 1,324823 3,141471 -0,491143 1,380378 3,203273 -0,139159 0,586074 3,229094
-0,141222 -0,131996 3,213912 0,276606 1,330113 3,152712 -0,495851 1,388737 3,216136 -0,132848 0,589966 3,252703
-0,140786 -0,132637 3,212953 0,274407 1,330906 3,152753 -0,486842 1,385305 3,197221 -0,136013 0,588014 3,240862
-0,139618 -0,129498 3,225025 0,273184 1,326393 3,148587 -0,493888 1,385612 3,204567 -0,136013 0,588014 3,240862
-0,142603 -0,134016 3,230797 0,271866 1,324462 3,144620 -0,489490 1,384809 3,199901 -0,140678 0,593724 3,275385
-0,140479 -0,129350 3,212995 0,273752 1,328378 3,149033 -0,488919 1,375807 3,198126 -0,133571 0,593817 3,276007
-0,142896 -0,131736 3,230466 0,277468 1,329602 3,156230 -0,489594 1,381589 3,203522 -0,140678 0,593724 3,275385
-0,143343 -0,129494 3,225353 0,277782 1,324859 3,150105 -0,488857 1,390321 3,211081 -0,136013 0,588014 3,240862
-0,142141 -0,132298 3,225576 0,277021 1,326198 3,148128 -0,493270 1,388425 3,217606 -0,140678 0,593724 3,275385
-0,146788 -0,125822 3,222455 0,276777 1,329165 3,156191 -0,489690 1,396561 3,217657 -0,143836 0,591745 3,263380
-0,147471 -0,131529 3,223276 0,276105 1,323898 3,141657 -0,491065 1,392125 3,214073 -0,147176 0,593166 3,251482
-0,145143 -0,134674 3,222282 0,278595 1,332394 3,157214 -0,485476 1,381490 3,211583 -0,150286 0,584338 3,239550
-0,147514 -0,136934 3,239057 0,274729 1,324770 3,143290 -0,487215 1,388631 3,212083 -0,147176 0,593166 3,251482
-0,149585 -0,136454 3,230928 0,274948 1,333169 3,159012 -0,487434 1,377018 3,212285 -0,136746 0,584933 3,263934
-0,148281 -0,133647 3,226394 0,272947 1,327273 3,155359 -0,486075 1,386528 3,208962 -0,146975 0,589778 3,251447
-0,147461 -0,131239 3,216916 0,273857 1,342453 3,152619 -0,485201 1,382586 3,207392 -0,146975 0,589778 3,251447
-0,150731 -0,133717 3,234214 0,278316 1,329396 3,151128 -0,485292 1,387466 3,219894 -0,150917 0,591646 3,262721
-0,143331 -0,130816 3,228658 0,280243 1,338647 3,153561 -0,482662 1,379158 3,213149 -0,143836 0,591745 3,263380
-0,148861 -0,130976 3,217478 0,277910 1,330658 3,149545 -0,489191 1,355506 3,198981 -0,140678 0,593724 3,275385
-0,144064 -0,129748 3,227424 0,274871 1,322834 3,149919 -0,479629 1,316707 3,138474 -0,143836 0,591745 3,263380
-0,138402 -0,131935 3,235746 0,275355 1,332847 3,166063 -0,460312 1,203378 3,019738 -0,132843 0,583081 3,252629
-0,138013 -0,129392 3,243383 0,279202 1,323678 3,152963 -0,447039 1,011488 2,878652 -0,140072 0,583406 3,274838
-0,136272 -0,137607 3,233667 0,274285 1,324658 3,151064 -0,440810 0,736754 2,743134 -0,132250 0,565960 3,252048
-0,138665 -0,135138 3,237102 0,273280 1,335749 3,154961 -0,450732 0,424457 2,645912 -0,133219 0,576080 3,252447
-0,127470 -0,142017 3,230839 0,273466 1,327736 3,150665 -0,480203 0,132130 2,626693 -0,126862 0,583123 3,151602
-0,128286 -0,122697 3,239376 0,267437 1,338244 3,156395 -0,497208 -0,109062 2,608684 -0,121022 0,580566 3,196484
-0,138576 -0,131503 3,251002 0,268495 1,319733 3,144062 -0,528642 -0,325325 2,610400 -0,102803 0,575251 3,164408
-0,133541 -0,132480 3,243768 0,271832 1,317140 3,150038 -0,558675 -0,515142 2,598130 -0,122961 0,591899 3,265071
-0,126627 -0,136135 3,242808 0,275272 1,333821 3,177265 -0,592646 -0,632334 2,615117 -0,126652 0,590388 3,276541
-0,119075 -0,145995 3,231401 0,277561 1,335740 3,180624 -0,602289 -0,683189 2,621630 -0,123328 0,584816 3,264568
-0,111655 -0,146314 3,224253 0,278629 1,328508 3,177430 -0,572421 -0,701672 2,626036 -0,122298 0,581208 3,241838
-0,105247 -0,144143 3,231677 0,277427 1,337780 3,180567 -0,517268 -0,729048 2,623573 -0,101320 0,577930 3,243132
-0,100928 -0,140213 3,240949 0,278263 1,340486 3,188251 -0,430772 -0,724073 2,618009 -0,086574 0,577833 3,221355
-0,096039 -0,138570 3,244316 0,279136 1,332002 3,190794 -0,364346 -0,726822 2,638465 -0,080157 0,582018 3,267915
-0,086623 -0,146508 3,241411 0,279166 1,330653 3,180626 -0,382402 -0,756160 2,697921 -0,083268 0,572882 3,232893
-0,082466 -0,146092 3,228089 0,282270 1,327957 3,182163 -0,435255 -0,768451 2,727287 -0,087388 0,581406 3,243760
-0,076578 -0,151827 3,216011 0,286264 1,325572 3,173582 -0,459185 -0,746216 2,711960 -0,091144 0,576373 3,255029
-0,077736 -0,145545 3,218720 0,289225 1,328922 3,164669 -0,437522 -0,723939 2,643909 -0,087648 0,588735 3,267249
-0,086388 -0,147363 3,251392 0,285866 1,326244 3,156692 -0,389126 -0,744505 2,635749 -0,087014 0,588437 3,244305
-0,085779 -0,142023 3,244544 0,285530 1,334307 3,163790 -0,345413 -0,712898 2,618609 -0,072689 0,578308 3,245110
-0,085886 -0,147249 3,254016 0,288433 1,333168 3,172052 -0,330458 -0,711783 2,645777 -0,076602 0,576654 3,256307
-0,083273 -0,142451 3,246808 0,292972 1,326890 3,155975 -0,378726 -0,753973 2,693934 -0,072880 0,581682 3,245006
-0,085059 -0,147358 3,237370 0,301259 1,328631 3,178289 -0,441911 -0,730727 2,687937 -0,079741 0,581230 3,221580
-0,084081 -0,142040 3,215086 0,302356 1,325952 3,165125 -0,480276 -0,705215 2,670941 -0,086341 0,591022 3,198729
-0,087128 -0,146651 3,233465 0,298689 1,338897 3,160200 -0,471272 -0,685677 2,637228 -0,094271 0,591732 3,243722
-0,090653 -0,140366 3,238441 0,288707 1,330642 3,145005 -0,436392 -0,679187 2,606099 -0,076227 0,593476 3,233477
-0,088842 -0,142148 3,236689 0,295727 1,341536 3,159158 -0,356206 -0,610947 2,583962 -0,073046 0,595901 3,268445
-0,086232 -0,136959 3,240948 0,302193 1,340899 3,172137 -0,317900 -0,494223 2,567961 -0,079741 0,581230 3,221580
-0,085306 -0,143651 3,250343 0,296964 1,329594 3,146789 -0,301937 -0,373039 2,587522 -0,083878 0,579967 3,255750
-0,079731 -0,089137 3,211319 0,294337 1,342423 3,149086 -0,316193 -0,225319 2,645873 -0,071989 0,564150 3,199571
-0,069775 -0,196246 3,189689 0,295660 1,337230 3,151903 -0,329242 -0,049765 2,675879 -0,093781 0,574286 3,220709
-0,072428 -0,134729 3,217039 0,295859 1,335445 3,149266 -0,332010 0,108332 2,688608 -0,107852 0,593893 3,196499
-0,077218 -0,139043 3,220400 0,296031 1,329794 3,154814 -0,337314 0,254076 2,729147 -0,120637 0,587457 3,196663
-0,080953 -0,146711 3,222896 0,302361 1,304803 3,104807 -0,324609 0,397844 2,747687 -0,116243 0,575214 3,163553
-0,088089 -0,139098 3,205142 0,326715 1,221383 3,030446 -0,316327 0,506759 2,745524 -0,117650 0,579130 3,208062
-0,097063 -0,157808 3,203676 0,367612 1,089511 2,952849 -0,331626 0,572240 2,750081 -0,125098 0,565739 3,230076
-0,101259 -0,155924 3,197504 0,399069 0,937865 2,896055 -0,407512 0,597706 2,770746 -0,128077 0,560517 3,218319
-0,097135 -0,157077 3,194224 0,416840 0,766585 2,881358 -0,491320 0,574751 2,780995 -0,131226 0,551899 3,206653
-0,105962 -0,163340 3,187062 0,428414 0,631635 2,895815 -0,543498 0,535419 2,815220 -0,129128 0,550341 3,241045
-0,110963 -0,158767 3,192738 0,424050 0,530541 2,921257 -0,545238 0,483468 2,831761 -0,120437 0,550258 3,196281
-0,111163 -0,151659 3,178375 0,413168 0,469877 2,907993 -0,503104 0,433750 2,837468 -0,113659 0,553676 3,196890
-0,113819 -0,153611 3,175374 0,391815 0,416363 2,887703 -0,454708 0,383752 2,820437 -0,110849 0,569347 3,231155
-0,120083 -0,153239 3,166308 0,342370 0,359485 2,851105 -0,425676 0,337936 2,828547 -0,113867 0,577729 3,219484
-0,121391 -0,137495 3,172810 0,289910 0,313693 2,821504 -0,408418 0,301730 2,809527 -0,132962 0,576579 3,151177
-0,130016 -0,131422 3,165057 0,231020 0,292111 2,853648 -0,396718 0,293069 2,814161 -0,146518 0,579767 3,149837
-0,134537 -0,133326 3,173928 0,188076 0,311395 2,843144 -0,392341 0,301202 2,823366 -0,141963 0,567769 3,117668
-0,138307 -0,149261 3,166039 0,199432 0,335602 2,857054 -0,408148 0,309165 2,833918 -0,117064 0,575843 3,207895
-0,144497 -0,136484 3,175418 0,235346 0,324731 2,881817 -0,441748 0,291334 2,841558 -0,103085 0,569192 3,208875
-0,147468 -0,136910 3,177956 0,250034 0,311045 2,871736 -0,444869 0,262889 2,814027 -0,103280 0,565773 3,208949
-0,150261 -0,137026 3,165793 0,234320 0,288570 2,851307 -0,431478 0,229861 2,777076 -0,123791 0,572042 3,185092
-0,146306 -0,129907 3,154791 0,222170 0,239025 2,826677 -0,429780 0,217697 2,787174 -0,133258 0,580271 3,172839
-0,144426 -0,124888 3,162028 0,207861 0,203001 2,822011 -0,406700 0,196670 2,760503 -0,139434 0,589903 3,150350
-0,147292 -0,121562 3,178562 0,170536 0,197897 2,812791 -0,397574 0,204963 2,760945 -0,148924 0,594561 3,137940
-0,145310 -0,120624 3,171910 0,136394 0,246124 2,807598 -0,370609 0,230512 2,784284 -0,157038 0,584817 3,159600
-0,149285 -0,129968 3,177237 0,139096 0,310383 2,816003 -0,387143 0,255902 2,818189 -0,151155 0,578498 3,182508
-0,150417 -0,140654 3,156712 0,195501 0,345367 2,819232 -0,419009 0,266057 2,813583 -0,123203 0,568742 3,184706
-0,149966 -0,130969 3,139458 0,257080 0,353644 2,858439 -0,433537 0,261001 2,795845 -0,117064 0,575843 3,207895
-0,150764 -0,139610 3,137520 0,252653 0,360618 2,879420 -0,439177 0,244159 2,781516 -0,123400 0,572104 3,184924
-0,148657 -0,142408 3,137661 0,222434 0,336343 2,844686 -0,420097 0,243286 2,763853 -0,126737 0,573590 3,173689
-0,141358 -0,130325 3,143272 0,197286 0,273933 2,826337 -0,400463 0,244501 2,769425 -0,137283 0,585435 3,183856
-0,136194 -0,124351 3,145071 0,175072 0,191986 2,837176 -0,374752 0,254808 2,748880 -0,148088 0,600711 3,194185
-0,133926 -0,121016 3,143353 0,146974 0,169902 2,854905 -0,352290 0,280590 2,764081 -0,143249 0,598431 3,161042
-0,133562 -0,133306 3,142658 0,135535 0,226613 2,835459 -0,364252 0,312208 2,778866 -0,143659 0,578265 3,161215
-0,137185 -0,137251 3,148167 0,158491 0,301591 2,807662 -0,390922 0,334201 2,805305 -0,102611 0,571956 3,164486
-0,134520 -0,142400 3,124060 0,199078 0,346927 2,822904 -0,415050 0,350856 2,791979 -0,113670 0,574330 3,219265
-0,136189 -0,134325 3,134003 0,217809 0,378481 2,853004 -0,423304 0,340348 2,763464 -0,117064 0,575843 3,207895
-0,138730 -0,142964 3,117250 0,206184 0,360505 2,833222 -0,416021 0,320281 2,756863 -0,120827 0,577243 3,196547
-0,137337 -0,141005 3,125957 0,207164 0,334548 2,818318 -0,419330 0,312365 2,753477 -0,137681 0,578620 3,183988
-0,132974 -0,132649 3,115464 0,232302 0,326903 2,808267 -0,430314 0,333643 2,756879 -0,138397 0,582526 3,107530
-0,133237 -0,130487 3,110657 0,268496 0,361513 2,794745 -0,449666 0,386462 2,747250 -0,149764 0,581204 3,138793
-0,132272 -0,136308 3,109566 0,308574 0,425922 2,764843 -0,468201 0,482532 2,708079 -0,151401 0,568855 3,085124
-0,133362 -0,152124 3,109567 0,336526 0,547630 2,752162 -0,493445 0,619218 2,696732 -0,159606 0,559321 3,126832
-0,137495 -0,157111 3,125180 0,353931 0,702316 2,756169 -0,507659 0,792016 2,687539 -0,161493 0,556283 3,170441
-0,143574 -0,147081 3,123517 0,378420 0,879844 2,794823 -0,504541 0,968353 2,722942 -0,168783 0,562768 3,169748
-0,146780 -0,147023 3,132164 0,380488 1,034549 2,868219 -0,490711 1,154606 2,787795 -0,165210 0,574893 3,181239
-0,145714 -0,137509 3,142167 0,388944 1,186794 2,964849 -0,478726 1,282024 2,905848 -0,151357 0,581845 3,182680
-0,149325 -0,144935 3,148405 0,378267 1,285242 3,062307 -0,465869 1,367753 3,028819 -0,171215 0,577856 3,158485
-0,151647 -0,143355 3,153488 0,353208 1,355932 3,153650 -0,450185 1,389117 3,106937 -0,165014 0,585040 3,181177
-0,151651 -0,138465 3,145408 0,310115 1,367720 3,182807 -0,436827 1,390878 3,127167 -0,168428 0,583061 3,169972
-0,149001 -0,138014 3,154814 0,272959 1,359892 3,174181 -0,437505 1,369874 3,126446 -0,158027 0,574552 3,159890
-0,149996 -0,142425 3,164594 0,271997 1,341920 3,163099 -0,438263 1,383247 3,130162 -0,157831 0,571269 3,159924
-0,147508 -0,137889 3,168208 0,289493 1,334815 3,186018 -0,439207 1,386221 3,141394 -0,157840 0,577972 3,159983
-0,144818 -0,145950 3,165308 0,285394 1,336979 3,185371 -0,441873 1,375249 3,130976 -0,162377 0,573353 3,192795
-0,148876 -0,146550 3,164913 0,279078 1,334303 3,175785 -0,440854 1,364676 3,127336 -0,168610 0,572919 3,169896
-0,146780 -0,144704 3,169025 0,278559 1,341319 3,184372 -0,440107 1,375636 3,131068 -0,171402 0,567763 3,158484
-0,144696 -0,143148 3,186593 0,281304 1,347893 3,187171 -0,439115 1,381793 3,132051 -0,162377 0,573353 3,192795
-0,149362 -0,146786 3,186813 0,278466 1,347047 3,179877 -0,438359 1,389358 3,129594 -0,162377 0,573353 3,192795
-0,149314 -0,139747 3,185892 0,276501 1,357055 3,196773 -0,441634 1,373153 3,128424 -0,162586 0,583448 3,192901
-0,149899 -0,139468 3,188024 0,276932 1,338424 3,165589 -0,437746 1,380918 3,116144 -0,169532 0,583338 3,192192
-0,148963 -0,135385 3,188355 0,275941 1,334068 3,173065 -0,441557 1,385554 3,125812 -0,169128 0,576671 3,192026
-0,152186 -0,146300 3,197095 0,277591 1,345259 3,171715 -0,442293 1,392965 3,135662 -0,171933 0,578186 3,180382
-0,158196 -0,139801 3,203593 0,275402 1,353694 3,182972 -0,443959 1,381041 3,127213 -0,165612 0,581539 3,181395
-0,151002 -0,142807 3,198893 0,271338 1,342090 3,175693 -0,445432 1,373855 3,131423 -0,166813 0,585738 3,226151
-0,153116 -0,140512 3,201396 0,276691 1,333555 3,169482 -0,444831 1,378952 3,128433 -0,168724 0,583482 3,191705
-0,150555 -0,147801 3,195709 0,269154 1,341147 3,168744 -0,442948 1,383081 3,125155 -0,172326 0,571369 3,180565
-0,156558 -0,146524 3,201010 0,271712 1,342839 3,184017 -0,444722 1,386929 3,128103 -0,168928 0,580083 3,191902
-0,155155 -0,146064 3,195234 0,276126 1,340606 3,189362 -0,448392 1,380124 3,130555 -0,171928 0,571445 3,180322
-0,151328 -0,139536 3,188962 0,270410 1,342434 3,177198 -0,447679 1,373002 3,135821 -0,177225 0,576809 3,213843
-0,157415 -0,146173 3,201121 0,277371 1,330380 3,172553 -0,445470 1,374489 3,128226 -0,170244 0,576922 3,214593
-0,158740 -0,145813 3,196868 0,277366 1,342774 3,184965 -0,445928 1,390618 3,133071 -0,166308 0,581921 3,203729
-0,159250 -0,143292 3,201048 0,268092 1,362803 3,185191 -0,449007 1,378042 3,135806 -0,171726 0,574832 3,180125
-0,157918 -0,142303 3,195582 0,272369 1,343519 3,176512 -0,448108 1,391640 3,145498 -0,172868 0,581882 3,202746
-0,162984 -0,140597 3,199778 0,275273 1,337068 3,177114 -0,442905 1,383763 3,133719 -0,176068 0,576560 3,191279
-0,162402 -0,148880 3,211787 0,273096 1,332520 3,187772 -0,445938 1,382091 3,132210 -0,172326 0,571369 3,180565
-0,161529 -0,143565 3,204906 0,271341 1,337379 3,182318 -0,446551 1,385074 3,137440 -0,175312 0,569505 3,169119
-0,159442 -0,139702 3,195240 0,276005 1,333052 3,169816 -0,448629 1,385005 3,145422 -0,172525 0,574683 3,180613
-0,159007 -0,140792 3,202935 0,280598 1,337624 3,161822 -0,449357 1,364753 3,118040 -0,187376 0,578122 3,201450
-0,161016 -0,141330 3,203681 0,304497 1,317213 3,132204 -0,448205 1,349378 3,088414 -0,184007 0,580140 3,213004
-0,164856 -0,137688 3,206945 0,330719 1,270846 3,046896 -0,456752 1,276917 2,992695 -0,179254 0,577998 3,179878
-0,165061 -0,140925 3,198881 0,356861 1,205454 2,981505 -0,468666 1,184537 2,885946 -0,179244 0,571256 3,179815
-0,162383 -0,148359 3,207172 0,372528 1,152808 2,903712 -0,498886 1,066005 2,779158 -0,176061 0,569798 3,191216
-0,161494 -0,147281 3,209384 0,376648 1,089825 2,842273 -0,528910 0,973414 2,703268 -0,180999 0,568412 3,224616
-0,163807 -0,152886 3,225448 0,344442 1,021272 2,772558 -0,544423 0,885474 2,665642 -0,170596 0,554478 3,157628
-0,163265 -0,155491 3,233512 0,287022 0,958386 2,725841 -0,513804 0,797645 2,608499 -0,180387 0,558239 3,223792
-0,163132 -0,154258 3,237003 0,207027 0,910147 2,685956 -0,458390 0,750065 2,603053 -0,184145 0,542697 3,212718
-0,162491 -0,158601 3,229476 0,105052 0,861546 2,655103 -0,371202 0,713984 2,593782 -0,182330 0,533583 3,222934
-0,160589 -0,159881 3,232669 0,005758 0,797885 2,651131 -0,272833 0,701400 2,588753 -0,175997 0,544267 3,247436
-0,156606 -0,161291 3,223670 -0,112417 0,791142 2,692596 -0,182390 0,699180 2,597625 -0,183184 0,558493 3,270676
-0,156011 -0,155387 3,243367 -0,077855 0,728971 2,551543 -0,206057 0,683558 2,619870 -0,181166 0,551313 3,224530
-0,155533 -0,164867 3,232868 -0,039363 0,713828 2,566934 -0,267345 0,671343 2,688682 -0,183349 0,548071 3,270572
-0,160924 -0,161054 3,250462 0,024087 0,725049 2,577065 -0,347826 0,657376 2,690810 -0,168270 0,551607 3,248950
-0,156887 -0,161123 3,248116 0,066752 0,728054 2,593885 -0,387864 0,642284 2,660830 -0,174212 0,567605 3,307336
-0,159302 -0,151759 3,250190 0,041327 0,731776 2,611672 -0,352179 0,636739 2,638250 -0,182997 0,561994 3,270619
-0,163033 -0,157615 3,249592 -0,031251 0,709409 2,637441 -0,273226 0,660963 2,627802 -0,182797 0,558573 3,270406
-0,160671 -0,162100 3,252265 -0,120455 0,737292 2,635407 -0,194160 0,674751 2,645703 -0,177273 0,558730 3,294973
-0,165265 -0,155521 3,251527 -0,066271 0,689419 2,575726 -0,205176 0,671287 2,658926 -0,173831 0,567708 3,307229
-0,165933 -0,157589 3,247659 -0,012917 0,687528 2,590331 -0,256543 0,681661 2,712057 -0,182987 0,555086 3,270539
-0,168782 -0,156251 3,251525 0,057801 0,713849 2,598242 -0,331080 0,673367 2,701360 -0,191132 0,558607 3,293235
-0,173052 -0,163994 3,252758 0,101242 0,728141 2,595309 -0,364671 0,663700 2,675627 -0,175975 0,537407 3,247353
-0,172103 -0,160751 3,259658 0,092439 0,736478 2,616371 -0,347853 0,674890 2,674678 -0,180652 0,542829 3,282408
-0,167703 -0,158913 3,247301 0,030944 0,717852 2,653618 -0,279494 0,685418 2,663212 -0,183171 0,551585 3,270593
-0,173944 -0,160087 3,253338 -0,040099 0,711384 2,626963 -0,179956 0,686984 2,644120 -0,186188 0,549739 3,258545
-0,172148 -0,156499 3,253189 -0,073266 0,724797 2,616829 -0,170688 0,683708 2,676866 -0,173831 0,567708 3,307229
-0,168714 -0,155145 3,243513 -0,047886 0,712618 2,617458 -0,177471 0,685240 2,681086 -0,179951 0,556955 3,282664
-0,173805 -0,162135 3,236090 -0,020381 0,699237 2,594079 -0,185825 0,703658 2,679623 -0,182789 0,551666 3,270326
-0,180022 -0,159145 3,251190 0,010112 0,726212 2,595148 -0,195364 0,730628 2,668389 -0,187047 0,556841 3,281853
-0,172918 -0,155038 3,235211 0,041423 0,775713 2,597767 -0,213729 0,781879 2,673885 -0,196919 0,474325 3,215736
-0,178640 -0,155613 3,256649 0,090950 0,850415 2,631415 -0,230963 0,845372 2,676084 -0,194803 0,466157 3,221921
-0,178863 -0,161399 3,249802 0,136707 0,918746 2,671831 -0,255204 0,916873 2,689880 -0,182884 0,488759 3,189677
-0,179850 -0,158559 3,249441 0,189267 0,990387 2,690834 -0,291357 1,003117 2,726083 -0,181319 0,534215 3,224366
-0,179813 -0,150603 3,250565 0,241504 1,068312 2,737767 -0,345334 1,096638 2,775466 -0,187140 0,554453 3,201184
-0,177544 -0,153382 3,236235 0,298298 1,133794 2,805143 -0,409666 1,185730 2,832944 -0,176426 0,556176 3,191192
-0,176206 -0,151282 3,237059 0,354838 1,197209 2,880327 -0,475850 1,282807 2,913053 -0,181189 0,564955 3,224674
-0,174977 -0,145351 3,244659 0,407790 1,228189 2,946913 -0,543929 1,336144 3,011414 -0,184390 0,573231 3,213058
-0,173421 -0,142854 3,236019 0,464018 1,254489 3,034892 -0,599756 1,372751 3,092883 -0,177225 0,576809 3,213843
-0,174868 -0,140829 3,225605 0,505908 1,267309 3,106473 -0,629094 1,376955 3,162861 -0,184390 0,573231 3,213058
-0,172417 -0,146187 3,215384 0,545998 1,265541 3,172641 -0,646799 1,375136 3,203099 -0,176262 0,573134 3,191338
-0,170823 -0,137078 3,213399 0,562314 1,264546 3,190330 -0,658637 1,355978 3,208687 -0,180026 0,578345 3,202111
-0,171281 -0,143878 3,206076 0,576115 1,256719 3,209384 -0,673134 1,342562 3,220079 -0,173262 0,575022 3,202930
-0,166968 -0,147429 3,192050 0,587592 1,259028 3,230326 -0,682425 1,330321 3,209977 -0,173262 0,575022 3,202930
-0,171552 -0,148224 3,204130 0,581086 1,243760 3,218746 -0,689834 1,315693 3,201413 -0,170433 0,573461 3,214573
-0,168317 -0,137075 3,198877 0,576358 1,225633 3,200391 -0,689953 1,283233 3,169185 -0,170244 0,576922 3,214593
-0,168264 -0,143942 3,202624 0,559179 1,205122 3,177543 -0,679199 1,245497 3,121067 -0,173451 0,571572 3,202914
-0,169147 -0,135551 3,214471 0,517070 1,144676 3,132998 -0,664944 1,183389 3,068019 -0,176462 0,576458 3,191391
-0,165810 -0,152444 3,201928 0,453934 1,050611 3,097833 -0,625840 1,062558 2,992682 -0,177401 0,566543 3,213757
-0,164726 -0,150596 3,215599 0,401604 0,941236 3,067379 -0,597747 0,935568 2,972248 -0,165396 0,564737 3,181227
-0,171616 -0,157626 3,228519 0,355368 0,841286 3,080060 -0,563371 0,831861 2,969736 -0,156430 0,553256 3,215774
-0,165682 -0,150741 3,238470 0,316962 0,752335 3,042713 -0,535584 0,749732 2,948815 -0,153727 0,561759 3,227329
-0,167973 -0,155704 3,232993 0,277941 0,659275 2,956778 -0,522492 0,675441 2,919300 -0,155953 0,549580 3,193048
-0,161739 -0,142479 3,216702 0,244945 0,565614 2,902766 -0,506817 0,597887 2,880338 -0,159512 0,565003 3,204274
-0,159730 -0,134919 3,214409 0,208018 0,490167 2,847265 -0,496391 0,521578 2,819257 -0,165788 0,571352 3,181241
-0,159317 -0,124962 3,222964 0,132192 0,460220 2,855511 -0,460382 0,480371 2,798171 -0,163267 0,583842 3,215384
-0,159884 -0,130574 3,225195 0,058577 0,446209 2,869848 -0,412104 0,437336 2,827914 -0,177031 0,580258 3,213785
-0,158242 -0,129854 3,234663 0,064605 0,460279 2,906872 -0,414892 0,430938 2,904235 -0,171215 0,577856 3,158485
-0,161823 -0,139448 3,226144 0,115601 0,499031 2,927284 -0,430112 0,437653 2,925743 -0,166809 0,578906 3,226082
-0,167658 -0,143522 3,231511 0,160458 0,524766 2,962647 -0,459243 0,461430 2,930196 -0,145751 0,561738 3,205487
-0,170708 -0,145079 3,214469 0,154955 0,525333 2,958273 -0,462775 0,472822 2,924672 -0,146955 0,569139 3,251222
-0,171152 -0,128604 3,210830 0,111708 0,484254 2,919980 -0,443540 0,449511 2,880191 -0,156262 0,570325 3,215945
-0,170531 -0,125419 3,215063 0,081958 0,419277 2,872715 -0,430173 0,413183 2,874733 -0,167594 0,578707 3,226279
-0,164984 -0,125749 3,223938 0,072327 0,361447 2,828595 -0,426220 0,373271 2,839619 -0,165997 0,602256 3,284831
-0,167717 -0,132979 3,239671 0,047722 0,346807 2,841115 -0,404403 0,372327 2,840256 -0,162884 0,597315 3,296941
-0,169599 -0,128763 3,226402 0,022981 0,367292 2,875696 -0,401804 0,379201 2,888429 -0,167408 0,582194 3,226375
-0,178312 -0,129981 3,228546 0,060263 0,420776 2,896004 -0,425986 0,392091 2,927037 -0,167013 0,582293 3,226275
-0,182781 -0,131494 3,219756 0,112191 0,473164 2,919378 -0,457049 0,420908 2,944400 -0,173253 0,568238 3,202864
-0,182346 -0,137800 3,215149 0,136164 0,515124 2,962087 -0,468619 0,456503 2,948771 -0,161062 0,568941 3,249857
-0,175082 -0,134954 3,207597 0,118053 0,509942 2,965922 -0,451799 0,480253 2,923820 -0,167580 0,571876 3,226204
-0,176801 -0,122015 3,205322 0,080477 0,465883 2,912328 -0,423647 0,483420 2,891157 -0,173647 0,574894 3,202893
-0,177120 -0,124028 3,217359 0,064656 0,411550 2,875722 -0,408015 0,459300 2,849952 -0,175375 0,585852 3,248594
-0,173177 -0,123852 3,220425 0,067636 0,363013 2,844108 -0,399993 0,437259 2,840289 -0,169276 0,596714 3,272685
-0,170612 -0,124667 3,225414 0,051977 0,362181 2,854731 -0,378946 0,427937 2,862640 -0,179407 0,594598 3,259881
-0,175841 -0,131612 3,221604 0,044540 0,380376 2,888462 -0,390395 0,433846 2,892815 -0,181016 0,582066 3,224758
-0,175180 -0,131804 3,227594 0,066829 0,431860 2,905275 -0,408237 0,450936 2,916813 -0,174979 0,585953 3,248480
-0,175618 -0,134933 3,211384 0,094363 0,498900 2,907573 -0,422869 0,486663 2,907863 -0,173451 0,571572 3,202914
-0,176024 -0,143707 3,204625 0,124971 0,591910 2,907810 -0,448860 0,551858 2,897694 -0,167374 0,561706 3,226158
-0,178488 -0,153883 3,192495 0,161039 0,706750 2,908231 -0,454570 0,643669 2,861886 -0,175120 0,548127 3,248153
-0,185210 -0,145721 3,196551 0,209885 0,846044 2,921206 -0,475578 0,767085 2,853740 -0,161400 0,548206 3,249559
-0,180426 -0,133567 3,194397 0,257955 0,983103 2,914912 -0,490345 0,905970 2,838216 -0,166598 0,561856 3,225681
-0,187292 -0,125475 3,184002 0,309318 1,110970 2,931826 -0,513867 1,059897 2,842573 -0,149082 0,580682 3,216647
-0,185379 -0,122586 3,188251 0,346976 1,225894 2,998066 -0,534369 1,195794 2,883655 -0,148881 0,577303 3,216471
-0,183991 -0,123195 3,189804 0,377448 1,306457 3,101673 -0,543029 1,280494 2,962970 -0,147167 0,586282 3,251406
-0,183571 -0,128817 3,191068 0,365487 1,349961 3,169069 -0,527229 1,342656 3,017742 -0,143836 0,591745 3,263380
-0,187415 -0,128368 3,183903 0,335918 1,367472 3,224541 -0,501159 1,366453 3,085330 -0,150715 0,588233 3,262608
-0,188592 -0,135441 3,188783 0,302547 1,358434 3,227286 -0,467515 1,380751 3,132394 -0,151110 0,588139 3,262683
-0,188229 -0,127497 3,186356 0,278284 1,356410 3,215832 -0,462908 1,373535 3,153349 -0,150720 0,595139 3,262685
-0,188534 -0,126008 3,170478 0,283471 1,351616 3,217929 -0,471758 1,384721 3,160723 -0,147975 0,590108 3,274694
-0,184307 -0,122097 3,173600 0,286629 1,349814 3,222856 -0,465407 1,388543 3,160853 -0,146574 0,589843 3,251230
-0,192554 -0,130571 3,180961 0,283966 1,350550 3,206552 -0,461424 1,382766 3,155036 -0,146774 0,586376 3,251339
-0,188746 -0,125634 3,182449 0,287509 1,343725 3,209438 -0,452675 1,384520 3,147929 -0,146975 0,589778 3,251447
-0,187385 -0,124521 3,172628 0,288103 1,351109 3,201547 -0,456986 1,384047 3,156677 -0,146778 0,593259 3,251413
-0,185942 -0,127267 3,169139 0,287790 1,347344 3,209625 -0,453740 1,398746 3,154105 -0,150515 0,591711 3,262496
-0,185715 -0,128168 3,175366 0,295450 1,354480 3,209894 -0,450439 1,403970 3,157601 -0,146574 0,589843 3,251230
-0,186264 -0,123491 3,177743 0,286594 1,356453 3,201038 -0,457355 1,394830 3,152534 -0,143056 0,587920 3,240238
-0,187221 -0,128543 3,173381 0,292980 1,354155 3,200070 -0,455173 1,384927 3,147724 -0,146774 0,586376 3,251339
-0,185076 -0,128113 3,178860 0,286997 1,354968 3,195562 -0,456440 1,401260 3,162434 -0,146778 0,593259 3,251413
-0,183656 -0,127637 3,176483 0,291086 1,353284 3,199384 -0,455427 1,398432 3,165550 -0,146574 0,589843 3,251230
-0,185059 -0,126686 3,176966 0,290880 1,351222 3,198157 -0,456108 1,377850 3,145056 -0,146774 0,586376 3,251339
-0,186034 -0,135829 3,177514 0,290460 1,346821 3,199438 -0,447720 1,391512 3,157562 -0,146774 0,586376 3,251339
-0,185758 -0,130705 3,178356 0,288635 1,353157 3,200233 -0,446641 1,386710 3,149365 -0,143836 0,591745 3,263380
-0,181274 -0,124367 3,167341 0,285929 1,346180 3,186187 -0,450958 1,384264 3,152680 -0,146574 0,589843 3,251230
-0,184663 -0,128802 3,167730 0,285882 1,362705 3,190893 -0,449877 1,383930 3,151242 -0,138959 0,582694 3,228996
-0,186332 -0,127902 3,172209 0,291961 1,352806 3,201159 -0,450511 1,382584 3,153103 -0,138555 0,589568 3,228716
-0,186215 -0,133851 3,170338 0,290891 1,354961 3,197576 -0,448413 1,382975 3,156119 -0,142855 0,584530 3,240135
-0,186327 -0,137163 3,170560 0,292208 1,350802 3,192156 -0,448649 1,391528 3,159575 -0,138959 0,582694 3,228996
-0,189046 -0,129103 3,175649 0,287741 1,353253 3,186386 -0,450305 1,381469 3,146981 -0,139159 0,586074 3,229094
-0,187033 -0,136334 3,169753 0,295844 1,359306 3,199420 -0,447126 1,392560 3,155051 -0,146774 0,586376 3,251339
-0,190565 -0,130471 3,170946 0,293272 1,352635 3,193355 -0,449102 1,384276 3,157768 -0,139159 0,586074 3,229094
-0,186286 -0,129590 3,173063 0,294587 1,356840 3,190266 -0,453090 1,381921 3,146394 -0,138759 0,586138 3,228894
-0,188450 -0,132750 3,172385 0,286507 1,353609 3,185131 -0,451792 1,380720 3,149714 -0,146774 0,586376 3,251339
-0,188073 -0,125667 3,169916 0,289667 1,352475 3,193774 -0,451365 1,385282 3,158941 -0,142655 0,587985 3,240029
-0,187280 -0,127464 3,171083 0,291734 1,352644 3,192595 -0,448954 1,386502 3,150879 -0,146975 0,589778 3,251447
-0,190817 -0,127636 3,172804 0,286654 1,356504 3,192976 -0,454223 1,384349 3,156173 -0,143435 0,591809 3,263165
-0,188216 -0,126838 3,174956 0,286804 1,351580 3,194489 -0,450715 1,394848 3,146179 -0,146368 0,593295 3,251045
