20 12
-0,154322 -0,118929 3,094132 0,332842 1,324964 3,134527 -0,556767 1,129829 3,198191 -0,124004 0,602392 3,185342
-0,151105 -0,119388 3,087923 0,335124 1,323401 3,133348 -0,619173 1,024080 3,112868 -0,131439 0,596009 3,207126
-0,141014 -0,118157 3,106772 0,332306 1,319865 3,126042 -0,728841 0,667305 2,684107 -0,126475 0,583265 3,151841
-0,145025 -0,124177 3,116875 0,336882 1,320580 3,136304 -0,899283 0,419301 2,747629 -0,126475 0,583265 3,151841
-0,145675 -0,121807 3,120493 0,336479 1,309141 3,124472 -0,997288 0,309870 2,693814 -0,122715 0,581475 3,141218
-0,144944 -0,116391 3,117843 0,348085 1,324845 3,147479 -1,086355 0,175834 2,332627 -0,130061 0,588472 3,162565
-0,149534 -0,105080 3,134332 0,357033 1,319650 3,152337 -1,135387 0,123159 2,364545 -0,116043 0,598749 3,163698
-0,144807 -0,118014 3,113801 0,358623 1,325762 3,174610 -1,133436 0,102446 2,353100 -0,130262 0,591778 3,162579
-0,144241 -0,119295 3,118740 0,335646 1,324536 3,163798 -1,130562 0,092663 2,365201 -0,121472 0,580846 3,098357
-0,141909 -0,120958 3,115177 0,326294 1,331074 3,160270 -1,124865 0,101807 2,360992 -0,136643 0,584569 3,140040
-0,141126 -0,125888 3,121411 0,339076 1,332360 3,172058 -1,109230 0,110531 2,356444 -0,127135 0,586964 3,173839
-0,137001 -0,119473 3,123023 0,339166 1,329973 3,159352 -1,102131 0,150068 2,467267 -0,137891 0,595452 3,184132
-0,130052 -0,133422 3,113157 0,337078 1,324056 3,143518 -1,011350 0,244131 2,430625 -0,134447 0,586731 3,173035
-0,128540 -0,124499 3,117928 0,333135 1,325403 3,137596 -0,976206 0,306627 2,460705 -0,122521 0,591532 3,141314
-0,125367 -0,126105 3,125385 0,335134 1,326096 3,139558 -0,911362 0,513447 2,750103 -0,119810 0,593870 3,174416
-0,124346 -0,119849 3,108938 0,329443 1,325184 3,131475 -0,763727 0,691958 2,609589 -0,130064 0,595186 3,162621
-0,129233 -0,118596 3,111853 0,332785 1,329876 3,139016 -0,693558 0,791499 2,653177 -0,124004 0,602392 3,185342
-0,132122 -0,123161 3,096462 0,325539 1,332331 3,130521 -0,590288 1,062008 3,095387 -0,121482 0,608244 3,219381
-0,137842 -0,120950 3,097662 0,326319 1,324468 3,123985 -0,448708 1,062024 3,040657 -0,123598 0,602478 3,185307
-0,143858 -0,118288 3,095864 0,332390 1,328756 3,143514 -0,443003 1,113659 3,161834 -0,114265 0,604962 3,219906
