35 12
-0,136539 -0,121190 3,049144 0,244140 1,122900 3,035131 -0,457247 1,144122 3,053706 -0,126021 0,582873 3,130061
-0,136420 -0,119246 3,045718 0,227682 1,075740 2,996359 -0,465847 1,104123 3,010097 -0,128718 0,574499 3,119077
-0,136422 -0,122646 3,057702 0,207116 1,024687 2,936871 -0,453562 1,046166 2,947236 -0,128915 0,577761 3,119086
-0,138264 -0,123329 3,059041 0,170632 0,987644 2,876978 -0,433920 0,990555 2,866663 -0,125623 0,563052 3,130016
-0,134318 -0,123204 3,066773 0,134103 0,933265 2,822428 -0,390697 0,935205 2,783160 -0,125429 0,539863 3,129801
-0,137256 -0,125184 3,078276 0,089390 0,903753 2,735910 -0,345708 0,893317 2,706823 -0,125956 0,516507 3,129562
-0,138483 -0,125135 3,092632 0,053216 0,883087 2,668188 -0,311791 0,871809 2,636785 -0,138720 0,496769 3,106989
-0,142119 -0,123913 3,104408 0,035885 0,849713 2,579050 -0,317075 0,850371 2,559597 -0,138373 0,490297 3,106913
-0,140168 -0,129713 3,094221 0,053309 0,815472 2,517895 -0,348696 0,833569 2,489914 -0,142626 0,481729 3,117143
-0,145157 -0,145642 3,111581 0,103150 0,786867 2,490541 -0,402826 0,803798 2,482228 -0,145807 0,476835 3,106016
-0,150321 -0,142576 3,106797 0,170233 0,760880 2,482044 -0,467879 0,778898 2,494757 -0,156730 0,491169 3,115337
-0,151482 -0,133402 3,098456 0,251472 0,758915 2,527781 -0,528321 0,765947 2,522105 -0,145605 0,502981 3,084311
-0,152811 -0,129882 3,101380 0,314952 0,775845 2,597589 -0,579533 0,763816 2,559279 -0,137092 0,527705 3,138938
-0,147383 -0,117565 3,083069 0,351784 0,798250 2,662909 -0,602416 0,781326 2,629873 -0,123077 0,561337 3,140818
-0,152867 -0,124098 3,080597 0,337339 0,815445 2,716162 -0,590320 0,797467 2,667139 -0,133151 0,559832 3,151099
-0,148452 -0,124137 3,068260 0,286745 0,839083 2,757672 -0,532849 0,805861 2,685153 -0,133333 0,549761 3,151004
-0,155607 -0,126260 3,071951 0,212454 0,828756 2,732275 -0,460378 0,802315 2,651481 -0,125784 0,519884 3,129678
-0,153571 -0,129708 3,066946 0,135839 0,817412 2,690044 -0,384676 0,793441 2,621873 -0,142815 0,498128 3,117118
-0,152082 -0,126608 3,065838 0,075997 0,785574 2,620595 -0,333941 0,771470 2,551938 -0,157015 0,484345 3,114544
-0,146548 -0,127265 3,065841 0,039968 0,752715 2,524953 -0,301638 0,749643 2,479167 -0,156484 0,455070 3,115325
-0,151028 -0,136025 3,078682 0,026446 0,721362 2,407309 -0,307748 0,724312 2,389716 -0,162849 0,448582 3,092451
-0,152689 -0,132317 3,086189 0,052833 0,663914 2,317529 -0,353377 0,694580 2,311352 -0,159857 0,526225 3,147591
-0,150669 -0,143325 3,085059 0,128179 0,625109 2,263283 -0,450909 0,679901 2,280088 -0,164107 0,516409 3,082797
-0,148608 -0,140595 3,093150 0,231071 0,604850 2,248909 -0,565595 0,654261 2,260530 -0,154388 0,531254 3,094433
-0,148256 -0,141000 3,084734 0,346609 0,598973 2,271216 -0,673060 0,646720 2,302184 -0,151474 0,522661 3,063339
-0,147610 -0,142670 3,073897 0,466112 0,625536 2,354100 -0,774648 0,648410 2,350006 -0,147920 0,524240 3,053011
-0,146764 -0,119337 3,078201 0,574062 0,670262 2,438893 -0,851305 0,673733 2,433119 -0,141276 0,554052 3,075417
-0,142419 -0,122257 3,066067 0,661056 0,733252 2,562744 -0,890325 0,710457 2,541401 -0,134843 0,564270 3,097157
-0,138432 -0,120698 3,051511 0,720064 0,801791 2,689625 -0,903179 0,747862 2,627193 -0,127413 0,567418 3,076724
-0,138022 -0,125389 3,033150 0,734437 0,870529 2,834320 -0,914509 0,813758 2,739192 -0,122711 0,574806 3,141167
-0,137896 -0,117506 3,012745 0,704595 0,937287 2,977738 -0,876041 0,877253 2,845542 -0,121469 0,574260 3,098314
-0,140563 -0,120699 3,012387 0,637073 0,996426 3,090498 -0,803977 0,917440 2,903818 -0,121274 0,577603 3,098355
-0,145086 -0,119121 3,013728 0,539855 1,059587 3,186165 -0,697532 0,959925 2,975037 -0,115458 0,587807 3,120131
-0,143954 -0,110697 3,008947 0,428248 1,100820 3,198262 -0,594780 0,992227 3,036645 -0,136455 0,594641 3,140196
-0,146667 -0,113735 3,013355 0,322101 1,148219 3,202244 -0,493973 1,017639 3,030359 -0,142369 0,587571 3,117997
