26 12
-0,167791 -0,160377 3,172805 0,311054 1,216184 2,978966 -0,605129 1,394337 3,302313 -0,162576 0,576680 3,192836
-0,165510 -0,150481 3,174898 0,364341 1,179960 2,915038 -0,694842 1,373172 3,328683 -0,168428 0,583061 3,169972
-0,168726 -0,149181 3,190697 0,568983 1,140893 3,109906 -0,845578 1,058462 2,837073 -0,165216 0,581638 3,181300
-0,168518 -0,162657 3,177475 0,726586 0,758641 2,638982 -1,214543 0,876905 3,160821 -0,176647 0,573004 3,191306
-0,169969 -0,141397 3,192527 0,826420 0,601963 2,649983 -1,280431 0,652209 2,988417 -0,173075 0,585247 3,202941
-0,175339 -0,159354 3,188703 1,030843 0,315034 2,891085 -1,323910 0,242166 2,820471 -0,171368 0,577164 3,237378
-0,179472 -0,170338 3,189553 1,067340 0,012938 2,876785 -1,344056 -0,049609 2,834625 -0,127783 0,563619 3,195868
-0,178017 -0,158780 3,187215 1,087066 -0,115486 2,965529 -1,317633 -0,162578 2,799410 -0,131035 0,568892 3,206686
-0,177299 -0,159434 3,187649 1,038866 -0,235418 2,991650 -1,321524 -0,247185 2,996074 -0,144991 0,568716 3,205434
-0,175179 -0,156018 3,192425 1,048749 -0,149659 2,914557 -1,338824 -0,180602 3,016049 -0,145190 0,572082 3,205603
-0,173982 -0,162123 3,190340 1,076386 -0,053408 2,899380 -1,383209 -0,093464 3,035728 -0,148279 0,570212 3,194048
-0,176543 -0,164551 3,189869 1,077182 0,118871 2,917346 -1,357836 0,078456 2,889600 -0,145382 0,568648 3,205638
-0,180452 -0,147296 3,204385 1,100910 0,085100 2,922607 -1,389521 0,069475 2,931780 -0,144417 0,568447 3,183212
-0,181990 -0,160666 3,208136 1,088402 0,020219 2,919931 -1,387724 0,008864 2,909761 -0,141126 0,566949 3,194525
-0,180792 -0,159626 3,197785 1,086312 -0,113193 2,938918 -1,406076 -0,134051 2,982758 -0,151345 0,561610 3,182500
-0,180722 -0,163803 3,192898 1,051986 -0,156910 3,005840 -1,335393 -0,179977 2,967082 -0,151345 0,561610 3,182500
-0,184399 -0,151380 3,192001 1,032889 -0,126345 2,928553 -1,358238 -0,170655 3,036641 -0,151349 0,568352 3,182559
-0,187310 -0,153127 3,200833 1,069669 -0,009290 2,914499 -1,387127 -0,105012 2,938774 -0,144792 0,572124 3,205257
-0,187325 -0,153998 3,191931 1,078377 0,125676 2,938408 -1,393047 0,039905 2,945920 -0,151541 0,564939 3,182599
-0,179260 -0,162056 3,196145 1,070427 0,187425 2,884187 -1,422184 0,109050 2,995773 -0,155225 0,563351 3,193316
-0,180046 -0,167187 3,189512 1,105138 0,286239 2,941048 -1,438671 0,237936 2,976263 -0,179234 0,564518 3,179752
-0,181388 -0,164766 3,184236 1,061245 0,535612 3,030374 -1,325141 0,441947 2,861966 -0,171202 0,564459 3,158372
-0,179801 -0,165977 3,180408 1,018216 0,716283 3,102224 -1,254817 0,572586 2,823928 -0,165404 0,571478 3,181288
-0,173928 -0,158540 3,170046 0,783142 0,933357 2,899719 -1,206059 0,984004 3,195515 -0,171215 0,577856 3,158485
-0,179384 -0,163386 3,183234 0,666178 1,238641 3,319455 -0,838550 1,086993 2,825368 -0,171601 0,571055 3,158529
-0,174592 -0,161206 3,186019 0,557292 1,308790 3,354455 -0,709222 1,163492 2,885073 -0,171209 0,571156 3,158428
