36 12
-0,183234 -0,056703 3,071342 0,142242 1,350060 3,108827 -0,378363 1,281495 2,931687 -0,147719 0,610311 3,172250
-0,184802 -0,052805 3,077931 0,142799 1,345775 3,117782 -0,385433 1,226386 2,822124 -0,154426 0,606877 3,171490
-0,179645 -0,066076 3,059765 0,150208 1,353181 3,109049 -0,407072 1,132738 2,669448 -0,151160 0,598750 3,182687
-0,181209 -0,051033 3,088560 0,144790 1,382831 3,146562 -0,431107 1,003131 2,518830 -0,143459 0,595064 3,161219
-0,175540 -0,063099 3,087070 0,137826 1,355168 3,116577 -0,461051 0,837084 2,363195 -0,144474 0,582668 3,125995
-0,179887 -0,071870 3,089972 0,144209 1,354854 3,115061 -0,491219 0,644949 2,263456 -0,151160 0,598750 3,182687
-0,179709 -0,055253 3,105004 0,143287 1,364326 3,144904 -0,524645 0,446613 2,141737 -0,141421 0,620330 3,172751
-0,181758 -0,045246 3,113367 0,143573 1,347768 3,151286 -0,562756 0,274360 2,093441 -0,154480 0,640121 3,227326
-0,169559 -0,049714 3,073466 0,146795 1,343016 3,141376 -0,576730 0,140660 2,049465 -0,165932 0,653636 3,210742
-0,163380 -0,057441 3,035961 0,150007 1,353328 3,144205 -0,585601 0,038902 2,033409 -0,161438 0,648863 3,202044
-0,156055 -0,031617 3,028307 0,153169 1,347001 3,158012 -0,595057 -0,033810 2,019140 -0,163000 0,633017 3,169782
-0,162631 -0,035605 3,036528 0,149214 1,342677 3,146661 -0,603386 -0,076113 2,012365 -0,161011 0,635600 3,203079
-0,165582 -0,048799 3,049975 0,155108 1,352031 3,156461 -0,611852 -0,101292 2,012208 -0,153191 0,624905 3,181242
-0,166489 -0,035795 3,050136 0,148040 1,351782 3,159600 -0,613023 -0,112846 2,013052 -0,148362 0,622552 3,148986
-0,164016 -0,034720 3,036216 0,152625 1,343853 3,157747 -0,611015 -0,114733 2,011126 -0,145681 0,624259 3,159209
-0,165831 -0,036583 3,044078 0,151681 1,354773 3,153176 -0,610093 -0,109990 2,016083 -0,149941 0,630506 3,193232
-0,161757 -0,050647 3,048531 0,149643 1,347867 3,138255 -0,609686 -0,103526 2,013106 -0,137478 0,617548 3,139340
-0,161199 -0,029986 3,055100 0,148926 1,346719 3,147835 -0,608070 -0,095729 2,017962 -0,149146 0,626504 3,170968
-0,164953 -0,035720 3,046187 0,150800 1,354204 3,159398 -0,607449 -0,089286 2,012223 -0,144123 0,634343 3,215299
-0,166278 -0,038895 3,045381 0,147795 1,353298 3,149516 -0,618246 -0,086261 2,022060 -0,160127 0,624789 3,180619
-0,165109 -0,043747 3,046570 0,149695 1,355309 3,158252 -0,614770 -0,082683 2,014322 -0,157078 0,626843 3,192093
-0,163910 -0,040706 3,039505 0,149283 1,347267 3,144539 -0,611254 -0,076171 2,022838 -0,161011 0,635600 3,203079
-0,162722 -0,041499 3,044707 0,150247 1,346081 3,145592 -0,609159 -0,061537 2,037313 -0,163180 0,629490 3,169279
-0,157997 -0,041599 3,045031 0,146441 1,353222 3,152947 -0,596402 -0,020199 2,056034 -0,157146 0,647213 3,192306
-0,167683 -0,057073 3,067511 0,148762 1,340142 3,140799 -0,573061 0,055128 2,101269 -0,164482 0,646729 3,190502
-0,172758 -0,045758 3,103019 0,149987 1,348071 3,151370 -0,557000 0,157881 2,159967 -0,157124 0,640420 3,192235
-0,169933 -0,050855 3,101996 0,152450 1,348332 3,156302 -0,530054 0,292518 2,235775 -0,127109 0,619869 3,151687
-0,169474 -0,057080 3,115743 0,147679 1,349350 3,144365 -0,501320 0,444315 2,276454 -0,139330 0,609417 3,129203
-0,169796 -0,066608 3,102118 0,149558 1,348929 3,143354 -0,482495 0,624400 2,340003 -0,146095 0,599841 3,149517
-0,176814 -0,059807 3,078899 0,147514 1,355875 3,137687 -0,456680 0,812877 2,437503 -0,160484 0,593331 3,169671
-0,179505 -0,064946 3,083555 0,149473 1,346882 3,113474 -0,439565 0,990213 2,553225 -0,143249 0,598431 3,161042
-0,179523 -0,055820 3,084068 0,158056 1,338309 3,119150 -0,421949 1,121655 2,699962 -0,140590 0,607079 3,172783
-0,186798 -0,050777 3,082252 0,146314 1,352366 3,121574 -0,407814 1,215249 2,793350 -0,165442 0,605224 3,181599
-0,187879 -0,053451 3,081661 0,141396 1,335507 3,111959 -0,393455 1,275968 2,896155 -0,162210 0,610642 3,193063
-0,191680 -0,056312 3,072895 0,144985 1,358233 3,125069 -0,378518 1,320335 2,991928 -0,157672 0,608223 3,160233
-0,192191 -0,047354 3,080240 0,146100 1,358291 3,114267 -0,370499 1,338501 3,064588 -0,157881 0,611528 3,160272
