22 12
-0,274890 -0,080502 3,156284 0,093942 1,323214 3,208595 -0,448610 1,400072 3,107065 -0,203206 0,533957 3,244727
-0,267151 -0,079086 3,169127 0,094083 1,324072 3,216850 -0,455861 1,319310 2,862582 -0,197284 0,537550 3,268774
-0,269658 -0,078980 3,194937 0,103526 1,334862 3,251860 -0,342727 1,104234 2,523584 -0,181369 0,527569 3,246339
-0,266006 -0,089411 3,208363 0,096854 1,334437 3,189671 -0,326581 0,938076 2,370490 -0,211858 0,528799 3,372648
-0,267896 -0,087042 3,203983 0,096226 1,324302 3,235646 -0,363860 0,520399 2,113874 -0,215622 0,557537 3,425632
-0,269851 -0,075766 3,219689 0,099427 1,328511 3,233346 -0,347361 0,185048 2,089139 -0,194558 0,618488 3,368673
-0,266491 -0,092676 3,216275 0,098796 1,319219 3,225849 -0,351446 0,075901 2,085033 -0,209902 0,592420 3,336035
-0,273232 -0,099705 3,253217 0,104971 1,313034 3,245388 -0,364427 -0,082595 2,082861 -0,206587 0,594876 3,350070
-0,285921 -0,124373 3,276632 0,105124 1,312688 3,250678 -0,370101 -0,151120 2,088846 -0,195162 0,586055 3,339012
-0,288656 -0,127025 3,290515 0,105695 1,330132 3,273081 -0,370091 -0,164354 2,087671 -0,199680 0,594609 3,349431
-0,284548 -0,127365 3,281990 0,101283 1,321828 3,242568 -0,365418 -0,168426 2,100235 -0,203563 0,596936 3,362749
-0,283888 -0,124355 3,276198 0,101217 1,316248 3,243484 -0,361783 -0,162468 2,098220 -0,203350 0,586467 3,363192
-0,282626 -0,124849 3,275752 0,105671 1,303620 3,236890 -0,364275 -0,158133 2,097456 -0,203527 0,589835 3,362633
-0,282837 -0,119083 3,277019 0,098105 1,323913 3,239238 -0,367310 -0,140560 2,101472 -0,202184 0,582572 3,338749
-0,289110 -0,105118 3,295801 0,100427 1,317871 3,239451 -0,385147 -0,082219 2,140868 -0,207570 0,588363 3,375110
-0,266870 -0,094024 3,244688 0,100441 1,311525 3,228800 -0,385083 -0,016734 2,181000 -0,205371 0,583909 3,325690
-0,257121 -0,080723 3,235260 0,101429 1,312467 3,236709 -0,370842 0,197464 2,298162 -0,178005 0,565311 3,294353
-0,258148 -0,095284 3,217648 0,106164 1,314068 3,221817 -0,400557 0,516449 2,345608 -0,196846 0,536136 3,351702
-0,257104 -0,086494 3,219591 0,103205 1,316408 3,223061 -0,430721 0,689242 2,407677 -0,176480 0,531095 3,294113
-0,256459 -0,081648 3,204500 0,106348 1,334728 3,237598 -0,423932 1,064684 2,681605 -0,183146 0,537778 3,270431
-0,261560 -0,083308 3,187647 0,094258 1,331337 3,216605 -0,498814 1,259389 2,890990 -0,194295 0,539363 3,280910
-0,264510 -0,075947 3,195481 0,098704 1,331320 3,224080 -0,484627 1,304981 2,976289 -0,198588 0,544478 3,292344
