31 12
-0,174143 -0,080986 3,229780 0,056848 1,323651 3,206973 -0,443758 1,295347 3,140390 -0,136107 0,549057 3,346907
-0,175204 -0,074869 3,239046 0,062904 1,330182 3,214290 -0,450535 1,223698 3,038863 -0,129232 0,552939 3,372187
-0,174207 -0,074870 3,231755 0,071190 1,324455 3,215334 -0,474342 1,124834 2,894415 -0,129409 0,549334 3,372109
-0,176930 -0,070716 3,244639 0,076579 1,310616 3,231529 -0,510501 1,028652 2,750886 -0,121094 0,545855 3,348145
-0,177597 -0,069756 3,239715 0,071159 1,344609 3,240149 -0,550735 0,934692 2,632601 -0,121094 0,545855 3,348145
-0,178391 -0,072298 3,244729 0,065984 1,315415 3,229992 -0,581643 0,836752 2,523266 -0,121273 0,542290 3,348145
-0,188732 -0,084802 3,248522 0,073897 1,324390 3,237817 -0,609823 0,760412 2,448843 -0,113235 0,535321 3,324405
-0,195224 -0,073182 3,254685 0,071413 1,324092 3,245030 -0,631780 0,692179 2,380586 -0,113412 0,531781 3,324400
-0,197278 -0,077527 3,248638 0,077414 1,327348 3,247340 -0,644822 0,632804 2,344599 -0,108936 0,526603 3,288943
-0,202635 -0,077324 3,260606 0,077370 1,326614 3,240844 -0,642376 0,578781 2,322075 -0,117973 0,537062 3,360563
-0,204314 -0,077772 3,261828 0,079232 1,332207 3,234530 -0,627802 0,528345 2,320174 -0,113769 0,538666 3,324330
-0,201916 -0,078345 3,256698 0,073720 1,322979 3,232832 -0,607907 0,486226 2,351426 -0,124902 0,540336 3,335567
-0,199945 -0,092268 3,256416 0,073747 1,334076 3,233650 -0,587773 0,467720 2,424518 -0,124366 0,536985 3,335614
-0,198725 -0,084640 3,250935 0,071106 1,321638 3,226682 -0,565502 0,470649 2,541555 -0,128515 0,549264 3,347650
-0,197291 -0,080494 3,240956 0,069805 1,312708 3,208729 -0,541822 0,489589 2,656172 -0,135925 0,545601 3,346962
-0,196396 -0,083166 3,224280 0,068281 1,340634 3,226833 -0,527767 0,542585 2,798707 -0,135925 0,545601 3,346962
-0,194256 -0,078309 3,225616 0,069531 1,325740 3,210321 -0,513899 0,590604 2,917884 -0,143164 0,552564 3,346418
-0,202698 -0,080386 3,221682 0,079200 1,340577 3,224258 -0,507946 0,630136 2,993438 -0,150204 0,549004 3,345712
-0,208571 -0,079012 3,205802 0,075249 1,334419 3,224635 -0,506516 0,647794 3,019030 -0,150380 0,545423 3,345654
-0,213147 -0,074277 3,214519 0,069913 1,341223 3,224770 -0,505976 0,662048 3,018995 -0,150380 0,545423 3,345654
-0,214137 -0,074612 3,207877 0,064907 1,331546 3,219746 -0,516196 0,674804 2,978483 -0,150369 0,538377 3,345556
-0,211829 -0,077676 3,215171 0,066028 1,335151 3,202138 -0,520548 0,708726 2,962408 -0,150016 0,545523 3,345592
-0,214232 -0,078579 3,212394 0,064610 1,335057 3,221327 -0,523179 0,751755 2,947163 -0,149822 0,534987 3,345300
-0,208786 -0,075325 3,201728 0,069225 1,343049 3,231589 -0,526330 0,818668 2,937241 -0,153189 0,536651 3,333019
-0,210631 -0,075792 3,216340 0,068490 1,330085 3,212583 -0,533791 0,905983 2,938248 -0,153548 0,536549 3,333082
-0,201840 -0,069984 3,216011 0,066978 1,332113 3,212132 -0,539055 1,004035 2,958592 -0,143784 0,552767 3,370908
-0,198135 -0,072241 3,213114 0,068459 1,336663 3,220443 -0,535518 1,133076 3,006180 -0,150204 0,549004 3,345712
-0,193311 -0,072759 3,208395 0,067975 1,345270 3,219458 -0,534308 1,243276 3,095955 -0,139334 0,547196 3,334454
-0,189275 -0,070532 3,216013 0,068072 1,325179 3,207204 -0,522367 1,324177 3,174141 -0,142184 0,545471 3,322189
-0,185499 -0,078618 3,221670 0,067461 1,327270 3,194202 -0,500144 1,373883 3,240423 -0,142359 0,541914 3,322128
-0,184718 -0,070648 3,226162 0,068830 1,342307 3,213766 -0,492927 1,385102 3,278680 -0,138976 0,547320 3,334571
