17 12
-0,210691 -0,082220 3,202275 0,103767 1,317374 3,192699 -0,528614 1,358382 2,879760 -0,150488 0,536561 3,261888
-0,216060 -0,074874 3,214309 0,114803 1,300174 3,196754 -0,546702 1,262249 2,736213 -0,140260 0,538438 3,274552
-0,218065 -0,081245 3,190122 0,109466 1,300349 3,188890 -0,605021 0,942881 2,347941 -0,145371 0,543633 3,309883
-0,220452 -0,084147 3,207629 0,110182 1,304827 3,190462 -0,533900 0,623827 2,245087 -0,136708 0,533327 3,286036
-0,223452 -0,092120 3,213143 0,111675 1,312591 3,191642 -0,520203 0,493626 2,225908 -0,148353 0,538373 3,297543
-0,221531 -0,072773 3,212775 0,101454 1,310352 3,177001 -0,480244 0,350427 2,448443 -0,137830 0,553915 3,286861
-0,219301 -0,074812 3,202626 0,104134 1,326378 3,198764 -0,464232 0,357754 2,569373 -0,148909 0,548635 3,297642
-0,214710 -0,071259 3,195690 0,098164 1,320908 3,183125 -0,449719 0,405635 2,710217 -0,148755 0,566106 3,297944
-0,223061 -0,080889 3,170178 0,099180 1,312167 3,164815 -0,406463 0,523572 2,940823 -0,161035 0,548335 3,249628
-0,232975 -0,067143 3,188538 0,090617 1,329614 3,169335 -0,406171 0,561071 2,933383 -0,159884 0,553854 3,308635
-0,238547 -0,074887 3,175051 0,085548 1,320529 3,168310 -0,408388 0,576646 2,934279 -0,159884 0,553854 3,308635
-0,244347 -0,071619 3,179038 0,084369 1,316945 3,158713 -0,405172 0,632456 2,912213 -0,169000 0,544895 3,272058
-0,241038 -0,077146 3,160374 0,083017 1,314744 3,152775 -0,398161 0,802055 2,861042 -0,168611 0,531169 3,271658
-0,237087 -0,071633 3,166698 0,087517 1,337573 3,178892 -0,397201 0,918862 2,868454 -0,169000 0,544895 3,272058
-0,239633 -0,066729 3,178866 0,085318 1,323569 3,171161 -0,390175 1,183947 2,994721 -0,169546 0,548132 3,271896
-0,232711 -0,067811 3,159929 0,090981 1,333227 3,187608 -0,432693 1,344047 3,122909 -0,169202 0,555199 3,272190
-0,230778 -0,064347 3,163931 0,082849 1,330792 3,168329 -0,433921 1,393070 3,176854 -0,169392 0,558583 3,272164
