19 12
-0,105484 0,188386 3,301068 0,224188 1,520378 3,231841 -0,383354 1,472474 3,180650 -0,095636 0,931660 3,342834
-0,102098 0,188233 3,286526 0,219006 1,514377 3,226669 -0,382975 1,451605 3,121620 -0,088841 0,945304 3,368068
-0,103888 0,186279 3,302004 0,218465 1,513963 3,225122 -0,390214 1,415196 3,088217 -0,083607 0,932245 3,330921
-0,098626 0,178298 3,294847 0,217113 1,512428 3,223637 -0,427267 1,301030 2,877105 -0,084364 0,934956 3,355614
-0,104564 0,182448 3,301919 0,218536 1,521917 3,232589 -0,421625 1,158743 2,781424 -0,079774 0,923427 3,366724
-0,100714 0,180764 3,296029 0,214166 1,523258 3,241150 -0,417021 1,017740 2,709087 -0,077060 0,935047 3,356021
-0,101234 0,180627 3,300818 0,214269 1,520103 3,246204 -0,430279 0,796486 2,668927 -0,091746 0,928592 3,330826
-0,098113 0,184168 3,308978 0,215420 1,519140 3,240505 -0,452697 0,759456 2,684268 -0,085121 0,944944 3,380663
-0,095295 0,187010 3,313389 0,212602 1,521140 3,247972 -0,466750 0,806705 2,665484 -0,077930 0,945824 3,356267
-0,092058 0,183088 3,323562 0,217515 1,514508 3,235525 -0,473841 0,862110 2,654856 -0,085121 0,944944 3,380663
-0,092063 0,190046 3,322703 0,214982 1,522146 3,254049 -0,413554 0,720686 2,625292 -0,070542 0,943091 3,331975
-0,095820 0,196598 3,317413 0,217683 1,515124 3,247655 -0,416443 0,665709 2,629726 -0,081514 0,945399 3,368474
-0,098371 0,189249 3,325074 0,218378 1,525981 3,256150 -0,408505 0,668617 2,647976 -0,070542 0,943091 3,331975
-0,093056 0,163919 3,299180 0,217525 1,515846 3,243075 -0,406908 0,842712 2,623363 -0,083338 0,914294 3,330423
-0,089250 0,164654 3,295847 0,213583 1,524149 3,255750 -0,402021 0,952489 2,636936 -0,094668 0,918468 3,390063
-0,093963 0,186288 3,310010 0,222556 1,511504 3,213564 -0,365628 1,236590 2,822117 -0,082749 0,914118 3,329629
-0,091335 0,175644 3,308930 0,210425 1,514051 3,231255 -0,405311 1,397646 2,969217 -0,084201 0,925122 3,331155
-0,093909 0,190866 3,312471 0,219937 1,518832 3,237195 -0,407272 1,443240 3,057186 -0,077640 0,942255 3,356266
-0,103717 0,188853 3,298325 0,218225 1,517534 3,225922 -0,395194 1,486730 3,204379 -0,085415 0,941297 3,380657
