30 12
-0,122117 0,189446 3,266382 0,179330 1,505565 3,220789 -0,433448 1,432621 3,101939 -0,107430 0,941749 3,354432
-0,123465 0,195168 3,265846 0,181502 1,504533 3,223191 -0,430446 1,339950 2,988471 -0,106257 0,941849 3,354317
-0,120332 0,192023 3,276305 0,175164 1,506531 3,210709 -0,429171 1,199362 2,902812 -0,105665 0,934547 3,353682
-0,124947 0,195841 3,289929 0,188836 1,501832 3,214108 -0,419167 1,030111 2,852351 -0,098410 0,935655 3,330277
-0,129715 0,194411 3,282927 0,177333 1,502482 3,213348 -0,398683 0,895281 2,801419 -0,107430 0,941749 3,354432
-0,128502 0,192092 3,285722 0,178801 1,509415 3,217069 -0,395265 0,750019 2,788693 -0,110480 0,949373 3,342113
-0,124776 0,198425 3,297080 0,186351 1,503488 3,225005 -0,387923 0,631599 2,793840 -0,107142 0,952634 3,354668
-0,127350 0,185991 3,282887 0,188624 1,505622 3,233911 -0,387820 0,554577 2,781312 -0,106544 0,946931 3,305746
-0,127639 0,193667 3,274402 0,187227 1,494956 3,218036 -0,389567 0,493196 2,735870 -0,095696 0,953917 3,318689
-0,127494 0,188283 3,274165 0,183594 1,489056 3,209195 -0,406815 0,468683 2,670613 -0,095762 0,947396 3,294195
-0,125027 0,193207 3,294478 0,184016 1,501077 3,229765 -0,424800 0,469186 2,594492 -0,092620 0,953493 3,330820
-0,127415 0,196607 3,300280 0,189826 1,491943 3,216514 -0,427140 0,472629 2,548049 -0,093127 0,959927 3,355371
-0,125142 0,195934 3,301938 0,188887 1,488907 3,212906 -0,410018 0,481163 2,558032 -0,094590 0,940586 3,294666
-0,128394 0,192329 3,296343 0,193988 1,498271 3,231152 -0,375971 0,489911 2,601080 -0,091828 0,943669 3,306737
-0,126522 0,193602 3,295842 0,197534 1,485413 3,213954 -0,338746 0,496857 2,639816 -0,095629 0,960431 3,343204
-0,124632 0,192651 3,309332 0,195135 1,499639 3,233103 -0,316891 0,513833 2,679902 -0,091945 0,960126 3,355642
-0,126726 0,195852 3,303470 0,195063 1,491264 3,227729 -0,313950 0,513828 2,667812 -0,099843 0,959968 3,355231
-0,128062 0,199798 3,312660 0,193921 1,488697 3,226354 -0,337362 0,522648 2,617455 -0,084775 0,946566 3,331426
-0,127862 0,200426 3,300083 0,192660 1,501594 3,241186 -0,370871 0,540411 2,557531 -0,087870 0,946969 3,319150
-0,130035 0,188113 3,290725 0,189101 1,485226 3,216462 -0,403717 0,564798 2,534058 -0,099584 0,949888 3,330536
-0,126069 0,197424 3,298868 0,194153 1,493412 3,227695 -0,421154 0,584523 2,540288 -0,085067 0,950090 3,331356
-0,122476 0,191705 3,298187 0,192149 1,492477 3,223434 -0,415982 0,621511 2,561946 -0,096221 0,960332 3,343079
-0,116725 0,183626 3,279708 0,194537 1,500646 3,241509 -0,411449 0,698808 2,603023 -0,099291 0,946364 3,330589
-0,119952 0,194802 3,285398 0,194501 1,500065 3,234712 -0,393257 0,791402 2,627549 -0,102044 0,943199 3,318167
-0,114522 0,182162 3,281123 0,195568 1,501520 3,242014 -0,393030 0,906601 2,664813 -0,102912 0,938740 3,342468
-0,112890 0,195713 3,291641 0,194402 1,493947 3,218464 -0,395492 1,053512 2,711189 -0,097518 0,931906 3,329348
-0,112538 0,189398 3,287231 0,203172 1,505560 3,233509 -0,407501 1,195623 2,801121 -0,098410 0,935655 3,330277
-0,109010 0,197399 3,293615 0,192524 1,512614 3,235340 -0,417731 1,315647 2,879128 -0,095040 0,946043 3,342828
-0,109951 0,200340 3,290053 0,189383 1,509634 3,227307 -0,420862 1,392236 2,969912 -0,095339 0,942457 3,342917
-0,113046 0,189790 3,285518 0,187018 1,503319 3,213982 -0,421772 1,449488 3,073118 -0,091243 0,936647 3,306785
