28 12
-0,120153 0,174846 3,319542 0,197043 1,500724 3,227038 -0,452662 1,372115 3,116482 -0,077652 0,920619 3,355985
-0,118311 0,173087 3,309905 0,196260 1,495214 3,214172 -0,485124 1,306597 3,007910 -0,073519 0,913994 3,343785
-0,117945 0,168108 3,323331 0,193391 1,498071 3,202528 -0,506466 1,183092 2,857329 -0,070063 0,917113 3,356273
-0,119455 0,181330 3,317324 0,183788 1,495986 3,187197 -0,530169 0,997207 2,703446 -0,069702 0,903819 3,331652
-0,121942 0,180369 3,310364 0,179290 1,501855 3,190684 -0,541345 0,733909 2,589190 -0,085991 0,926674 3,380300
-0,125432 0,182935 3,307248 0,179601 1,505901 3,198764 -0,539088 0,441509 2,540967 -0,090780 0,954951 3,392174
-0,121194 0,176889 3,285152 0,169514 1,516296 3,208168 -0,526174 0,203728 2,592218 -0,090196 0,933336 3,392509
-0,131990 0,185329 3,299427 0,181615 1,502203 3,190672 -0,500962 -0,044259 2,620893 -0,093572 0,929318 3,405152
-0,131631 0,174716 3,297399 0,181867 1,500988 3,194155 -0,467929 -0,248116 2,727302 -0,095642 0,910113 3,342558
-0,131930 0,187324 3,284136 0,182879 1,505006 3,204469 -0,444647 -0,369498 2,878253 -0,088848 0,923595 3,367775
-0,132553 0,184714 3,290121 0,182589 1,500418 3,189584 -0,420399 -0,424977 3,021498 -0,100966 0,930016 3,379320
-0,132656 0,176016 3,284636 0,185148 1,507774 3,206618 -0,396335 -0,445012 3,128478 -0,093573 0,936626 3,405259
-0,133633 0,171610 3,279787 0,180210 1,504638 3,195916 -0,396076 -0,462884 3,223942 -0,100397 0,930165 3,379609
-0,136856 0,177957 3,278154 0,185198 1,508677 3,202601 -0,393990 -0,466971 3,233410 -0,090412 0,936156 3,418032
-0,133674 0,172124 3,285392 0,180201 1,511073 3,198771 -0,385281 -0,482131 3,208150 -0,093573 0,936626 3,405259
-0,133746 0,175355 3,296452 0,184082 1,508700 3,196223 -0,397135 -0,465184 3,140545 -0,097824 0,928722 3,417492
-0,131788 0,172332 3,285753 0,179826 1,501785 3,182193 -0,404512 -0,422821 3,026881 -0,100966 0,930016 3,379320
-0,129145 0,176943 3,292462 0,176884 1,498246 3,176849 -0,427591 -0,314989 2,878324 -0,092541 0,923999 3,355191
-0,123078 0,181040 3,306209 0,178045 1,510065 3,193336 -0,455135 -0,156539 2,755285 -0,100110 0,926575 3,379580
-0,110034 0,182418 3,284040 0,165356 1,524311 3,202901 -0,494289 0,076077 2,655725 -0,093053 0,930269 3,380054
-0,100870 0,178419 3,309268 0,173457 1,510868 3,190475 -0,529132 0,341855 2,621682 -0,101829 0,947764 3,378530
-0,097521 0,179754 3,335913 0,171773 1,512504 3,186464 -0,563002 0,648283 2,553627 -0,075051 0,927200 3,368216
-0,093839 0,167190 3,322228 0,171604 1,516771 3,197322 -0,570507 0,945967 2,653395 -0,061835 0,901431 3,307733
-0,091587 0,172662 3,332748 0,168070 1,512256 3,192170 -0,566553 1,166556 2,789459 -0,070265 0,910917 3,331712
-0,093535 0,169043 3,322130 0,176158 1,502672 3,192521 -0,547467 1,293877 2,924948 -0,074657 0,928157 3,343609
-0,093596 0,161415 3,323584 0,183407 1,504709 3,212726 -0,521499 1,360066 3,028497 -0,062685 0,904932 3,307824
-0,098464 0,156955 3,323781 0,187657 1,504460 3,220173 -0,492083 1,399773 3,124123 -0,084040 0,915397 3,306944
-0,100236 0,153261 3,306334 0,195541 1,510335 3,238403 -0,456863 1,409741 3,182382 -0,087310 0,911280 3,318550
