16 12
-0,112781 0,193797 3,255439 0,210706 1,538722 3,217979 -0,502999 1,386069 3,051758 -0,076679 0,900157 3,331129
-0,118504 0,189220 3,277419 0,210121 1,543191 3,227362 -0,526190 1,319116 2,984333 -0,080975 0,894793 3,367638
-0,119650 0,187897 3,273219 0,207192 1,527567 3,196972 -0,522379 1,239735 2,894508 -0,076540 0,891745 3,354990
-0,121817 0,195922 3,271877 0,194907 1,529814 3,198462 -0,517882 0,962721 2,733029 -0,072875 0,882948 3,319014
-0,124131 0,195914 3,275661 0,200920 1,526855 3,199459 -0,502403 0,740340 2,721162 -0,077663 0,899009 3,355703
-0,126685 0,194511 3,267120 0,197265 1,530604 3,210454 -0,516324 0,714661 2,726236 -0,081088 0,910303 3,343394
-0,114322 0,205075 3,294384 0,203833 1,535820 3,216309 -0,548650 0,788808 2,669481 -0,077659 0,906209 3,355797
-0,118533 0,205397 3,290676 0,201158 1,537349 3,220289 -0,503651 0,767039 2,602690 -0,076671 0,907309 3,331216
-0,116681 0,195428 3,294165 0,197128 1,538582 3,228535 -0,465886 0,673318 2,575106 -0,076839 0,894162 3,307079
-0,121656 0,202895 3,286346 0,196734 1,531966 3,219465 -0,459600 0,542034 2,678634 -0,084960 0,906122 3,355405
-0,115886 0,183311 3,268777 0,198287 1,541906 3,213636 -0,463957 0,653416 2,648015 -0,076560 0,890629 3,307006
-0,110564 0,176279 3,266158 0,201169 1,548233 3,229406 -0,454271 0,762717 2,592567 -0,087150 0,894448 3,365885
-0,108593 0,180931 3,288319 0,201115 1,536223 3,197326 -0,422221 1,111659 2,740810 -0,087255 0,881455 3,341965
-0,113749 0,202228 3,288165 0,187284 1,540382 3,202719 -0,438975 1,344671 2,882510 -0,073526 0,906814 3,343695
-0,113542 0,204874 3,294803 0,191998 1,535509 3,193430 -0,436686 1,436841 3,011828 -0,080368 0,907812 3,319037
-0,116083 0,196134 3,272744 0,197963 1,532236 3,189254 -0,410648 1,508301 3,187928 -0,084391 0,906132 3,355239
