21 12
-0,103834 0,139183 3,275749 0,234651 1,509416 3,239455 -0,442749 1,484575 3,236624 -0,103775 0,912507 3,366709
-0,102230 0,131052 3,282045 0,230367 1,518570 3,239041 -0,497145 1,295820 2,916918 -0,103773 0,905282 3,366610
-0,103444 0,131901 3,286328 0,230479 1,510850 3,235498 -0,512369 1,083549 2,827032 -0,091701 0,891643 3,354615
-0,099895 0,137227 3,293750 0,221477 1,517017 3,225392 -0,524990 0,895798 2,728518 -0,092541 0,902388 3,354907
-0,095826 0,132103 3,293825 0,222246 1,511771 3,228845 -0,557609 0,561370 2,686254 -0,093101 0,909441 3,354700
-0,095705 0,130387 3,299060 0,216516 1,516705 3,227212 -0,599771 0,337713 2,781352 -0,064081 0,900843 3,306320
-0,097529 0,131695 3,295557 0,216004 1,512152 3,239978 -0,599845 0,267421 2,778280 -0,074932 0,910089 3,343091
-0,096081 0,130286 3,304035 0,220870 1,508547 3,231152 -0,538012 0,216408 2,955476 -0,086829 0,922713 3,379394
-0,092762 0,135080 3,287473 0,224714 1,511418 3,224488 -0,466448 0,220488 2,912766 -0,087101 0,918928 3,378893
-0,091685 0,132122 3,296162 0,226581 1,531085 3,254828 -0,501847 0,225400 2,991863 -0,078502 0,916826 3,355558
-0,092058 0,134630 3,301311 0,219017 1,509002 3,222972 -0,588813 0,201576 2,876100 -0,082657 0,923388 3,367527
-0,091777 0,129550 3,310965 0,220569 1,510117 3,226295 -0,508190 0,208783 2,790906 -0,093661 0,916404 3,354172
-0,092571 0,133310 3,297767 0,221251 1,515896 3,232431 -0,475679 0,232802 2,837854 -0,093932 0,912647 3,353692
-0,096567 0,133435 3,294120 0,216453 1,512251 3,222402 -0,501450 0,246787 2,819452 -0,093661 0,916404 3,354172
-0,093827 0,130328 3,289962 0,218005 1,523054 3,236908 -0,611305 0,337846 2,895003 -0,082057 0,907373 3,318087
-0,092834 0,133476 3,288031 0,215873 1,527227 3,246129 -0,617442 0,427495 2,801643 -0,081499 0,900480 3,318631
-0,092869 0,131251 3,281709 0,210047 1,521098 3,236485 -0,597675 0,717968 2,775711 -0,093101 0,909441 3,354700
-0,090170 0,131714 3,281458 0,218395 1,522503 3,238086 -0,563448 1,015104 2,670802 -0,100393 0,901158 3,379204
-0,090898 0,131186 3,284401 0,215295 1,523561 3,236881 -0,527202 1,163897 2,792067 -0,100393 0,901158 3,379204
-0,094965 0,136098 3,274129 0,216533 1,521209 3,234414 -0,455667 1,428153 3,146916 -0,103492 0,901710 3,366579
-0,099792 0,135854 3,278654 0,213674 1,515739 3,238054 -0,407420 1,432590 3,176609 -0,111151 0,911381 3,391060
