25 12
-0,114432 0,201762 3,271491 0,168290 1,489396 3,188154 -0,400947 1,381433 3,071151 -0,088648 0,928129 3,343187
-0,108701 0,202042 3,271592 0,169511 1,500805 3,205300 -0,386463 1,314521 2,985564 -0,091462 0,917867 3,330642
-0,114322 0,195168 3,267035 0,176304 1,495570 3,193269 -0,364106 1,224428 2,904866 -0,079801 0,900648 3,318644
-0,109101 0,190964 3,274716 0,173711 1,497875 3,202315 -0,345623 1,124341 2,835101 -0,087992 0,912728 3,367243
-0,104564 0,174816 3,260202 0,171169 1,496661 3,200414 -0,340425 1,007789 2,780350 -0,091112 0,905953 3,354298
-0,109756 0,184258 3,263626 0,176147 1,489945 3,183698 -0,380032 0,907968 2,776223 -0,083927 0,907222 3,330813
-0,101834 0,196808 3,275152 0,177686 1,488288 3,181425 -0,452047 0,834914 2,839973 -0,084780 0,917908 3,331070
-0,100861 0,195539 3,288432 0,179188 1,491731 3,188510 -0,517364 0,760741 2,821839 -0,084492 0,921527 3,331153
-0,099661 0,192637 3,264734 0,177392 1,490896 3,176567 -0,572914 0,717629 2,804009 -0,090850 0,903191 3,258953
-0,092019 0,192515 3,283185 0,182603 1,495842 3,197745 -0,593978 0,710169 2,807653 -0,067086 0,931915 3,344191
-0,095510 0,182218 3,266876 0,185380 1,496380 3,194509 -0,548013 0,700068 2,721053 -0,067372 0,928234 3,343929
-0,088992 0,190312 3,277270 0,187006 1,491060 3,202222 -0,478915 0,708547 2,715866 -0,070914 0,935019 3,356345
-0,088775 0,193522 3,288269 0,197912 1,486676 3,187452 -0,389179 0,736347 2,730201 -0,063281 0,928830 3,332111
-0,089891 0,190481 3,290396 0,196065 1,498432 3,204036 -0,345391 0,741571 2,762451 -0,056303 0,925227 3,332124
-0,089131 0,183097 3,285399 0,197402 1,495142 3,203124 -0,390322 0,747629 2,838726 -0,056303 0,925227 3,332124
-0,083819 0,188519 3,305198 0,207778 1,492823 3,197568 -0,479870 0,743910 2,830823 -0,056019 0,921732 3,332308
-0,082480 0,185775 3,292188 0,209049 1,501426 3,210025 -0,589611 0,746412 2,841324 -0,051934 0,932153 3,344988
-0,079881 0,185017 3,296566 0,205705 1,487582 3,190902 -0,640847 0,773497 2,845295 -0,058646 0,915176 3,320173
-0,080965 0,189381 3,280214 0,205767 1,490648 3,198057 -0,635706 0,806334 2,801076 -0,087800 0,902610 3,270675
-0,079052 0,182684 3,289381 0,213693 1,488701 3,198831 -0,623234 0,873539 2,792033 -0,056304 0,918065 3,332037
-0,078048 0,183868 3,287986 0,216658 1,504697 3,219659 -0,588998 0,965806 2,810572 -0,052514 0,924859 3,344671
-0,076903 0,189454 3,302483 0,220355 1,508757 3,222735 -0,549762 1,045608 2,812115 -0,056014 0,927091 3,381862
-0,076358 0,189007 3,291857 0,223530 1,507397 3,225375 -0,518059 1,151728 2,848004 -0,069688 0,918132 3,331826
-0,075659 0,183033 3,286448 0,222689 1,497292 3,213099 -0,490146 1,255410 2,919649 -0,052230 0,921330 3,344780
-0,077877 0,180846 3,288840 0,220056 1,499301 3,211291 -0,467511 1,337974 2,995059 -0,057151 0,934043 3,381180
