30 12
-0,119534 0,176191 3,276021 0,220341 1,498762 3,185648 -0,447912 1,451699 3,243198 -0,067793 0,930038 3,393753
-0,120445 0,171836 3,276752 0,219567 1,506044 3,187241 -0,460897 1,455348 3,213281 -0,081810 0,920033 3,368094
-0,119121 0,173734 3,289176 0,217577 1,496752 3,178226 -0,467764 1,432905 3,137423 -0,077655 0,913413 3,355891
-0,113477 0,171593 3,280197 0,219614 1,502682 3,189460 -0,470100 1,369701 3,029757 -0,070725 0,919691 3,381120
-0,115862 0,172884 3,282303 0,215426 1,500152 3,178705 -0,461496 1,240746 2,894640 -0,070153 0,919700 3,380983
-0,121221 0,175455 3,285180 0,217962 1,498441 3,184917 -0,453460 1,086610 2,773090 -0,069880 0,908791 3,380643
-0,119667 0,172082 3,282941 0,214627 1,500100 3,182052 -0,449843 0,912445 2,709153 -0,073637 0,909324 3,368227
-0,120882 0,176703 3,287817 0,218946 1,502519 3,181718 -0,459077 0,752974 2,664881 -0,063609 0,920670 3,356474
-0,122042 0,177774 3,288887 0,217679 1,509035 3,199062 -0,475704 0,650336 2,650335 -0,060108 0,923817 3,369016
-0,124795 0,184767 3,295028 0,207879 1,488225 3,169488 -0,482967 0,592818 2,611229 -0,068641 0,933341 3,392878
-0,122713 0,187832 3,295704 0,211923 1,491653 3,166432 -0,455930 0,617945 2,575193 -0,049712 0,947166 3,432792
-0,124404 0,182490 3,291560 0,210591 1,490799 3,171575 -0,444269 0,705826 2,537236 -0,063892 0,916979 3,356205
-0,115335 0,175827 3,285608 0,215551 1,500686 3,192343 -0,443331 0,812429 2,535877 -0,059549 0,909460 3,369042
-0,118837 0,167684 3,291977 0,215495 1,491929 3,175683 -0,433714 0,846734 2,530331 -0,063051 0,906363 3,356495
-0,118600 0,168524 3,291321 0,223398 1,499169 3,195505 -0,430594 0,808396 2,521457 -0,070633 0,917057 3,356246
-0,115921 0,165882 3,282054 0,222071 1,495214 3,184790 -0,444640 0,740672 2,568696 -0,078641 0,919506 3,380578
-0,115132 0,187927 3,280199 0,223235 1,503033 3,192671 -0,463311 0,704705 2,564684 -0,078495 0,940510 3,406168
-0,119497 0,178671 3,288191 0,221005 1,496792 3,192793 -0,458045 0,707963 2,573316 -0,074767 0,923670 3,368381
-0,125148 0,173523 3,296624 0,225040 1,509575 3,208989 -0,446579 0,775092 2,553344 -0,063655 0,923353 3,381442
-0,118353 0,160782 3,297698 0,223731 1,502651 3,191447 -0,437051 0,884671 2,535058 -0,069797 0,899100 3,355935
-0,115143 0,158103 3,277942 0,215363 1,509210 3,197225 -0,441857 0,971474 2,578119 -0,072794 0,898332 3,367258
-0,118348 0,163409 3,279474 0,216159 1,503190 3,187560 -0,440130 1,026798 2,616038 -0,072683 0,895965 3,342991
-0,112358 0,170760 3,287824 0,215726 1,491240 3,169049 -0,440706 1,088058 2,656344 -0,076819 0,895393 3,355313
-0,114617 0,170025 3,277762 0,220159 1,492807 3,170766 -0,443139 1,168354 2,716534 -0,066251 0,899713 3,343959
-0,113623 0,169931 3,271831 0,214417 1,506861 3,187958 -0,442586 1,253282 2,793543 -0,066311 0,909401 3,368593
-0,113957 0,171834 3,289208 0,221637 1,505827 3,191817 -0,443150 1,325948 2,876313 -0,074092 0,906757 3,343673
-0,113350 0,169691 3,281654 0,222728 1,507561 3,200561 -0,446741 1,402956 2,976710 -0,077787 0,923253 3,380768
-0,115576 0,178764 3,278036 0,224924 1,510988 3,202169 -0,445121 1,451611 3,058488 -0,073621 0,923782 3,368418
-0,114853 0,180033 3,283641 0,226362 1,512052 3,199594 -0,449207 1,485870 3,135936 -0,081521 0,930922 3,368280
-0,114631 0,166163 3,275079 0,222608 1,508913 3,194541 -0,438835 1,499376 3,195233 -0,070347 0,920700 3,356347
