33 12
-0,105978 0,159428 3,214996 0,207255 1,516294 3,197448 -0,412107 1,457233 3,229712 -0,087337 0,882778 3,318209
-0,105165 0,155446 3,208344 0,205515 1,506811 3,178700 -0,428234 1,434419 3,188019 -0,087621 0,879222 3,318287
-0,104347 0,162800 3,198406 0,202848 1,508872 3,194927 -0,451605 1,372928 3,102126 -0,091200 0,885682 3,330117
-0,105192 0,162752 3,209038 0,205338 1,512673 3,192227 -0,475482 1,288060 3,004765 -0,098732 0,882016 3,329746
-0,106364 0,162989 3,206481 0,199099 1,514083 3,181456 -0,515656 1,181809 2,914211 -0,099012 0,878428 3,329757
-0,105189 0,163306 3,216652 0,208459 1,508526 3,187470 -0,561524 1,048936 2,842632 -0,087900 0,875645 3,318289
-0,105824 0,164229 3,227243 0,203730 1,526113 3,197697 -0,604422 0,930223 2,796726 -0,087900 0,875645 3,318289
-0,108528 0,158500 3,218954 0,207575 1,520633 3,198063 -0,640852 0,821053 2,759741 -0,087900 0,875645 3,318289
-0,108892 0,156942 3,214640 0,202923 1,510719 3,188375 -0,648709 0,745821 2,726462 -0,088723 0,879020 3,317992
-0,108472 0,162999 3,221725 0,196869 1,507495 3,184775 -0,607022 0,699979 2,693504 -0,079966 0,873489 3,294679
-0,110201 0,165996 3,230129 0,198954 1,514271 3,192228 -0,513389 0,686158 2,663069 -0,077400 0,879860 3,306745
-0,112840 0,158302 3,228490 0,202624 1,526178 3,217927 -0,389977 0,685283 2,648281 -0,083891 0,870508 3,282592
-0,110379 0,167289 3,226743 0,197898 1,522570 3,222690 -0,329069 0,684720 2,649567 -0,083614 0,874071 3,282670
-0,111433 0,158631 3,212714 0,201664 1,513411 3,202574 -0,345938 0,671018 2,680182 -0,083891 0,870508 3,282592
-0,113176 0,161415 3,221835 0,193323 1,495108 3,171678 -0,423262 0,664272 2,728301 -0,081068 0,880361 3,294440
-0,111697 0,166032 3,220395 0,195576 1,506798 3,196148 -0,502145 0,645942 2,694830 -0,080519 0,873432 3,294673
-0,108047 0,168274 3,209506 0,202914 1,512712 3,211083 -0,542416 0,656774 2,690174 -0,087517 0,871053 3,270514
-0,111175 0,164746 3,209519 0,190642 1,509367 3,192403 -0,512215 0,667150 2,658747 -0,080519 0,873432 3,294673
-0,116313 0,163257 3,216886 0,205974 1,523582 3,231404 -0,423997 0,686903 2,664347 -0,080519 0,873432 3,294673
-0,114540 0,158443 3,213095 0,203634 1,513888 3,221436 -0,335043 0,683479 2,645510 -0,084227 0,889352 3,330713
-0,113295 0,161687 3,210754 0,210055 1,520036 3,224290 -0,339565 0,672322 2,669325 -0,083890 0,877557 3,282670
-0,114387 0,157350 3,205077 0,207809 1,524033 3,228269 -0,381079 0,656449 2,687808 -0,083614 0,874071 3,282670
-0,111303 0,167099 3,208813 0,207645 1,509425 3,200519 -0,432473 0,673836 2,707362 -0,084166 0,873971 3,282518
-0,113266 0,157537 3,201993 0,198906 1,509313 3,188741 -0,470582 0,718619 2,723940 -0,087431 0,869849 3,294277
-0,104353 0,165316 3,205985 0,202414 1,507629 3,188781 -0,486452 0,791351 2,718863 -0,091268 0,872692 3,306033
-0,105062 0,158853 3,199110 0,201217 1,512028 3,195495 -0,495951 0,890788 2,717164 -0,090993 0,869163 3,305944
-0,104336 0,162826 3,212848 0,194743 1,502984 3,181067 -0,500954 1,000135 2,724837 -0,093782 0,866212 3,293432
-0,103188 0,170213 3,207994 0,194974 1,508939 3,190831 -0,500489 1,121496 2,783765 -0,097662 0,870379 3,281732
-0,101575 0,172091 3,204448 0,191213 1,514618 3,200608 -0,491813 1,235522 2,864116 -0,090984 0,883352 3,306111
-0,104668 0,160813 3,189595 0,203963 1,517609 3,196808 -0,479579 1,333864 2,955278 -0,097662 0,870379 3,281732
-0,102413 0,162883 3,197238 0,194393 1,516256 3,190865 -0,473917 1,407073 3,070758 -0,094890 0,880323 3,293946
-0,105301 0,167999 3,187666 0,202556 1,518185 3,201758 -0,454648 1,452863 3,152578 -0,102072 0,880222 3,293502
-0,106583 0,168166 3,201320 0,201647 1,535091 3,212610 -0,427621 1,476893 3,204186 -0,090984 0,883352 3,306111
