16 12
-0,102981 0,201142 3,252180 0,176062 1,518799 3,197175 -0,381077 1,465840 3,161012 -0,054639 0,887288 3,307886
-0,104008 0,186751 3,254156 0,183942 1,516077 3,195109 -0,378344 1,374674 3,037989 -0,051155 0,890276 3,320092
-0,099363 0,194038 3,268897 0,185000 1,524889 3,200508 -0,416967 1,098782 2,761192 -0,054660 0,875332 3,331702
-0,099297 0,207318 3,281700 0,173521 1,535049 3,225184 -0,422147 0,809547 2,665274 -0,051992 0,893784 3,320149
-0,100450 0,204715 3,286707 0,169024 1,528322 3,207690 -0,422965 0,727058 2,690344 -0,059247 0,903353 3,344344
-0,094655 0,208153 3,293778 0,162737 1,523662 3,202662 -0,438839 0,650189 2,596819 -0,048139 0,917314 3,357211
-0,093584 0,197524 3,285349 0,172414 1,518251 3,196126 -0,417310 0,762153 2,522315 -0,044056 0,898724 3,369217
-0,089697 0,186553 3,287406 0,172971 1,514437 3,199838 -0,414500 0,792102 2,526204 -0,054911 0,895612 3,356391
-0,091105 0,195806 3,302182 0,176236 1,523301 3,218559 -0,420855 0,699225 2,543217 -0,062204 0,902745 3,356152
-0,095795 0,207173 3,300014 0,170907 1,503822 3,191417 -0,415739 0,682253 2,543998 -0,103960 0,882070 3,257783
-0,089446 0,191296 3,298464 0,172601 1,520137 3,221132 -0,418055 0,752344 2,518669 -0,054069 0,889502 3,331300
-0,089829 0,186455 3,294710 0,176006 1,516958 3,201313 -0,418394 0,990783 2,584301 -0,053832 0,869405 3,306961
-0,088312 0,204465 3,299827 0,182009 1,515689 3,209030 -0,442987 1,169031 2,679580 -0,051975 0,889064 3,344457
-0,086557 0,197654 3,296837 0,178998 1,521034 3,215703 -0,442037 1,256395 2,764447 -0,051693 0,892668 3,344495
-0,088080 0,193705 3,284907 0,179062 1,513755 3,203626 -0,400664 1,431933 3,039934 -0,054623 0,896772 3,331958
-0,092406 0,200815 3,282701 0,181282 1,524134 3,219621 -0,377882 1,444193 3,100071 -0,062693 0,890720 3,307660
