30 12
-0,116387 0,172844 3,203697 0,193043 1,512531 3,185209 -0,434100 1,463827 3,211465 -0,102630 0,886089 3,317512
-0,116556 0,169605 3,208618 0,194180 1,513174 3,195220 -0,453289 1,430247 3,154332 -0,105951 0,875997 3,305148
-0,117514 0,164930 3,203408 0,192616 1,507932 3,180962 -0,476328 1,377514 3,068098 -0,099288 0,881959 3,329778
-0,120791 0,174589 3,200120 0,193924 1,517317 3,201636 -0,511460 1,313989 2,991297 -0,105673 0,879584 3,305206
-0,118533 0,163827 3,199704 0,197653 1,507898 3,188106 -0,553044 1,240025 2,938411 -0,099012 0,878428 3,329757
-0,115340 0,174408 3,212113 0,193020 1,505528 3,177780 -0,601593 1,158339 2,882245 -0,099012 0,878428 3,329757
-0,115532 0,171165 3,214303 0,197232 1,515780 3,204968 -0,634273 1,085487 2,848991 -0,098732 0,882016 3,329746
-0,114609 0,177002 3,207896 0,196955 1,511796 3,205984 -0,658787 1,006352 2,787421 -0,100968 0,867467 3,269695
-0,115875 0,166986 3,197701 0,197855 1,507696 3,195162 -0,644879 0,947134 2,754736 -0,097379 0,873898 3,281642
-0,116139 0,165605 3,211039 0,201566 1,522999 3,225030 -0,580544 0,904680 2,708738 -0,083055 0,874086 3,282517
-0,112810 0,169289 3,202950 0,196939 1,531476 3,235487 -0,470499 0,877759 2,697288 -0,090149 0,872633 3,305382
-0,115934 0,163833 3,204622 0,195187 1,522569 3,229529 -0,339324 0,860050 2,675873 -0,090159 0,865544 3,305300
-0,113428 0,167818 3,199290 0,199904 1,526252 3,226985 -0,289070 0,848608 2,687304 -0,094813 0,877827 3,341746
-0,113141 0,172197 3,208392 0,195391 1,507375 3,208445 -0,323652 0,823294 2,696877 -0,090427 0,876226 3,305702
-0,111109 0,163542 3,197308 0,196508 1,526128 3,230157 -0,411492 0,820120 2,767010 -0,090712 0,872706 3,305862
-0,108048 0,178184 3,211504 0,191603 1,502252 3,195386 -0,501683 0,796006 2,727780 -0,087152 0,873402 3,294275
-0,108660 0,170064 3,205043 0,192183 1,501573 3,203250 -0,570532 0,799821 2,727304 -0,084061 0,872782 3,306447
-0,108661 0,173090 3,192808 0,193995 1,509282 3,198746 -0,561863 0,802686 2,698287 -0,087431 0,869849 3,294277
-0,107167 0,174034 3,201967 0,195957 1,507802 3,217561 -0,482977 0,803036 2,679433 -0,087621 0,879222 3,318287
-0,111540 0,170940 3,200449 0,193826 1,527017 3,223531 -0,361838 0,810897 2,670136 -0,090149 0,872633 3,305382
-0,110816 0,174789 3,199069 0,201226 1,523098 3,224816 -0,308145 0,800162 2,677398 -0,090427 0,876226 3,305702
-0,112258 0,159641 3,191400 0,202744 1,545888 3,257619 -0,315573 0,818644 2,686214 -0,090149 0,872633 3,305382
-0,110210 0,169663 3,199521 0,201949 1,525032 3,222487 -0,344541 0,846340 2,712172 -0,086781 0,875585 3,317646
-0,111179 0,173951 3,207544 0,196727 1,512293 3,200452 -0,395487 0,886229 2,714256 -0,090712 0,872706 3,305862
-0,104016 0,169482 3,197743 0,190601 1,497893 3,178656 -0,445944 0,963033 2,715180 -0,090159 0,865544 3,305300
-0,107982 0,174058 3,187920 0,186465 1,505629 3,183790 -0,484112 1,058118 2,728893 -0,093782 0,866212 3,293432
-0,107423 0,174150 3,184456 0,182451 1,510887 3,192696 -0,504605 1,159030 2,788202 -0,097662 0,870379 3,281732
-0,106133 0,170135 3,202463 0,182361 1,509047 3,192267 -0,510903 1,256055 2,860666 -0,094331 0,880380 3,293923
-0,108337 0,162935 3,182275 0,195557 1,516934 3,200132 -0,508054 1,342282 2,948735 -0,094615 0,869756 3,293850
-0,106180 0,170031 3,197825 0,202045 1,517983 3,202979 -0,494727 1,410892 3,045543 -0,095366 0,892194 3,342275
