18 12
-0,133113 0,176246 3,269481 0,177459 1,456422 3,205796 -0,440569 1,422737 3,066081 -0,139235 0,902201 3,339266
-0,135884 0,171876 3,264398 0,177483 1,455436 3,207267 -0,412413 1,251842 2,931941 -0,138661 0,887876 3,338794
-0,131129 0,168078 3,274290 0,176849 1,455429 3,211107 -0,426059 1,119887 2,859433 -0,127416 0,885114 3,327523
-0,131033 0,176636 3,282754 0,176553 1,453382 3,207292 -0,497263 0,814756 2,760954 -0,130496 0,883322 3,291473
-0,132966 0,179778 3,291948 0,176862 1,456999 3,213628 -0,530678 0,592812 2,784680 -0,119512 0,893083 3,233206
-0,129766 0,174005 3,274738 0,181887 1,452214 3,215670 -0,483041 0,520769 2,744743 -0,135681 0,911352 3,278209
-0,134388 0,180554 3,293677 0,177819 1,455724 3,210174 -0,376958 0,512449 2,946121 -0,118125 0,944849 3,366153
-0,131110 0,182806 3,275503 0,180900 1,453204 3,206746 -0,442391 0,513597 3,066842 -0,110156 0,939402 3,317610
-0,138695 0,189194 3,287832 0,175834 1,450329 3,207660 -0,498830 0,515825 3,033483 -0,131923 0,914759 3,291158
-0,133476 0,183354 3,290554 0,179294 1,450323 3,215875 -0,489228 0,510656 2,957493 -0,114648 0,927971 3,328923
-0,139448 0,188548 3,290383 0,172029 1,452014 3,204198 -0,389445 0,532732 2,912058 -0,118413 0,933959 3,366004
-0,137019 0,181496 3,283264 0,173328 1,458030 3,215592 -0,430873 0,544464 3,042607 -0,128582 0,942228 3,328459
-0,137911 0,180107 3,273045 0,169439 1,453251 3,205735 -0,534665 0,529334 2,832627 -0,120160 0,898940 3,256430
-0,137467 0,175310 3,273597 0,174663 1,456112 3,221591 -0,551010 0,692502 2,769075 -0,152281 0,893460 3,289778
-0,134792 0,170943 3,276053 0,174041 1,458186 3,212836 -0,538849 0,797109 2,735668 -0,145655 0,896043 3,314327
-0,131015 0,173075 3,292122 0,173648 1,454329 3,209185 -0,488895 1,121491 2,860639 -0,144792 0,878236 3,313552
-0,131426 0,174747 3,284626 0,173970 1,453249 3,205706 -0,449198 1,314527 2,931698 -0,142168 0,895555 3,326607
-0,135239 0,181704 3,280159 0,174103 1,459161 3,212123 -0,430458 1,396132 3,041023 -0,139235 0,902201 3,339266
