18 12
-0,128996 0,187414 3,280782 0,213125 1,503633 3,221528 -0,425315 1,435648 3,111672 -0,106554 0,938254 3,354418
-0,132974 0,189582 3,283818 0,210155 1,510136 3,231880 -0,377379 1,310427 2,960176 -0,102609 0,934206 3,366582
-0,138489 0,190111 3,285001 0,209876 1,504209 3,218196 -0,370921 1,211173 2,870457 -0,113018 0,926067 3,376883
-0,136030 0,199953 3,279389 0,201629 1,503746 3,218079 -0,392216 0,956242 2,714254 -0,102902 0,937857 3,366859
-0,140736 0,201925 3,275449 0,197994 1,500453 3,216344 -0,386844 0,792180 2,717129 -0,107140 0,945417 3,354571
-0,139590 0,198036 3,281032 0,202429 1,507177 3,225935 -0,410538 0,744482 2,695071 -0,099291 0,946364 3,330589
-0,131664 0,205724 3,291584 0,206482 1,496591 3,221111 -0,403043 0,771761 2,687201 -0,104074 0,952233 3,367156
-0,125308 0,191425 3,282902 0,208204 1,511230 3,237336 -0,409481 0,876902 2,633744 -0,098959 0,941963 3,354809
-0,126279 0,190447 3,280968 0,212620 1,506482 3,230500 -0,404148 0,873089 2,660209 -0,106552 0,945467 3,354514
-0,124144 0,197111 3,279509 0,210977 1,509340 3,230544 -0,406574 0,786126 2,652360 -0,104077 0,959477 3,367254
-0,122940 0,188108 3,277684 0,210425 1,509185 3,228082 -0,407426 0,784231 2,630354 -0,103488 0,945091 3,367169
-0,120577 0,190612 3,285590 0,209775 1,509264 3,233932 -0,404028 0,848336 2,614158 -0,094752 0,935226 3,342475
-0,112165 0,176624 3,281687 0,213419 1,535127 3,247612 -0,392586 1,012494 2,668897 -0,094997 0,930642 3,366722
-0,110565 0,184408 3,271969 0,213658 1,508065 3,219894 -0,434385 1,171225 2,758487 -0,101437 0,927796 3,341216
-0,104771 0,185656 3,259790 0,213741 1,525347 3,255823 -0,443293 1,242440 2,798119 -0,090863 0,932147 3,330483
-0,108260 0,187220 3,266895 0,209920 1,508913 3,229250 -0,418754 1,382767 2,988842 -0,098162 0,932998 3,306250
-0,104782 0,190296 3,267350 0,212115 1,516829 3,231054 -0,418832 1,412677 3,057374 -0,095339 0,942457 3,342917
-0,107152 0,193450 3,268280 0,201360 1,517562 3,226499 -0,405071 1,428286 3,099319 -0,088060 0,942559 3,343355
