32 12
-0,081951 0,175304 3,298253 0,212133 1,521447 3,231511 -0,510888 1,433674 3,228250 -0,033561 0,873223 3,308553
-0,081462 0,170064 3,285732 0,209727 1,517586 3,229283 -0,536246 1,344786 3,098683 -0,040963 0,879020 3,332531
-0,079336 0,172794 3,293834 0,205004 1,523138 3,232528 -0,546357 1,169162 2,910792 -0,033300 0,877804 3,357131
-0,078784 0,162464 3,286471 0,206777 1,515300 3,224198 -0,557476 0,903806 2,728709 -0,019786 0,870555 3,357147
-0,083848 0,178522 3,288506 0,211461 1,517066 3,224627 -0,578194 0,582960 2,604509 -0,056620 0,903074 3,432106
-0,080960 0,191549 3,302152 0,211942 1,510785 3,222694 -0,620202 0,299023 2,644193 -0,064959 0,916550 3,457574
-0,082475 0,184289 3,288404 0,208472 1,505618 3,208281 -0,645309 0,038597 2,692747 -0,068070 0,889932 3,392967
-0,083136 0,191377 3,297258 0,209092 1,514307 3,217171 -0,684944 -0,181265 2,772043 -0,076123 0,906818 3,417835
-0,084596 0,185289 3,276000 0,208038 1,510648 3,218929 -0,716490 -0,322880 2,877853 -0,045947 0,904657 3,393983
-0,085368 0,174710 3,278290 0,208392 1,523700 3,240716 -0,718967 -0,390282 2,922760 -0,042633 0,896710 3,406236
-0,082054 0,176259 3,277638 0,211471 1,511365 3,227809 -0,677617 -0,439809 2,890481 -0,041606 0,901768 3,381963
-0,085073 0,176411 3,278679 0,213605 1,526772 3,243928 -0,592376 -0,473971 2,848078 -0,038125 0,895066 3,369379
-0,082344 0,174492 3,269664 0,214148 1,519209 3,234168 -0,527620 -0,479659 2,864836 -0,037858 0,884299 3,369414
-0,081758 0,179458 3,279911 0,211611 1,523221 3,238507 -0,527999 -0,471761 2,898565 -0,034392 0,884876 3,357001
-0,079135 0,176074 3,263489 0,208937 1,527197 3,234024 -0,580179 -0,506244 3,017921 -0,037286 0,898804 3,369701
-0,077065 0,185090 3,262870 0,205109 1,520818 3,220642 -0,629421 -0,521453 3,077771 -0,049201 0,907874 3,406922
-0,075443 0,184281 3,265478 0,207617 1,517884 3,219497 -0,621283 -0,492859 2,957808 -0,056892 0,914057 3,432195
-0,074314 0,173171 3,269319 0,206052 1,520340 3,230337 -0,553340 -0,514980 2,886818 -0,034392 0,884876 3,357001
-0,075049 0,177956 3,263689 0,205590 1,521806 3,227014 -0,498237 -0,479010 2,862222 -0,049484 0,896861 3,406602
-0,074774 0,178741 3,274445 0,200752 1,516318 3,221995 -0,496709 -0,447000 2,871851 -0,038026 0,890314 3,394435
-0,077164 0,173564 3,275284 0,210264 1,522216 3,234998 -0,524743 -0,459353 2,936579 -0,035234 0,896753 3,406427
-0,073882 0,183208 3,276767 0,208658 1,533975 3,245861 -0,561551 -0,423368 2,917533 -0,045392 0,904812 3,394404
-0,071747 0,181767 3,267518 0,205131 1,527287 3,231521 -0,568953 -0,359485 2,827062 -0,033832 0,892179 3,357362
-0,069841 0,175846 3,274655 0,201484 1,530748 3,237358 -0,559115 -0,251368 2,729548 -0,053591 0,903476 3,419001
-0,067417 0,188973 3,288221 0,204498 1,524304 3,220293 -0,538746 -0,079248 2,628941 -0,037396 0,896339 3,345039
-0,062418 0,172632 3,279281 0,196512 1,544050 3,234758 -0,534566 0,152222 2,555682 -0,039020 0,914451 3,419265
-0,057650 0,181601 3,288383 0,202010 1,521177 3,223307 -0,516773 0,420777 2,484995 -0,049441 0,921470 3,432580
-0,054996 0,177800 3,300184 0,205299 1,516192 3,214559 -0,534245 0,697564 2,421852 -0,014704 0,872643 3,320856
-0,048235 0,165389 3,296275 0,208854 1,523432 3,224217 -0,538024 0,960936 2,537670 -0,011648 0,868453 3,333148
-0,053065 0,163412 3,296604 0,210683 1,516469 3,231201 -0,523776 1,178401 2,710339 -0,005512 0,862493 3,308424
-0,055164 0,168355 3,297894 0,213391 1,519454 3,236436 -0,504396 1,324762 2,872957 -0,016109 0,874814 3,344999
-0,060080 0,158215 3,286942 0,221760 1,511942 3,223174 -0,477252 1,400619 3,027472 -0,015775 0,866831 3,296846
