16 12
-0,114277 0,176122 3,230335 0,202196 1,499701 3,182798 -0,400494 1,362572 3,114610 -0,074205 0,909313 3,368370
-0,113936 0,188406 3,245573 0,206066 1,512408 3,199208 -0,382099 1,300544 3,036561 -0,070734 0,905186 3,380923
-0,111145 0,184412 3,243294 0,207264 1,502873 3,189281 -0,391742 1,147201 2,908851 -0,070169 0,905197 3,380787
-0,116933 0,187509 3,239590 0,210916 1,507269 3,192554 -0,457637 1,061575 2,945725 -0,067241 0,901030 3,393551
-0,114189 0,187582 3,237107 0,208621 1,496491 3,187177 -0,532626 1,000405 2,929370 -0,081812 0,912803 3,367996
-0,106424 0,186169 3,252313 0,208263 1,495932 3,193000 -0,633837 0,930506 2,809339 -0,056306 0,916163 3,381644
-0,106803 0,193603 3,247588 0,209274 1,495439 3,194585 -0,529464 0,875310 2,673262 -0,071013 0,908771 3,380917
-0,104389 0,183115 3,237667 0,214857 1,495578 3,191152 -0,485112 0,882918 2,734640 -0,070734 0,905186 3,380923
-0,108872 0,192969 3,243760 0,214328 1,512109 3,218745 -0,510639 0,869626 2,714950 -0,074488 0,905660 3,368271
-0,105518 0,188743 3,224793 0,221193 1,511057 3,202720 -0,675960 0,901039 2,863609 -0,074886 0,919102 3,393399
-0,099954 0,202181 3,233405 0,224100 1,505711 3,193878 -0,691635 0,900027 2,843550 -0,075575 0,929002 3,418691
-0,097695 0,206063 3,224934 0,215826 1,501483 3,180993 -0,656169 0,967614 2,877987 -0,074486 0,912887 3,368367
-0,091654 0,202846 3,204637 0,210693 1,509321 3,198410 -0,569890 1,064683 2,807775 -0,081091 0,903125 3,343303
-0,090395 0,204052 3,208059 0,212043 1,514029 3,188884 -0,532028 1,138077 2,837013 -0,066810 0,906833 3,344012
-0,094490 0,210818 3,196049 0,205365 1,499654 3,169526 -0,471155 1,361111 3,099538 -0,070636 0,909851 3,356152
-0,091937 0,207371 3,191807 0,205127 1,506230 3,183844 -0,427083 1,400468 3,122100 -0,074486 0,912887 3,368367
