32 12
-0,079769 0,156865 3,272920 0,255420 1,514822 3,237756 -0,391352 1,482528 3,176426 -0,048005 0,866036 3,308013
-0,077495 0,157326 3,256365 0,258161 1,502301 3,230091 -0,406457 1,484621 3,128703 -0,036832 0,859725 3,296369
-0,071587 0,162948 3,261516 0,253521 1,516690 3,241630 -0,409101 1,470631 3,056288 -0,043682 0,865381 3,319924
-0,074975 0,163191 3,273898 0,253974 1,506889 3,236568 -0,398525 1,404104 2,914307 -0,032755 0,862574 3,308245
-0,073925 0,154679 3,267362 0,259335 1,515673 3,254858 -0,369286 1,324179 2,784639 -0,029484 0,861932 3,320505
-0,071156 0,158893 3,275023 0,265638 1,507406 3,257415 -0,334124 1,210035 2,632917 -0,033035 0,859052 3,308347
-0,066720 0,150719 3,278525 0,258421 1,510810 3,240209 -0,293844 1,084172 2,501169 -0,047041 0,871106 3,404709
-0,066856 0,147679 3,284136 0,255529 1,509839 3,234133 -0,260714 0,935200 2,391586 -0,046277 0,857692 3,378239
-0,067609 0,155189 3,288302 0,256824 1,513490 3,248011 -0,229386 0,787035 2,306269 -0,040357 0,892025 3,431656
-0,070954 0,163507 3,291794 0,259671 1,498488 3,231787 -0,205996 0,638171 2,245385 -0,048365 0,904279 3,406863
-0,073600 0,166030 3,297269 0,266191 1,517212 3,266796 -0,179127 0,514593 2,201530 -0,038014 0,904859 3,394632
-0,074439 0,173536 3,282643 0,255703 1,507545 3,256202 -0,171473 0,409922 2,180173 -0,043087 0,983471 3,406565
-0,072175 0,166723 3,295527 0,261631 1,509653 3,253934 -0,161823 0,318859 2,188260 -0,038102 0,959972 3,399230
-0,072589 0,150661 3,293687 0,263508 1,507421 3,258878 -0,153813 0,253040 2,204356 -0,047138 0,930279 3,366931
-0,075622 0,143894 3,304557 0,258445 1,512517 3,264677 -0,149494 0,209861 2,222679 -0,039129 0,933573 3,393820
-0,075114 0,134991 3,296903 0,260376 1,513201 3,274014 -0,140842 0,178857 2,248093 -0,046509 0,933527 3,393629
-0,073230 0,133340 3,285424 0,264644 1,512871 3,272340 -0,142019 0,160498 2,242141 -0,050567 0,943132 3,431715
-0,073919 0,133467 3,291099 0,263122 1,509671 3,264757 -0,145994 0,163061 2,260749 -0,043402 0,946697 3,431457
-0,074633 0,140721 3,295591 0,261646 1,509556 3,260896 -0,147030 0,179118 2,250828 -0,043291 0,937296 3,380186
-0,072371 0,144077 3,287682 0,261064 1,516480 3,269705 -0,151554 0,223562 2,242739 -0,047010 0,936092 3,418439
-0,075859 0,168964 3,310812 0,260403 1,510119 3,262528 -0,163716 0,280517 2,220964 -0,037674 0,959916 3,426867
-0,071118 0,168551 3,303618 0,260875 1,508671 3,259769 -0,174531 0,371553 2,218569 -0,035792 0,965439 3,379731
-0,066165 0,168149 3,304310 0,264820 1,513602 3,263220 -0,180089 0,489350 2,221233 -0,049201 0,907874 3,406922
-0,066560 0,163025 3,302516 0,266498 1,509863 3,260091 -0,202985 0,640727 2,277864 -0,048411 0,894529 3,381702
-0,062187 0,159793 3,301850 0,260516 1,498836 3,236688 -0,236310 0,814003 2,350779 -0,040571 0,890800 3,457413
-0,058809 0,146980 3,294663 0,267654 1,510608 3,242946 -0,275150 0,984090 2,444719 -0,036401 0,878865 3,469433
-0,058627 0,160967 3,306505 0,258345 1,505788 3,233023 -0,312113 1,140910 2,569697 -0,006958 0,856909 3,344623
-0,062592 0,151988 3,296507 0,270578 1,490783 3,289489 -0,349061 1,274634 2,694243 -0,018054 0,859049 3,308399
-0,063161 0,161270 3,299554 0,271120 1,510233 3,240877 -0,378697 1,376152 2,822183 -0,025365 0,864760 3,332386
-0,064505 0,152730 3,284927 0,269933 1,507522 3,245428 -0,395470 1,443827 2,943898 -0,025911 0,864830 3,332738
-0,068294 0,165509 3,288698 0,269741 1,511942 3,245806 -0,407329 1,486039 3,048569 -0,022426 0,866866 3,296835
-0,068223 0,160809 3,277854 0,264802 1,507528 3,236485 -0,403500 1,488892 3,120019 -0,033022 0,866144 3,308426
