52 12
-0,129611 0,183102 3,294280 0,155584 1,313561 2,950948 -0,357487 1,320561 2,901131 -0,099288 0,889104 3,329869
-0,133577 0,183035 3,287720 0,123520 1,198521 2,800460 -0,325846 1,203361 2,800927 -0,102647 0,863435 3,341436
-0,131688 0,176943 3,307437 0,125854 1,007717 2,670843 -0,284652 1,036869 2,682832 -0,108496 0,846541 3,377416
-0,128961 0,170918 3,309050 0,100574 0,820515 2,579654 -0,235397 0,855911 2,599444 -0,106016 0,873437 3,353189
-0,130529 0,192516 3,329705 0,094091 0,620609 2,514489 -0,220746 0,642472 2,529502 -0,114502 0,915480 3,378354
-0,130440 0,207427 3,335171 0,082679 0,415628 2,510038 -0,234213 0,435549 2,499898 -0,097220 0,957395 3,443482
-0,130396 0,178338 3,369995 0,112941 0,209112 2,484221 -0,252989 0,242835 2,501086 -0,107136 1,002284 3,404832
-0,101893 0,322187 2,953964 0,163903 0,049493 2,504111 -0,304680 0,087353 2,577684 -0,100405 0,988321 3,380422
-0,116486 0,214323 3,227217 0,243390 -0,074129 2,596159 -0,359539 -0,023020 2,636373 -0,108369 0,934166 3,270009
-0,125212 0,208157 3,287515 0,333309 -0,155668 2,695163 -0,418162 -0,129359 2,691754 -0,083920 0,914377 3,330902
-0,119908 0,204848 3,286506 0,426747 -0,180901 2,783381 -0,499286 -0,208432 2,783901 -0,084963 0,898922 3,355311
-0,119766 0,198206 3,284311 0,526814 -0,198562 2,863543 -0,592340 -0,250225 2,859483 -0,095128 0,875551 3,317859
-0,119892 0,199602 3,283217 0,644897 -0,186157 2,924768 -0,700172 -0,265152 2,932798 -0,098476 0,858415 3,305423
-0,122727 0,185210 3,259655 0,749822 -0,125601 2,973674 -0,826580 -0,236689 3,003135 -0,114616 0,840680 3,245121
-0,118459 0,191940 3,272245 0,873458 -0,049041 3,038894 -0,959816 -0,184522 3,050700 -0,104264 0,843594 3,257511
-0,117624 0,173928 3,250284 0,986141 0,078138 3,134529 -1,087236 -0,083319 3,095068 -0,101531 0,857658 3,316774
-0,115965 0,187144 3,257670 1,057137 0,238173 3,180256 -1,199030 0,051739 3,114818 -0,100972 0,860447 3,269619
-0,118722 0,183164 3,252476 1,094234 0,420863 3,224759 -1,258045 0,218182 3,094913 -0,105674 0,872490 3,305121
-0,116411 0,173984 3,240935 1,103658 0,608344 3,261364 -1,287200 0,397754 3,109722 -0,116796 0,882343 3,316487
-0,114480 0,183414 3,247433 1,055546 0,800504 3,241992 -1,278770 0,579446 3,079313 -0,127985 0,899391 3,327961
-0,114723 0,180614 3,251821 0,980679 0,978293 3,242810 -1,230711 0,774497 3,098777 -0,143019 0,899015 3,326729
-0,118603 0,173558 3,249809 0,877988 1,126248 3,192926 -1,127238 0,918281 3,012470 -0,128266 0,895781 3,327924
-0,119451 0,171869 3,253796 0,755043 1,243974 3,200037 -1,017394 1,062267 3,014110 -0,127987 0,906539 3,328052
-0,115275 0,183768 3,267119 0,602411 1,310242 3,117567 -0,877956 1,166039 2,963626 -0,126274 0,898114 3,280000
-0,116649 0,183257 3,272072 0,454482 1,327031 3,036948 -0,737930 1,234748 2,919325 -0,108376 0,898965 3,269622
-0,119402 0,182132 3,272072 0,322640 1,330036 2,965658 -0,592164 1,237726 2,875577 -0,105670 0,900880 3,305459
-0,115827 0,177054 3,265263 0,213375 1,249145 2,876545 -0,479591 1,208646 2,821027 -0,105951 0,875997 3,305148
-0,121123 0,175711 3,292702 0,131876 1,149845 2,802172 -0,380103 1,128665 2,726546 -0,102357 0,854113 3,317139
-0,122665 0,169704 3,280036 0,080261 1,010729 2,717713 -0,300289 1,008931 2,638588 -0,101250 0,887885 3,429531
-0,121122 0,165244 3,300224 0,048805 0,851643 2,605776 -0,231365 0,852812 2,568242 -0,085833 0,888092 3,430262
-0,123948 0,188820 3,313631 0,027764 0,693197 2,532572 -0,193989 0,683074 2,511513 -0,111437 0,922279 3,391290
-0,124079 0,199080 3,318367 0,025211 0,538304 2,473551 -0,195611 0,531557 2,507786 -0,093288 0,918401 3,405022
-0,122283 0,200355 3,326673 0,044801 0,379855 2,453815 -0,213436 0,388215 2,488453 -0,093284 0,940320 3,405341
-0,139289 0,207141 3,428051 0,104503 0,239276 2,460647 -0,251845 0,259435 2,490535 -0,088109 0,971320 3,303235
-0,050204 0,275068 2,862771 0,178738 0,124383 2,481290 -0,315111 0,137169 2,525461 -0,084307 0,990184 3,307787
-0,086579 0,234737 3,114351 0,280071 0,010133 2,533522 -0,397127 0,039955 2,556519 -0,088641 0,978504 3,343831
-0,116367 0,206839 3,277879 0,384756 -0,064714 2,615326 -0,497114 -0,027492 2,610992 -0,084364 0,934956 3,355614
-0,116855 0,196390 3,286971 0,506759 -0,099925 2,692763 -0,611017 -0,061817 2,667537 -0,092768 0,919424 3,379933
-0,111080 0,203299 3,295074 0,624813 -0,095410 2,778431 -0,739100 -0,078731 2,734934 -0,102630 0,886088 3,317512
-0,114183 0,185621 3,281710 0,751970 -0,057689 2,861981 -0,869076 -0,062100 2,810306 -0,111697 0,866640 3,280577
-0,106738 0,179455 3,272237 0,870585 0,008023 2,962557 -1,004201 -0,013759 2,880574 -0,108701 0,858969 3,292729
-0,110170 0,177822 3,270610 0,971189 0,113333 3,050952 -1,123990 0,069322 2,946177 -0,101251 0,849904 3,269560
-0,109648 0,181244 3,268053 1,050884 0,235390 3,141362 -1,215253 0,179475 2,993243 -0,090032 0,850779 3,258493
-0,110916 0,172539 3,252240 1,091315 0,391601 3,216353 -1,281813 0,317791 3,040648 -0,097385 0,866853 3,281564
-0,109758 0,180782 3,256044 1,105148 0,566784 3,287642 -1,302831 0,477352 3,081559 -0,097939 0,873884 3,281824
-0,110645 0,182059 3,233796 1,078162 0,737112 3,307185 -1,281399 0,639737 3,090595 -0,105952 0,883092 3,305233
-0,108693 0,179104 3,247614 1,021439 0,930624 3,370048 -1,232975 0,807450 3,095088 -0,105392 0,883148 3,305185
-0,109971 0,179368 3,244312 0,898958 1,112139 3,667655 -1,137825 0,964018 3,132302 -0,118471 0,878345 3,256866
-0,108226 0,183618 3,244542 0,777158 1,242459 3,528932 -1,029786 1,100695 3,116694 -0,102914 0,903839 3,317634
-0,111022 0,189506 3,261893 0,635027 1,364423 3,509624 -0,921689 1,228416 3,141391 -0,105669 0,907985 3,305544
-0,106194 0,181400 3,251656 0,501101 1,452953 3,443299 -0,795576 1,322453 3,174604 -0,102349 0,903939 3,317749
-0,099700 0,188238 3,243481 0,381208 1,472660 3,390404 -0,677747 1,387074 3,188584 -0,106561 0,916633 3,354132
