18 12
-0,093426 0,160887 3,272171 0,769062 1,256243 3,276939 -0,362121 1,442935 2,945908 -0,086093 0,921152 3,430892
-0,093424 0,162409 3,278808 0,763936 1,259272 3,285075 -0,336225 1,363390 2,770932 -0,073989 0,924282 3,443402
-0,090280 0,150028 3,296534 0,764923 1,251517 3,286575 -0,173668 1,089122 2,428720 -0,076650 0,909658 3,428471
-0,097007 0,156162 3,298592 0,763988 1,259997 3,300159 -0,118649 0,945412 2,308556 -0,082315 0,928057 3,443932
-0,095320 0,167586 3,306598 0,774456 1,255275 3,298883 -0,073541 0,693431 2,303001 -0,060220 0,949625 3,471395
-0,101767 0,171333 3,300590 0,781432 1,237494 3,300220 0,028609 0,415202 2,159372 -0,051518 1,003723 3,375036
-0,098633 0,162933 3,297668 0,786467 1,237314 3,307067 0,055029 0,323503 2,172764 -0,065073 0,994814 3,407936
-0,096949 0,141858 3,303285 0,787672 1,242741 3,305875 0,104297 0,217095 2,282951 -0,067733 0,981707 3,399000
-0,094983 0,129608 3,328557 0,779303 1,235642 3,338177 0,108862 0,179701 2,287567 -0,060053 0,981869 3,426778
-0,095893 0,124294 3,316829 0,781298 1,240177 3,314216 0,111095 0,189419 2,296236 -0,071247 0,978340 3,386313
-0,098348 0,158745 3,301583 0,791378 1,242564 3,311550 0,089030 0,244520 2,243734 -0,056281 0,986346 3,361955
-0,104332 0,166137 3,273447 0,788628 1,244160 3,314273 0,022818 0,430154 2,271815 -0,052461 0,937565 3,394672
-0,101029 0,164692 3,279751 0,782695 1,245521 3,314407 -0,034707 0,548176 2,286843 -0,055439 0,927101 3,381757
-0,095842 0,160143 3,282561 0,779803 1,243626 3,300917 -0,116743 0,795224 2,256035 -0,041127 0,932613 3,433004
-0,087094 0,136980 3,263462 0,789106 1,256127 3,312596 -0,294043 1,119076 2,532023 -0,047720 0,916525 3,457066
-0,086035 0,157524 3,264393 0,784999 1,259719 3,304973 -0,349615 1,232588 2,627298 -0,039439 0,917354 3,430502
-0,085706 0,157301 3,266218 0,777811 1,260664 3,310447 -0,376891 1,367260 2,800049 -0,070632 0,928640 3,431484
-0,085816 0,159895 3,257986 0,783115 1,267318 3,318599 -0,434918 1,454483 3,007301 -0,047847 0,920912 3,357173
