53 12
-0,111764 0,136219 3,276038 0,514083 1,323152 3,045232 -0,737857 1,336473 3,268951 -0,096434 0,897061 3,391845
-0,113229 0,129358 3,278793 0,659062 1,190273 2,941750 -0,900091 1,197434 3,208859 -0,099837 0,886729 3,378966
-0,107367 0,123483 3,277273 0,814713 1,009958 2,891253 -1,044725 0,998108 3,139085 -0,099839 0,879492 3,378866
-0,104747 0,127260 3,278005 0,925884 0,767687 2,861036 -1,165200 0,787192 3,091548 -0,091997 0,866487 3,354416
-0,104865 0,123604 3,286455 1,000616 0,530476 2,875742 -1,236560 0,553141 3,081464 -0,088384 0,860031 3,342351
-0,105838 0,121957 3,274584 1,043733 0,309975 2,931929 -1,245711 0,325646 3,055826 -0,081279 0,862337 3,367326
-0,105566 0,124113 3,281330 1,030051 0,137894 2,993132 -1,225991 0,146377 3,092448 -0,085170 0,865214 3,379570
-0,107674 0,126096 3,274662 0,990595 0,007635 3,067948 -1,179222 0,013327 3,142916 -0,076603 0,840987 3,306431
-0,108521 0,124030 3,279501 0,937203 -0,061581 3,096519 -1,136431 -0,058397 3,200006 -0,084524 0,850069 3,330268
-0,113263 0,125011 3,264807 0,920662 -0,064918 3,110904 -1,115237 -0,063632 3,226528 -0,083990 0,842956 3,330024
-0,112429 0,121293 3,262745 0,951965 -0,001181 3,105921 -1,145729 -0,012910 3,241486 -0,088119 0,849315 3,342170
-0,112905 0,126564 3,269029 1,007408 0,122537 3,070413 -1,211412 0,099573 3,219842 -0,085442 0,861579 3,379561
-0,114699 0,129172 3,268909 1,039965 0,299206 3,041698 -1,263186 0,252224 3,147313 -0,077678 0,870237 3,355330
-0,117868 0,125836 3,267709 1,034537 0,516427 2,984672 -1,294510 0,471931 3,107141 -0,081108 0,867278 3,342849
-0,120839 0,129978 3,268402 0,993745 0,742344 2,989534 -1,225714 0,704086 2,994124 -0,096715 0,886146 3,391747
-0,117993 0,126055 3,284097 0,930392 0,950511 3,016294 -1,141967 0,923193 3,042805 -0,093011 0,900172 3,404704
-0,117852 0,128363 3,285671 0,844692 1,114602 3,029529 -1,041078 1,068325 3,057337 -0,100392 0,893914 3,379103
-0,115617 0,122457 3,284954 0,757785 1,207494 3,061433 -0,968131 1,147345 3,095234 -0,092727 0,903812 3,404619
-0,118041 0,128465 3,282061 0,719569 1,218502 3,057761 -0,957526 1,176506 3,130034 -0,099834 0,893970 3,379066
-0,116709 0,121493 3,281561 0,786666 1,152990 3,031952 -1,011450 1,119998 3,149560 -0,092265 0,884439 3,354701
-0,117973 0,124324 3,288973 0,889947 1,029720 2,988159 -1,106249 1,008391 3,128276 -0,091707 0,884451 3,354521
-0,116629 0,117294 3,279261 0,983637 0,869134 2,967346 -1,212129 0,844819 3,122572 -0,098739 0,867737 3,329568
-0,115191 0,125427 3,277389 1,048276 0,668149 2,974885 -1,285366 0,643688 3,107499 -0,099561 0,869964 3,354060
-0,114442 0,115381 3,274813 1,081592 0,471693 2,999579 -1,292853 0,426282 3,103167 -0,088314 0,873059 3,366924
-0,114108 0,120481 3,272854 1,072148 0,285954 3,011569 -1,280883 0,239512 3,113643 -0,077407 0,866662 3,355251
-0,116967 0,114586 3,262900 1,054234 0,154177 3,107140 -1,232769 0,108395 3,164191 -0,084977 0,862968 3,354842
-0,118891 0,116427 3,248458 1,010018 0,077628 3,161405 -1,183275 0,051478 3,212864 -0,088384 0,860031 3,342351
-0,115870 0,119411 3,253787 0,981370 0,096497 3,150269 -1,179250 0,061118 3,248219 -0,088114 0,856471 3,342261
-0,119974 0,126665 3,266095 1,019985 0,156490 3,124984 -1,214941 0,134696 3,218935 -0,092271 0,862877 3,354418
-0,117388 0,128814 3,262840 1,057632 0,297178 3,085503 -1,267751 0,265365 3,181721 -0,091767 0,864247 3,330026
-0,121422 0,125884 3,264867 1,066418 0,485303 3,048629 -1,288837 0,453928 3,143250 -0,091767 0,864247 3,330026
-0,114318 0,120586 3,262718 1,023768 0,680598 2,966999 -1,255081 0,669920 3,071130 -0,098739 0,867737 3,329568
-0,113840 0,132391 3,275073 0,975374 0,911371 3,025375 -1,157191 0,874756 3,039339 -0,095651 0,874259 3,342097
-0,113970 0,126658 3,273989 0,869762 1,085509 3,031053 -1,038003 1,010387 3,059416 -0,099554 0,890343 3,378875
-0,113786 0,129088 3,260619 0,771417 1,167665 3,045533 -0,970396 1,106529 3,108924 -0,085152 0,894165 3,379966
-0,109944 0,121886 3,267174 0,784070 1,122183 2,993020 -0,974334 1,097491 3,124833 -0,099837 0,886729 3,378966
-0,113391 0,123486 3,271000 0,857950 1,034474 2,968670 -1,048434 1,033488 3,116270 -0,084875 0,890538 3,379791
-0,112604 0,125912 3,272729 0,947155 0,884785 2,943701 -1,139572 0,899070 3,103232 -0,095624 0,880174 3,366564
-0,111727 0,119547 3,264093 1,024469 0,705715 2,933143 -1,230824 0,734588 3,119293 -0,098464 0,864165 3,329389
-0,110429 0,114296 3,260830 1,059225 0,500569 2,966801 -1,256257 0,518967 3,079352 -0,095907 0,869363 3,366554
-0,107669 0,121737 3,255018 1,068155 0,333722 3,004998 -1,268930 0,351087 3,128795 -0,077681 0,863051 3,355237
-0,111009 0,119493 3,251252 1,061932 0,205485 3,090193 -1,248544 0,204328 3,153002 -0,081112 0,860117 3,342759
-0,108813 0,127396 3,243514 1,026431 0,138860 3,139220 -1,209087 0,140941 3,212849 -0,087909 0,854304 3,318032
-0,108308 0,127426 3,247803 1,017827 0,159802 3,154128 -1,189958 0,160276 3,246485 -0,084242 0,867925 3,330449
-0,109599 0,118306 3,251737 1,048379 0,273085 3,111607 -1,215547 0,241384 3,237336 -0,080130 0,861517 3,318372
-0,108601 0,125379 3,246549 1,063802 0,452783 3,059224 -1,262597 0,389733 3,216430 -0,087906 0,861415 3,318118
-0,110880 0,127869 3,234775 1,043495 0,699616 3,044356 -1,257044 0,600024 3,157137 -0,087630 0,864990 3,318116
-0,104194 0,130083 3,246579 0,971445 0,954464 3,078881 -1,180059 0,850790 3,135168 -0,084237 0,875064 3,330537
-0,100684 0,135975 3,245947 0,835309 1,188245 3,132895 -1,048359 1,054822 3,112260 -0,069998 0,885925 3,331459
-0,100957 0,135241 3,252717 0,653183 1,355242 3,179929 -0,911374 1,223251 3,150003 -0,069993 0,893073 3,331546
-0,098737 0,133839 3,247606 0,498121 1,435331 3,223098 -0,778006 1,323852 3,182296 -0,077379 0,902626 3,355716
-0,095657 0,133570 3,250314 0,376816 1,516383 3,309148 -0,669709 1,390867 3,233329 -0,078222 0,914952 3,405764
-0,095196 0,135472 3,242504 0,281934 1,519956 3,306606 -0,573376 1,432318 3,255918 -0,078507 0,911285 3,405748
