33 12
-0,103663 0,150114 3,275129 0,258846 1,436139 3,074746 -0,468464 1,434887 3,135424 -0,092727 0,903812 3,404619
-0,109460 0,150857 3,272228 0,250945 1,383332 3,013327 -0,454295 1,390504 3,045230 -0,088858 0,894692 3,367388
-0,110054 0,152074 3,281167 0,231628 1,289817 2,900253 -0,443169 1,334086 2,955337 -0,085906 0,889312 3,405030
-0,110182 0,142931 3,281599 0,185707 1,182369 2,855155 -0,411989 1,267709 2,858244 -0,086181 0,871054 3,404726
-0,111963 0,146793 3,275702 0,136245 1,089169 2,812910 -0,376602 1,197855 2,775114 -0,086971 0,859873 3,403937
-0,112594 0,135117 3,279056 0,073297 1,005159 2,780449 -0,339761 1,113864 2,725278 -0,077983 0,867553 3,404967
-0,112137 0,137404 3,287953 0,018914 0,938585 2,762517 -0,302347 1,038044 2,699272 -0,078841 0,886931 3,456436
-0,119220 0,116064 3,262650 -0,045788 0,897092 2,734452 -0,267321 0,970682 2,672540 -0,080697 0,853260 3,454933
-0,104945 0,142138 3,308253 -0,111092 0,887558 2,725181 -0,232345 0,922650 2,630022 -0,083441 0,883715 3,443242
-0,105484 0,130224 3,286354 -0,125023 0,882425 2,751207 -0,211292 0,889283 2,589599 -0,091445 0,866458 3,354077
-0,106063 0,143261 3,305940 -0,120307 0,879089 2,739545 -0,227595 0,910930 2,633656 -0,081439 0,879081 3,392343
-0,102119 0,135278 3,300882 -0,083904 0,879321 2,716160 -0,238526 0,920745 2,653790 -0,082263 0,868137 3,392305
-0,104859 0,130468 3,298351 -0,056088 0,873556 2,698416 -0,246445 0,932606 2,683968 -0,070587 0,874914 3,405461
-0,100984 0,141884 3,285496 -0,047110 0,871140 2,734972 -0,255418 0,950601 2,698481 -0,066984 0,875613 3,393175
-0,101853 0,133297 3,277532 -0,053432 0,909629 2,754558 -0,246157 0,953862 2,695647 -0,059924 0,881674 3,418859
-0,101117 0,137191 3,284191 -0,116802 0,934695 2,754996 -0,232484 0,961496 2,671851 -0,063465 0,878634 3,405976
-0,100617 0,138952 3,260194 -0,121507 0,936415 2,752894 -0,224740 0,988537 2,686845 -0,082440 0,885085 3,417844
-0,105700 0,142150 3,286759 -0,111080 0,915164 2,735680 -0,230937 0,987367 2,686792 -0,063187 0,882273 3,405925
-0,103279 0,139678 3,278510 -0,067972 0,895485 2,714257 -0,235511 0,974218 2,695938 -0,063187 0,882273 3,405925
-0,101012 0,135514 3,269350 -0,046036 0,902099 2,721157 -0,237755 0,966507 2,703812 -0,073954 0,869627 3,367813
-0,099232 0,142232 3,271690 -0,078498 0,904351 2,756009 -0,238521 0,966842 2,685213 -0,077546 0,876146 3,380009
-0,105467 0,136264 3,258877 -0,122547 0,946785 2,762713 -0,239719 0,960633 2,645135 -0,066800 0,874262 3,418111
-0,102114 0,129133 3,255664 -0,129130 0,957284 2,735620 -0,245440 0,972106 2,658391 -0,077282 0,865268 3,379662
-0,100988 0,139181 3,260235 -0,126423 0,972233 2,742963 -0,259755 0,994400 2,691945 -0,073954 0,869627 3,367813
-0,100172 0,148990 3,264694 -0,109762 1,011183 2,733274 -0,263232 1,041884 2,706818 -0,083869 0,870092 3,354288
-0,100565 0,135945 3,256181 -0,077754 1,079630 2,735867 -0,292269 1,072688 2,711751 -0,068850 0,857793 3,378373
-0,100934 0,136834 3,260019 -0,033150 1,166371 2,767135 -0,323450 1,119280 2,759911 -0,078706 0,791062 3,353615
-0,098710 0,138597 3,253237 0,032484 1,243412 2,827326 -0,350275 1,197578 2,799210 -0,078217 0,827061 3,354591
-0,100892 0,150483 3,266102 0,101226 1,329929 2,901045 -0,386165 1,271162 2,874273 -0,085710 0,872389 3,379670
-0,102242 0,154096 3,261247 0,169601 1,396470 2,985616 -0,422316 1,343912 2,971913 -0,085710 0,886865 3,379870
-0,101223 0,145804 3,260986 0,236921 1,468303 3,112432 -0,453946 1,414249 3,089653 -0,085433 0,890526 3,379959
-0,098752 0,154423 3,258524 0,277392 1,489120 3,178752 -0,464527 1,455562 3,187594 -0,088575 0,898319 3,367389
-0,099909 0,144089 3,246069 0,303665 1,508283 3,248752 -0,462923 1,476794 3,266723 -0,085148 0,901410 3,380065
