28 12
-0,075224 0,146595 3,268113 0,273916 1,478203 3,109016 -0,385388 1,404106 3,121732 -0,059293 0,884198 3,368697
-0,073805 0,143568 3,278791 0,269302 1,467297 3,028922 -0,355401 1,340757 3,016506 -0,058749 0,876951 3,368330
-0,073612 0,147075 3,272451 0,254428 1,401885 2,951200 -0,318787 1,273645 2,933732 -0,062586 0,872651 3,380521
-0,075097 0,141871 3,279536 0,219993 1,343545 2,847210 -0,285110 1,203741 2,875002 -0,051995 0,857591 3,393481
-0,076616 0,139094 3,284848 0,186172 1,275833 2,798480 -0,246690 1,132123 2,824976 -0,064355 0,862603 3,431120
-0,077790 0,135129 3,281814 0,146183 1,211292 2,751445 -0,205282 1,072909 2,804926 -0,056390 0,855399 3,431390
-0,077733 0,140420 3,288750 0,104267 1,159872 2,731532 -0,158037 1,033041 2,780249 -0,060742 0,870582 3,418488
-0,075651 0,142957 3,293795 0,058178 1,125987 2,675671 -0,107740 1,015226 2,759325 -0,059931 0,874362 3,418752
-0,077496 0,136310 3,290314 0,042472 1,048413 2,667728 -0,079951 1,024350 2,778850 -0,063204 0,867702 3,405719
-0,077492 0,135856 3,287897 0,056340 1,050362 2,659614 -0,083871 1,014771 2,785729 -0,059386 0,874331 3,418469
-0,073941 0,134988 3,299075 0,065379 1,048175 2,681291 -0,093013 1,021046 2,783425 -0,047860 0,875032 3,406030
-0,076920 0,138818 3,293915 0,066214 1,076979 2,690125 -0,118961 1,004555 2,775642 -0,063465 0,878634 3,405976
-0,077326 0,135628 3,283918 0,087458 1,070706 2,703180 -0,141641 0,994907 2,761215 -0,063195 0,874986 3,405821
-0,077585 0,142251 3,275707 0,082419 1,097348 2,706900 -0,140676 0,983731 2,757708 -0,056361 0,884734 3,431823
-0,078285 0,127537 3,270099 0,070904 1,094124 2,696258 -0,109000 0,996525 2,750445 -0,051969 0,874392 3,418795
-0,079188 0,137444 3,267571 0,035265 1,092914 2,664621 -0,073277 1,021118 2,790138 -0,055508 0,876360 3,381079
-0,080510 0,142392 3,275501 0,026370 1,133869 2,706850 -0,074559 1,033179 2,788891 -0,056091 0,881060 3,431671
-0,078522 0,131048 3,275402 0,044583 1,132779 2,674384 -0,083995 1,055728 2,792410 -0,063465 0,878634 3,405976
-0,078415 0,138880 3,267408 0,066585 1,143271 2,683295 -0,102479 1,072534 2,795129 -0,063204 0,867702 3,405719
-0,076560 0,134734 3,269783 0,101075 1,167459 2,712532 -0,133264 1,099722 2,797060 -0,063755 0,853126 3,405633
-0,077652 0,138895 3,259545 0,142759 1,218948 2,745518 -0,176984 1,144116 2,816506 -0,056920 0,855337 3,431324
-0,075823 0,133821 3,257105 0,192112 1,264421 2,771193 -0,219488 1,199593 2,851800 -0,055558 0,840206 3,380597
-0,079613 0,138839 3,254804 0,246037 1,303846 2,821841 -0,263205 1,243491 2,885354 -0,062283 0,852416 3,355513
-0,077309 0,142805 3,270050 0,285892 1,353349 2,877227 -0,304044 1,296770 2,951382 -0,061978 0,870326 3,355481
-0,074820 0,147781 3,260994 0,316840 1,406404 2,949575 -0,341765 1,351569 3,003924 -0,069623 0,890625 3,380126
-0,077861 0,148292 3,248679 0,333552 1,442501 3,016857 -0,378968 1,398461 3,086040 -0,066689 0,893771 3,393321
-0,073976 0,151717 3,252475 0,326888 1,452508 3,075752 -0,407006 1,439914 3,172246 -0,066680 0,901041 3,393421
-0,073635 0,145444 3,251757 0,314661 1,467141 3,141244 -0,414165 1,460773 3,220220 -0,058992 0,902246 3,368837
