34 12
-0,076277 0,158915 3,271240 0,260668 1,503748 3,222914 -0,403540 1,514801 3,230131 -0,029750 0,865492 3,320606
-0,076813 0,163766 3,268373 0,259744 1,515673 3,247622 -0,408796 1,506861 3,193084 -0,036991 0,865453 3,320394
-0,076969 0,154468 3,264254 0,255316 1,489550 3,202906 -0,410067 1,482303 3,103585 -0,036604 0,871231 3,344524
-0,076284 0,167260 3,276502 0,258591 1,509214 3,237405 -0,401405 1,447586 2,999680 -0,022229 0,869081 3,320777
-0,075681 0,160173 3,294684 0,248721 1,507398 3,238655 -0,375844 1,368861 2,852502 -0,025365 0,864760 3,332386
-0,074046 0,158076 3,297389 0,254116 1,515707 3,250980 -0,352045 1,256423 2,704371 -0,018054 0,859049 3,308399
-0,073540 0,159458 3,280272 0,254167 1,511700 3,241691 -0,332697 1,112481 2,551619 -0,029574 0,875853 3,394348
-0,079556 0,152111 3,297942 0,242735 1,514244 3,245826 -0,310476 0,961890 2,442483 -0,043670 0,880125 3,443226
-0,077545 0,146433 3,307725 0,240024 1,500108 3,218304 -0,296020 0,791689 2,356843 -0,032803 0,871413 3,406205
-0,081410 0,160662 3,300688 0,240017 1,499340 3,221603 -0,286781 0,639974 2,315964 -0,034689 0,889660 3,406945
-0,078629 0,182007 3,304992 0,240174 1,507623 3,234755 -0,271624 0,501256 2,281973 -0,030351 0,908580 3,394982
-0,079586 0,156331 3,298053 0,239338 1,514910 3,252619 -0,253794 0,380206 2,272839 -0,053980 0,968870 3,420393
-0,078863 0,152379 3,296456 0,235865 1,517649 3,258399 -0,228055 0,277307 2,277208 -0,043488 0,943696 3,405371
-0,076324 0,131010 3,289753 0,237597 1,522439 3,269082 -0,209693 0,207346 2,296051 -0,050037 0,933173 3,406532
-0,078803 0,119206 3,286561 0,229963 1,504834 3,237257 -0,197857 0,153997 2,298205 -0,038845 0,930070 3,394197
-0,082524 0,109317 3,290132 0,234205 1,519742 3,255382 -0,185236 0,128907 2,306512 -0,042351 0,929685 3,407039
-0,082219 0,106514 3,303763 0,234522 1,519930 3,247369 -0,180611 0,121398 2,309421 -0,050317 0,929379 3,406062
-0,082457 0,110015 3,297015 0,228684 1,514844 3,245210 -0,164989 0,133509 2,302499 -0,042438 0,926892 3,381540
-0,077629 0,117006 3,286664 0,236054 1,516490 3,240240 -0,173558 0,166510 2,293495 -0,057150 0,926783 3,381081
-0,077820 0,126018 3,296719 0,231273 1,523343 3,250338 -0,170769 0,217020 2,293040 -0,057722 0,936630 3,405929
-0,080457 0,143443 3,312593 0,230818 1,517246 3,241950 -0,197215 0,285598 2,265079 -0,059148 0,953838 3,402890
-0,086989 0,166415 3,302125 0,225989 1,512631 3,232554 -0,212613 0,375879 2,274348 -0,064992 0,972815 3,407597
-0,080260 0,175325 3,297473 0,223237 1,519323 3,239922 -0,223952 0,481409 2,267531 -0,056868 0,916010 3,381254
-0,080157 0,171096 3,292909 0,221823 1,510084 3,231393 -0,236065 0,606381 2,300588 -0,052758 0,907335 3,419545
-0,077651 0,159461 3,308410 0,222674 1,532062 3,251388 -0,266495 0,743595 2,334075 -0,047831 0,889609 3,406234
-0,077556 0,148054 3,286618 0,226760 1,533423 3,260452 -0,295362 0,881815 2,401430 -0,054449 0,873213 3,429175
-0,076374 0,160207 3,287987 0,223776 1,521016 3,231537 -0,322337 1,023845 2,491822 -0,051404 0,881579 3,418291
-0,078478 0,162412 3,292100 0,224633 1,518831 3,229137 -0,349942 1,154778 2,607277 -0,021979 0,858383 3,320525
-0,075298 0,154368 3,294372 0,231717 1,515264 3,237064 -0,378572 1,273738 2,734088 -0,032507 0,851896 3,307909
-0,075372 0,153318 3,278247 0,226575 1,528217 3,256804 -0,393793 1,360381 2,849560 -0,033313 0,855508 3,308371
-0,074851 0,162163 3,281670 0,231990 1,515990 3,246406 -0,413581 1,424177 2,966482 -0,043682 0,865381 3,319924
-0,080104 0,156684 3,269971 0,237804 1,526078 3,267601 -0,411459 1,460654 3,066653 -0,044230 0,865408 3,320154
-0,084570 0,152377 3,261442 0,237891 1,511536 3,246557 -0,400224 1,463676 3,133595 -0,052013 0,865295 3,319817
-0,082127 0,161548 3,261663 0,242606 1,528938 3,271851 -0,388895 1,474323 3,200843 -0,055214 0,875360 3,331957
