28 12
-0,113491 0,167608 3,257668 0,192860 1,517267 3,176431 -0,413830 1,464049 3,083989 -0,069280 0,874231 3,283404
-0,113671 0,160109 3,248686 0,186930 1,516531 3,187119 -0,417961 1,433364 2,994967 -0,062428 0,873012 3,307518
-0,114305 0,161628 3,251692 0,192728 1,514106 3,191083 -0,409709 1,360751 2,852973 -0,062148 0,876579 3,307543
-0,108011 0,164574 3,261389 0,201953 1,507375 3,181581 -0,412616 1,252789 2,702174 -0,050686 0,864507 3,272190
-0,109524 0,160667 3,252708 0,200410 1,509099 3,182233 -0,413601 1,121189 2,553285 -0,077255 0,886976 3,379956
-0,106133 0,161310 3,260941 0,196517 1,507742 3,180790 -0,429558 0,973216 2,452096 -0,062290 0,883458 3,380401
-0,106197 0,159042 3,262354 0,196254 1,511220 3,196670 -0,440955 0,801340 2,363076 -0,066770 0,896202 3,418429
-0,107917 0,171499 3,253240 0,203050 1,509661 3,189716 -0,444403 0,637548 2,276868 -0,060699 0,919096 3,393674
-0,106576 0,180036 3,269083 0,198000 1,511170 3,197360 -0,439554 0,495447 2,242980 -0,060418 0,922825 3,393958
-0,102224 0,179885 3,261313 0,200742 1,512592 3,206433 -0,431633 0,382788 2,254432 -0,065122 0,936565 3,405663
-0,099525 0,151475 3,233042 0,201963 1,518292 3,212497 -0,437470 0,293123 2,247963 -0,065681 0,936214 3,404611
-0,096254 0,142361 3,221754 0,208604 1,519312 3,221160 -0,441369 0,239666 2,276285 -0,064557 0,936818 3,406380
-0,089831 0,136961 3,209630 0,213768 1,518384 3,223848 -0,438760 0,205446 2,283427 -0,064556 0,929508 3,406275
-0,084560 0,138251 3,204657 0,215453 1,518032 3,218769 -0,442421 0,188322 2,298820 -0,068358 0,929836 3,393219
-0,086509 0,134513 3,200159 0,222718 1,519724 3,226286 -0,444332 0,197687 2,301473 -0,065122 0,936565 3,405663
-0,084839 0,145201 3,210672 0,217985 1,518721 3,209073 -0,446580 0,232795 2,303786 -0,064557 0,936818 3,406380
-0,093251 0,166498 3,254407 0,220663 1,510915 3,202501 -0,454904 0,290092 2,272620 -0,057716 0,933744 3,380296
-0,091390 0,180349 3,256892 0,216149 1,519359 3,211936 -0,477546 0,387200 2,297805 -0,057993 0,929930 3,379682
-0,092142 0,186804 3,264464 0,216928 1,517973 3,204092 -0,492550 0,510603 2,320652 -0,053040 0,922888 3,394235
-0,089479 0,174464 3,251916 0,213330 1,513532 3,201257 -0,496961 0,638633 2,330195 -0,044887 0,909578 3,369596
-0,084111 0,164146 3,244613 0,216470 1,515861 3,201260 -0,506412 0,777362 2,350155 -0,029574 0,882048 3,345025
-0,086424 0,158784 3,248112 0,215217 1,515910 3,201216 -0,517961 0,931926 2,415982 -0,004473 0,865396 3,261773
-0,086615 0,163896 3,252995 0,225267 1,525201 3,206531 -0,518014 1,071877 2,524789 -0,015163 0,862543 3,249929
-0,080598 0,159755 3,244394 0,228274 1,520896 3,197911 -0,518032 1,198517 2,645391 -0,022684 0,877458 3,296923
-0,079673 0,161221 3,232142 0,227004 1,517501 3,193697 -0,509457 1,305322 2,763135 -0,028946 0,868134 3,272820
-0,081258 0,160257 3,237207 0,229624 1,515526 3,189478 -0,488884 1,375484 2,872400 -0,033551 0,880322 3,308632
-0,083644 0,154647 3,230595 0,231738 1,515065 3,188808 -0,466604 1,431298 2,970010 -0,033551 0,880322 3,308632
-0,082984 0,159409 3,234470 0,233480 1,517169 3,185857 -0,435867 1,470672 3,063336 -0,040308 0,878014 3,284582
