21 12
-0,051689 -0,013421 3,463269 0,348485 1,361792 3,452002 -0,453090 1,358475 3,362493 -0,064956 0,746512 3,507543
-0,054781 -0,006905 3,455073 0,359043 1,359168 3,445016 -0,538512 1,352132 3,420846 -0,057094 0,741396 3,481416
-0,057753 -0,014813 3,469775 0,358014 1,349412 3,429936 -0,565175 1,213722 3,278852 -0,056865 0,737710 3,481260
-0,065027 -0,011376 3,453139 0,364270 1,356405 3,421245 -0,646292 0,783677 2,978416 -0,056865 0,737710 3,481260
-0,070303 -0,011188 3,474208 0,373920 1,344029 3,408108 -0,738743 0,419891 3,043868 -0,049331 0,736344 3,455618
-0,069705 -0,017012 3,459769 0,376327 1,356143 3,412234 -0,744532 0,301176 3,036475 -0,045715 0,737470 3,442888
-0,066007 -0,020161 3,480649 0,361725 1,341115 3,389718 -0,632979 0,181255 3,174165 -0,053167 0,730121 3,442492
-0,062150 -0,019562 3,444774 0,351491 1,360630 3,429057 -0,385939 0,162671 2,950297 -0,043046 0,745481 3,429001
-0,063600 -0,002039 3,459352 0,345152 1,352546 3,411936 -0,423923 0,169213 3,172604 -0,035389 0,742001 3,429599
-0,048144 -0,013388 3,501483 0,339730 1,354428 3,412325 -0,584337 0,101035 2,977057 -0,031764 0,751315 3,495067
-0,032446 -0,015944 3,485568 0,339165 1,366743 3,429474 -0,664224 0,131554 2,984979 -0,023679 0,738945 3,469337
-0,040387 -0,014090 3,511369 0,343329 1,363656 3,432952 -0,571911 0,126796 2,854143 -0,023679 0,738945 3,469337
-0,047208 -0,003439 3,484893 0,354889 1,372554 3,456785 -0,433593 0,143173 3,043828 -0,024368 0,749733 3,468617
-0,049009 -0,007414 3,505156 0,359542 1,359062 3,409010 -0,513252 0,142951 3,203869 -0,031171 0,746273 3,469261
-0,044330 -0,015739 3,484430 0,364173 1,356933 3,429054 -0,585940 0,157461 3,210032 -0,038674 0,738882 3,468925
-0,035961 -0,016135 3,498123 0,364359 1,358453 3,433510 -0,670049 0,258913 2,902849 -0,023453 0,735310 3,469398
-0,018896 -0,022784 3,479172 0,360571 1,367700 3,436280 -0,713188 0,591171 2,818774 -0,038629 0,732954 3,495144
-0,016897 -0,007908 3,466576 0,352021 1,373504 3,431118 -0,681019 0,763637 2,749854 -0,049597 0,742905 3,508057
-0,008343 -0,014686 3,492277 0,352411 1,371900 3,438160 -0,600126 1,240313 3,189375 -0,027017 0,741557 3,482491
-0,018357 -0,009769 3,491611 0,351920 1,365691 3,440214 -0,451694 1,293603 3,167485 -0,042463 0,751909 3,535354
-0,027435 -0,009940 3,499705 0,349613 1,367942 3,448125 -0,431441 1,377913 3,394316 -0,042463 0,751909 3,535354
