15 12
-0,105086 -0,000565 3,413784 0,140788 1,373368 3,316033 -0,447378 1,310869 3,378272 -0,098682 0,758403 3,492567
-0,105742 0,000361 3,418156 0,127371 1,373640 3,304626 -0,459457 1,256607 3,369904 -0,094351 0,746927 3,453513
-0,104841 0,000776 3,415406 0,135336 1,374978 3,320971 -0,467585 1,144945 3,280375 -0,086665 0,748506 3,479626
-0,100612 0,001584 3,409383 0,140755 1,370749 3,328042 -0,529516 0,863264 3,075159 -0,101675 0,748341 3,478627
-0,094831 0,001067 3,402432 0,147316 1,376626 3,327020 -0,765387 0,795769 3,408288 -0,098683 0,743592 3,492316
-0,087259 -0,002289 3,418650 0,136199 1,368534 3,304420 -0,952883 0,746442 3,521660 -0,086906 0,744833 3,479783
-0,075453 -0,000496 3,432241 0,148134 1,368194 3,319127 -1,111964 0,550303 3,095058 -0,102154 0,740974 3,478883
-0,075924 0,002815 3,433001 0,159354 1,376721 3,325046 -1,132933 0,434272 3,122501 -0,102154 0,740974 3,478883
-0,074380 -0,009017 3,432896 0,156441 1,373617 3,332583 -1,096846 0,407984 3,123399 -0,108175 0,727135 3,426362
-0,075727 0,000956 3,433516 0,156426 1,378428 3,319184 -1,066113 0,424917 3,184689 -0,087143 0,741139 3,479851
-0,072959 -0,001954 3,416953 0,144948 1,395706 3,352902 -0,908847 0,568892 2,968910 -0,088135 0,751550 3,533141
-0,072870 0,002804 3,424586 0,146158 1,387318 3,338221 -0,835682 0,686454 2,901952 -0,083622 0,743752 3,493258
-0,069763 -0,000774 3,426972 0,131177 1,368412 3,317092 -0,709504 1,097514 3,250756 -0,084093 0,748958 3,519904
-0,068489 -0,002900 3,427935 0,133450 1,368974 3,318092 -0,455798 1,173061 3,064863 -0,076088 0,743823 3,493681
-0,073793 0,004255 3,445020 0,136692 1,380083 3,313396 -0,421491 1,312118 3,380620 -0,072518 0,746451 3,507164
