18 12
-0,024994 0,078093 3,298724 0,238065 1,322941 3,219254 -0,320163 1,293126 3,196609 -0,019421 0,748841 3,355955
-0,026193 0,086563 3,270454 0,236306 1,313703 3,203900 -0,375477 1,143353 3,025386 -0,004108 0,752451 3,356153
-0,040029 0,079807 3,284456 0,241237 1,307060 3,195144 -0,393474 0,860865 2,981838 -0,011423 0,750325 3,380677
-0,039398 0,081337 3,286028 0,240930 1,315843 3,203372 -0,400526 0,717919 2,973045 -0,023104 0,751347 3,368205
-0,038712 0,074725 3,287093 0,237264 1,320205 3,207949 -0,411171 0,498333 2,954105 -0,005137 0,749501 3,307688
-0,039098 0,096116 3,321437 0,227509 1,326807 3,212121 -0,386045 0,416546 2,905260 -0,016700 0,774561 3,343179
-0,044660 0,086573 3,327859 0,231218 1,313736 3,193486 -0,370266 0,385838 2,840348 -0,021097 0,780302 3,353868
-0,045193 0,091980 3,307062 0,225911 1,326939 3,204400 -0,398444 0,338457 2,580981 -0,010151 0,790131 3,366404
-0,055869 0,069534 3,333210 0,222052 1,308393 3,195469 -0,368100 0,335311 2,439783 -0,036118 0,788951 3,428692
-0,051808 0,081318 3,325184 0,228126 1,316469 3,208270 -0,373436 0,330179 2,406822 -0,024606 0,804881 3,469004
-0,049862 0,067257 3,315166 0,232783 1,321929 3,209942 -0,370604 0,325170 2,417868 -0,024031 0,799587 3,443881
-0,053707 0,077702 3,328844 0,230206 1,310161 3,205136 -0,374108 0,369456 2,458040 -0,042976 0,800418 3,482393
-0,050476 0,083498 3,338213 0,232269 1,308064 3,207685 -0,373338 0,416535 2,475452 -0,032238 0,795594 3,494936
-0,043882 0,091839 3,339838 0,226037 1,311721 3,198298 -0,346810 0,617598 2,578166 -0,007977 0,758577 3,368590
-0,025476 0,081260 3,292471 0,233122 1,298306 3,176471 -0,364169 0,893802 2,637800 -0,010989 0,735863 3,379989
-0,026671 0,092063 3,320103 0,235115 1,307280 3,186019 -0,379137 1,050948 2,752297 -0,012357 0,747382 3,331601
-0,025366 0,090962 3,283216 0,229925 1,323302 3,191763 -0,329177 1,310970 3,140269 -0,023094 0,758514 3,368297
-0,028899 0,095019 3,302773 0,227574 1,330198 3,208138 -0,320617 1,334268 3,242273 -0,026554 0,764679 3,380697
