20 12
-0,049950 -0,010275 3,468177 0,248134 1,343962 3,330594 -0,346521 1,392203 3,359052 -0,034690 0,746700 3,508754
-0,045695 -0,005700 3,459008 0,250256 1,353419 3,336087 -0,370521 1,399042 3,386020 -0,027486 0,734111 3,482231
-0,048138 -0,008947 3,473494 0,252509 1,347633 3,348287 -0,394025 1,376282 3,320495 -0,027357 0,742991 3,508889
-0,045498 -0,006522 3,475173 0,252216 1,349942 3,357811 -0,450093 1,199769 3,019955 -0,031077 0,740393 3,495498
-0,048969 -0,005388 3,489517 0,255916 1,344011 3,345648 -0,472907 1,089616 2,954110 -0,019337 0,735610 3,508928
-0,048607 -0,007417 3,505730 0,254438 1,339908 3,329678 -0,462507 0,983871 2,853926 -0,023018 0,720633 3,469140
-0,051493 -0,015074 3,485543 0,253448 1,350906 3,348261 -0,463587 0,715801 2,799155 -0,011788 0,733313 3,535823
-0,054642 -0,009193 3,486659 0,255906 1,350657 3,366365 -0,436580 0,558961 2,802758 -0,016252 0,741855 3,522344
-0,050943 -0,008093 3,485767 0,260410 1,348283 3,349048 -0,448018 0,559379 2,835762 -0,019796 0,735585 3,508953
-0,044384 -0,010789 3,506125 0,260876 1,353860 3,361152 -0,460183 0,611699 2,802834 -0,012234 0,740771 3,535960
-0,050496 -0,008287 3,521370 0,255212 1,352821 3,366347 -0,431671 0,517310 2,740783 -0,008179 0,747168 3,549710
-0,055943 -0,013461 3,525824 0,252925 1,350511 3,364856 -0,414924 0,426266 2,726801 -0,020248 0,742910 3,508731
-0,061301 -0,004106 3,486776 0,253403 1,360988 3,376175 -0,409609 0,286551 2,764221 -0,009329 0,758117 3,548718
-0,057500 -0,006271 3,479602 0,249834 1,362223 3,372944 -0,415157 0,302319 2,765037 -0,020707 0,750155 3,508141
-0,050271 -0,014136 3,471539 0,249202 1,347325 3,348676 -0,417466 0,360549 2,752037 -0,012920 0,744321 3,535330
-0,042182 -0,014583 3,479677 0,251268 1,351850 3,361059 -0,409732 0,576425 2,766678 -0,020248 0,742910 3,508731
-0,036221 -0,012065 3,478595 0,251544 1,346144 3,366709 -0,425339 0,887094 2,775651 -0,026919 0,728157 3,508603
-0,033009 -0,006205 3,476352 0,258605 1,348822 3,364878 -0,431462 1,056388 2,880127 -0,019337 0,735610 3,508928
-0,037914 -0,005654 3,474603 0,248719 1,352268 3,367795 -0,369256 1,344261 3,269969 -0,030755 0,738145 3,521990
-0,041156 -0,003711 3,473650 0,261377 1,352970 3,368167 -0,346966 1,381807 3,383296 -0,042463 0,751909 3,535354
