18 12
-0,088291 -0,017475 3,453814 0,215832 1,352316 3,358312 -0,428096 1,339449 3,303715 -0,094116 0,743288 3,453410
-0,091255 -0,020204 3,452022 0,209096 1,360162 3,362451 -0,421133 1,126567 3,154128 -0,093646 0,735955 3,452941
-0,087705 -0,026729 3,461761 0,211286 1,350348 3,354484 -0,457022 0,931793 3,078375 -0,086906 0,744833 3,479783
-0,085663 -0,023157 3,476623 0,201684 1,371718 3,363103 -0,588950 0,525084 2,922508 -0,087376 0,744803 3,479950
-0,080617 -0,017877 3,463091 0,214287 1,364031 3,347149 -0,759287 0,365067 3,121231 -0,075668 0,746042 3,467517
-0,073544 -0,018896 3,471139 0,212267 1,348762 3,340159 -0,753618 0,310495 3,042856 -0,072586 0,748591 3,480769
-0,074853 -0,024104 3,489355 0,213893 1,361617 3,355917 -0,682691 0,291576 3,074482 -0,072119 0,748660 3,480816
-0,076250 -0,022007 3,505078 0,212832 1,344796 3,336615 -0,494475 0,301953 2,859710 -0,058131 0,756167 3,428161
-0,072673 -0,023629 3,506707 0,213227 1,369417 3,373641 -0,480370 0,322023 2,962522 -0,054553 0,758787 3,441117
-0,075150 -0,023139 3,488988 0,208091 1,366004 3,362735 -0,524081 0,312161 2,979300 -0,054086 0,751745 3,441960
-0,069769 -0,021710 3,485476 0,219533 1,345192 3,352907 -0,670984 0,310557 3,143585 -0,090104 0,735666 3,415163
-0,064896 -0,027414 3,481423 0,218601 1,352938 3,353802 -0,678788 0,299261 3,055536 -0,060923 0,742463 3,468217
-0,067899 -0,022448 3,484458 0,222681 1,338761 3,344346 -0,632332 0,314485 3,042271 -0,064729 0,743501 3,455017
-0,075592 -0,020501 3,490929 0,216631 1,372789 3,385003 -0,517007 0,452503 2,866096 -0,069014 0,751226 3,494146
-0,069476 -0,027543 3,480891 0,219235 1,357628 3,367033 -0,498540 0,574117 2,808947 -0,089404 0,732118 3,414994
-0,062286 -0,024693 3,495167 0,220302 1,363246 3,371166 -0,472181 1,025379 2,969837 -0,071892 0,737595 3,480522
-0,056689 -0,021504 3,498518 0,213111 1,355677 3,355726 -0,436157 1,242975 3,048042 -0,068414 0,742404 3,467865
-0,058815 -0,018690 3,489042 0,212030 1,351210 3,343246 -0,413878 1,317322 3,224559 -0,067946 0,742433 3,467741
