19 12
-0,036719 0,065193 3,320324 0,229515 1,334420 3,209724 -0,402457 1,285497 3,100536 -0,045006 0,767178 3,392618
-0,037820 0,063037 3,304082 0,227158 1,344186 3,221342 -0,422623 0,967739 3,024953 -0,052625 0,772362 3,417595
-0,043161 0,067357 3,311040 0,231189 1,336971 3,211805 -0,512579 0,794986 3,021458 -0,052348 0,765532 3,367460
-0,034994 0,067739 3,307100 0,231481 1,350122 3,224117 -0,688260 0,359590 2,911478 -0,041852 0,778700 3,430826
-0,038519 0,057441 3,321421 0,243665 1,323714 3,214151 -0,763108 0,306375 3,059586 -0,056669 0,769645 3,404694
-0,035692 0,068543 3,328012 0,240715 1,323483 3,214821 -0,654949 0,275584 2,869029 -0,052592 0,761905 3,367333
-0,046542 0,067136 3,315127 0,229971 1,349534 3,218123 -0,484772 0,286563 3,121832 -0,034469 0,770118 3,355568
-0,040430 0,061867 3,317933 0,225253 1,336545 3,209405 -0,630870 0,304082 3,353124 -0,041603 0,782371 3,430888
-0,040416 0,066221 3,306116 0,225668 1,347994 3,205690 -0,721513 0,313281 3,329098 -0,042098 0,775009 3,430677
-0,038326 0,059706 3,313711 0,244005 1,326423 3,208865 -0,756918 0,324343 3,129022 -0,042195 0,764402 3,379713
-0,051351 0,085779 3,340675 0,237385 1,326759 3,217919 -0,459541 0,250233 2,684080 -0,028985 0,792349 3,377119
-0,055488 0,071509 3,316625 0,232192 1,372098 3,257094 -0,405524 0,262484 2,756346 -0,028976 0,785151 3,377023
-0,059595 0,075215 3,325140 0,232900 1,340289 3,227438 -0,434623 0,276104 2,803492 -0,028737 0,788954 3,377838
-0,045098 0,061200 3,303933 0,237629 1,333631 3,209070 -0,691723 0,412945 3,056331 -0,042341 0,771298 3,430442
-0,037620 0,066015 3,306092 0,241161 1,332191 3,227479 -0,667668 0,493958 2,855061 -0,049049 0,766117 3,405016
-0,034507 0,061555 3,317008 0,238319 1,333645 3,205980 -0,577398 0,935624 3,002931 -0,056959 0,767619 3,430020
-0,036400 0,050214 3,342527 0,226857 1,348934 3,229363 -0,396933 1,172232 2,838130 -0,041866 0,764112 3,430612
-0,038322 0,066984 3,319875 0,226615 1,355984 3,224558 -0,353871 1,301406 3,082221 -0,044768 0,763571 3,392490
-0,048615 0,058550 3,309197 0,231597 1,347845 3,220073 -0,341864 1,350901 3,208162 -0,052395 0,761464 3,417351
