21 12
-0,050238 0,088060 3,317244 0,240484 1,340505 3,230155 -0,311332 1,382750 3,217918 -0,004065 0,757528 3,380907
-0,043131 0,084107 3,304037 0,239506 1,346123 3,239411 -0,331758 1,388927 3,236686 0,003275 0,757535 3,381018
-0,040249 0,077007 3,323596 0,244188 1,344710 3,236777 -0,351388 1,381536 3,213250 0,006166 0,751401 3,368673
-0,036012 0,082316 3,337506 0,238507 1,347377 3,240652 -0,468362 1,087372 2,738118 0,010235 0,748906 3,356403
-0,037932 0,090321 3,352275 0,235495 1,356351 3,253874 -0,515282 0,608643 2,579569 0,002563 0,761128 3,381151
-0,034851 0,099686 3,347813 0,234862 1,358777 3,245435 -0,540517 0,280406 2,473870 -0,016681 0,801470 3,522813
-0,057501 0,099416 3,335223 0,234055 1,348840 3,238975 -0,511226 -0,259566 2,639540 -0,027201 0,782181 3,483112
-0,049650 0,109692 3,298983 0,231535 1,342917 3,238577 -0,435877 -0,534611 2,711625 -0,008676 0,767260 3,393437
-0,051418 0,108244 3,289199 0,227326 1,348051 3,240571 -0,386263 -0,597247 2,827125 -0,012368 0,775128 3,431415
-0,044655 0,105947 3,278675 0,220482 1,355176 3,241740 -0,316509 -0,673871 3,099603 -0,020096 0,784060 3,456918
-0,043501 0,112247 3,294590 0,218372 1,359472 3,233491 -0,292582 -0,653390 3,075457 -0,016251 0,765606 3,368232
-0,044726 0,110132 3,292100 0,219639 1,352019 3,235871 -0,289470 -0,648861 3,082618 -0,012356 0,764663 3,380872
-0,036198 0,113363 3,292825 0,216914 1,357976 3,225469 -0,306946 -0,645001 3,032058 -0,015766 0,765708 3,368546
-0,039558 0,117822 3,316974 0,215666 1,332093 3,199322 -0,324126 -0,619324 3,011154 -0,023158 0,770872 3,393319
-0,040305 0,114252 3,288247 0,227644 1,343601 3,221750 -0,334324 -0,576194 2,966209 -0,001790 0,774351 3,393107
-0,045390 0,107595 3,322405 0,219574 1,363917 3,226302 -0,411982 -0,287592 2,599034 -0,008907 0,778032 3,393369
-0,033153 0,098759 3,344636 0,216401 1,348067 3,213227 -0,442414 0,231572 2,528569 -0,009149 0,781563 3,393123
-0,021295 0,080223 3,344122 0,220125 1,347979 3,216524 -0,457668 0,540639 2,496620 0,021379 0,732944 3,295482
-0,016363 0,070116 3,334236 0,230624 1,329115 3,204239 -0,420924 1,134336 2,839855 0,017232 0,730629 3,284023
-0,029413 0,073591 3,335431 0,236636 1,337697 3,231988 -0,385174 1,315643 3,010843 -0,011653 0,753937 3,380850
-0,035256 0,065910 3,330096 0,247432 1,304704 3,204046 -0,339881 1,408044 3,253010 -0,007974 0,756496 3,393422
