35 12
-0,007660 -0,004738 3,385833 0,284012 1,352920 3,290493 -0,300995 1,303503 3,131140 0,006943 0,752266 3,444296
-0,008234 -0,000793 3,388155 0,290391 1,345591 3,290327 -0,310314 1,248821 3,019237 0,017895 0,735967 3,380880
-0,006629 -0,003261 3,397359 0,286973 1,340092 3,285980 -0,313194 1,202332 2,930438 0,010448 0,737370 3,405962
-0,005751 0,004976 3,401989 0,291390 1,340522 3,289746 -0,303838 1,121703 2,834482 0,018480 0,742347 3,431138
-0,010074 0,000439 3,403614 0,289855 1,347585 3,294902 -0,311059 1,025218 2,761473 0,018457 0,735067 3,431036
-0,013288 -0,002102 3,414282 0,288202 1,340247 3,284556 -0,321895 0,942548 2,698210 0,015094 0,725185 3,417526
-0,014129 -0,012230 3,412435 0,291545 1,335059 3,289669 -0,330612 0,883800 2,660496 0,019287 0,728900 3,455525
-0,013449 -0,010694 3,408126 0,286313 1,340158 3,287489 -0,328832 0,851214 2,633761 0,007922 0,735193 3,468914
-0,014573 -0,014228 3,416286 0,289325 1,328654 3,288724 -0,319417 0,844357 2,613002 0,004164 0,744436 3,535596
-0,016364 -0,015621 3,424889 0,293238 1,340384 3,298796 -0,311584 0,842188 2,592886 -0,003040 0,739060 3,507709
-0,012298 -0,009186 3,424602 0,291860 1,330856 3,293804 -0,297390 0,809778 2,576009 0,007697 0,745622 3,522554
-0,014672 -0,009441 3,435013 0,296888 1,332508 3,296464 -0,286730 0,738631 2,580353 0,007476 0,749392 3,522833
-0,014849 -0,006684 3,429011 0,296117 1,326904 3,282254 -0,278993 0,672045 2,611784 0,015559 0,756749 3,522518
-0,011097 -0,002843 3,420365 0,296932 1,323943 3,290219 -0,274093 0,613025 2,624282 0,007514 0,764322 3,523082
-0,013010 -0,006922 3,427801 0,301245 1,328827 3,295649 -0,262054 0,579145 2,608567 0,007027 0,756875 3,523110
-0,011155 -0,003223 3,424655 0,300690 1,331423 3,303279 -0,264161 0,577882 2,608562 0,025217 0,737354 3,406025
-0,009373 -0,004482 3,426992 0,303307 1,327664 3,292306 -0,266180 0,614179 2,608946 -0,000262 0,765971 3,550114
-0,005410 -0,005390 3,438193 0,298093 1,332070 3,296546 -0,272678 0,673067 2,607963 0,037046 0,750055 3,470201
-0,004679 -0,006543 3,442285 0,296848 1,321882 3,282432 -0,268943 0,717275 2,581022 0,011975 0,764783 3,563192
-0,009420 -0,009391 3,438941 0,297467 1,341894 3,313658 -0,266762 0,705045 2,591524 0,011588 0,755727 3,536198
-0,009005 -0,002419 3,436877 0,294714 1,338724 3,311393 -0,266749 0,650249 2,606960 0,011365 0,759514 3,536477
-0,007409 -0,004473 3,438450 0,295864 1,323928 3,293354 -0,266579 0,580868 2,620342 0,010999 0,757954 3,509787
-0,008448 -0,005474 3,438406 0,292137 1,348127 3,318165 -0,251747 0,518820 2,620655 0,036291 0,752201 3,444261
-0,011043 -0,003053 3,414081 0,296869 1,337453 3,300882 -0,252469 0,473771 2,621904 0,014345 0,777191 3,550242
-0,011586 -0,005449 3,436567 0,292251 1,342335 3,314538 -0,252042 0,462913 2,632454 0,010310 0,769053 3,509767
-0,007489 -0,005176 3,429560 0,298429 1,328661 3,295032 -0,249756 0,479584 2,631809 0,036062 0,755817 3,444134
-0,005227 -0,008210 3,436889 0,295589 1,344519 3,316583 -0,236935 0,535490 2,637907 0,039984 0,737315 3,405969
0,000524 -0,003120 3,426686 0,301858 1,330231 3,298827 -0,212448 0,648352 2,665085 0,022734 0,737445 3,443256
0,003899 -0,009225 3,422104 0,298282 1,326864 3,297267 -0,203948 0,806066 2,717944 0,019263 0,737730 3,482136
0,010416 0,000775 3,416010 0,300647 1,331069 3,296109 -0,210666 0,984063 2,792148 0,030707 0,704262 3,441231
0,014051 -0,004511 3,427250 0,307064 1,315879 3,298765 -0,250040 1,168668 2,896909 0,029233 0,728956 3,418451
0,010807 -0,002346 3,415137 0,298863 1,336396 3,303306 -0,270878 1,311457 3,075493 0,018237 0,738745 3,431276
0,016554 -0,005252 3,412695 0,295171 1,343757 3,307305 -0,229208 1,410366 3,283155 0,022056 0,741273 3,444130
0,015567 -0,004258 3,407152 0,298399 1,330751 3,290261 -0,238984 1,397234 3,284984 0,024975 0,733737 3,405986
0,012825 -0,006842 3,411204 0,294040 1,345271 3,296128 -0,252082 1,383872 3,270823 0,025438 0,733720 3,405885
