17 12
-0,034880 0,081147 3,303361 0,236958 1,311744 3,230547 -0,395626 1,207469 3,094298 -0,026577 0,750295 3,380509
-0,035807 0,084654 3,316036 0,233673 1,320849 3,219577 -0,468883 1,060112 2,872175 -0,026332 0,753893 3,380498
-0,038512 0,083654 3,330490 0,234206 1,310097 3,208365 -0,517703 1,013533 2,854075 -0,015568 0,740645 3,368265
-0,037763 0,080936 3,326746 0,233981 1,319750 3,221989 -0,527710 0,970915 2,772592 -0,019301 0,748179 3,405683
-0,040386 0,080842 3,324271 0,233073 1,316287 3,215194 -0,527593 0,786440 2,690071 -0,026358 0,739518 3,380310
-0,046741 0,082752 3,340214 0,236792 1,315067 3,221375 -0,466945 0,558225 2,637499 -0,012375 0,750277 3,380686
-0,047201 0,081519 3,332685 0,231650 1,308567 3,210955 -0,445506 0,445441 2,608207 -0,013082 0,760824 3,379964
-0,051112 0,089992 3,333610 0,233668 1,306770 3,234844 -0,418138 0,289729 2,668547 -0,020416 0,775194 3,380036
-0,035433 0,087552 3,284174 0,233158 1,312107 3,238028 -0,408796 0,245455 2,675916 -0,014055 0,781806 3,377939
-0,035254 0,093840 3,304497 0,228563 1,328173 3,236115 -0,406097 0,254241 2,673867 -0,013564 0,782151 3,379256
-0,038682 0,093698 3,325854 0,232869 1,317986 3,244093 -0,398765 0,342074 2,656569 -0,020713 0,783964 3,404721
-0,039555 0,082839 3,324082 0,233620 1,317009 3,245687 -0,380851 0,541833 2,636599 -0,019177 0,752434 3,356030
-0,032513 0,074128 3,307542 0,229807 1,315492 3,246710 -0,380552 0,672512 2,661303 -0,025904 0,732285 3,379851
-0,034494 0,080704 3,315819 0,235226 1,299074 3,215525 -0,356556 1,001741 2,818440 -0,025699 0,721466 3,379405
-0,038847 0,090934 3,325059 0,230864 1,314059 3,219348 -0,391753 1,225163 2,990529 -0,033785 0,738098 3,355460
-0,036951 0,087058 3,317243 0,228626 1,328653 3,239407 -0,354836 1,281762 3,089125 -0,037340 0,742730 3,343184
-0,044920 0,094604 3,296380 0,231445 1,326487 3,237218 -0,341131 1,318988 3,226211 -0,037907 0,749156 3,392617
