23 12
-0,160636 0,088300 3,358304 0,135037 1,329870 3,313484 -0,512686 1,266706 3,218234 -0,175450 0,765964 3,421318
-0,164625 0,088809 3,377247 0,145294 1,314990 3,313143 -0,584978 1,001283 3,198673 -0,172256 0,761364 3,434385
-0,179253 0,095936 3,407108 0,142166 1,316881 3,307766 -0,687322 0,811340 3,163942 -0,175926 0,765810 3,421149
-0,173242 0,086133 3,386864 0,143330 1,324687 3,316701 -0,842379 0,442439 2,937347 -0,191771 0,756111 3,444965
-0,179019 0,087605 3,397314 0,135403 1,333108 3,299420 -0,829216 0,302714 2,840949 -0,170732 0,758117 3,383658
-0,186426 0,110940 3,428492 0,139023 1,326251 3,330387 -0,700743 0,241298 2,671533 -0,159315 0,762956 3,372381
-0,172020 0,119640 3,371812 0,137461 1,340542 3,321330 -0,543097 0,235337 2,910586 -0,157311 0,782902 3,383508
-0,179881 0,111233 3,404134 0,124378 1,314720 3,303047 -0,714085 0,259192 3,182081 -0,160482 0,771645 3,397222
-0,173576 0,092454 3,398570 0,134507 1,325698 3,293319 -0,856443 0,281398 3,206034 -0,148562 0,769429 3,386056
-0,165515 0,085408 3,398635 0,150191 1,307068 3,323136 -0,902306 0,299026 2,924244 -0,150742 0,765175 3,436156
-0,168693 0,107854 3,401501 0,143922 1,325464 3,327588 -0,594013 0,227419 2,575659 -0,154749 0,787544 3,422216
-0,159615 0,098161 3,347500 0,138758 1,327386 3,332647 -0,518374 0,231212 2,638174 -0,154301 0,781802 3,395654
-0,165889 0,113843 3,374239 0,138698 1,318553 3,317115 -0,530794 0,246064 2,795832 -0,142426 0,779749 3,385246
-0,170625 0,098155 3,395354 0,142741 1,320369 3,321329 -0,800749 0,291419 3,074291 -0,152883 0,761040 3,397961
-0,166282 0,104121 3,421584 0,144860 1,328645 3,334910 -0,788363 0,276113 2,882876 -0,154030 0,777059 3,423256
-0,180379 0,108471 3,407299 0,140989 1,335488 3,347524 -0,675288 0,269728 2,920926 -0,149035 0,769239 3,385673
-0,172759 0,097557 3,349638 0,130129 1,336408 3,346190 -0,488274 0,293365 2,785928 -0,153188 0,773146 3,371260
-0,169409 0,117254 3,383451 0,138176 1,320276 3,311480 -0,539374 0,345429 2,957713 -0,142540 0,781872 3,411612
-0,175035 0,089450 3,406261 0,143153 1,326131 3,329915 -0,665058 0,443120 2,754369 -0,153107 0,757320 3,397672
-0,150661 0,096314 3,380602 0,139941 1,324819 3,314628 -0,721898 0,735389 2,705123 -0,161131 0,756947 3,448133
-0,145270 0,086119 3,370734 0,145582 1,328216 3,324954 -0,679466 0,875763 2,688402 -0,157433 0,754348 3,435750
-0,141486 0,094940 3,384184 0,146524 1,307099 3,308609 -0,584987 1,252704 3,151469 -0,157444 0,761649 3,435869
-0,145238 0,093768 3,388871 0,138973 1,320269 3,334299 -0,468416 1,295960 3,221015 -0,169055 0,764056 3,447653
