23 12
-0,081653 -0,006210 3,408527 0,189113 1,376372 3,350154 -0,351848 1,379795 3,280998 -0,082482 0,732161 3,415589
-0,078512 -0,007137 3,407204 0,187228 1,372681 3,333193 -0,345978 1,306071 3,124836 -0,078768 0,731084 3,428451
-0,086567 -0,003375 3,406742 0,196046 1,354813 3,322305 -0,340781 1,210732 2,972937 -0,086427 0,732384 3,453575
-0,092242 -0,010251 3,406471 0,191864 1,374041 3,337040 -0,338668 1,094116 2,888196 -0,085741 0,713993 3,452390
-0,093995 -0,001591 3,412743 0,188215 1,378429 3,343636 -0,352198 0,994286 2,750680 -0,082007 0,722570 3,440279
-0,101293 -0,006070 3,422154 0,181458 1,384817 3,355395 -0,358126 0,983665 2,665961 -0,078286 0,714062 3,452855
-0,101626 -0,009326 3,420822 0,182495 1,378504 3,348775 -0,362105 0,975489 2,585141 -0,078286 0,714062 3,452855
-0,102844 -0,005298 3,419471 0,178799 1,366757 3,327052 -0,363904 0,892072 2,554152 -0,070377 0,706655 3,452168
-0,103030 -0,008656 3,415678 0,178857 1,370737 3,315575 -0,379960 0,832035 2,546336 -0,074534 0,712815 3,465533
-0,101524 -0,005541 3,419728 0,179775 1,367429 3,331856 -0,374365 0,816151 2,490989 -0,069756 0,705364 3,425923
-0,106910 -0,008624 3,412247 0,183875 1,370811 3,344888 -0,374703 0,885474 2,490894 -0,066680 0,715285 3,440200
-0,107324 -0,006416 3,408566 0,184541 1,383008 3,345255 -0,370210 0,906006 2,476497 -0,069756 0,705364 3,425923
-0,107836 -0,006476 3,414734 0,180192 1,366444 3,331555 -0,361054 0,851365 2,484062 -0,066003 0,704038 3,438160
-0,106459 -0,005764 3,404382 0,177854 1,364074 3,330687 -0,363637 0,829139 2,497424 -0,069775 0,698108 3,425818
-0,108487 -0,005401 3,407115 0,184466 1,364629 3,335594 -0,368911 0,871915 2,488932 -0,073488 0,706660 3,413672
-0,108593 0,000049 3,409891 0,183799 1,365036 3,337054 -0,368867 0,936510 2,502973 -0,066680 0,715285 3,440200
-0,108119 -0,005280 3,404717 0,186551 1,359869 3,325876 -0,382947 0,949637 2,536645 -0,070436 0,716518 3,427692
-0,103925 -0,009109 3,396460 0,183432 1,370887 3,334185 -0,389944 0,967927 2,571450 -0,074343 0,718940 3,440291
-0,103227 -0,011290 3,393138 0,192669 1,363039 3,313204 -0,390391 1,040800 2,607996 -0,074810 0,719023 3,440948
-0,098092 0,000428 3,401297 0,194671 1,352609 3,325858 -0,387580 1,138209 2,698272 -0,082475 0,722615 3,440778
-0,087722 -0,006274 3,393448 0,196412 1,387092 3,358735 -0,389369 1,238600 2,844536 -0,079201 0,728789 3,454076
-0,089624 -0,007361 3,405016 0,190763 1,367399 3,336910 -0,386930 1,318901 3,003587 -0,077877 0,726118 3,402755
-0,085907 -0,000564 3,397947 0,188962 1,367523 3,331975 -0,363345 1,352661 3,118983 -0,086179 0,738288 3,428132
