22 12
-0,050398 -0,011821 3,459406 0,346103 1,361108 3,456278 -0,462251 1,374518 3,343835 -0,064956 0,746512 3,507543
-0,053731 -0,019320 3,463917 0,347777 1,365848 3,435983 -0,545043 1,394753 3,425277 -0,057328 0,737682 3,481362
-0,057697 -0,006539 3,469431 0,355970 1,351449 3,420804 -0,577262 1,328445 3,362349 -0,057324 0,745063 3,481482
-0,062161 -0,017370 3,463868 0,357325 1,360948 3,427447 -0,646047 0,947026 2,943916 -0,064274 0,728914 3,454850
-0,064640 -0,018216 3,474861 0,353961 1,348552 3,388616 -0,749688 0,509402 3,039066 -0,064732 0,728845 3,454787
-0,067161 -0,017379 3,480186 0,355028 1,358318 3,404754 -0,848280 0,354067 3,134620 -0,056746 0,727602 3,429506
-0,061306 -0,014753 3,486086 0,340893 1,347103 3,379886 -0,915110 0,213350 3,172547 -0,064065 0,718956 3,403657
-0,067141 -0,016647 3,505188 0,336565 1,347934 3,393783 -0,675769 0,114162 2,858346 -0,071064 0,714053 3,378266
-0,070076 -0,010213 3,497681 0,333064 1,358899 3,407653 -0,588586 0,107715 2,880548 -0,082483 0,724911 3,415482
-0,070554 -0,012671 3,509401 0,330501 1,353140 3,410086 -0,566902 0,115939 3,051679 -0,078805 0,726055 3,403032
-0,067311 -0,022227 3,482404 0,331356 1,351354 3,401580 -0,803659 0,099146 3,343382 -0,064065 0,718956 3,403657
-0,066107 -0,014733 3,504662 0,338756 1,354160 3,401277 -0,812751 0,092894 3,201168 -0,075321 0,721311 3,415770
-0,065857 -0,022626 3,490842 0,351850 1,357228 3,425482 -0,744181 0,084603 3,232777 -0,071584 0,727488 3,428815
-0,082185 -0,008311 3,511214 0,351223 1,358082 3,415910 -0,514350 0,110034 2,935080 -0,060987 0,735788 3,416275
-0,080423 -0,017006 3,485252 0,356569 1,355697 3,423835 -0,514667 0,140819 3,057919 -0,067926 0,728623 3,416243
-0,079252 -0,009879 3,500449 0,349997 1,345227 3,399049 -0,603880 0,196941 2,932643 -0,063831 0,729837 3,403885
-0,063989 -0,016050 3,485880 0,341412 1,351892 3,404624 -0,743619 0,453060 2,955575 -0,064502 0,732552 3,454920
-0,061335 -0,014266 3,471181 0,337296 1,361343 3,408002 -0,754839 0,612348 2,825989 -0,053207 0,731509 3,468359
-0,051468 -0,012903 3,496491 0,333022 1,356896 3,394960 -0,719831 1,095061 3,080272 -0,053167 0,730121 3,442492
-0,055228 -0,015205 3,505550 0,328862 1,362120 3,408747 -0,559560 1,228521 3,015304 -0,065420 0,746443 3,507480
-0,056116 -0,007955 3,498705 0,331394 1,359717 3,413948 -0,478637 1,287590 3,118883 -0,061337 0,749154 3,521098
-0,069517 -0,009949 3,468841 0,339551 1,350637 3,432507 -0,439573 1,402939 3,383385 -0,065190 0,742772 3,507494
