24 12
-0,013627 0,063505 3,346155 0,226460 1,332281 3,212462 -0,321621 1,327123 3,198040 -0,000726 0,729934 3,368351
-0,003835 0,060698 3,337229 0,219901 1,336069 3,208283 -0,532114 1,436082 3,482896 0,006497 0,732176 3,343952
-0,002249 0,050087 3,334600 0,217024 1,341420 3,210993 -0,728597 1,367654 3,423364 0,017428 0,735984 3,380992
-0,001310 0,065571 3,368588 0,212691 1,345428 3,216837 -0,900487 0,696029 2,604960 0,017563 0,749668 3,431476
-0,004504 0,053992 3,371547 0,219078 1,340206 3,203892 -0,993669 0,113878 2,673087 0,002762 0,740162 3,456947
-0,012535 0,072055 3,345669 0,216019 1,341735 3,210006 -0,937970 -0,144546 2,634204 0,017320 0,745985 3,431268
-0,033548 0,073875 3,302416 0,218465 1,339120 3,204173 -0,838108 -0,524242 3,223955 0,020730 0,738410 3,393270
-0,037010 0,081823 3,328445 0,209827 1,329476 3,195839 -0,530494 -0,572228 2,919806 0,009766 0,748159 3,405921
-0,034108 0,079607 3,342179 0,206324 1,343543 3,210451 -0,420869 -0,604980 2,949572 0,002537 0,746745 3,380970
-0,026540 0,089566 3,344713 0,194765 1,340639 3,199969 -0,371090 -0,632833 2,972641 0,021176 0,747109 3,418724
-0,020452 0,085405 3,324702 0,191292 1,331020 3,197408 -0,547407 -0,653367 3,172250 0,017100 0,756854 3,431176
-0,014661 0,079154 3,316155 0,190761 1,344138 3,203200 -0,500091 -0,599204 2,988865 0,017563 0,749668 3,431476
-0,018052 0,078973 3,306260 0,192236 1,338575 3,208413 -0,368427 -0,640494 3,180875 0,021176 0,747109 3,418724
-0,025453 0,089266 3,343871 0,196972 1,343125 3,215760 -0,419337 -0,672716 3,221021 0,013767 0,747117 3,418708
-0,020347 0,088115 3,314746 0,201872 1,328877 3,202025 -0,509416 -0,668611 3,251276 0,021176 0,747109 3,418724
-0,032443 0,089321 3,292273 0,208690 1,352742 3,220644 -0,511016 -0,651781 3,220356 0,024305 0,751705 3,405738
-0,041241 0,092179 3,310936 0,205648 1,340645 3,207589 -0,272937 -0,481989 2,896116 0,020946 0,750700 3,418613
-0,035798 0,101078 3,341454 0,211244 1,332371 3,218522 -0,271773 -0,407814 2,929101 0,013639 0,756488 3,393642
-0,028994 0,100067 3,368423 0,210552 1,316685 3,196748 -0,387196 -0,068048 2,568260 0,010010 0,751819 3,406116
-0,015565 0,086324 3,352505 0,206633 1,347836 3,215342 -0,441458 0,433171 2,561710 0,021014 0,740667 3,368676
-0,015593 0,073606 3,333593 0,210322 1,332010 3,198531 -0,444418 0,689232 2,579543 0,039812 0,727386 3,355932
-0,013471 0,056881 3,336777 0,213512 1,336502 3,215355 -0,374909 1,210866 3,015650 0,017652 0,732393 3,380932
-0,013836 0,060674 3,326190 0,220242 1,332643 3,218427 -0,322163 1,334506 3,148845 0,009754 0,740924 3,405825
-0,021503 0,055034 3,328264 0,224214 1,321352 3,209992 -0,309942 1,395055 3,293661 0,006235 0,734853 3,393315
