22 12
-0,146058 0,069658 3,422829 0,111990 1,352188 3,331115 -0,482507 1,367993 3,321492 -0,132852 0,751493 3,476758
-0,142863 0,076319 3,473010 0,104177 1,352512 3,324623 -0,558957 1,272369 3,086466 -0,132624 0,755249 3,476916
-0,136899 0,091023 3,471838 0,106764 1,346815 3,325823 -0,706652 1,031051 3,094380 -0,133408 0,760518 3,503352
-0,140966 0,086241 3,479326 0,110434 1,337912 3,332208 -0,725864 0,675573 2,784310 -0,133100 0,762475 3,476768
-0,150771 0,097837 3,473098 0,103680 1,348125 3,320078 -0,795549 0,062710 2,647998 -0,134682 0,773190 3,530016
-0,153917 0,099329 3,465457 0,109281 1,341564 3,319867 -0,651385 -0,355286 2,514154 -0,133112 0,769859 3,476896
-0,162040 0,094044 3,451212 0,105723 1,347080 3,321996 -0,597916 -0,497751 2,650337 -0,125631 0,764394 3,504040
-0,162302 0,094859 3,413035 0,090072 1,337356 3,305330 -0,482750 -0,696449 3,106465 -0,132852 0,751493 3,476758
-0,161439 0,096660 3,396801 0,093225 1,351854 3,329377 -0,420993 -0,690766 3,100184 -0,121258 0,749064 3,464558
-0,160580 0,092625 3,383131 0,091571 1,333802 3,315300 -0,414663 -0,694324 3,142360 -0,118535 0,747700 3,476986
-0,150426 0,101276 3,411819 0,078123 1,343014 3,301776 -0,423566 -0,676172 3,124231 -0,124890 0,751718 3,477469
-0,156490 0,091743 3,399368 0,081183 1,343136 3,304155 -0,442578 -0,682128 3,129660 -0,126084 0,749418 3,503660
-0,166232 0,102208 3,421780 0,084845 1,330790 3,318005 -0,447832 -0,673416 3,110413 -0,126551 0,756651 3,503311
-0,163440 0,112606 3,407991 0,080791 1,348506 3,324274 -0,458664 -0,659774 3,066881 -0,126094 0,756848 3,503792
-0,164151 0,119910 3,404729 0,079485 1,339370 3,313401 -0,472399 -0,585639 3,042775 -0,126341 0,767910 3,503798
-0,175573 0,117918 3,401857 0,088146 1,352685 3,316465 -0,479309 -0,486999 2,961488 -0,121945 0,752420 3,463772
-0,165123 0,116657 3,401847 0,084045 1,349492 3,307699 -0,534327 -0,106734 2,703743 -0,117398 0,759204 3,478175
-0,140483 0,104547 3,424900 0,088209 1,353055 3,316795 -0,545567 0,439758 2,547358 -0,092841 0,729596 3,402113
-0,137887 0,098702 3,422925 0,086160 1,337552 3,310031 -0,577784 0,675836 2,540250 -0,112840 0,741959 3,464903
-0,131556 0,100025 3,428190 0,103897 1,343198 3,331875 -0,534116 1,207460 3,047535 -0,123930 0,750237 3,451378
-0,135878 0,093755 3,429187 0,112241 1,347822 3,343461 -0,451585 1,308109 3,160724 -0,132632 0,762630 3,477043
-0,149147 0,083542 3,440310 0,114879 1,344205 3,338330 -0,429941 1,381088 3,348300 -0,140937 0,752969 3,502575
