17 12
-0,094131 -0,010116 3,480113 0,213171 1,353552 3,356650 -0,385380 1,349340 3,264780 -0,090645 0,723846 3,466292
-0,090172 -0,019985 3,487699 0,220642 1,336312 3,343071 -0,315662 1,204463 3,025988 -0,079211 0,706833 3,453730
-0,086462 -0,022405 3,485434 0,217803 1,353814 3,365502 -0,311954 1,107598 2,922432 -0,082267 0,697091 3,440184
-0,089012 -0,019861 3,501392 0,210633 1,364999 3,369381 -0,364563 0,844710 2,637403 -0,062973 0,684796 3,452255
-0,100222 -0,016770 3,513592 0,207869 1,348879 3,353531 -0,336024 0,573708 2,499162 -0,088367 0,732825 3,532844
-0,102275 -0,014324 3,511245 0,206010 1,351376 3,361598 -0,340710 0,441525 2,451591 -0,081449 0,741801 3,560495
-0,096658 -0,031067 3,509044 0,210549 1,374061 3,382530 -0,283767 0,264892 2,729451 -0,085973 0,744240 3,573615
-0,084824 -0,028695 3,460418 0,222939 1,353114 3,369108 -0,289477 0,244153 2,905500 -0,074670 0,762181 3,588356
-0,083577 -0,017445 3,477945 0,222810 1,351872 3,367101 -0,271642 0,265499 3,002187 -0,066497 0,762403 3,589173
-0,087218 -0,018015 3,464969 0,223096 1,344002 3,358956 -0,255533 0,273732 3,059832 -0,054598 0,772911 3,603876
-0,091023 -0,015873 3,491956 0,220778 1,351589 3,355615 -0,234585 0,292421 2,995835 -0,050080 0,751865 3,535064
-0,090401 -0,011322 3,476580 0,218279 1,349387 3,356145 -0,222179 0,341087 2,932181 -0,057464 0,748074 3,534575
-0,080271 -0,019414 3,487101 0,218674 1,366332 3,367652 -0,239895 0,578339 2,787803 -0,065183 0,721375 3,454256
-0,073797 -0,008321 3,484647 0,227027 1,334532 3,331157 -0,351051 0,987772 2,832637 -0,072136 0,719156 3,480332
-0,066814 -0,012805 3,479388 0,226437 1,358877 3,364907 -0,401447 1,162182 2,945191 -0,060711 0,716762 3,467797
-0,066197 -0,013056 3,489395 0,223446 1,360969 3,361181 -0,387912 1,411112 3,250394 -0,064513 0,710587 3,454577
-0,064602 -0,009921 3,475409 0,216923 1,361957 3,365494 -0,375874 1,449029 3,401554 -0,079434 0,717781 3,453930
