27 12
-0,029943 0,076814 3,295014 0,255527 1,305674 3,221223 -0,328279 1,303324 3,200345 -0,019177 0,752434 3,356030
-0,027355 0,074508 3,289481 0,251073 1,301119 3,218997 -0,355470 1,263694 3,120263 -0,022860 0,754952 3,368279
-0,036241 0,083037 3,285237 0,250089 1,285392 3,199590 -0,375229 1,198953 3,010595 -0,026565 0,757486 3,380604
-0,039513 0,086789 3,294072 0,252334 1,303820 3,228056 -0,392113 1,139971 2,877256 -0,015337 0,756480 3,393275
-0,040557 0,082414 3,287983 0,257409 1,292114 3,207519 -0,393667 1,063223 2,765060 -0,018532 0,746676 3,380244
-0,044677 0,081468 3,300171 0,251686 1,301589 3,205403 -0,399571 0,969094 2,666297 -0,014624 0,740542 3,367586
-0,046514 0,088449 3,297488 0,243151 1,312701 3,211909 -0,396641 0,873089 2,578806 -0,018618 0,737278 3,405123
-0,053961 0,085557 3,319999 0,232511 1,306849 3,199114 -0,389524 0,758807 2,533719 -0,014423 0,741872 3,392054
-0,063477 0,083494 3,322453 0,242760 1,304900 3,219933 -0,353540 0,621705 2,515386 -0,018959 0,741725 3,355848
-0,063208 0,090050 3,325881 0,245678 1,282202 3,207931 -0,317416 0,480949 2,575682 -0,019655 0,752371 3,355886
-0,064726 0,087754 3,324342 0,245833 1,304953 3,218619 -0,291280 0,395446 2,693073 -0,022764 0,764151 3,343860
-0,060251 0,077432 3,281435 0,250112 1,304551 3,221617 -0,272814 0,356488 2,818306 -0,012581 0,770197 3,356042
-0,045168 0,099290 3,268369 0,254542 1,313432 3,241361 -0,266460 0,351499 2,920307 -0,012328 0,786262 3,381151
-0,048707 0,099491 3,272911 0,255052 1,298431 3,209552 -0,270712 0,365155 2,982971 -0,004974 0,793482 3,381350
-0,050772 0,107963 3,290477 0,255058 1,302551 3,238903 -0,272199 0,369343 2,983007 -0,015534 0,801646 3,419147
-0,056601 0,103820 3,284578 0,258565 1,300407 3,234196 -0,274809 0,369903 2,967662 -0,008884 0,799719 3,393656
-0,058265 0,103806 3,273854 0,251392 1,309774 3,232018 -0,279952 0,377636 2,958160 -0,012818 0,793323 3,380753
-0,069164 0,087670 3,281503 0,251639 1,295510 3,227340 -0,279287 0,378805 2,956892 -0,016053 0,787023 3,418787
-0,071845 0,089500 3,292035 0,246102 1,286829 3,213820 -0,282750 0,394146 2,929315 -0,023381 0,788893 3,393450
-0,073032 0,080674 3,284523 0,252258 1,296843 3,217562 -0,283057 0,434550 2,901945 -0,027030 0,771813 3,380661
-0,069557 0,084001 3,267083 0,251020 1,311201 3,245194 -0,282341 0,504386 2,876939 -0,019981 0,780649 3,405780
-0,067143 0,082567 3,288910 0,244293 1,304138 3,218421 -0,279993 0,622320 2,847023 -0,041351 0,747267 3,330880
-0,065484 0,078338 3,260337 0,251434 1,308609 3,232751 -0,281241 0,780489 2,811280 -0,047428 0,730793 3,354060
-0,061308 0,070270 3,264328 0,255987 1,294545 3,218769 -0,303162 0,968802 2,827188 -0,043207 0,722276 3,364938
-0,057601 0,087052 3,283819 0,249840 1,295556 3,224132 -0,339387 1,142277 2,914908 -0,033543 0,741670 3,355440
-0,056817 0,084300 3,284729 0,243806 1,312500 3,230086 -0,351768 1,264923 3,025601 -0,041056 0,752340 3,355398
-0,056556 0,086192 3,279519 0,243507 1,301804 3,219706 -0,324812 1,333683 3,149555 -0,040809 0,755914 3,355371
