19 12
-0,038013 0,059849 3,321676 1,034782 0,954103 3,208490 -0,317283 1,395139 3,239173 -0,018763 0,723874 3,355499
-0,043066 0,059665 3,347331 1,042341 0,951615 3,200240 -0,319675 1,419439 3,251013 -0,018780 0,716745 3,355412
-0,043157 0,056613 3,353898 1,034363 0,947548 3,198531 -0,320345 1,415716 3,218034 -0,018540 0,720276 3,355243
-0,043440 0,070377 3,344576 1,033943 0,939004 3,192510 -0,325324 1,356279 3,095017 -0,011011 0,728683 3,379897
-0,050095 0,062072 3,351396 1,026283 0,921948 3,171959 -0,153314 1,117172 2,702879 -0,002428 0,699321 3,376239
-0,056901 0,063175 3,355753 1,034708 0,935203 3,198220 -0,075413 0,948771 2,553960 -0,029437 0,730086 3,442083
-0,070614 0,063909 3,322928 1,024007 0,917666 3,154108 0,040530 0,656494 2,588438 -0,011496 0,754194 3,509263
-0,071393 0,095686 3,367314 1,028787 0,931159 3,224158 0,159140 0,302263 2,449565 -0,015925 0,784942 3,496585
-0,083939 0,091415 3,324157 1,033432 0,939554 3,215172 0,182315 0,182501 2,497588 -0,026474 0,842369 3,489954
-0,111203 0,057053 3,199875 1,039215 0,928466 3,220566 0,252630 0,053444 2,617645 -0,037796 0,829640 3,449385
-0,116969 0,049985 3,213797 1,032617 0,915775 3,207672 0,256988 0,042452 2,625947 -0,037046 0,826825 3,452538
-0,096419 0,073766 3,258251 1,030601 0,909724 3,218148 0,244376 0,063581 2,605659 -0,037058 0,834185 3,452652
-0,091370 0,075682 3,301338 1,033640 0,910751 3,197448 0,191691 0,171353 2,513071 -0,033119 0,826252 3,466451
-0,081456 0,081109 3,343795 1,030928 0,910659 3,202206 0,130070 0,409232 2,582587 -0,034091 0,776782 3,456693
-0,078384 0,075960 3,352844 1,040531 0,906339 3,150743 0,075082 0,578167 2,585812 -0,010960 0,771032 3,482570
-0,076905 0,052850 3,341584 1,041571 0,921927 3,209719 -0,032174 0,876892 2,522205 -0,030155 0,719302 3,442904
-0,061199 0,078186 3,342356 1,041181 0,924373 3,223619 -0,269125 1,269334 2,986690 -0,010767 0,732200 3,379567
-0,062361 0,063230 3,336758 1,030734 0,921109 3,183242 -0,322100 1,340297 3,075878 -0,014908 0,722704 3,367654
-0,064216 0,066226 3,315615 1,039302 0,925293 3,202065 -0,310513 1,421810 3,270149 -0,033707 0,732305 3,379996
