22 12
-0,139980 0,077707 3,421371 0,141602 1,345236 3,319373 -0,413844 1,387712 3,326201 -0,131068 0,723118 3,424791
-0,140131 0,080146 3,428095 0,160799 1,338778 3,283951 -0,406457 1,393893 3,307041 -0,139268 0,727974 3,449856
-0,133182 0,073066 3,425073 0,175542 1,310081 3,183807 -0,395719 1,325975 3,177435 -0,132050 0,724363 3,450330
-0,130997 0,071854 3,400592 0,239945 1,213156 2,960748 -0,254480 1,131468 2,860621 -0,132269 0,680630 3,408163
-0,127160 0,074311 3,423201 0,256380 1,164261 2,894626 -0,209187 1,045712 2,769731 -0,116616 0,665857 3,405786
-0,122131 0,063993 3,418115 0,220768 1,099774 2,821252 -0,156413 0,921513 2,788693 -0,103334 0,699084 3,531205
-0,125962 0,054400 3,430006 0,194296 1,076377 2,822133 -0,079409 0,832771 2,670217 -0,112449 0,703698 3,557477
-0,112372 0,059199 3,433342 0,175192 1,089139 2,829997 -0,046615 0,834252 2,669021 -0,100485 0,705186 3,544927
-0,120094 0,059574 3,434281 0,102362 1,066190 2,729277 0,047942 0,952490 2,835332 -0,122762 0,664798 3,574635
-0,110786 0,054773 3,410324 0,119030 1,062663 2,664451 0,055810 0,930609 2,814332 -0,118915 0,661861 3,558302
-0,110180 0,048468 3,412249 0,129061 1,053352 2,706025 0,048675 0,915162 2,822882 -0,118193 0,649794 3,531101
-0,104895 0,061450 3,422043 0,158398 1,050828 2,766944 0,042573 0,885914 2,809974 -0,110927 0,729287 3,656039
-0,099890 0,059833 3,419553 0,143144 1,072007 2,745262 0,071881 0,951654 2,818109 -0,119091 0,663724 3,589910
-0,102860 0,062577 3,425328 0,137386 1,058166 2,685520 0,074667 0,937567 2,821880 -0,114618 0,663658 3,546503
-0,095519 0,057047 3,403246 0,179689 1,045452 2,785694 0,053682 0,882836 2,808512 -0,104999 0,716521 3,586066
-0,095772 0,063636 3,406637 0,166678 1,050648 2,715527 0,060509 0,942644 2,833381 -0,103922 0,674954 3,589717
-0,096196 0,053202 3,418920 0,128469 1,095257 2,743247 0,053928 0,984176 2,879354 -0,106812 0,660320 3,548238
-0,096380 0,057989 3,419596 0,179764 1,183282 2,843415 -0,008942 1,024029 2,841467 -0,098881 0,677688 3,581853
-0,097112 0,067596 3,433435 0,143001 1,275716 3,057165 -0,206357 1,285634 3,195853 -0,085126 0,687718 3,490621
-0,099198 0,059007 3,412554 0,118448 1,334284 3,148638 -0,294415 1,363773 3,273379 -0,095543 0,711353 3,478525
-0,097078 0,076052 3,417334 0,131523 1,394804 3,324934 -0,346703 1,393392 3,293177 -0,102611 0,726155 3,478652
-0,093602 0,076254 3,407454 0,136950 1,399029 3,334936 -0,352411 1,386335 3,323186 -0,086415 0,720079 3,427894
