16 12
-0,085957 0,079626 3,324358 1,052058 0,852883 3,218564 -0,328713 1,422575 3,252776 -0,055485 0,721400 3,378844
-0,087488 0,075676 3,313740 1,047420 0,848063 3,201732 -0,344829 1,427711 3,210660 -0,048156 0,721446 3,379160
-0,089541 0,086768 3,333863 1,053766 0,847845 3,201765 -0,212494 1,247328 2,893001 -0,050778 0,711622 3,365040
-0,095076 0,071337 3,336523 1,058243 0,851618 3,212419 -0,125203 1,116644 2,736674 -0,053295 0,677354 3,372053
-0,113874 0,063480 3,302464 1,044124 0,841108 3,201353 -0,015663 0,798227 2,690911 -0,060624 0,708181 3,441841
-0,116897 0,090646 3,357550 1,030578 0,828205 3,197862 0,108636 0,416000 2,543995 -0,041778 0,774736 3,482468
-0,109345 0,100422 3,327227 1,038871 0,835969 3,194512 0,125774 0,294128 2,554389 -0,045683 0,774031 3,443439
-0,155360 0,072388 3,198974 1,032249 0,823100 3,202092 0,136835 0,149450 2,585297 -0,049763 0,795004 3,456435
-0,151137 0,079048 3,201364 1,030633 0,826197 3,188141 0,123725 0,144327 2,613579 -0,053883 0,801353 3,469213
-0,139497 0,061183 3,249113 1,031476 0,828794 3,190911 0,121914 0,189370 2,617338 -0,045860 0,797814 3,522485
-0,112479 0,095804 3,353083 1,037615 0,837130 3,212540 0,078769 0,368596 2,524771 -0,052658 0,766690 3,442951
-0,108565 0,069479 3,324529 1,035362 0,846939 3,213526 -0,006100 0,725733 2,673996 -0,063341 0,728818 3,453918
-0,119752 0,060155 3,274637 1,020108 0,842136 3,199290 -0,086490 0,919640 2,764358 -0,062562 0,669987 3,450692
-0,103766 0,081497 3,342666 1,025353 0,851293 3,201650 -0,185529 1,202062 2,848074 -0,068751 0,706502 3,375094
-0,102023 0,084277 3,312670 1,018522 0,857731 3,206910 -0,333207 1,400039 3,239155 -0,070829 0,732037 3,378573
-0,101392 0,094491 3,324484 1,029187 0,866967 3,226628 -0,335833 1,393502 3,283079 -0,077267 0,734232 3,353435
