22 12
-0,053622 0,110950 3,348432 0,276004 1,354204 3,220642 -0,313545 1,385221 3,253038 -0,040786 0,743028 3,379730
-0,050614 0,105967 3,338647 0,307604 1,342891 3,190804 -0,304081 1,363258 3,174249 -0,033836 0,744508 3,405165
-0,040146 0,107155 3,317498 0,374520 1,269876 2,937557 -0,164835 1,213949 2,870638 -0,040361 0,721404 3,378889
-0,040106 0,108739 3,333175 0,405761 1,227248 2,863060 -0,091368 1,131779 2,751386 -0,028328 0,705377 3,388709
-0,022593 0,104210 3,349711 0,411459 1,133738 2,777218 0,018684 1,042367 2,795164 -0,041716 0,667827 3,480589
-0,016371 0,099454 3,331693 0,444565 0,968545 2,637048 0,133793 0,829749 2,589599 -0,031904 0,719296 3,521093
-0,002346 0,098603 3,339798 0,428232 0,935270 2,644348 0,167653 0,778692 2,586733 -0,027247 0,737008 3,535579
-0,003031 0,096188 3,362833 0,381916 0,904415 2,530506 0,263122 0,824479 2,722711 -0,031347 0,743322 3,549079
0,010102 0,098132 3,330737 0,410580 0,923973 2,546814 0,273777 0,829957 2,696849 -0,035240 0,753474 3,562766
0,010756 0,096737 3,345113 0,425491 0,930337 2,601035 0,264280 0,820310 2,694064 -0,035240 0,753474 3,562766
0,021340 0,104972 3,345293 0,415151 0,942597 2,571139 0,291897 0,846959 2,721853 -0,026999 0,748237 3,535706
0,024242 0,094481 3,343955 0,418031 0,965183 2,599002 0,295095 0,845703 2,716071 -0,019911 0,745992 3,563038
0,021470 0,094178 3,365217 0,428745 0,949375 2,617155 0,265706 0,837452 2,737600 -0,027690 0,751282 3,590473
0,022723 0,092483 3,352110 0,405155 0,936186 2,554747 0,294128 0,851033 2,729858 -0,020138 0,749718 3,562975
0,017220 0,087624 3,367296 0,403453 0,971205 2,588102 0,288823 0,860812 2,733418 -0,015680 0,746410 3,604544
0,018255 0,102940 3,370979 0,398775 0,966313 2,587867 0,263728 0,858317 2,743311 -0,023172 0,757797 3,604403
0,020820 0,084872 3,354115 0,410077 0,963926 2,609117 0,169335 0,850709 2,625619 -0,016983 0,713061 3,547813
0,013252 0,087064 3,352136 0,394662 1,034881 2,743734 0,039549 1,041221 2,828915 -0,004655 0,648763 3,455543
0,015771 0,094099 3,370686 0,393638 1,100911 2,839101 -0,049100 1,144347 2,900148 0,006655 0,674680 3,417702
0,008539 0,086859 3,359760 0,385669 1,211052 2,931831 -0,177643 1,225953 2,873324 -0,007334 0,726571 3,443060
0,003943 0,094323 3,356662 0,295636 1,409335 3,332157 -0,299058 1,365059 3,181125 -0,004546 0,740976 3,405868
-0,003240 0,093112 3,362818 0,281548 1,381338 3,313778 -0,291076 1,392605 3,279352 -0,000886 0,738474 3,393338
