29 12
-0,039213 0,078753 3,301551 0,247341 1,299265 3,215509 -0,328354 1,240422 3,037074 -0,018993 0,753918 3,380688
-0,038113 0,078502 3,303055 0,245661 1,296257 3,216976 -0,348677 1,137867 2,912164 -0,019057 0,751800 3,405679
-0,037408 0,079630 3,311610 0,250950 1,296919 3,214423 -0,359944 1,033551 2,793535 -0,025869 0,746652 3,380038
-0,038074 0,079830 3,318361 0,240513 1,307286 3,223126 -0,369801 0,896167 2,739539 -0,018149 0,737149 3,404426
-0,049264 0,084448 3,314314 0,239568 1,310776 3,227255 -0,376470 0,736842 2,680784 -0,019071 0,744564 3,405581
-0,048897 0,079966 3,310959 0,238929 1,298408 3,218451 -0,349531 0,577546 2,672534 -0,015826 0,749242 3,393192
-0,049727 0,077640 3,295956 0,246424 1,303107 3,223272 -0,316759 0,435168 2,734185 -0,023739 0,756827 3,343185
-0,048536 0,066060 3,325156 0,249109 1,298641 3,226267 -0,294061 0,377759 2,835008 -0,037962 0,746784 3,294640
-0,046923 0,069481 3,313104 0,256547 1,297385 3,227632 -0,301847 0,369729 2,856292 -0,009171 0,769130 3,368105
-0,052000 0,066864 3,328785 0,257211 1,281019 3,213767 -0,325659 0,384033 2,781115 -0,019884 0,763029 3,355826
-0,048619 0,062919 3,338766 0,257541 1,297927 3,219018 -0,356145 0,410643 2,692168 -0,015986 0,756989 3,343792
-0,046715 0,075030 3,352423 0,254533 1,311381 3,237017 -0,353239 0,414141 2,670084 -0,008940 0,758453 3,368257
-0,046931 0,071430 3,314448 0,262325 1,288907 3,216979 -0,314691 0,363561 2,737886 -0,016675 0,762342 3,318837
-0,041910 0,057149 3,295601 0,259116 1,301669 3,234714 -0,284402 0,324985 2,842927 -0,005730 0,782430 3,380328
-0,035620 0,066499 3,306780 0,261866 1,295585 3,236655 -0,279586 0,324936 2,912258 -0,002023 0,792313 3,392958
-0,033475 0,076769 3,297665 0,263001 1,308298 3,228040 -0,294834 0,317254 2,888690 -0,009917 0,781448 3,342398
-0,029826 0,070179 3,295266 0,263434 1,283730 3,217809 -0,319695 0,316258 2,826773 -0,013803 0,780323 3,353958
-0,038760 0,071409 3,293345 0,260320 1,302284 3,234132 -0,333245 0,327712 2,758319 -0,013803 0,780323 3,353958
-0,030967 0,070005 3,289171 0,256683 1,292673 3,213169 -0,321912 0,307218 2,767244 -0,017220 0,786686 3,366890
-0,029233 0,064492 3,281373 0,257331 1,299768 3,223985 -0,301390 0,286126 2,866462 -0,012817 0,780845 3,355893
-0,032440 0,078004 3,294679 0,262725 1,297522 3,231746 -0,293816 0,299227 2,956630 0,001370 0,793120 3,380053
-0,034771 0,083731 3,299272 0,256115 1,299141 3,215958 -0,289260 0,336554 2,977219 -0,002271 0,795804 3,392537
-0,030773 0,074961 3,300708 0,259580 1,307445 3,241527 -0,289735 0,391270 2,947863 -0,008916 0,779973 3,368527
-0,027579 0,076474 3,309121 0,258395 1,315733 3,230561 -0,291604 0,495205 2,895716 -0,001790 0,774351 3,393107
-0,024449 0,073948 3,303617 0,259366 1,298813 3,217752 -0,306507 0,677340 2,868767 -0,004601 0,745325 3,356219
-0,019328 0,064888 3,287206 0,255800 1,316206 3,230542 -0,332563 0,885028 2,853243 -0,021181 0,735681 3,415213
-0,024705 0,075771 3,295433 0,264050 1,300611 3,222400 -0,362238 1,080326 2,925661 -0,008005 0,742071 3,393233
-0,016532 0,076885 3,293048 0,256429 1,307631 3,215944 -0,366730 1,225044 3,039937 -0,008206 0,760103 3,393511
-0,023875 0,081121 3,295226 0,259535 1,292033 3,208366 -0,334762 1,279881 3,146923 -0,015570 0,760087 3,393372
