18 12
-0,024379 0,012338 3,356330 0,207717 1,357028 3,265436 -0,341175 1,388328 3,316359 -0,015664 0,748579 3,443933
-0,021720 0,005682 3,369589 0,207270 1,359178 3,268523 -0,373922 1,354256 3,199151 -0,022875 0,752214 3,443756
-0,022526 0,001579 3,385310 0,206979 1,358383 3,274707 -0,435598 1,341940 3,190376 -0,000984 0,752239 3,444189
-0,019475 -0,002185 3,382357 0,202464 1,355003 3,257178 -0,465775 1,246742 3,056349 0,010223 0,740985 3,406033
-0,024389 -0,002394 3,405152 0,200335 1,345294 3,239526 -0,557377 0,859359 2,553250 0,021176 0,747109 3,418724
-0,028713 0,010362 3,429628 0,200966 1,359192 3,263672 -0,577144 0,527748 2,486832 0,009855 0,791248 3,509534
-0,026160 0,008254 3,422352 0,209608 1,347903 3,256117 -0,583217 0,364941 2,443249 -0,013377 0,796548 3,535303
-0,025746 0,024644 3,409036 0,209138 1,345744 3,255533 -0,588016 0,148725 2,439937 -0,009078 0,801488 3,522920
-0,027734 0,018940 3,411824 0,213992 1,344124 3,257004 -0,574103 0,051079 2,438752 -0,009325 0,797636 3,522438
-0,025563 0,030018 3,412501 0,210019 1,346657 3,255914 -0,566319 0,045453 2,439082 -0,005544 0,794857 3,509083
-0,021996 0,019414 3,416499 0,213079 1,349655 3,259780 -0,564260 0,102604 2,442564 -0,001538 0,795917 3,496292
-0,018863 0,012576 3,428608 0,211860 1,355616 3,266617 -0,567569 0,290332 2,440938 -0,001304 0,784863 3,496441
-0,009853 0,000833 3,419755 0,212409 1,359660 3,276685 -0,555333 0,418638 2,408103 0,006375 0,775818 3,470350
-0,007140 -0,004856 3,422727 0,217533 1,354543 3,262918 -0,497927 0,789068 2,633904 0,039061 0,744431 3,405526
-0,008228 -0,005297 3,415804 0,219923 1,357855 3,278582 -0,461246 1,069941 2,717706 0,010495 0,751186 3,457235
-0,013731 -0,007604 3,412364 0,216666 1,348745 3,254458 -0,419153 1,189399 2,870747 0,002927 0,746049 3,431390
-0,023379 0,001861 3,373757 0,217519 1,355243 3,260060 -0,298412 1,408965 3,302063 -0,012164 0,749650 3,431177
-0,036416 0,002998 3,359637 0,217166 1,353769 3,263496 -0,314925 1,361689 3,266472 -0,019364 0,746009 3,431007
