17 12
-0,193821 0,087394 3,394852 0,093035 1,378348 3,347101 -0,455958 1,347564 3,327615 -0,151794 0,757565 3,488432
-0,176629 0,080518 3,382461 0,093032 1,375408 3,331227 -0,463555 1,338832 3,328869 -0,154159 0,742364 3,448750
-0,171934 0,085193 3,387252 0,088694 1,367455 3,322029 -0,470385 1,311968 3,283800 -0,150886 0,744989 3,462076
-0,162296 0,087293 3,428111 0,090758 1,356400 3,310575 -0,562533 1,025509 2,827353 -0,143425 0,745115 3,462753
-0,176114 0,087471 3,445822 0,091063 1,378897 3,329278 -0,625426 0,673680 2,688779 -0,133088 0,755095 3,476639
-0,177648 0,095841 3,436249 0,085437 1,373724 3,338551 -0,661473 0,476835 2,580041 -0,128541 0,782148 3,556710
-0,183151 0,114217 3,426871 0,092402 1,359990 3,312142 -0,707263 0,187311 2,490665 -0,136807 0,799163 3,584417
-0,181014 0,108400 3,426950 0,094740 1,375247 3,343069 -0,698408 0,081691 2,467726 -0,152206 0,806504 3,583288
-0,184375 0,103458 3,389772 0,096802 1,370718 3,323128 -0,692318 0,069350 2,481921 -0,140246 0,803839 3,570423
-0,179318 0,105382 3,437977 0,095551 1,365199 3,321312 -0,688291 0,132622 2,494487 -0,135190 0,795424 3,529784
-0,177320 0,092741 3,405925 0,101620 1,367077 3,309838 -0,657002 0,347270 2,414866 -0,126113 0,771716 3,504060
-0,169214 0,086779 3,417150 0,099603 1,354249 3,307167 -0,636570 0,480589 2,399196 -0,106212 0,765722 3,492178
-0,162276 0,073625 3,428625 0,106606 1,359669 3,312826 -0,582210 0,904107 2,735031 -0,132139 0,740572 3,476582
-0,166453 0,074330 3,414378 0,105925 1,362475 3,318994 -0,540765 1,146430 2,858161 -0,137011 0,761451 3,489748
-0,167246 0,076083 3,423973 0,104282 1,380588 3,331631 -0,492373 1,246518 3,026470 -0,147601 0,755006 3,475614
-0,176552 0,078774 3,392038 0,104243 1,365369 3,312286 -0,452451 1,367443 3,318586 -0,153928 0,746071 3,448792
-0,188996 0,074832 3,401599 0,111908 1,374729 3,334767 -0,449230 1,363583 3,336203 -0,162321 0,751100 3,474100
