18 12
-0,046157 -0,210044 3,416680 0,340673 1,271999 3,253096 -0,479141 1,225352 3,337136 -0,015803 0,592946 3,493477
-0,044785 -0,224120 3,397844 0,339205 1,282152 3,253432 -0,495519 1,149992 3,222916 -0,012408 0,598199 3,480545
-0,044221 -0,218453 3,402989 0,342235 1,274220 3,241808 -0,540342 1,052425 3,217387 -0,019292 0,590482 3,454171
-0,041723 -0,217446 3,396020 0,343547 1,263899 3,224924 -0,570627 0,918003 3,148010 -0,027040 0,590878 3,480039
-0,045103 -0,216612 3,397151 0,349444 1,273456 3,225159 -0,630569 0,483792 2,893469 -0,019393 0,598674 3,506522
-0,042372 -0,216325 3,399018 0,362327 1,264779 3,213539 -0,683008 0,116101 3,068156 -0,038005 0,592456 3,466524
-0,038643 -0,226749 3,403421 0,367947 1,247621 3,198023 -0,693947 -0,030898 3,133276 -0,042036 0,590827 3,479526
-0,039510 -0,217096 3,399913 0,374846 1,246972 3,211439 -0,674593 -0,199522 3,358300 -0,056456 0,582730 3,427283
-0,039146 -0,222540 3,406328 0,379388 1,255711 3,222568 -0,641838 -0,255936 3,350227 -0,056650 0,579108 3,427312
-0,040312 -0,218708 3,408076 0,374496 1,245775 3,216914 -0,628225 -0,253020 3,341893 -0,057024 0,579033 3,427217
-0,042132 -0,211268 3,397227 0,363432 1,247232 3,195923 -0,634686 -0,211338 3,257676 -0,060383 0,580692 3,414511
-0,044872 -0,215519 3,399338 0,355408 1,270683 3,222993 -0,637270 -0,119669 3,229404 -0,049667 0,593980 3,453418
-0,043918 -0,216979 3,382218 0,351657 1,263701 3,221734 -0,624191 -0,037689 3,150732 -0,045834 0,591972 3,440701
-0,045023 -0,210828 3,410667 0,350709 1,275161 3,226613 -0,618048 0,274129 3,059822 -0,027215 0,601851 3,480273
-0,043031 -0,215497 3,384395 0,343360 1,287116 3,231297 -0,574483 0,685613 2,880545 -0,026842 0,594532 3,479948
-0,042157 -0,219121 3,385480 0,344377 1,281297 3,243257 -0,551111 0,903543 2,994471 -0,027411 0,598163 3,480183
-0,042617 -0,221037 3,384779 0,341505 1,268712 3,244397 -0,477873 1,209752 3,369791 -0,027204 0,609176 3,480389
-0,046935 -0,217029 3,379094 0,339814 1,271426 3,247655 -0,462782 1,225369 3,379691 -0,027215 0,601851 3,480273
