18 12
-0,048012 -0,202850 3,386237 0,314210 1,287267 3,265466 -0,466629 1,120003 3,228369 -0,015960 0,592514 3,467405
-0,038464 -0,199155 3,381340 0,321580 1,288907 3,267493 -0,479884 1,074136 3,212188 -0,012611 0,587177 3,480238
-0,036338 -0,204389 3,380787 0,321150 1,286143 3,258139 -0,480924 0,999036 3,156684 -0,012053 0,583591 3,480315
-0,035207 -0,192828 3,403725 0,317478 1,297247 3,278104 -0,511095 0,781007 2,997226 -0,004132 0,587615 3,506465
-0,024686 -0,205168 3,399521 0,313222 1,293778 3,272639 -0,650693 0,550045 3,128083 -0,008479 0,578591 3,519921
-0,020440 -0,204790 3,381072 0,316170 1,311815 3,292386 -0,764054 0,407707 3,126828 -0,015971 0,585219 3,467293
-0,002889 -0,211332 3,400946 0,324934 1,318941 3,296856 -0,842470 0,249734 2,949936 -0,004346 0,576590 3,506508
0,004447 -0,213915 3,382660 0,327591 1,315521 3,301601 -0,807160 0,270201 2,917806 -0,000963 0,581940 3,493637
0,005955 -0,212294 3,395341 0,334937 1,316658 3,303793 -0,725770 0,309394 2,930135 -0,012247 0,579924 3,480303
0,002877 -0,213388 3,381705 0,338706 1,323530 3,319283 -0,692889 0,359464 2,999528 -0,011874 0,579926 3,480123
0,003471 -0,201741 3,396157 0,347929 1,314006 3,325854 -0,841644 0,263691 3,160172 -0,022511 0,581452 3,465884
0,001232 -0,218546 3,393084 0,343887 1,328420 3,324900 -0,856931 0,238849 3,159385 0,002915 0,568975 3,480359
0,002696 -0,211740 3,396905 0,350060 1,336476 3,331925 -0,859701 0,339331 3,067119 0,003301 0,576256 3,480140
-0,001942 -0,217379 3,398916 0,347612 1,336399 3,313546 -0,755219 0,534884 3,016958 -0,004329 0,583955 3,506629
-0,001894 -0,217224 3,396759 0,344728 1,318281 3,313476 -0,708537 0,654188 3,000403 -0,007936 0,578242 3,493051
-0,006762 -0,214820 3,373017 0,324175 1,320489 3,280701 -0,630849 0,960500 3,267012 -0,015626 0,570644 3,466885
-0,021756 -0,207900 3,409968 0,317539 1,325787 3,313466 -0,503514 1,056955 3,170140 -0,008320 0,584871 3,441648
-0,022487 -0,194527 3,414717 0,309621 1,318516 3,321521 -0,459396 1,108476 3,226265 -0,015789 0,600293 3,493595
