30 12
-0,080964 -0,217639 3,480371 0,274019 1,292220 3,370549 -0,568853 1,135964 3,318089 -0,083030 0,559429 3,463993
-0,083528 -0,207479 3,493873 0,272944 1,298786 3,365298 -0,613268 1,075860 3,263954 -0,087181 0,564959 3,476947
-0,082904 -0,203005 3,492252 0,267367 1,305316 3,363023 -0,672654 0,986929 3,180200 -0,094821 0,561484 3,502309
-0,085244 -0,207647 3,481514 0,273888 1,287411 3,355751 -0,732409 0,859702 3,095374 -0,086339 0,553872 3,450584
-0,086963 -0,212779 3,479630 0,267620 1,295236 3,349609 -0,765194 0,695767 3,026353 -0,094825 0,554135 3,502184
-0,086635 -0,214847 3,488702 0,274087 1,284334 3,336461 -0,775067 0,517896 2,997051 -0,078905 0,553923 3,451042
-0,085987 -0,218644 3,505010 0,270626 1,299774 3,355572 -0,772790 0,389754 3,024096 -0,086525 0,550242 3,450723
-0,085924 -0,211032 3,496537 0,267916 1,284889 3,333223 -0,758326 0,317108 3,051868 -0,087182 0,557656 3,476827
-0,080706 -0,213812 3,499275 0,267148 1,272433 3,306813 -0,766172 0,284967 3,029164 -0,090486 0,559374 3,463523
-0,078130 -0,210406 3,511396 0,267330 1,275957 3,312995 -0,788840 0,325813 3,071689 -0,093579 0,557432 3,449862
-0,072373 -0,211453 3,515325 0,260638 1,281398 3,314063 -0,796460 0,394866 3,065585 -0,090303 0,555742 3,463263
-0,067570 -0,221315 3,516677 0,260442 1,281413 3,317544 -0,807049 0,443312 3,041121 -0,090805 0,559576 3,489372
-0,068078 -0,214281 3,510492 0,259018 1,278289 3,300736 -0,795035 0,459717 3,013128 -0,094137 0,553789 3,450413
-0,067528 -0,217148 3,506088 0,258388 1,293706 3,317317 -0,790580 0,423228 3,028688 -0,094137 0,553789 3,450413
-0,073971 -0,224219 3,526362 0,260301 1,290523 3,310176 -0,777257 0,358262 3,026630 -0,108809 0,550061 3,449189
-0,075788 -0,215306 3,509306 0,263038 1,277495 3,311061 -0,760229 0,295084 3,021131 -0,087000 0,554025 3,476656
-0,079991 -0,224934 3,513780 0,261570 1,273477 3,295283 -0,747442 0,240777 3,044649 -0,089994 0,548343 3,437654
-0,080173 -0,212456 3,518878 0,270780 1,272865 3,302591 -0,737562 0,225262 3,058724 -0,087183 0,550356 3,476706
-0,078910 -0,217242 3,506986 0,266618 1,270026 3,280870 -0,741562 0,237479 3,051658 -0,090307 0,548469 3,463148
-0,076266 -0,214652 3,503239 0,268194 1,275709 3,282186 -0,743559 0,300029 3,059602 -0,083033 0,552154 3,463876
-0,075874 -0,215957 3,506672 0,269003 1,257963 3,268492 -0,750295 0,374175 3,059184 -0,080136 0,561572 3,503582
-0,074577 -0,218789 3,496890 0,269176 1,252174 3,268678 -0,745289 0,465866 3,049599 -0,071669 0,554117 3,477076
-0,078925 -0,215214 3,512789 0,267893 1,267247 3,257586 -0,729460 0,572569 3,051190 -0,079951 0,565268 3,503539
-0,077292 -0,214084 3,506178 0,273389 1,254499 3,273870 -0,710790 0,681901 3,067704 -0,079773 0,554243 3,503153
-0,079669 -0,223121 3,495727 0,268412 1,267539 3,266924 -0,684820 0,796148 3,114173 -0,071857 0,550479 3,477294
-0,078891 -0,222106 3,496900 0,259434 1,287344 3,298078 -0,643214 0,894989 3,139077 -0,065070 0,561667 3,504400
-0,077540 -0,222722 3,499926 0,267592 1,284682 3,311740 -0,594922 0,994400 3,167926 -0,087785 0,565457 3,529471
-0,082393 -0,215165 3,489739 0,261781 1,282796 3,322096 -0,538515 1,072900 3,261715 -0,079761 0,568948 3,503401
-0,085708 -0,228355 3,495247 0,257879 1,295688 3,339291 -0,499752 1,118230 3,315808 -0,079954 0,557914 3,503413
-0,086444 -0,221032 3,488002 0,258709 1,285910 3,335582 -0,477596 1,133508 3,341479 -0,079954 0,557914 3,503413
