28 12
-0,114395 -0,202557 3,489185 0,268000 1,307954 3,419728 -0,554767 1,227681 3,421133 -0,107405 0,582121 3,542253
-0,113897 -0,204765 3,488728 0,257942 1,312001 3,412084 -0,599573 1,167795 3,347024 -0,115863 0,582371 3,568892
-0,113715 -0,203716 3,495662 0,264327 1,320661 3,397700 -0,647889 1,068236 3,231331 -0,107402 0,574686 3,542117
-0,115810 -0,198930 3,500641 0,261374 1,306718 3,397915 -0,700560 0,919851 3,166383 -0,115482 0,574943 3,568550
-0,113587 -0,200028 3,500352 0,261594 1,302422 3,386433 -0,745330 0,724493 3,087408 -0,110241 0,568680 3,501705
-0,116593 -0,207381 3,492116 0,260257 1,306431 3,384296 -0,770280 0,515509 3,016306 -0,127504 0,573082 3,581443
-0,118076 -0,201946 3,499227 0,260248 1,306862 3,384594 -0,771305 0,338739 3,049752 -0,106598 0,574402 3,515199
-0,116400 -0,206010 3,487486 0,263917 1,304227 3,383740 -0,756861 0,175894 3,063523 -0,118628 0,568832 3,527762
-0,119174 -0,207082 3,497611 0,260454 1,311206 3,402180 -0,734418 0,042836 3,112429 -0,112181 0,580749 3,582822
-0,120020 -0,204384 3,503437 0,266726 1,306033 3,390132 -0,695327 -0,058862 3,157335 -0,115856 0,574885 3,568746
-0,119535 -0,200586 3,500936 0,272500 1,304417 3,394914 -0,655610 -0,120980 3,215254 -0,120031 0,576879 3,582202
-0,117718 -0,207270 3,487159 0,267538 1,302692 3,390737 -0,631113 -0,150218 3,249258 -0,124982 0,583026 3,623748
-0,118308 -0,196621 3,494591 0,281249 1,316136 3,406066 -0,625686 -0,157893 3,265130 -0,115673 0,578665 3,568769
-0,115294 -0,205756 3,490626 0,281537 1,308467 3,399671 -0,628652 -0,172951 3,281278 -0,120031 0,576879 3,582202
-0,114325 -0,206839 3,492627 0,281460 1,315971 3,406027 -0,634330 -0,167597 3,254356 -0,124233 0,578887 3,595747
-0,113340 -0,208489 3,495828 0,280658 1,311052 3,412214 -0,647498 -0,146390 3,237540 -0,120031 0,576879 3,582202
-0,111603 -0,204587 3,501823 0,283313 1,317242 3,411240 -0,660864 -0,121725 3,233956 -0,124233 0,578887 3,595747
-0,115213 -0,206816 3,502884 0,278169 1,315957 3,406086 -0,668096 -0,082434 3,196645 -0,115856 0,574885 3,568746
-0,112902 -0,200782 3,505810 0,276422 1,313495 3,414244 -0,685707 -0,005832 3,171712 -0,120031 0,576879 3,582202
-0,114723 -0,200421 3,503597 0,272606 1,310941 3,388906 -0,695200 0,123093 3,148674 -0,110878 0,572646 3,528364
-0,111401 -0,199909 3,491016 0,265434 1,317696 3,402798 -0,689352 0,275942 3,071262 -0,114143 0,574331 3,514627
-0,107761 -0,201714 3,483072 0,258971 1,322719 3,394158 -0,690928 0,483865 3,024969 -0,103904 0,576740 3,555960
-0,105351 -0,197165 3,489863 0,256103 1,330244 3,402598 -0,677112 0,715759 3,038324 -0,110878 0,572646 3,528364
-0,104449 -0,200348 3,483443 0,251217 1,318883 3,384798 -0,655393 0,914170 3,119821 -0,110244 0,576035 3,501833
-0,106531 -0,195759 3,491083 0,251104 1,316065 3,385704 -0,628015 1,073879 3,226076 -0,107778 0,582033 3,542244
-0,106905 -0,202761 3,491725 0,239972 1,321260 3,385784 -0,599690 1,171896 3,316617 -0,111719 0,587825 3,555658
-0,111114 -0,206698 3,473480 0,239523 1,312360 3,367530 -0,568325 1,209013 3,380783 -0,111071 0,583722 3,528611
-0,117611 -0,201816 3,498529 0,242656 1,315133 3,375622 -0,540041 1,246084 3,444086 -0,114334 0,578000 3,514833
