24 12
0,002648 -0,221442 3,367481 0,350296 1,306355 3,312947 -0,446615 1,162042 3,373953 0,003088 0,565313 3,480181
0,002404 -0,219917 3,384164 0,356408 1,299417 3,309746 -0,519677 0,925952 3,041460 0,003280 0,568945 3,480026
0,003757 -0,225961 3,403858 0,357375 1,299559 3,294914 -0,586240 0,500715 2,988067 -0,008191 0,559532 3,441153
0,002571 -0,221854 3,400986 0,364760 1,299472 3,306396 -0,606583 0,216287 2,905023 -0,011562 0,557940 3,479243
0,004298 -0,227879 3,396828 0,364054 1,317704 3,313042 -0,587578 -0,238818 3,136503 -0,019048 0,539621 3,452872
-0,002655 -0,228364 3,420727 0,372215 1,307194 3,313935 -0,538634 -0,564628 3,091462 -0,004491 0,546937 3,453865
-0,011449 -0,223483 3,416418 0,367277 1,307929 3,298032 -0,519415 -0,717061 3,142948 -0,012453 0,553995 3,428381
-0,018189 -0,224407 3,405389 0,368580 1,298234 3,294422 -0,497642 -0,850725 3,097321 0,014253 0,563370 3,467285
-0,019445 -0,223845 3,390146 0,365114 1,309923 3,318745 -0,324723 -0,838782 2,889383 0,006689 0,556272 3,493301
-0,015543 -0,224776 3,396973 0,358120 1,327397 3,335718 -0,291300 -0,871256 3,025064 0,006145 0,552539 3,493052
-0,014974 -0,217868 3,400664 0,352068 1,326437 3,333676 -0,341512 -0,931582 3,033084 0,007165 0,560107 3,519478
-0,009608 -0,226094 3,380518 0,343514 1,324998 3,336639 -0,340357 -0,916418 2,995239 0,017518 0,554325 3,480230
-0,006884 -0,222647 3,398793 0,343789 1,319736 3,334959 -0,289301 -0,917192 3,079640 0,013851 0,556241 3,493329
-0,014395 -0,214767 3,377725 0,358850 1,335346 3,368373 -0,319568 -0,911703 3,039836 0,010256 0,557826 3,454364
-0,009420 -0,229128 3,397431 0,367120 1,324040 3,331373 -0,352487 -0,910698 3,099553 0,017875 0,554352 3,480285
-0,010870 -0,220976 3,403802 0,372454 1,319749 3,333575 -0,364033 -0,918763 3,155967 0,006214 0,552428 3,467117
-0,006732 -0,216460 3,409984 0,392251 1,350267 3,378914 -0,459403 -0,829503 2,972863 0,010735 0,554327 3,479905
0,013468 -0,233710 3,372752 0,400491 1,329853 3,353521 -0,557725 -0,695586 3,086271 0,017876 0,554184 3,454266
0,027280 -0,228369 3,389588 0,397325 1,325820 3,313177 -0,586285 -0,515738 3,030558 0,025118 0,543302 3,454244
0,042798 -0,229025 3,414973 0,402615 1,346386 3,328702 -0,614085 0,004839 2,906514 0,006671 0,548943 3,493186
0,043057 -0,227121 3,402711 0,404002 1,351089 3,344730 -0,560696 0,613023 2,933104 0,002696 0,550698 3,480106
0,040185 -0,224133 3,394257 0,399924 1,358330 3,382793 -0,537800 0,841606 3,079015 -0,008323 0,570933 3,493290
0,023239 -0,232800 3,365143 0,378349 1,342255 3,363774 -0,486462 1,140294 3,358417 -0,015845 0,552442 3,466742
0,008439 -0,228775 3,386630 0,359712 1,343230 3,383162 -0,442709 1,184089 3,362923 -0,004690 0,554038 3,428534
