28 12
-0,045168 -0,215984 3,358500 0,338600 1,261819 3,289383 -0,469054 1,148037 3,303850 -0,067776 0,523217 3,413319
-0,045099 -0,218148 3,352515 0,341371 1,270138 3,297818 -0,483026 1,120481 3,244525 -0,063758 0,525081 3,400984
-0,045145 -0,216092 3,355822 0,340820 1,263028 3,285404 -0,505033 1,072918 3,175123 -0,071275 0,521435 3,400559
-0,043401 -0,216117 3,362001 0,337737 1,266211 3,267266 -0,534532 0,985518 3,095769 -0,063932 0,521477 3,400930
-0,042241 -0,212393 3,378678 0,337315 1,269973 3,281394 -0,554226 0,852976 2,985423 -0,070742 0,514437 3,375623
-0,044038 -0,218742 3,366194 0,335460 1,257251 3,264667 -0,574544 0,676059 2,891823 -0,070573 0,510912 3,375489
-0,045725 -0,216239 3,358833 0,334849 1,264655 3,275598 -0,575851 0,416884 2,862220 -0,063758 0,525081 3,400984
-0,049105 -0,214744 3,363976 0,328235 1,285740 3,280724 -0,574418 0,208325 2,930053 -0,067604 0,526674 3,363192
-0,053005 -0,207810 3,366477 0,322846 1,274175 3,278988 -0,534384 0,013330 2,964221 -0,074922 0,523175 3,387850
-0,055495 -0,213647 3,357705 0,314312 1,289062 3,281489 -0,494648 -0,141268 3,040224 -0,077803 0,514465 3,350726
-0,055511 -0,210824 3,362077 0,319463 1,279844 3,274638 -0,445788 -0,254008 3,134296 -0,081639 0,516154 3,362751
-0,056117 -0,209967 3,354113 0,316742 1,272722 3,267619 -0,410862 -0,302076 3,228293 -0,074159 0,516249 3,338743
-0,056252 -0,211565 3,366138 0,316759 1,271208 3,262425 -0,385229 -0,318230 3,289785 -0,096693 0,519509 3,386548
-0,055492 -0,218681 3,370289 0,305119 1,275677 3,263623 -0,374359 -0,321224 3,308288 -0,095835 0,516093 3,337460
-0,053190 -0,205441 3,360358 0,304131 1,281554 3,274137 -0,365809 -0,319550 3,285789 -0,087982 0,509318 3,313880
-0,053235 -0,205643 3,360855 0,302731 1,294569 3,282078 -0,370291 -0,311328 3,269172 -0,096347 0,519531 3,361835
-0,049521 -0,214526 3,345960 0,307105 1,272084 3,259526 -0,378758 -0,302173 3,261145 -0,077406 0,511072 3,326504
-0,048905 -0,204340 3,362736 0,311419 1,274493 3,266480 -0,394767 -0,272172 3,224617 -0,092468 0,517835 3,349839
-0,048074 -0,209497 3,360556 0,310879 1,268963 3,262024 -0,409175 -0,227073 3,172724 -0,092471 0,524881 3,349932
-0,046836 -0,216692 3,360475 0,310790 1,281882 3,272343 -0,430577 -0,133322 3,126875 -0,089082 0,526658 3,362391
-0,041838 -0,206849 3,359675 0,305282 1,299989 3,276854 -0,448681 0,006169 3,031592 -0,085499 0,524947 3,374946
-0,039608 -0,210422 3,361389 0,314467 1,271756 3,260038 -0,468611 0,199504 2,938732 -0,074713 0,537313 3,363210
-0,035304 -0,216443 3,353524 0,309403 1,303728 3,281695 -0,491159 0,459322 2,896436 -0,083834 0,507735 3,302085
-0,033007 -0,215916 3,357092 0,309869 1,296233 3,284656 -0,508130 0,731070 2,924962 -0,063249 0,514388 3,400336
-0,031359 -0,212709 3,349297 0,303165 1,283905 3,264643 -0,514987 0,953575 3,019344 -0,063758 0,525081 3,400984
-0,029766 -0,210024 3,365156 0,299577 1,281750 3,265258 -0,517199 1,123015 3,116105 -0,059932 0,530460 3,388770
-0,031806 -0,217489 3,342375 0,297728 1,290069 3,259570 -0,521153 1,241992 3,253839 -0,063930 0,528621 3,401032
-0,035069 -0,211456 3,356699 0,299100 1,277043 3,261283 -0,511280 1,273728 3,340424 -0,063581 0,528672 3,400951
