29 12
-0,100229 -0,181639 3,405458 0,278728 1,304690 3,342881 -0,556178 1,191327 3,349142 -0,084602 0,589753 3,543916
-0,101134 -0,186955 3,397593 0,282083 1,307466 3,362477 -0,566195 1,114193 3,254963 -0,095193 0,576170 3,502895
-0,101930 -0,192880 3,405954 0,286217 1,305486 3,344266 -0,573491 1,010271 3,166771 -0,095006 0,572510 3,502710
-0,104137 -0,184804 3,411732 0,285078 1,286120 3,316550 -0,579779 0,886867 3,103408 -0,090927 0,570803 3,515271
-0,105061 -0,182464 3,411958 0,285602 1,293335 3,315922 -0,586755 0,750083 3,026230 -0,102140 0,572140 3,476078
-0,104626 -0,190390 3,409950 0,281324 1,299254 3,325527 -0,601201 0,626882 2,973576 -0,095193 0,576170 3,502895
-0,095874 -0,198984 3,414824 0,275879 1,300701 3,314957 -0,622874 0,568643 3,022451 -0,091874 0,581863 3,516526
-0,098395 -0,185112 3,417246 0,270394 1,286700 3,305043 -0,624633 0,575148 3,008631 -0,102140 0,572140 3,476078
-0,093632 -0,187932 3,414231 0,270289 1,291818 3,301550 -0,636078 0,656002 2,957041 -0,083945 0,574588 3,516730
-0,089437 -0,191816 3,419141 0,265260 1,293603 3,309767 -0,637874 0,721767 2,976227 -0,088156 0,572842 3,529931
-0,095861 -0,197688 3,415163 0,271196 1,292209 3,313178 -0,625707 0,700892 3,001825 -0,088156 0,580252 3,530063
-0,093293 -0,190160 3,416532 0,267076 1,301288 3,325619 -0,634654 0,651256 2,980263 -0,095193 0,576170 3,502895
-0,095727 -0,191022 3,426102 0,268793 1,295503 3,323403 -0,643914 0,592029 2,986974 -0,091498 0,574531 3,516250
-0,092150 -0,190358 3,404659 0,276590 1,292278 3,325451 -0,662324 0,542304 2,964754 -0,100752 0,578720 3,569869
-0,094585 -0,189652 3,409751 0,280067 1,302271 3,335330 -0,681750 0,547923 3,004875 -0,094848 0,575824 3,476678
-0,092258 -0,187589 3,409401 0,290534 1,302358 3,340943 -0,701373 0,636400 2,975111 -0,087968 0,576564 3,529879
-0,090955 -0,189145 3,423151 0,290981 1,309791 3,355262 -0,704454 0,710530 3,018172 -0,084602 0,582313 3,543781
-0,092679 -0,191386 3,420663 0,293033 1,304862 3,346859 -0,707986 0,713904 3,025698 -0,095006 0,572510 3,502710
-0,095804 -0,190305 3,410420 0,288884 1,298167 3,337170 -0,710751 0,683712 3,023379 -0,095193 0,576170 3,502895
-0,096152 -0,190305 3,407270 0,286606 1,300117 3,332792 -0,734695 0,643306 3,024790 -0,088156 0,572842 3,529931
-0,096168 -0,191492 3,405972 0,292784 1,292609 3,329045 -0,730152 0,609059 3,013302 -0,095381 0,579815 3,502989
-0,093785 -0,190519 3,409505 0,289589 1,292821 3,330418 -0,723177 0,645114 3,018903 -0,087180 0,572264 3,477067
-0,095507 -0,187496 3,406843 0,281471 1,296851 3,329000 -0,714097 0,757245 3,022932 -0,091311 0,570843 3,515973
-0,094086 -0,187981 3,409641 0,285673 1,305053 3,350103 -0,691495 0,867791 3,067235 -0,086994 0,568630 3,476895
-0,089527 -0,190208 3,417045 0,284739 1,308709 3,349552 -0,669521 0,977247 3,098277 -0,083945 0,574588 3,516730
-0,091485 -0,185905 3,414772 0,279282 1,305653 3,341074 -0,639966 1,080470 3,148109 -0,087478 0,572569 3,503201
-0,090193 -0,191948 3,423326 0,275514 1,309089 3,350191 -0,611498 1,155956 3,229583 -0,084318 0,581923 3,516992
-0,090490 -0,187085 3,413486 0,274376 1,318132 3,353827 -0,577697 1,226599 3,318315 -0,084131 0,578263 3,516907
-0,089887 -0,193832 3,415820 0,275464 1,310063 3,364877 -0,550239 1,259771 3,391501 -0,096283 0,591734 3,556768
