35 12
-0,066053 -0,209572 3,350172 0,292101 1,315090 3,275779 -0,484116 1,223210 3,196558 -0,089036 0,519624 3,386900
-0,065619 -0,209228 3,334299 0,290837 1,298682 3,248352 -0,525171 1,191864 3,126398 -0,093116 0,517753 3,399192
-0,067236 -0,211717 3,343890 0,294038 1,303127 3,269096 -0,558942 1,106347 3,072632 -0,089515 0,523132 3,411940
-0,069917 -0,211781 3,337278 0,291703 1,308210 3,273998 -0,582421 0,950571 2,968335 -0,092618 0,514293 3,374325
-0,071151 -0,209250 3,338877 0,296042 1,312255 3,271499 -0,592264 0,755658 2,926393 -0,096177 0,508914 3,386078
-0,070243 -0,214383 3,338953 0,294240 1,300514 3,259277 -0,594134 0,585965 2,925310 -0,107778 0,517635 3,398172
-0,072612 -0,219985 3,344055 0,302137 1,306216 3,276675 -0,579188 0,436044 2,898484 -0,099732 0,510718 3,373677
-0,069303 -0,218988 3,343888 0,302320 1,310070 3,278278 -0,571606 0,355374 2,923656 -0,084610 0,504029 3,326001
-0,063128 -0,214304 3,336430 0,303975 1,312836 3,276020 -0,575357 0,350958 2,936881 -0,084441 0,507562 3,326030
-0,058447 -0,214234 3,345906 0,298619 1,307357 3,253538 -0,584734 0,392921 2,930707 -0,088441 0,505670 3,337846
-0,053057 -0,212076 3,348000 0,295113 1,304915 3,260428 -0,609785 0,483456 2,918740 -0,096003 0,512553 3,361775
-0,051715 -0,218776 3,341913 0,284189 1,306251 3,257404 -0,623206 0,547358 2,947423 -0,095320 0,512696 3,337347
-0,045370 -0,217479 3,345387 0,283084 1,310861 3,266293 -0,627018 0,550018 2,915202 -0,085157 0,510823 3,374640
-0,049683 -0,212400 3,341262 0,283054 1,310307 3,272153 -0,609009 0,502981 2,919024 -0,096003 0,512553 3,361775
-0,053208 -0,215083 3,343814 0,281060 1,304309 3,249960 -0,573941 0,421627 2,895597 -0,084711 0,507433 3,350106
-0,050995 -0,213962 3,353703 0,282324 1,316189 3,276834 -0,557682 0,346252 2,896730 -0,081048 0,509265 3,338314
-0,049700 -0,214230 3,344595 0,288787 1,315802 3,285148 -0,549131 0,318375 2,917269 -0,077015 0,507723 3,302602
-0,047630 -0,222139 3,352132 0,300788 1,291965 3,242752 -0,553393 0,328391 2,923321 -0,076847 0,504284 3,302555
-0,045617 -0,217255 3,349970 0,299699 1,300300 3,244000 -0,571429 0,368309 2,884032 -0,080632 0,505918 3,314258
-0,044625 -0,228387 3,347212 0,305652 1,299766 3,249111 -0,604202 0,443893 2,895784 -0,091785 0,503876 3,349417
-0,044837 -0,224075 3,352220 0,309203 1,313400 3,272722 -0,619702 0,477419 2,915246 -0,099732 0,510718 3,373677
-0,048044 -0,223086 3,351200 0,307473 1,305479 3,264731 -0,618934 0,451040 2,908560 -0,092126 0,510879 3,349789
-0,053082 -0,213798 3,349273 0,308542 1,310699 3,268661 -0,594850 0,408406 2,882714 -0,103267 0,512495 3,361274
-0,053007 -0,226905 3,350974 0,304858 1,298043 3,246890 -0,566275 0,338108 2,865301 -0,076847 0,504284 3,302555
-0,050607 -0,214035 3,362305 0,298148 1,295847 3,240206 -0,535633 0,306583 2,901109 -0,084441 0,507562 3,326030
-0,050159 -0,224592 3,350138 0,299600 1,297160 3,242017 -0,511726 0,319117 2,929090 -0,080801 0,509368 3,314309
-0,051602 -0,223660 3,348891 0,297076 1,297150 3,241184 -0,494830 0,366638 2,930420 -0,088272 0,509215 3,337874
-0,050447 -0,230331 3,345606 0,303519 1,295490 3,240803 -0,484300 0,456774 2,927755 -0,099560 0,507188 3,373439
-0,047223 -0,225607 3,358277 0,300155 1,299103 3,236350 -0,483338 0,584099 2,894834 -0,095661 0,505527 3,361392
-0,044018 -0,229990 3,361782 0,302898 1,297775 3,245191 -0,484801 0,739061 2,903564 -0,080543 0,498773 3,337673
-0,043310 -0,210778 3,354174 0,294363 1,305429 3,253442 -0,486656 0,880330 2,957678 -0,077289 0,511009 3,350414
-0,040745 -0,219035 3,355919 0,295332 1,302432 3,254815 -0,474227 1,021800 3,028639 -0,085328 0,514345 3,374785
-0,040762 -0,216896 3,339736 0,294835 1,309418 3,266616 -0,459127 1,127182 3,122375 -0,089036 0,519624 3,386900
-0,041512 -0,218730 3,342878 0,296762 1,316075 3,274045 -0,445837 1,196352 3,212068 -0,085328 0,514345 3,374785
-0,040549 -0,220465 3,346242 0,299320 1,308947 3,256770 -0,442472 1,238047 3,287515 -0,085328 0,514345 3,374785
