23 12
-0,030973 -0,212451 3,410729 0,298986 1,278410 3,243945 -0,536399 1,094022 3,265307 -0,027127 0,602350 3,506516
-0,031720 -0,223227 3,413304 0,300039 1,281117 3,250188 -0,577494 0,998634 3,185704 -0,015971 0,585219 3,467293
-0,029187 -0,219164 3,425447 0,300971 1,289854 3,264934 -0,657912 0,645098 2,877402 -0,019553 0,583578 3,480134
-0,036372 -0,219146 3,433408 0,304846 1,286805 3,266925 -0,767420 0,317267 3,054576 -0,019357 0,587230 3,480049
-0,037777 -0,218392 3,429312 0,305341 1,287508 3,263475 -0,775599 0,175887 3,040028 -0,019673 0,590478 3,454360
-0,036269 -0,220260 3,420435 0,310980 1,288272 3,279403 -0,721458 0,014282 3,268277 -0,037893 0,580493 3,390355
-0,038021 -0,218937 3,425105 0,316703 1,303762 3,296710 -0,546509 -0,015802 3,084418 -0,034393 0,586812 3,453807
-0,035134 -0,218062 3,434360 0,311854 1,301705 3,299579 -0,563615 -0,029283 3,184512 -0,038576 0,581858 3,492685
-0,035147 -0,222836 3,435989 0,310768 1,295865 3,297195 -0,651143 -0,064019 3,044646 -0,038949 0,581787 3,492551
-0,028137 -0,222516 3,425198 0,308207 1,295014 3,301233 -0,700620 -0,070156 3,075930 -0,030308 0,577265 3,415413
-0,038936 -0,219604 3,440028 0,301692 1,284793 3,273124 -0,626756 -0,055645 3,015248 -0,042231 0,587156 3,479540
-0,043956 -0,216415 3,424477 0,313012 1,288042 3,278368 -0,507235 -0,026443 3,211476 -0,045708 0,589178 3,492279
-0,040556 -0,223694 3,420112 0,315082 1,291141 3,285931 -0,605073 -0,059357 3,329940 -0,042046 0,583510 3,479409
-0,041422 -0,231372 3,413966 0,317342 1,291479 3,289335 -0,688539 -0,079510 3,345046 -0,034779 0,579507 3,453736
-0,040148 -0,222202 3,419322 0,316922 1,290151 3,286402 -0,722683 -0,087385 3,295648 -0,030802 0,581192 3,441075
-0,045843 -0,220194 3,431143 0,320378 1,288457 3,290230 -0,537107 -0,058487 3,084668 -0,038229 0,581166 3,440828
-0,046955 -0,224541 3,418084 0,320376 1,285586 3,279569 -0,515508 -0,027720 3,174655 -0,038420 0,577518 3,440753
-0,040316 -0,226881 3,428766 0,325015 1,283350 3,276252 -0,565702 0,044797 3,043892 -0,034588 0,583167 3,453816
-0,030978 -0,215772 3,403641 0,321235 1,302580 3,271926 -0,667334 0,299755 3,072912 -0,038414 0,584760 3,440861
-0,024431 -0,226036 3,406930 0,317912 1,288682 3,262764 -0,689895 0,487989 3,019784 -0,023070 0,585207 3,466906
-0,026807 -0,224663 3,411094 0,310348 1,292819 3,263911 -0,633154 0,967380 3,204669 -0,023327 0,592930 3,493280
-0,032211 -0,221541 3,419534 0,299042 1,302276 3,291798 -0,490527 1,138545 3,182034 -0,023699 0,600242 3,493421
-0,034635 -0,223384 3,427091 0,303526 1,298458 3,292325 -0,454971 1,197650 3,292172 -0,034488 0,598634 3,506052
