30 12
-0,059590 -0,215365 3,395342 0,319967 1,292912 3,349823 -0,475074 1,134247 3,413126 -0,049500 0,568581 3,453037
-0,057925 -0,211509 3,395236 0,322186 1,295966 3,341834 -0,475196 1,106420 3,340438 -0,056467 0,579733 3,477916
-0,059379 -0,213893 3,412607 0,314410 1,288941 3,350284 -0,478354 1,054515 3,238566 -0,056664 0,576111 3,478214
-0,055756 -0,210951 3,410535 0,319643 1,286736 3,340558 -0,479694 0,952054 3,105629 -0,034250 0,561392 3,453270
-0,053861 -0,225352 3,417180 0,320466 1,288181 3,347446 -0,445271 0,801455 2,962033 -0,048987 0,543194 3,452159
-0,056569 -0,221206 3,416982 0,325872 1,291610 3,361635 -0,405421 0,619343 2,826768 -0,048784 0,554039 3,451983
-0,060224 -0,221977 3,438262 0,325894 1,288121 3,360738 -0,359386 0,435789 2,732480 -0,041695 0,553955 3,427487
-0,061204 -0,223217 3,432582 0,325998 1,292468 3,369664 -0,307278 0,281321 2,665565 -0,028157 0,578844 3,426933
-0,068614 -0,221624 3,456624 0,326627 1,280654 3,359484 -0,258204 0,158277 2,597438 -0,020808 0,590092 3,452811
-0,071108 -0,217880 3,446008 0,324815 1,296262 3,373962 -0,212259 0,062676 2,513146 -0,059820 0,627460 3,642396
-0,075927 -0,214412 3,468245 0,326981 1,290858 3,392712 -0,172843 0,004271 2,440444 -0,021777 0,638980 3,529487
-0,078583 -0,211244 3,458306 0,324437 1,283037 3,404534 -0,155961 -0,015707 2,374538 -0,033432 0,630988 3,460342
-0,075706 -0,218598 3,451420 0,323874 1,290262 3,410723 -0,162377 -0,028322 2,338877 -0,040693 0,635755 3,488375
-0,073486 -0,211990 3,448696 0,318828 1,288998 3,416233 -0,154521 -0,047081 2,331433 -0,050429 0,608252 3,452723
-0,072003 -0,218161 3,451657 0,324662 1,297761 3,407736 -0,150311 -0,073641 2,337378 -0,066441 0,626453 3,476027
-0,072749 -0,225869 3,443691 0,321747 1,285747 3,414417 -0,151411 -0,078964 2,338685 -0,055336 0,628695 3,489560
-0,073964 -0,236815 3,453979 0,323432 1,287997 3,409182 -0,160334 -0,084914 2,344053 -0,055426 0,636944 3,516869
-0,072116 -0,229868 3,441117 0,323743 1,292859 3,412082 -0,168237 -0,079214 2,353579 -0,051375 0,611179 3,449649
-0,076534 -0,216998 3,461930 0,327839 1,291506 3,417603 -0,182221 -0,062675 2,373607 -0,055547 0,639545 3,488926
-0,076546 -0,214699 3,466523 0,324390 1,289650 3,403777 -0,204695 -0,026740 2,411002 -0,036810 0,634488 3,502528
-0,074540 -0,215017 3,459836 0,318391 1,297424 3,391470 -0,232162 0,037744 2,470384 -0,044525 0,623185 3,501212
-0,063955 -0,210349 3,442563 0,320795 1,295270 3,387812 -0,270069 0,133660 2,549607 -0,027701 0,605959 3,506484
-0,056381 -0,216230 3,441994 0,316264 1,304609 3,376387 -0,300286 0,260105 2,606206 -0,016527 0,596040 3,467070
-0,051180 -0,218015 3,431239 0,316162 1,296077 3,373381 -0,350057 0,427590 2,712732 -0,027265 0,565267 3,479692
-0,049580 -0,232403 3,426890 0,322084 1,297805 3,360430 -0,408696 0,626627 2,822325 -0,037871 0,559812 3,491506
-0,048972 -0,227064 3,426654 0,313666 1,295906 3,333029 -0,453726 0,823685 2,943244 -0,038617 0,545194 3,492086
-0,050144 -0,221871 3,413012 0,319970 1,293706 3,360517 -0,482733 0,991830 3,105283 -0,034719 0,572855 3,505783
-0,053497 -0,220335 3,401121 0,324948 1,294584 3,361674 -0,505946 1,108323 3,265881 -0,027255 0,572578 3,479807
-0,052457 -0,219459 3,396294 0,326863 1,297526 3,358963 -0,497315 1,154624 3,388227 -0,027052 0,583560 3,479923
-0,056257 -0,218438 3,405154 0,323371 1,296026 3,356919 -0,492283 1,171868 3,458791 -0,034380 0,572563 3,479351
