25 12
-0,098170 -0,228325 3,373536 0,265110 1,109022 3,199489 -0,386073 1,105701 3,180102 -0,106606 0,496692 3,348607
-0,098794 -0,219097 3,361504 0,235222 1,030485 3,085410 -0,400703 1,046159 3,112341 -0,106774 0,500169 3,348682
-0,100410 -0,222592 3,370596 0,226270 0,959033 2,964883 -0,371421 0,914426 2,988966 -0,112550 0,479443 3,322789
-0,098315 -0,222388 3,373221 0,186556 0,898891 2,940126 -0,346405 0,812539 2,875413 -0,104741 0,444530 3,320791
-0,100272 -0,222184 3,382888 0,039946 0,664652 2,684469 -0,319129 0,581585 2,766268 -0,103575 0,470070 3,360672
-0,098606 -0,217696 3,397115 -0,003448 0,493474 2,705205 -0,255109 0,393157 2,654339 -0,099465 0,472297 3,324274
-0,098995 -0,215278 3,397402 -0,004459 0,433580 2,725436 -0,240418 0,332526 2,618337 -0,121700 0,482263 3,346978
-0,096965 -0,208631 3,411642 -0,022157 0,357756 2,645511 -0,244453 0,245061 2,565757 -0,096521 0,501769 3,386275
-0,094770 -0,207433 3,405361 0,047399 0,274064 2,483003 -0,278243 0,171307 2,572803 -0,097388 0,519383 3,411472
-0,093363 -0,215077 3,403160 0,083584 0,242196 2,464392 -0,326232 0,137924 2,573058 -0,121590 0,513990 3,347613
-0,090876 -0,213034 3,403757 0,211328 0,210200 2,595301 -0,416352 0,090557 2,417186 -0,111208 0,519261 3,360488
-0,085296 -0,212903 3,394303 0,330349 0,187070 2,407222 -0,612442 0,093997 2,628160 -0,109337 0,498734 3,312267
-0,086647 -0,208248 3,383189 0,404149 0,201984 2,433140 -0,702359 0,107848 2,641361 -0,120903 0,500111 3,347419
-0,085418 -0,218100 3,385055 0,575197 0,254276 2,621775 -0,802154 0,141868 2,518106 -0,116335 0,488258 3,311478
-0,081254 -0,218541 3,370433 0,681564 0,317251 2,569792 -1,010136 0,214543 2,760195 -0,126904 0,490000 3,298877
-0,083339 -0,218535 3,363084 0,743092 0,337720 2,594201 -1,057448 0,253668 2,799309 -0,126904 0,490000 3,298877
-0,080802 -0,210347 3,369049 0,938606 0,459962 2,854656 -1,095337 0,348307 2,820654 -0,120071 0,500327 3,323088
-0,074811 -0,217732 3,343965 0,933140 0,540914 2,863706 -1,105170 0,461058 2,847855 -0,119594 0,493567 3,299387
-0,075594 -0,210837 3,327443 0,957915 0,609502 2,952620 -1,070884 0,517821 2,839401 -0,124176 0,498425 3,334993
-0,070530 -0,216834 3,333736 0,863894 0,694977 2,859189 -1,025186 0,718296 3,079550 -0,105865 0,496940 3,324354
-0,068497 -0,212609 3,319736 0,786928 0,925731 3,166028 -0,773419 0,823250 2,839699 -0,109507 0,502177 3,312340
-0,066552 -0,212972 3,326421 0,690918 1,029135 3,181359 -0,674483 0,914544 2,895307 -0,099538 0,507266 3,349283
-0,067423 -0,211910 3,312016 0,437677 1,054312 2,942658 -0,552399 1,141879 3,263247 -0,109756 0,505565 3,336228
-0,070213 -0,215588 3,317826 0,288454 1,223903 3,270766 -0,424713 1,121615 3,134389 -0,099009 0,503922 3,325079
-0,073540 -0,211116 3,313831 0,242330 1,207537 3,237401 -0,402345 1,131768 3,180688 -0,099009 0,503922 3,325079
