44 12
-0,042956 -0,185408 3,355739 0,369085 1,323992 3,356449 -0,463168 1,315140 3,356724 -0,000535 0,603977 3,493827
-0,040633 -0,191252 3,353120 0,377905 1,333713 3,362110 -0,463014 1,301102 3,316437 -0,000667 0,604492 3,520447
-0,039887 -0,190677 3,359325 0,374887 1,335088 3,368755 -0,450815 1,264315 3,209717 0,025258 0,594134 3,454983
-0,036150 -0,188908 3,353127 0,383006 1,334155 3,369318 -0,418990 1,202876 3,077709 0,025258 0,594134 3,454983
-0,035615 -0,193315 3,367432 0,385779 1,323421 3,367956 -0,365582 1,121560 2,954131 0,036142 0,577272 3,416403
-0,036712 -0,194090 3,371379 0,389451 1,327923 3,368371 -0,300935 1,006300 2,817047 0,033126 0,575509 3,428259
-0,036607 -0,201044 3,361454 0,383970 1,323056 3,365378 -0,221213 0,869085 2,718426 0,018813 0,564476 3,426426
-0,036263 -0,199143 3,365477 0,393017 1,319915 3,382410 -0,141943 0,723073 2,623928 0,022308 0,574167 3,466657
-0,035204 -0,195918 3,375210 0,391283 1,325620 3,395580 -0,058837 0,581035 2,555297 0,033151 0,587219 3,480724
-0,035776 -0,192583 3,379057 0,390613 1,336588 3,402976 0,012286 0,437762 2,502755 0,006642 0,608705 3,547443
-0,039219 -0,189357 3,372352 0,392205 1,327523 3,399657 0,070703 0,331875 2,496284 0,002994 0,630256 3,588792
-0,039081 -0,187489 3,376319 0,386430 1,321760 3,419926 0,126839 0,245781 2,483885 -0,001472 0,646645 3,574522
-0,040396 -0,181225 3,370126 0,385336 1,325788 3,421728 0,179608 0,173059 2,443689 -0,012589 0,649063 3,588761
-0,041044 -0,186586 3,374297 0,381913 1,326961 3,422543 0,220543 0,126782 2,431501 -0,027888 0,644447 3,560880
-0,042302 -0,184786 3,372621 0,376442 1,333734 3,415946 0,260755 0,089619 2,387035 -0,005301 0,700810 3,425986
-0,041332 -0,189372 3,368451 0,386263 1,328237 3,425930 0,282894 0,068301 2,369488 -0,000952 0,695888 3,418061
-0,039915 -0,206124 3,353320 0,388258 1,322144 3,416658 0,299352 0,044538 2,351056 0,003614 0,680238 3,410405
-0,038080 -0,206723 3,359860 0,389427 1,325561 3,413199 0,310627 0,030499 2,349871 0,007243 0,677946 3,397824
-0,038370 -0,219564 3,348739 0,383231 1,350689 3,409967 0,319255 0,021009 2,355295 0,014999 0,686416 3,424148
-0,033198 -0,218752 3,336218 0,391117 1,315494 3,409155 0,321358 0,009503 2,351086 0,015007 0,679169 3,424047
-0,027758 -0,222462 3,343750 0,392904 1,316062 3,405652 0,325775 0,009904 2,347306 0,007043 0,693975 3,446217
-0,028291 -0,226523 3,338606 0,395349 1,318035 3,405306 0,324781 0,006486 2,359420 0,011378 0,681485 3,436821
-0,027499 -0,218288 3,348043 0,401206 1,330191 3,419252 0,328081 0,004085 2,350503 0,018812 0,681484 3,436762
-0,024685 -0,222129 3,342722 0,398842 1,337050 3,417030 0,323220 0,001142 2,349330 0,014780 0,682555 3,422994
-0,027541 -0,232066 3,340780 0,406261 1,333400 3,444086 0,321458 -0,001500 2,349240 -0,003428 0,686151 3,462615
-0,032947 -0,226295 3,338445 0,403003 1,322312 3,423449 0,312966 -0,000800 2,357757 0,007813 0,683009 3,425151
-0,033730 -0,221645 3,324315 0,405477 1,317872 3,427289 0,301820 0,003776 2,356627 0,018812 0,681484 3,436762
-0,032737 -0,213011 3,335900 0,395695 1,330185 3,417268 0,286555 0,022911 2,348162 0,017885 0,694951 3,431974
-0,032939 -0,199100 3,338907 0,393506 1,326412 3,426128 0,265022 0,055797 2,369088 0,006213 0,699183 3,416539
-0,035716 -0,184755 3,353048 0,398586 1,328245 3,440187 0,239889 0,097101 2,388813 0,002328 0,704829 3,427681
-0,034546 -0,179078 3,353494 0,393945 1,324700 3,426423 0,203886 0,162608 2,426698 0,000031 0,645155 3,520455
-0,036471 -0,184838 3,351142 0,399179 1,324139 3,440055 0,148357 0,244305 2,469753 -0,000082 0,635528 3,574722
-0,036492 -0,182965 3,351943 0,398734 1,325666 3,433806 0,076538 0,336394 2,495355 -0,000290 0,631800 3,574888
-0,043624 -0,189291 3,345698 0,395153 1,326781 3,411457 0,002129 0,448885 2,532956 0,025425 0,625108 3,534154
-0,046865 -0,203051 3,344966 0,396710 1,312255 3,398514 -0,078193 0,586193 2,581240 0,041023 0,587125 3,480252
-0,049954 -0,197180 3,339646 0,406016 1,323668 3,405317 -0,163493 0,717788 2,671662 0,029978 0,577721 3,466299
-0,046760 -0,198021 3,331647 0,410649 1,323622 3,399856 -0,241157 0,850741 2,765553 0,026287 0,572041 3,452752
-0,047862 -0,193512 3,331943 0,414243 1,312447 3,383195 -0,308950 0,971956 2,870753 0,029101 0,570034 3,415873
-0,051862 -0,193828 3,330209 0,421815 1,318017 3,403704 -0,359770 1,067008 2,972728 0,024776 0,578943 3,403944
-0,051173 -0,196747 3,338424 0,418604 1,317563 3,390886 -0,407761 1,145602 3,065234 0,024597 0,582523 3,404000
-0,052182 -0,191653 3,330551 0,420230 1,319715 3,394658 -0,443448 1,201797 3,166841 0,028404 0,584490 3,416606
-0,057317 -0,191269 3,329842 0,418898 1,318241 3,384993 -0,469801 1,245478 3,241901 0,021237 0,595302 3,416731
-0,055516 -0,187917 3,325540 0,411681 1,309187 3,368683 -0,474673 1,263031 3,321816 0,021217 0,588104 3,416634
-0,058309 -0,187986 3,322937 0,409307 1,321630 3,375577 -0,473374 1,298502 3,380900 0,010162 0,597780 3,454976
