31 12
-0,064516 -0,205104 3,340030 0,307375 1,271335 3,264032 -0,463965 1,271310 3,333052 -0,057221 0,587085 3,478918
-0,065171 -0,202279 3,336426 0,313115 1,267273 3,269031 -0,462326 1,273016 3,329363 -0,057221 0,587085 3,478918
-0,070123 -0,199811 3,347432 0,342970 1,230832 3,160444 -0,484686 1,278363 3,390604 -0,053413 0,592818 3,492188
-0,069933 -0,202567 3,338306 0,386557 1,184663 3,089585 -0,527133 1,282974 3,434276 -0,053608 0,589133 3,492211
-0,070810 -0,200434 3,342794 0,570550 1,139800 3,273730 -0,644514 1,079847 3,131395 -0,053608 0,589133 3,492211
-0,070912 -0,199348 3,333903 0,719119 0,763549 2,799170 -0,958772 0,989341 3,510040 -0,042046 0,583510 3,479409
-0,069519 -0,206728 3,332134 0,833608 0,618830 2,778595 -1,069077 0,822043 3,451327 -0,049416 0,580138 3,504886
-0,065659 -0,212579 3,352157 1,087579 0,348590 3,088724 -1,151062 0,449519 3,173613 -0,042056 0,576196 3,479292
-0,062818 -0,209075 3,344496 1,133941 0,095322 3,005066 -1,302425 0,190088 3,306126 -0,030572 0,570611 3,466448
-0,063983 -0,206678 3,341275 1,195277 0,000756 3,070458 -1,333924 0,078980 3,356455 -0,026788 0,568671 3,453626
-0,065102 -0,204627 3,333256 1,235591 -0,047764 3,138906 -1,354976 -0,062493 3,359676 -0,041884 0,557740 3,453095
-0,069231 -0,198030 3,328609 1,235757 -0,029762 3,044085 -1,407310 -0,079884 3,448881 -0,038446 0,548583 3,440320
-0,065037 -0,197099 3,321878 1,261690 0,009627 3,112818 -1,406382 -0,048481 3,436252 -0,034624 0,554125 3,453374
-0,065629 -0,193039 3,326883 1,274214 0,132384 3,088350 -1,392355 0,052507 3,352044 -0,038272 0,544998 3,440289
-0,065975 -0,199646 3,336023 1,295689 0,184547 3,101457 -1,354816 0,143635 3,311953 -0,034449 0,550511 3,453257
-0,067084 -0,199799 3,340053 1,305481 0,179022 3,133906 -1,353336 0,160218 3,337459 -0,034624 0,554125 3,453374
-0,070766 -0,200005 3,333903 1,291254 0,088341 3,124386 -1,360232 0,109658 3,346803 -0,038272 0,544998 3,440289
-0,076306 -0,202469 3,344632 1,298135 -0,005311 3,145249 -1,373023 0,039213 3,359749 -0,031145 0,552369 3,466347
-0,080995 -0,204377 3,333095 1,271276 -0,010750 3,114919 -1,374609 0,016729 3,366083 -0,034633 0,546872 3,453263
-0,080279 -0,201807 3,355599 1,251845 0,047306 3,073345 -1,380953 0,033303 3,341716 -0,037903 0,552239 3,440180
-0,077904 -0,198990 3,335945 1,260989 0,151190 3,161771 -1,345083 0,104467 3,293977 -0,030961 0,556036 3,466433
-0,077948 -0,202603 3,343830 1,233354 0,171103 3,071307 -1,327641 0,146019 3,294541 -0,030961 0,556036 3,466433
-0,072543 -0,197284 3,348907 1,234041 0,156689 3,074810 -1,314687 0,207512 3,341691 -0,030952 0,563318 3,466546
-0,073808 -0,206345 3,335365 1,217159 0,201768 3,159065 -1,228057 0,293340 3,225479 -0,031137 0,559649 3,466461
-0,070595 -0,206294 3,340353 1,169797 0,253285 3,195388 -1,174609 0,363382 3,227019 -0,027265 0,565267 3,479692
-0,070539 -0,200864 3,332863 0,951044 0,408162 3,009583 -1,083488 0,624876 3,374606 -0,030632 0,570345 3,440854
-0,072765 -0,198691 3,336323 0,830619 0,752074 3,291842 -0,813670 0,834031 3,049021 -0,049600 0,583838 3,505213
-0,073340 -0,196529 3,326469 0,706179 0,946790 3,339056 -0,732099 0,966571 3,093367 -0,034514 0,583896 3,505808
-0,071903 -0,198129 3,331242 0,447433 1,081981 3,068216 -0,605019 1,257380 3,479942 -0,049600 0,583838 3,505213
-0,071762 -0,200667 3,334131 0,345192 1,289410 3,337065 -0,466226 1,266586 3,319711 -0,042231 0,587156 3,479540
-0,073951 -0,195049 3,345829 0,317716 1,310859 3,358423 -0,454083 1,276906 3,375164 -0,042422 0,583469 3,479463
