31 12
-0,084620 -0,222924 3,429227 0,313683 1,289960 3,338311 -0,482808 1,195771 3,326886 -0,034438 0,557766 3,453367
-0,076711 -0,223871 3,425923 0,315634 1,288965 3,338816 -0,490648 1,148545 3,230705 -0,031145 0,552369 3,466347
-0,078436 -0,208850 3,417750 0,313689 1,284281 3,338596 -0,454477 1,075092 3,104378 -0,030971 0,548757 3,466320
-0,075521 -0,227017 3,431752 0,321423 1,286150 3,339516 -0,389614 0,966623 2,963071 -0,034449 0,550511 3,453257
-0,079824 -0,230645 3,416078 0,317241 1,292193 3,355560 -0,310068 0,815192 2,860745 -0,022701 0,515987 3,464889
-0,079826 -0,242545 3,441650 0,322260 1,288479 3,354875 -0,217863 0,649606 2,764676 -0,037937 0,530522 3,491036
-0,077129 -0,238479 3,435428 0,314825 1,283183 3,363975 -0,134530 0,483069 2,693347 -0,019163 0,539741 3,504993
-0,083271 -0,222066 3,447671 0,314070 1,285097 3,365872 -0,050146 0,342949 2,653042 -0,038932 0,583307 3,600536
-0,082567 -0,219043 3,447856 0,311989 1,292543 3,377792 0,030297 0,222848 2,606879 -0,042873 0,600527 3,614660
-0,086545 -0,210477 3,446750 0,306418 1,291482 3,373559 0,101900 0,140692 2,583189 -0,043265 0,616308 3,643353
-0,089509 -0,218381 3,438173 0,305198 1,296469 3,360352 0,171891 0,076935 2,545285 -0,064329 0,617846 3,556311
-0,089614 -0,220780 3,430590 0,311290 1,294928 3,370787 0,221316 0,030635 2,513546 -0,025470 0,658958 3,411957
-0,087715 -0,226944 3,444247 0,307852 1,304615 3,374406 0,248210 0,005056 2,505035 -0,036185 0,639811 3,425774
-0,091291 -0,241458 3,437080 0,299287 1,306358 3,362099 0,261361 -0,010299 2,506902 -0,039965 0,634716 3,438334
-0,090231 -0,230047 3,439646 0,301199 1,305033 3,354585 0,275464 -0,011424 2,502252 -0,039779 0,645769 3,439216
-0,089633 -0,233634 3,423683 0,302037 1,301642 3,350571 0,279044 -0,014041 2,499442 -0,013348 0,651180 3,428270
-0,087947 -0,245135 3,437822 0,300905 1,297128 3,359330 0,270147 -0,013071 2,513254 -0,028973 0,636050 3,425078
-0,085960 -0,228141 3,458262 0,300115 1,302716 3,355904 0,257641 0,002329 2,519068 -0,039862 0,651066 3,387387
-0,082944 -0,214383 3,439113 0,294745 1,299297 3,354608 0,232697 0,022929 2,515074 -0,029105 0,662265 3,451015
-0,083771 -0,203823 3,448031 0,292986 1,307719 3,348231 0,193664 0,051006 2,543617 -0,021755 0,664097 3,503314
-0,082527 -0,208515 3,439139 0,305600 1,306389 3,360510 0,147085 0,103180 2,580580 -0,045915 0,623496 3,545897
-0,079346 -0,204878 3,443195 0,299767 1,318916 3,358586 0,079608 0,172629 2,629582 -0,027049 0,615123 3,587434
-0,074539 -0,220085 3,436970 0,297069 1,306005 3,345365 0,012362 0,268249 2,673699 -0,034788 0,592515 3,586744
-0,073867 -0,218234 3,444752 0,298249 1,314145 3,346433 -0,080975 0,390110 2,726910 -0,012449 0,568929 3,480085
-0,076432 -0,233848 3,437092 0,307518 1,308056 3,363030 -0,178137 0,530481 2,794464 -0,033887 0,546902 3,477946
-0,069905 -0,231857 3,429953 0,308792 1,312629 3,356791 -0,278483 0,693072 2,866931 -0,037543 0,545057 3,490317
-0,070300 -0,223197 3,420246 0,307181 1,304844 3,349828 -0,377071 0,857102 2,962266 -0,041750 0,539658 3,478300
-0,069318 -0,220470 3,418900 0,309904 1,300430 3,326585 -0,453348 0,989714 3,059316 -0,038078 0,555854 3,440386
-0,067958 -0,221906 3,404917 0,312400 1,317942 3,351958 -0,497661 1,090380 3,166133 -0,049621 0,569115 3,504966
-0,071491 -0,216214 3,416353 0,314734 1,313924 3,341177 -0,519833 1,152153 3,303361 -0,034615 0,561381 3,453485
-0,072159 -0,211659 3,401548 0,313304 1,318409 3,333154 -0,512657 1,204647 3,364769 -0,049129 0,568594 3,452796
