35 12
-0,107620 -0,203966 3,469265 0,267182 1,315572 3,461778 -0,477709 1,175587 3,359319 -0,095193 0,568813 3,502769
-0,106821 -0,195975 3,459748 0,276703 1,300438 3,410722 -0,448529 1,136846 3,295990 -0,095193 0,568813 3,502769
-0,106470 -0,197158 3,474026 0,278522 1,278096 3,332302 -0,419030 1,079615 3,208673 -0,095007 0,565156 3,502584
-0,105268 -0,198101 3,457391 0,271921 1,240989 3,268174 -0,379181 0,990113 3,139508 -0,094825 0,554135 3,502184
-0,108529 -0,206308 3,470104 0,244324 1,212089 3,194695 -0,336302 0,903722 3,099047 -0,101595 0,532033 3,474781
-0,109738 -0,210250 3,484651 0,202367 1,161836 3,187188 -0,281056 0,800937 3,056742 -0,095544 0,546673 3,502349
-0,110001 -0,208234 3,480741 0,149946 1,071926 3,140326 -0,235236 0,705899 3,033697 -0,098503 0,541259 3,514233
-0,113602 -0,209937 3,480382 0,099627 0,960614 3,118842 -0,186266 0,632070 3,038454 -0,092030 0,533862 3,515607
-0,110626 -0,207296 3,474161 0,050062 0,861325 3,091039 -0,141940 0,602990 3,062962 -0,094112 0,541207 3,596348
-0,111881 -0,212180 3,487763 0,010305 0,787384 3,077184 -0,096063 0,620789 3,079128 -0,093447 0,564099 3,597695
-0,108904 -0,199726 3,499743 -0,100761 0,744082 3,096558 -0,047588 0,636990 3,054901 -0,093447 0,564099 3,597695
-0,108774 -0,209076 3,485407 -0,098263 0,707050 3,038063 -0,036742 0,623475 3,085975 -0,081665 0,562190 3,584545
-0,107061 -0,207861 3,473692 -0,089321 0,716255 3,040468 -0,058636 0,613297 3,125623 -0,089517 0,558330 3,583933
-0,111611 -0,211193 3,494095 -0,059020 0,748523 3,049284 -0,073164 0,596837 3,116621 -0,093447 0,564099 3,597695
-0,107274 -0,210800 3,483913 -0,046371 0,757850 3,028559 -0,066228 0,607400 3,097198 -0,092730 0,556420 3,569982
-0,100440 -0,207850 3,480066 -0,098786 0,773647 3,065485 -0,064608 0,660223 3,114905 -0,089855 0,566139 3,611898
-0,101330 -0,210599 3,479371 -0,136787 0,748827 3,038786 -0,052110 0,666025 3,075090 -0,085747 0,564158 3,598177
-0,104725 -0,210119 3,482723 -0,109973 0,750349 3,020129 -0,067769 0,659353 3,114312 -0,085747 0,564158 3,598177
-0,096438 -0,206681 3,476344 -0,057860 0,748913 2,985147 -0,071734 0,623650 3,098191 -0,093082 0,564154 3,597541
-0,105180 -0,210053 3,490646 -0,039338 0,750611 2,998744 -0,074364 0,604875 3,095708 -0,093443 0,556566 3,597545
-0,101227 -0,217570 3,502606 -0,061136 0,764918 3,022337 -0,065858 0,618430 3,092535 -0,100373 0,548882 3,569320
-0,098625 -0,216112 3,474334 -0,104561 0,738406 3,008246 -0,052937 0,647290 3,062864 -0,085924 0,560340 3,598023
-0,098041 -0,209022 3,478766 -0,095958 0,728996 2,992264 -0,058665 0,648085 3,086466 -0,085260 0,552702 3,570413
-0,103849 -0,204803 3,471095 -0,066221 0,732217 2,919050 -0,071228 0,623595 3,090148 -0,093082 0,564154 3,597541
-0,103333 -0,223928 3,484731 -0,059028 0,754939 2,965751 -0,073599 0,606112 3,083858 -0,089159 0,550911 3,583840
-0,102381 -0,214471 3,481423 -0,047476 0,764579 3,025021 -0,070366 0,612434 3,074636 -0,089341 0,562134 3,584081
-0,103223 -0,211351 3,473076 -0,081107 0,815992 3,038468 -0,078734 0,682585 3,093513 -0,093447 0,564099 3,597695
-0,105637 -0,206692 3,486016 -0,053013 0,854995 2,923856 -0,091724 0,746350 3,088313 -0,089158 0,535911 3,583548
-0,102001 -0,217423 3,476655 0,000071 0,961499 2,990867 -0,125793 0,827459 3,082539 -0,097232 0,490485 3,523959
-0,099552 -0,212304 3,476789 0,050123 1,081481 3,057838 -0,188522 0,923780 3,090299 -0,088154 0,484160 3,528339
-0,100661 -0,206345 3,477683 0,125425 1,155908 3,082803 -0,264754 1,019751 3,106924 -0,087358 0,532084 3,476424
-0,098314 -0,198018 3,477606 0,190696 1,225282 3,149531 -0,341153 1,120419 3,162728 -0,095192 0,561459 3,502642
-0,095503 -0,196167 3,465151 0,242219 1,279986 3,248979 -0,408861 1,178459 3,230807 -0,095007 0,565156 3,502584
-0,096438 -0,195630 3,472253 0,277592 1,301851 3,331292 -0,445108 1,211370 3,293422 -0,087180 0,572264 3,477067
-0,099595 -0,195999 3,471313 0,294843 1,312344 3,374527 -0,470032 1,230699 3,354192 -0,087180 0,572264 3,477067
