23 12
-0,092025 -0,222394 3,356944 0,306726 1,297758 3,256544 -0,589361 1,199250 3,255391 -0,106607 0,503726 3,348698
-0,092798 -0,222496 3,370734 0,314833 1,298927 3,250246 -0,634011 1,099486 3,153341 -0,121745 0,506961 3,372093
-0,095133 -0,217503 3,369548 0,318958 1,283905 3,229626 -0,720610 0,759573 2,785835 -0,110354 0,501870 3,360485
-0,102739 -0,231040 3,383106 0,316244 1,280180 3,217271 -0,760721 0,496162 2,788188 -0,113840 0,496630 3,348065
-0,103713 -0,226718 3,383284 0,319790 1,278644 3,214658 -0,758648 0,391219 2,753825 -0,113225 0,493359 3,323883
-0,103167 -0,218891 3,389621 0,317317 1,278561 3,207749 -0,724091 0,315639 2,908702 -0,113225 0,493359 3,323883
-0,091792 -0,224908 3,363423 0,322920 1,266146 3,196644 -0,694775 0,373944 2,964707 -0,111463 0,501558 3,385213
-0,086278 -0,217806 3,361946 0,322600 1,273343 3,207680 -0,708798 0,408372 3,042657 -0,103096 0,501929 3,361022
-0,082929 -0,221362 3,377948 0,330341 1,277312 3,234181 -0,756124 0,392006 2,826494 -0,099735 0,496551 3,373485
-0,089803 -0,226829 3,384779 0,332137 1,281675 3,249645 -0,804819 0,368906 2,843025 -0,113840 0,496630 3,348065
-0,089786 -0,229175 3,389369 0,345723 1,281498 3,255882 -0,774160 0,342964 2,779451 -0,116501 0,484748 3,311550
-0,082417 -0,232335 3,387481 0,349981 1,288829 3,253677 -0,731366 0,350193 2,923553 -0,113671 0,493143 3,347904
-0,083551 -0,226234 3,406067 0,346428 1,288650 3,261564 -0,712902 0,379000 2,953175 -0,099564 0,500106 3,373344
-0,078731 -0,231731 3,393609 0,339080 1,289925 3,252769 -0,728905 0,366796 2,955788 -0,103433 0,501864 3,361160
-0,080486 -0,229957 3,394305 0,328514 1,274821 3,223196 -0,756231 0,334611 2,836090 -0,106606 0,496692 3,348607
-0,082316 -0,229079 3,399667 0,311996 1,298837 3,251279 -0,704522 0,306386 2,772550 -0,120743 0,493198 3,323317
-0,080648 -0,223019 3,378763 0,302937 1,287371 3,224710 -0,678217 0,323439 2,794305 -0,106201 0,496873 3,324491
-0,071477 -0,232400 3,371738 0,288334 1,282668 3,202463 -0,638968 0,462274 2,911005 -0,110094 0,498485 3,336283
-0,069698 -0,222450 3,368259 0,279592 1,282184 3,194360 -0,604490 0,698750 2,863528 -0,099734 0,503633 3,373581
-0,068214 -0,220290 3,366803 0,284997 1,300301 3,227200 -0,607249 0,842114 2,916063 -0,099904 0,507150 3,373737
-0,066447 -0,217175 3,364585 0,293595 1,315639 3,243015 -0,529908 1,158173 3,247211 -0,103266 0,505433 3,361178
-0,069609 -0,220370 3,351569 0,309309 1,304554 3,229136 -0,452617 1,222383 3,243262 -0,106608 0,510764 3,348791
-0,070531 -0,221002 3,351187 0,320000 1,294258 3,224722 -0,457570 1,283794 3,339709 -0,114470 0,514113 3,372768
