25 12
-0,043383 -0,196237 3,378776 0,335445 1,259434 3,188978 -0,409212 1,188198 3,161184 -0,022998 0,581218 3,441097
-0,043327 -0,196106 3,378876 0,312129 1,240257 3,141280 -0,361127 1,073443 3,022821 -0,034223 0,575911 3,453490
-0,046670 -0,197212 3,379026 0,228378 1,072906 2,986509 -0,302919 0,865064 3,023932 -0,026737 0,543195 3,427699
-0,047911 -0,203483 3,388095 0,162619 0,920768 2,984260 -0,179989 0,602903 2,860370 -0,023357 0,541356 3,415326
-0,041341 -0,207107 3,387248 0,125166 0,826599 2,977901 -0,144224 0,548601 2,861365 -0,016512 0,537664 3,415082
-0,045749 -0,214864 3,405304 -0,028496 0,621576 2,820161 -0,031752 0,589749 3,111788 -0,008191 0,559532 3,441153
-0,042787 -0,210222 3,412018 -0,023269 0,620360 2,833026 -0,038058 0,569530 3,089789 -0,000885 0,559739 3,467158
-0,042703 -0,212560 3,414338 0,004657 0,636241 2,814363 -0,038483 0,557867 3,060787 -0,012096 0,561654 3,479971
-0,041707 -0,204386 3,409764 0,008203 0,649570 2,835350 -0,023114 0,567377 3,089898 -0,004584 0,568972 3,480238
-0,041050 -0,212071 3,411270 -0,031689 0,616320 2,843326 -0,024098 0,600229 3,124493 -0,004645 0,557824 3,454151
-0,043079 -0,204163 3,402597 -0,008873 0,628603 2,816324 -0,015936 0,583586 3,087399 -0,011890 0,572613 3,480010
-0,041256 -0,216668 3,405679 0,026003 0,660411 2,852420 -0,027763 0,548955 3,051653 -0,012096 0,561654 3,479971
-0,042758 -0,205791 3,405419 -0,007252 0,644900 2,901111 -0,029608 0,617610 3,149464 -0,004264 0,565055 3,453922
-0,039401 -0,210924 3,404362 -0,015352 0,635551 2,837981 -0,005169 0,595990 3,088079 -0,011715 0,568937 3,479727
-0,044330 -0,209491 3,407085 0,021121 0,675462 2,893342 -0,022803 0,563440 3,021198 -0,000504 0,566993 3,466932
-0,043746 -0,204582 3,377689 -0,004350 0,654637 2,933521 -0,052099 0,618534 3,137589 -0,000504 0,566993 3,466932
-0,041666 -0,209125 3,405883 -0,022276 0,629866 2,869351 -0,048582 0,660998 3,242313 -0,011541 0,557576 3,427790
-0,041580 -0,234249 3,381914 -0,007973 0,706853 2,880443 -0,037826 0,646974 3,068144 -0,009432 0,541329 3,491698
-0,043044 -0,211515 3,388769 0,041016 0,811743 2,778618 -0,095240 0,728047 3,061427 -0,004284 0,557797 3,453814
-0,043722 -0,207693 3,384778 0,088248 0,918562 2,825566 -0,137860 0,796614 3,073434 -0,009278 0,534068 3,465936
-0,043771 -0,203290 3,379555 0,230124 1,172933 3,044525 -0,242175 0,936042 2,930943 -0,025764 0,535749 3,400445
-0,042730 -0,202740 3,375121 0,298790 1,264811 3,057147 -0,418550 1,184856 3,200572 -0,034779 0,579507 3,453736
-0,042525 -0,200549 3,376233 0,354736 1,324643 3,190486 -0,470142 1,251201 3,252518 -0,030812 0,573952 3,440967
-0,040889 -0,198242 3,373172 0,416115 1,340255 3,359217 -0,506660 1,322920 3,301255 -0,034054 0,586430 3,428075
-0,039294 -0,200773 3,357863 0,407085 1,326860 3,448346 -0,516016 1,334782 3,381006 -0,023302 0,577278 3,415830
