30 12
-0,057553 -0,226461 3,407809 0,385842 1,248998 3,327668 -0,487692 1,241795 3,399917 -0,030721 0,559884 3,492365
-0,054537 -0,223879 3,408657 0,467795 1,204506 3,292268 -0,558810 1,186547 3,400403 -0,027275 0,557960 3,479576
-0,057860 -0,228372 3,402518 0,584053 1,126096 3,256895 -0,661732 1,095766 3,371222 -0,027100 0,554319 3,479461
-0,055289 -0,216032 3,394474 0,702077 0,995913 3,201190 -0,777131 0,972086 3,335569 -0,031032 0,560088 3,518965
-0,052471 -0,220232 3,397975 0,833444 0,816476 3,198780 -0,884767 0,797646 3,300918 -0,031043 0,552708 3,518841
-0,054698 -0,218723 3,407291 0,952055 0,609450 3,190341 -0,983640 0,612188 3,300368 -0,038607 0,552684 3,518576
-0,051801 -0,232100 3,411412 1,047984 0,414560 3,177500 -1,084805 0,428107 3,319694 -0,042671 0,550882 3,531830
-0,050772 -0,220019 3,408084 1,147059 0,243030 3,210721 -1,176659 0,253116 3,329909 -0,035236 0,554778 3,559167
-0,047801 -0,234084 3,424705 1,228646 0,099598 3,279380 -1,238281 0,108219 3,355770 -0,038970 0,552992 3,572565
-0,048077 -0,218289 3,417123 1,261994 -0,002564 3,237073 -1,295637 -0,010295 3,385409 -0,034879 0,554788 3,558934
-0,048955 -0,221227 3,417652 1,290274 -0,064597 3,285569 -1,330181 -0,078575 3,378377 -0,050519 0,539814 3,558308
-0,047568 -0,211497 3,416969 1,280978 -0,107184 3,315059 -1,344780 -0,124064 3,393142 -0,049694 0,517680 3,504109
-0,052866 -0,231983 3,410710 1,269478 -0,140622 3,320508 -1,339482 -0,150257 3,413159 -0,045948 0,505100 3,465102
-0,055117 -0,229074 3,409878 1,258463 -0,162056 3,301685 -1,338790 -0,197064 3,383465 -0,050040 0,510323 3,504229
-0,056804 -0,232879 3,421088 1,262205 -0,155765 3,248481 -1,324057 -0,228252 3,409260 -0,057109 0,510448 3,477597
-0,058519 -0,227017 3,417128 1,277585 -0,141959 3,315564 -1,334553 -0,225078 3,427708 -0,042322 0,499564 3,478136
-0,056266 -0,225711 3,415328 1,250458 -0,119057 3,256876 -1,324225 -0,216140 3,391356 -0,050040 0,510323 3,504229
-0,054037 -0,219619 3,425382 1,261423 -0,093834 3,277870 -1,323487 -0,203434 3,381317 -0,050034 0,517659 3,504352
-0,055587 -0,238670 3,409857 1,255297 -0,072973 3,265922 -1,325293 -0,150935 3,400563 -0,046385 0,512107 3,517662
-0,052970 -0,227602 3,413681 1,234982 -0,034493 3,212162 -1,312329 -0,085897 3,365579 -0,057517 0,521253 3,530404
-0,052060 -0,238653 3,418703 1,242919 0,016547 3,248870 -1,293480 -0,003610 3,354459 -0,042662 0,528670 3,504819
-0,045723 -0,229212 3,406749 1,183145 0,087622 3,223014 -1,251637 0,125515 3,368154 -0,043033 0,528611 3,531303
-0,046343 -0,229710 3,411669 1,141697 0,185733 3,226060 -1,205902 0,287724 3,362053 -0,038981 0,537970 3,545190
-0,048278 -0,222650 3,406790 1,068896 0,333921 3,221977 -1,118947 0,496033 3,379755 -0,053827 0,552777 3,544577
-0,049522 -0,227982 3,392385 1,003593 0,496140 3,214365 -1,001691 0,704856 3,389114 -0,043078 0,558675 3,586335
-0,046816 -0,215630 3,397295 0,919655 0,718601 3,263204 -0,861252 0,889092 3,372939 -0,049631 0,561758 3,504844
-0,049521 -0,221431 3,396472 0,790009 0,918401 3,272630 -0,738108 1,054457 3,385979 -0,034740 0,558137 3,505539
-0,055140 -0,212235 3,400063 0,652833 1,100772 3,310344 -0,630335 1,143849 3,405295 -0,026921 0,569437 3,532205
-0,055941 -0,212062 3,409933 0,523596 1,230410 3,381526 -0,548489 1,215036 3,424726 -0,031021 0,567472 3,519091
-0,053919 -0,208167 3,398931 0,423154 1,291241 3,432827 -0,479637 1,249431 3,445413 -0,030970 0,567723 3,545753
