23 12
-0,084300 -0,213532 3,350557 0,191609 1,251280 3,199333 -0,366636 1,167271 3,215132 -0,098840 0,500465 3,325012
-0,082495 -0,220948 3,350139 0,197651 1,248587 3,187802 -0,367429 1,159845 3,212730 -0,106774 0,500169 3,348682
-0,082194 -0,210126 3,347464 0,197528 1,226638 3,162429 -0,380418 1,090597 3,127345 -0,092127 0,503839 3,349697
-0,084201 -0,220288 3,352993 0,214667 1,092912 3,068966 -0,360000 0,922066 3,023643 -0,098166 0,486527 3,323960
-0,089399 -0,222384 3,361970 0,186712 1,015398 3,023337 -0,352363 0,796278 2,940991 -0,104470 0,469391 3,298529
-0,083686 -0,219848 3,378933 0,061550 0,713532 2,770931 -0,354621 0,525772 2,854237 -0,100373 0,475137 3,373116
-0,088276 -0,220732 3,394833 0,053932 0,458197 2,774450 -0,294107 0,327370 2,761545 -0,107397 0,485819 3,347799
-0,089315 -0,222324 3,409914 0,043048 0,362517 2,736012 -0,276424 0,264957 2,716506 -0,096004 0,498429 3,361587
-0,089394 -0,215687 3,442239 -0,018236 0,249462 2,579735 -0,288262 0,181651 2,591727 -0,118087 0,501632 3,384333
-0,086618 -0,208783 3,460397 0,006429 0,193898 2,482732 -0,334203 0,146606 2,567921 -0,102129 0,521075 3,475230
-0,081372 -0,210832 3,453493 0,061895 0,172747 2,420727 -0,398401 0,124388 2,567165 -0,097388 0,519383 3,411472
-0,078981 -0,214977 3,453105 0,231834 0,148380 2,597035 -0,521751 0,071041 2,352818 -0,100625 0,528367 3,398880
-0,077747 -0,208573 3,439893 0,437269 0,125737 2,322870 -0,798436 0,046902 2,658195 -0,105341 0,500442 3,323596
-0,074283 -0,221749 3,428190 0,534995 0,147633 2,411596 -0,896493 0,049617 2,707310 -0,109924 0,488012 3,336117
-0,069357 -0,226292 3,415412 0,818803 0,212476 2,771481 -0,966636 0,074801 2,720293 -0,117128 0,473945 3,335384
-0,065958 -0,228087 3,387168 0,895109 0,285376 2,748908 -1,111041 0,174065 2,925670 -0,112888 0,486422 3,323493
-0,067447 -0,225686 3,375393 0,953043 0,344953 2,830047 -1,106495 0,235642 2,939550 -0,113389 0,489825 3,323873
-0,074620 -0,221918 3,358372 0,979390 0,476365 2,937008 -1,084766 0,434720 3,145456 -0,112888 0,486422 3,323493
-0,071878 -0,228235 3,343853 0,895124 0,701213 3,259403 -0,835174 0,606237 2,890902 -0,098840 0,493476 3,324928
-0,073199 -0,224874 3,342918 0,790341 0,816433 3,286833 -0,733982 0,709819 2,916261 -0,096351 0,505348 3,386219
-0,075312 -0,227010 3,345725 0,490486 0,932356 3,006281 -0,585259 1,001213 3,347704 -0,103996 0,505226 3,385845
-0,073251 -0,219673 3,330714 0,324437 1,205995 3,419723 -0,440735 1,071134 3,212837 -0,096521 0,508878 3,386374
-0,072690 -0,221231 3,341686 0,274255 1,192005 3,326185 -0,423743 1,109159 3,296930 -0,100072 0,503569 3,373713
