16 12
-0,174870 -0,210388 3,486035 0,151502 1,259243 3,352479 -0,544417 1,145390 3,436270 -0,174451 0,569026 3,604568
-0,167116 -0,210590 3,483764 0,157254 1,257736 3,354607 -0,484668 1,006069 3,215097 -0,153614 0,552096 3,564706
-0,161248 -0,209852 3,504616 0,156938 1,253085 3,345277 -0,443469 0,850038 3,022662 -0,161597 0,551927 3,564204
-0,156203 -0,203760 3,527305 0,164872 1,251215 3,376382 -0,406712 0,496146 2,835057 -0,157150 0,561249 3,551093
-0,161779 -0,205132 3,539097 0,178619 1,244498 3,384122 -0,243912 0,185239 2,533214 -0,161006 0,591971 3,634226
-0,161999 -0,210522 3,552393 0,182301 1,244191 3,402231 -0,211147 0,096265 2,463986 -0,158787 0,602189 3,677279
-0,152627 -0,212183 3,597111 0,196297 1,242381 3,417296 -0,188800 -0,021523 2,413613 -0,112169 0,622322 3,614439
-0,149734 -0,229320 3,595107 0,204461 1,227954 3,399051 -0,151656 -0,063943 2,321379 -0,128293 0,613481 3,489959
-0,146973 -0,234420 3,604051 0,205285 1,211247 3,377913 -0,150262 -0,062229 2,307778 -0,120959 0,616934 3,489014
-0,144333 -0,236592 3,619786 0,213760 1,209384 3,388205 -0,149550 -0,051018 2,304331 -0,109832 0,615842 3,504286
-0,145670 -0,216730 3,618336 0,204185 1,235992 3,410639 -0,184005 0,034054 2,387330 -0,110493 0,627569 3,531079
-0,141640 -0,222702 3,604952 0,199262 1,238908 3,400656 -0,203596 0,106027 2,451716 -0,124797 0,589983 3,595562
-0,148966 -0,224766 3,583474 0,189592 1,260134 3,389555 -0,227137 0,349115 2,581414 -0,108759 0,578495 3,568937
-0,152311 -0,217845 3,592028 0,191189 1,272782 3,392551 -0,421308 0,757286 2,952841 -0,149677 0,542847 3,577472
-0,158424 -0,221078 3,571074 0,192560 1,265661 3,353099 -0,488817 0,956648 3,111858 -0,166095 0,557511 3,577601
-0,175724 -0,223751 3,521724 0,204285 1,290994 3,404009 -0,523241 1,165297 3,374062 -0,165923 0,561320 3,577680
