23 12
0,017244 0,057578 3,316712 0,361465 1,488779 3,211460 -0,380751 1,371788 2,928717 0,060841 0,832147 3,284592
0,016379 0,067123 3,334371 0,366002 1,492434 3,210489 -0,399762 1,236563 2,813858 0,060592 0,835706 3,284745
0,015102 0,066269 3,317170 0,362572 1,503200 3,199348 -0,458406 0,858049 2,607250 0,060841 0,832147 3,284592
0,016304 0,069086 3,320445 0,363688 1,500790 3,209659 -0,420096 0,519843 2,627278 0,055914 0,856045 3,296328
0,010189 0,067856 3,313689 0,367100 1,489291 3,200665 -0,401543 0,424760 2,699727 0,051853 0,856683 3,284223
0,017689 0,068032 3,326431 0,366984 1,489442 3,197016 -0,329994 0,375826 3,010127 0,059186 0,865759 3,307507
0,017588 0,077803 3,322999 0,368038 1,497561 3,207381 -0,280760 0,386171 2,941960 0,063325 0,879399 3,319979
0,018501 0,073982 3,325755 0,362428 1,485741 3,204516 -0,275824 0,376824 2,889037 0,063599 0,875927 3,320296
0,017958 0,061405 3,326010 0,357695 1,487041 3,207340 -0,331289 0,350437 2,640241 0,059624 0,871541 3,331660
0,022294 0,061659 3,321217 0,363573 1,491590 3,192515 -0,326140 0,344038 2,590292 0,059347 0,874979 3,331186
0,022893 0,063937 3,322928 0,362088 1,488541 3,205047 -0,317658 0,346811 2,621156 0,062465 0,875446 3,318415
0,033192 0,069658 3,330631 0,366444 1,487330 3,195442 -0,260214 0,393812 2,830950 0,067172 0,875166 3,331924
0,028872 0,066096 3,344134 0,367345 1,487849 3,204721 -0,244683 0,398466 2,825790 0,059636 0,878681 3,331733
0,024808 0,060901 3,350714 0,370121 1,491965 3,217366 -0,255236 0,391684 2,779155 0,070780 0,881540 3,343601
0,014791 0,060684 3,347219 0,376017 1,505451 3,235350 -0,314641 0,370006 2,537769 0,059912 0,875220 3,332128
0,024563 0,057485 3,330890 0,375998 1,484837 3,193538 -0,325174 0,384713 2,541999 0,059897 0,868081 3,332055
0,027089 0,056265 3,327196 0,375557 1,488156 3,201695 -0,325057 0,413414 2,575316 0,060417 0,853958 3,332531
0,028773 0,055605 3,340649 0,359462 1,475692 3,165470 -0,335534 0,568441 2,599575 0,064097 0,854689 3,320552
0,035475 0,057196 3,328327 0,361135 1,486102 3,185575 -0,391018 0,878781 2,593701 0,079556 0,833208 3,319979
0,037804 0,063066 3,334421 0,364686 1,482086 3,190869 -0,414678 1,041174 2,618190 0,078761 0,831273 3,296130
0,037962 0,059140 3,335207 0,380790 1,503640 3,235871 -0,376201 1,386037 2,916212 0,082417 0,844639 3,308102
0,034473 0,061510 3,337779 0,384946 1,521716 3,254393 -0,335200 1,443348 3,000343 0,078282 0,845410 3,296236
0,031486 0,062508 3,329129 0,382517 1,498945 3,231288 -0,311738 1,500706 3,152113 0,082946 0,844575 3,307982
