34 12
0,041226 0,044368 3,278213 0,408732 1,478998 3,193204 -0,376160 1,555752 3,322871 0,054035 0,830628 3,308475
0,037155 0,049308 3,289505 0,407529 1,477087 3,212282 -0,398146 1,490385 3,172287 0,061417 0,832607 3,332600
0,035942 0,048800 3,285144 0,404361 1,471821 3,214121 -0,365029 1,276174 3,003520 0,051208 0,828203 3,344542
0,031096 0,049723 3,275624 0,408948 1,479918 3,201547 -0,349384 1,098726 2,889367 0,047390 0,825458 3,332385
0,028953 0,051522 3,278285 0,405049 1,476505 3,191851 -0,343136 0,774862 2,919034 0,036113 0,826370 3,320607
0,032207 0,058672 3,280055 0,403040 1,487866 3,213216 -0,321227 0,559862 2,912326 0,052226 0,826787 3,261230
0,031616 0,049205 3,283481 0,398499 1,477670 3,192947 -0,301332 0,509554 2,936107 0,063797 0,843983 3,320249
0,038687 0,054287 3,294349 0,393203 1,469390 3,183685 -0,285607 0,466951 2,889663 0,060339 0,839245 3,284821
0,036479 0,048044 3,294636 0,398504 1,481677 3,203010 -0,269440 0,460807 2,730002 0,060566 0,828671 3,284678
0,034275 0,049540 3,306346 0,391107 1,463037 3,184765 -0,294069 0,471012 2,614402 0,067688 0,834138 3,308362
0,036915 0,047836 3,309871 0,398212 1,465726 3,188231 -0,347614 0,478800 2,425744 0,075153 0,830541 3,308181
0,038701 0,040086 3,295884 0,407718 1,465182 3,200830 -0,341516 0,442725 2,473486 0,078504 0,833252 3,319927
0,039008 0,051404 3,291566 0,405932 1,489387 3,211741 -0,332375 0,440781 2,554857 0,078266 0,843867 3,319824
0,045367 0,044268 3,292229 0,414766 1,471687 3,229792 -0,283003 0,461080 2,763771 0,074145 0,839118 3,284307
0,038486 0,050227 3,285398 0,413463 1,478201 3,218701 -0,283955 0,448751 2,776759 0,076665 0,834320 3,248861
0,040370 0,049501 3,298385 0,417830 1,473926 3,209569 -0,288818 0,436377 2,733934 0,073884 0,842595 3,284139
0,038346 0,049687 3,302219 0,421031 1,472030 3,191961 -0,347489 0,412120 2,462332 0,077739 0,845349 3,295902
0,034884 0,049563 3,292643 0,416406 1,485844 3,208646 -0,357141 0,441612 2,387311 0,082964 0,843148 3,332186
0,036633 0,049239 3,297363 0,406858 1,469351 3,158659 -0,357137 0,438908 2,363136 0,087142 0,842338 3,344205
0,040802 0,045143 3,306749 0,392755 1,469617 3,168163 -0,314821 0,449534 2,515854 0,071321 0,834882 3,296389
0,045324 0,041431 3,292472 0,378800 1,470066 3,192580 -0,304883 0,468469 2,609004 0,074932 0,835599 3,284418
0,047626 0,044578 3,292829 0,376826 1,471886 3,175823 -0,283654 0,484635 2,671901 0,071321 0,834882 3,296389
0,042432 0,045267 3,291664 0,407368 1,471426 3,207899 -0,279337 0,477443 2,657394 0,071321 0,834882 3,296389
0,037578 0,052377 3,300304 0,410168 1,469953 3,201368 -0,298169 0,468271 2,564539 0,078511 0,834822 3,296189
0,035914 0,042446 3,299843 0,423887 1,476575 3,208706 -0,326879 0,464699 2,482353 0,075454 0,846778 3,332393
0,039497 0,047566 3,309507 0,434508 1,483902 3,207617 -0,356138 0,453547 2,384599 0,079615 0,846005 3,344498
0,046404 0,043829 3,302427 0,420043 1,479290 3,230605 -0,364675 0,492419 2,428208 0,079060 0,840376 3,320182
0,043039 0,038866 3,305298 0,402944 1,490385 3,209705 -0,370995 0,544962 2,483298 0,079556 0,833208 3,319979
0,047539 0,045681 3,317004 0,386875 1,478364 3,219051 -0,367771 0,699534 2,567783 0,068189 0,827037 3,308295
0,046239 0,040462 3,303838 0,396581 1,460559 3,179076 -0,428578 0,924891 2,635789 0,068675 0,819858 3,307916
0,045330 0,044252 3,297015 0,401887 1,472398 3,186970 -0,440756 1,067848 2,704261 0,069411 0,834520 3,356762
0,044402 0,044505 3,310889 0,411330 1,471373 3,208774 -0,421641 1,374516 2,953323 0,061417 0,832607 3,332600
0,038715 0,043594 3,306796 0,415575 1,473403 3,220758 -0,444037 1,495207 3,142339 0,061417 0,832607 3,332600
0,037373 0,049971 3,293450 0,413585 1,474428 3,205995 -0,408665 1,511080 3,229475 0,061168 0,836193 3,332684
