58 12
-0,017546 0,059377 3,308799 0,357680 1,469433 3,169270 -0,349513 1,488743 3,145044 0,021627 0,849869 3,345307
-0,016092 0,059439 3,311269 0,358281 1,473432 3,185950 -0,350911 1,489779 3,153488 0,021881 0,846247 3,345098
-0,014058 0,052960 3,305532 0,353566 1,462067 3,178511 -0,351642 1,490011 3,145675 0,021881 0,846247 3,345098
-0,013246 0,056456 3,303787 0,356618 1,474278 3,176615 -0,355328 1,492687 3,147591 0,021627 0,849869 3,345307
-0,009662 0,054654 3,311970 0,355104 1,456900 3,173992 -0,354316 1,494500 3,153803 0,036212 0,851985 3,369973
-0,003081 0,059451 3,301126 0,357210 1,467655 3,171853 -0,357162 1,485313 3,147573 0,025381 0,852720 3,357602
-0,001963 0,062470 3,300210 0,353302 1,457426 3,159894 -0,369126 1,484139 3,143255 0,032959 0,858474 3,382419
0,002870 0,056539 3,310358 0,353163 1,461205 3,168973 -0,397783 1,468862 3,134399 0,043483 0,849803 3,345223
0,007316 0,055575 3,319712 0,344016 1,456142 3,140418 -0,444640 1,441389 3,119631 0,043734 0,846181 3,345038
0,008703 0,053379 3,312908 0,357002 1,459905 3,170258 -0,524433 1,393985 3,102818 0,043483 0,849803 3,345223
0,012576 0,058689 3,321754 0,354638 1,449678 3,157523 -0,638588 1,292040 3,058416 0,040249 0,849041 3,357353
0,010539 0,049167 3,323978 0,359801 1,463474 3,166450 -0,783023 1,143532 3,011353 0,043459 0,842647 3,345142
0,005165 0,057676 3,327027 0,366887 1,457270 3,164255 -0,932968 0,922116 2,931881 0,039973 0,845495 3,357460
0,001234 0,052581 3,326214 0,371928 1,442794 3,161440 -1,056924 0,655786 2,890300 0,039080 0,830760 3,308836
-0,013161 0,052050 3,319109 0,381684 1,436659 3,147014 -1,072390 0,332900 2,820930 0,010725 0,838377 3,357370
-0,021865 0,043303 3,321828 0,389333 1,438633 3,144257 -1,099540 0,060473 2,876752 0,010192 0,823738 3,308778
-0,031194 0,050541 3,307598 0,399152 1,439012 3,143082 -1,020307 -0,163651 2,930848 0,009939 0,827278 3,308834
-0,038537 0,052145 3,301970 0,402481 1,445776 3,138137 -0,897571 -0,320846 3,015347 0,024897 0,827240 3,308781
-0,040391 0,056648 3,294278 0,394062 1,450881 3,133960 -0,764120 -0,427806 3,082113 0,025611 0,841905 3,357309
-0,050518 0,058055 3,293400 0,386747 1,434249 3,145147 -0,620576 -0,490563 3,117462 0,031863 0,830784 3,308882
-0,054794 0,062228 3,287261 0,376868 1,443125 3,121715 -0,476399 -0,506789 3,121710 0,025085 0,841971 3,357560
-0,049446 0,056334 3,281365 0,360881 1,438140 3,118206 -0,334682 -0,480098 3,131593 0,021585 0,835559 3,345142
-0,045103 0,056491 3,292739 0,345483 1,448032 3,129364 -0,233274 -0,439499 3,153052 0,014476 0,848406 3,369854
-0,035068 0,062212 3,261771 0,339539 1,438521 3,114005 -0,217681 -0,430930 3,204360 0,028606 0,848406 3,369967
-0,028924 0,057786 3,287342 0,336925 1,436720 3,104305 -0,274621 -0,501857 3,202954 0,032406 0,851267 3,382404
-0,018615 0,063883 3,276021 0,337360 1,452304 3,103309 -0,393006 -0,557901 3,195656 0,036212 0,851985 3,369973
-0,010155 0,064014 3,287669 0,331406 1,454793 3,095084 -0,487931 -0,565347 3,136485 0,036191 0,844780 3,369887
-0,005530 0,057083 3,275958 0,332179 1,440280 3,098274 -0,538999 -0,553710 3,131716 0,043266 0,848355 3,369850
-0,001302 0,058614 3,287348 0,335733 1,438620 3,085213 -0,539558 -0,539527 3,111786 0,039759 0,851241 3,382345
-0,002668 0,068801 3,290742 0,329131 1,442469 3,095271 -0,492421 -0,524586 3,094211 0,043859 0,850488 3,394814
-0,001630 0,057203 3,270216 0,339451 1,450910 3,112240 -0,407374 -0,501936 3,096727 0,036485 0,850518 3,394881
-0,005771 0,061232 3,276407 0,341531 1,440427 3,117606 -0,325879 -0,465324 3,094804 0,039997 0,852676 3,357545
-0,006169 0,062016 3,273464 0,354978 1,445739 3,111064 -0,277131 -0,451282 3,103264 0,039997 0,852676 3,357545
-0,007998 0,059739 3,269026 0,356459 1,455303 3,136323 -0,298160 -0,483279 3,126064 0,039997 0,852676 3,357545
-0,011894 0,063034 3,272182 0,355571 1,444893 3,129391 -0,382763 -0,534190 3,135267 0,054610 0,852605 3,357373
-0,002744 0,055830 3,280040 0,356457 1,460709 3,130689 -0,474813 -0,551403 3,120093 0,054333 0,849036 3,357384
-0,001836 0,063091 3,275400 0,356583 1,448407 3,108173 -0,529458 -0,538086 3,094421 0,054610 0,852605 3,357373
0,000860 0,052712 3,279401 0,353683 1,453536 3,133970 -0,549173 -0,524532 3,077241 0,058607 0,850410 3,394592
0,006577 0,056310 3,273659 0,353404 1,447584 3,119061 -0,532294 -0,509600 3,068643 0,055126 0,853329 3,407281
0,005217 0,055324 3,284692 0,358435 1,447673 3,130877 -0,509242 -0,502781 3,060117 0,054991 0,851146 3,382111
0,001933 0,061962 3,288111 0,358892 1,447418 3,120427 -0,521561 -0,495459 3,074711 0,061192 0,843322 3,332759
0,006902 0,063020 3,278008 0,361923 1,454427 3,143852 -0,567149 -0,478670 3,058183 0,061469 0,846866 3,332753
0,008947 0,059595 3,288105 0,357173 1,449550 3,114882 -0,621278 -0,448450 3,020319 0,051234 0,850452 3,394718
0,007484 0,050646 3,280444 0,368939 1,455561 3,120788 -0,673073 -0,400467 2,985302 0,044479 0,859933 3,420128
0,012419 0,055061 3,272864 0,364652 1,453536 3,133358 -0,721070 -0,328283 2,939827 0,069193 0,845327 3,357003
0,014267 0,053862 3,291278 0,361395 1,462385 3,139336 -0,764685 -0,226831 2,899665 0,054585 0,845424 3,357290
0,023332 0,044252 3,287131 0,364282 1,461166 3,123309 -0,804792 -0,090254 2,865746 0,047365 0,847593 3,382232
0,026225 0,043287 3,287180 0,357094 1,457415 3,144131 -0,836281 0,066714 2,835067 0,043435 0,835494 3,345062
0,030326 0,043619 3,285007 0,363671 1,462420 3,155478 -0,854181 0,242426 2,804823 0,046626 0,829148 3,332845
0,038543 0,049537 3,276800 0,363185 1,470346 3,152108 -0,875879 0,438803 2,788575 0,050742 0,842612 3,345058
0,038698 0,052858 3,294815 0,358758 1,461115 3,145360 -0,871614 0,661719 2,776011 0,051018 0,846147 3,344962
0,037698 0,055780 3,285272 0,358279 1,462479 3,149580 -0,826538 0,869046 2,789257 0,058050 0,849726 3,345025
0,037689 0,053372 3,286460 0,362602 1,467043 3,162677 -0,763611 1,052966 2,845217 0,054356 0,856218 3,357467
0,033188 0,054711 3,302579 0,360887 1,458881 3,154885 -0,694682 1,213498 2,915811 0,068755 0,853947 3,332674
0,025670 0,053325 3,296381 0,362016 1,458125 3,150000 -0,615889 1,343301 3,015842 0,065831 0,862616 3,369621
0,022106 0,051959 3,302886 0,362060 1,448837 3,145563 -0,530936 1,416510 3,088396 0,060618 0,842742 3,284811
0,013521 0,055304 3,285975 0,369156 1,467527 3,169498 -0,453895 1,481153 3,165245 0,046693 0,850538 3,333076
0,014490 0,058552 3,294543 0,364002 1,450656 3,144360 -0,367776 1,499913 3,197075 0,047225 0,850472 3,332877
