35 12
0,039589 0,043773 3,361084 0,430712 1,528799 3,346827 -0,316347 1,506669 3,293306 0,066363 0,826984 3,419384
0,049467 0,052349 3,372747 0,414870 1,497928 3,292215 -0,337694 1,486826 3,243188 0,073517 0,824918 3,393905
0,053654 0,046004 3,354445 0,408112 1,522923 3,337895 -0,467339 1,550866 3,428540 0,070058 0,820489 3,406512
0,055961 0,048307 3,349025 0,412745 1,487896 3,279826 -0,566354 1,522247 3,453697 0,076631 0,811302 3,381190
0,072329 0,045272 3,377740 0,402351 1,549744 3,328770 -0,735630 1,151009 2,940044 0,091816 0,811104 3,380594
0,069937 0,045368 3,377459 0,415189 1,500490 3,289815 -0,930583 0,868532 3,019076 0,086288 0,827956 3,457218
0,077258 0,040591 3,367523 0,399159 1,480828 3,216695 -0,946565 0,632787 2,859880 0,089175 0,817806 3,444183
0,068042 0,045397 3,377411 0,397857 1,475754 3,244482 -0,991100 0,216013 2,804203 0,055250 0,813321 3,406710
0,063524 0,046015 3,387305 0,414644 1,484617 3,258695 -0,852504 -0,113734 2,649418 0,062158 0,800571 3,381368
0,060061 0,043938 3,380851 0,416738 1,496031 3,264710 -0,780751 -0,239526 2,677176 0,061895 0,796989 3,381376
0,051127 0,048529 3,361361 0,394820 1,500680 3,246191 -0,663411 -0,459025 3,081619 0,077444 0,811451 3,431582
0,047629 0,053417 3,373778 0,402336 1,524297 3,312428 -0,461717 -0,489565 2,886481 0,072955 0,810464 3,393721
0,047813 0,057636 3,355558 0,400777 1,523699 3,294447 -0,400796 -0,503301 2,922430 0,069524 0,813249 3,406422
0,049269 0,059680 3,354815 0,383141 1,519525 3,225356 -0,330874 -0,526781 3,079587 0,077736 0,822417 3,431777
0,046854 0,063333 3,356224 0,367214 1,504794 3,220012 -0,300445 -0,513474 3,042166 0,077736 0,822417 3,431777
0,047165 0,062975 3,372423 0,363847 1,541016 3,267558 -0,300680 -0,514484 3,051147 0,077976 0,818738 3,431693
0,045242 0,062134 3,368030 0,387505 1,502226 3,254710 -0,312374 -0,502825 3,017921 0,077736 0,822417 3,431777
0,044224 0,049296 3,357517 0,403782 1,543317 3,373392 -0,324210 -0,499147 3,023690 0,076913 0,813192 3,406216
0,044250 0,063763 3,357835 0,372714 1,516643 3,292013 -0,329708 -0,497947 3,013672 0,074019 0,823261 3,419113
0,043690 0,060220 3,352705 0,437946 1,528025 3,328191 -0,337097 -0,488776 2,988304 0,080320 0,810404 3,393502
0,039478 0,048723 3,351860 0,420159 1,511058 3,292333 -0,351528 -0,492182 3,010523 0,080895 0,815936 3,418789
0,042218 0,053904 3,355773 0,422417 1,495512 3,305028 -0,359741 -0,489835 3,011133 0,077180 0,816821 3,406311
0,044317 0,048262 3,354676 0,405192 1,493814 3,275583 -0,383687 -0,484176 2,981251 0,088573 0,819510 3,418645
0,050905 0,054940 3,355607 0,403427 1,505165 3,262513 -0,462409 -0,482044 3,103153 0,088812 0,815845 3,418575
0,051577 0,040997 3,349585 0,405696 1,500373 3,251256 -0,514389 -0,468127 3,116698 0,087923 0,806720 3,393272
0,063526 0,044043 3,373897 0,419773 1,517716 3,288812 -0,610040 -0,365583 2,924822 0,092842 0,818602 3,431218
0,076280 0,042242 3,338745 0,406114 1,510504 3,263707 -0,818936 -0,202099 3,122328 0,088518 0,804943 3,418460
0,079014 0,039821 3,347789 0,424794 1,531872 3,284135 -0,889815 -0,071952 3,060032 0,095017 0,803032 3,392892
0,099893 0,039084 3,373143 0,413166 1,516837 3,263199 -0,952294 0,233371 2,869081 0,100272 0,818524 3,430935
0,102670 0,036968 3,365985 0,425586 1,549904 3,303100 -0,941562 0,561457 2,754908 0,111029 0,815603 3,417689
0,098379 0,036119 3,367477 0,415698 1,479828 3,214267 -0,891109 0,715938 2,683710 0,103387 0,819355 3,418067
0,092150 0,042493 3,352932 0,399907 1,491503 3,251461 -0,821903 1,159777 3,106210 0,099607 0,820217 3,405573
0,079762 0,044765 3,374588 0,421023 1,483292 3,238659 -0,549332 1,210563 2,808299 0,099607 0,820217 3,405573
0,078342 0,044931 3,376518 0,422084 1,497147 3,237435 -0,434103 1,266423 2,866055 0,092872 0,825914 3,431313
0,064342 0,036556 3,355876 0,412971 1,490554 3,248481 -0,275431 1,484584 3,266356 0,095581 0,817477 3,393118
