24 12
0,044092 0,065164 3,270360 0,403512 1,473457 3,177972 -0,370346 1,562490 3,285941 0,103688 0,856416 3,283617
0,051876 0,060077 3,277290 0,397716 1,472489 3,180177 -0,463038 1,567569 3,331371 0,099605 0,841006 3,248313
0,056243 0,061324 3,302356 0,381051 1,479643 3,151415 -0,684253 1,084010 2,676993 0,100413 0,852227 3,295580
0,049615 0,064258 3,305866 0,386471 1,470715 3,119917 -0,894095 0,560820 2,686273 0,097118 0,848010 3,307613
0,045763 0,061647 3,310797 0,390329 1,473631 3,115961 -0,899433 0,249776 2,550879 0,093579 0,854447 3,319830
0,027278 0,067446 3,269757 0,389119 1,483930 3,131466 -0,824308 -0,245735 2,941162 0,077794 0,848296 3,249322
0,012406 0,078034 3,275762 0,386128 1,488526 3,136392 -0,421193 -0,367908 2,590494 0,081107 0,858058 3,260892
0,005546 0,075262 3,262956 0,376694 1,483962 3,139346 -0,257822 -0,373818 2,677513 0,096920 0,865749 3,307787
0,001055 0,094718 3,258742 0,375882 1,473287 3,127633 -0,031547 -0,341199 3,106824 0,088862 0,870688 3,284242
0,008831 0,073917 3,243707 0,372635 1,478245 3,115301 -0,133137 -0,446258 3,241264 0,089384 0,863621 3,284233
0,024050 0,071055 3,241609 0,379781 1,492835 3,137476 -0,287210 -0,508699 3,293287 0,082753 0,862334 3,308254
0,043197 0,073378 3,268596 0,376503 1,475198 3,118173 -0,495119 -0,470129 2,934330 0,100867 0,868588 3,319679
0,032967 0,069939 3,297033 0,377912 1,469803 3,121406 -0,404407 -0,408754 2,784674 0,089995 0,869353 3,308084
0,020137 0,076535 3,308211 0,378775 1,472194 3,132572 -0,302618 -0,370373 2,735086 0,089709 0,865828 3,308061
0,004048 0,083513 3,274798 0,395303 1,463479 3,141054 -0,180574 -0,351256 2,974335 0,082214 0,863693 3,284469
0,008157 0,075386 3,249399 0,401981 1,471052 3,132529 -0,345204 -0,484812 3,243098 0,092368 0,857257 3,272277
0,020440 0,066221 3,235832 0,400041 1,478450 3,144244 -0,483479 -0,522567 3,300741 0,085807 0,863002 3,296224
0,054092 0,067483 3,288699 0,389315 1,476946 3,140489 -0,681314 -0,397911 2,866389 0,100867 0,868588 3,319679
0,083428 0,065979 3,241017 0,384013 1,500812 3,161333 -0,937365 -0,144781 3,057322 0,107629 0,859202 3,295339
0,097733 0,056294 3,245189 0,384399 1,506063 3,156458 -0,949512 0,080968 2,871048 0,100413 0,852227 3,295580
0,112890 0,060089 3,275515 0,393059 1,501456 3,162555 -0,977106 0,620765 2,885431 0,105064 0,860719 3,331538
0,102888 0,062137 3,294019 0,393127 1,491633 3,159791 -0,730407 0,994547 2,620022 0,114527 0,855596 3,294959
0,088710 0,061475 3,312261 0,394569 1,499069 3,177836 -0,568881 1,171816 2,667295 0,118264 0,852666 3,282863
0,060781 0,056895 3,256387 0,395896 1,481832 3,167770 -0,305437 1,515888 3,211630 0,120399 0,847798 3,247621
