33 12
0,012526 0,052769 3,267328 0,351554 1,474310 3,149755 -0,367925 1,450914 3,105798 0,039401 0,848447 3,308951
0,017173 0,056714 3,253743 0,332885 1,474407 3,124825 -0,358667 1,474458 3,136982 0,043175 0,851257 3,320966
0,021469 0,057575 3,257529 0,332788 1,475252 3,125777 -0,430885 1,509686 3,233782 0,057238 0,845551 3,296761
0,019812 0,056721 3,256986 0,327807 1,469783 3,133921 -0,510712 1,480430 3,230425 0,053445 0,842786 3,284934
0,018612 0,058018 3,264573 0,332819 1,477508 3,153857 -0,687995 1,085069 2,686085 0,064613 0,847599 3,320634
0,016282 0,056097 3,272030 0,340922 1,460361 3,120354 -0,967071 0,749975 2,880263 0,054610 0,852605 3,357373
0,011433 0,055997 3,295307 0,348687 1,450272 3,102618 -0,978700 0,446334 2,706576 0,039973 0,845495 3,357460
0,006482 0,048169 3,264553 0,368322 1,458473 3,120909 -0,995560 -0,031032 2,860125 0,006908 0,830009 3,320726
-0,005533 0,050794 3,272444 0,374552 1,464688 3,122278 -0,747254 -0,326092 2,666327 0,035103 0,840623 3,320886
-0,004813 0,054934 3,252032 0,368914 1,470101 3,121061 -0,629232 -0,408753 2,716057 0,049582 0,840560 3,320703
-0,006878 0,066727 3,254452 0,349786 1,476715 3,124942 -0,420670 -0,533582 3,210553 0,039464 0,852699 3,357602
-0,002519 0,066481 3,232518 0,329083 1,479691 3,133848 -0,177690 -0,395225 2,918394 0,032433 0,856316 3,357707
0,003343 0,079356 3,231521 0,327332 1,466983 3,118692 -0,120100 -0,357690 2,976019 0,050916 0,866337 3,369983
0,008521 0,083211 3,244253 0,328884 1,474066 3,111032 -0,121759 -0,353758 3,008412 0,054379 0,863403 3,357549
0,012736 0,069845 3,246259 0,332950 1,466029 3,104227 -0,307289 -0,517252 3,263125 0,058223 0,859084 3,369773
0,016503 0,071624 3,259842 0,338691 1,459314 3,089850 -0,421904 -0,556912 3,250810 0,050894 0,859127 3,369899
0,023524 0,062856 3,253497 0,354638 1,465967 3,110887 -0,534648 -0,508894 2,965279 0,058223 0,859084 3,369773
0,011044 0,070842 3,276927 0,363620 1,457208 3,092824 -0,397353 -0,441790 2,780172 0,055173 0,867891 3,407466
0,011780 0,068369 3,270097 0,372414 1,448633 3,099750 -0,319671 -0,416314 2,779363 0,051813 0,864895 3,394698
0,005619 0,070743 3,277367 0,386097 1,461431 3,121637 -0,244881 -0,414702 2,981455 0,047689 0,865649 3,382390
0,007492 0,065508 3,264026 0,393464 1,447973 3,115361 -0,314106 -0,470682 3,046534 0,057965 0,862689 3,369783
0,016131 0,062294 3,253009 0,386233 1,455736 3,115071 -0,334718 -0,469048 2,984567 0,058223 0,859084 3,369773
0,018319 0,062091 3,277394 0,387988 1,447034 3,101750 -0,311014 -0,426164 2,954609 0,058934 0,868527 3,394766
0,020659 0,057017 3,270786 0,388767 1,444059 3,106454 -0,347482 -0,406544 3,005461 0,054356 0,856218 3,357467
0,021482 0,067972 3,279527 0,398406 1,441353 3,086025 -0,429062 -0,406006 3,032909 0,050894 0,859127 3,369899
0,032317 0,067148 3,286310 0,413474 1,448987 3,112862 -0,576344 -0,277975 2,682763 0,063315 0,877445 3,432840
0,044223 0,060998 3,280113 0,412172 1,462353 3,125139 -0,751737 -0,033887 2,797366 0,069717 0,858276 3,381905
0,049964 0,060921 3,290162 0,402291 1,465063 3,133708 -0,786509 0,142489 2,719066 0,083824 0,852381 3,356681
0,059177 0,055591 3,285054 0,386443 1,455894 3,127811 -0,844786 0,571944 2,733765 0,080172 0,853094 3,344443
0,055271 0,054068 3,304113 0,368444 1,479586 3,173272 -0,765459 0,918847 2,641704 0,094196 0,853015 3,344072
0,052069 0,053573 3,300117 0,365813 1,477447 3,176735 -0,702449 1,077181 2,696903 0,087200 0,856648 3,344359
0,038030 0,058307 3,276950 0,366530 1,463983 3,153884 -0,558915 1,475194 3,212049 0,076294 0,857412 3,332417
0,031987 0,056146 3,283740 0,379881 1,448428 3,169410 -0,376724 1,444910 3,093868 0,069246 0,859689 3,357166
