24 12
-0,006200 0,043079 3,335013 0,363849 1,455014 3,226950 -0,400462 1,401735 3,138613 0,018127 0,892337 3,433532
-0,012542 0,038596 3,343995 0,365719 1,473189 3,242821 -0,393622 1,349014 3,070121 0,021830 0,886862 3,395392
-0,012242 0,047972 3,322958 0,368630 1,445352 3,222728 -0,405983 1,144058 2,975501 0,014870 0,889258 3,420592
-0,017038 0,039998 3,326530 0,370160 1,449810 3,215019 -0,347651 0,946346 2,914291 0,007051 0,879606 3,395231
-0,013227 0,042990 3,322282 0,373780 1,441978 3,219025 -0,341994 0,878657 2,898544 0,010808 0,882606 3,407897
-0,014443 0,042479 3,316892 0,375251 1,436936 3,201850 -0,348382 0,863951 2,884877 0,018313 0,880217 3,382694
-0,009785 0,052416 3,321312 0,365460 1,444800 3,208792 -0,398607 0,996232 2,919981 0,000153 0,873590 3,369826
-0,011998 0,047523 3,326621 0,365269 1,459352 3,225888 -0,404012 1,036300 2,924594 0,018031 0,876620 3,382741
-0,008034 0,042549 3,329061 0,363937 1,450194 3,224023 -0,394124 1,035874 2,962693 0,003581 0,872980 3,382488
-0,016596 0,045828 3,330966 0,369642 1,441403 3,217431 -0,357426 0,927305 2,965026 0,017946 0,886249 3,407991
-0,018569 0,040494 3,341394 0,372071 1,452295 3,240743 -0,328827 0,846815 2,907479 0,014606 0,892944 3,420743
-0,020326 0,049358 3,344446 0,365397 1,452623 3,231112 -0,339492 0,765130 2,924289 -0,011367 0,872023 3,333147
-0,019408 0,046318 3,327048 0,371522 1,453921 3,236326 -0,384191 0,855335 2,967247 0,022503 0,895379 3,446334
-0,020697 0,047863 3,345086 0,369652 1,461214 3,238001 -0,400157 0,922848 2,958731 0,006786 0,883241 3,395302
-0,017372 0,045136 3,328977 0,364223 1,449421 3,227369 -0,406768 1,002785 2,975816 0,015154 0,892869 3,420456
-0,017779 0,051057 3,353270 0,361507 1,453731 3,225665 -0,358839 0,935531 2,915772 0,010543 0,886255 3,407966
-0,016235 0,050392 3,328840 0,370242 1,444050 3,221497 -0,337566 0,898439 2,925601 -0,004062 0,877908 3,357789
-0,020017 0,040958 3,320191 0,371708 1,439963 3,215681 -0,354196 0,839653 2,919109 0,014606 0,892944 3,420743
-0,014620 0,045851 3,328529 0,368729 1,442171 3,215055 -0,406830 0,949168 2,962732 0,015154 0,892869 3,420456
-0,015594 0,043523 3,322536 0,367521 1,461376 3,234841 -0,441053 1,040093 2,978380 -0,000173 0,871361 3,345384
-0,007872 0,049948 3,324451 0,363000 1,448080 3,214631 -0,457149 1,228440 3,048625 0,014891 0,896578 3,420692
-0,003881 0,042132 3,324315 0,368592 1,447355 3,216831 -0,439832 1,350017 3,059880 0,018410 0,896008 3,433571
-0,002411 0,050814 3,323916 0,365343 1,459183 3,220143 -0,415077 1,397552 3,089802 0,021750 0,889277 3,420718
-0,002736 0,052750 3,335128 0,364791 1,442765 3,200104 -0,348793 1,474331 3,259162 0,021564 0,890498 3,395446
