25 12
0,051931 0,059572 3,243327 0,405722 1,467470 3,110668 -0,345541 1,427537 3,068894 0,143049 0,838902 3,269484
0,052782 0,062684 3,253350 0,409905 1,466501 3,113139 -0,393031 1,314518 2,950356 0,135041 0,833553 3,246575
0,046541 0,066277 3,241147 0,401390 1,454637 3,094459 -0,475653 1,006529 2,667585 0,139659 0,838270 3,281563
0,046818 0,068334 3,237488 0,395626 1,460171 3,115360 -0,361228 0,765673 2,508230 0,136283 0,844665 3,293709
0,040945 0,071461 3,226490 0,382986 1,455546 3,091565 -0,274480 0,689453 2,440386 0,129108 0,844779 3,294126
0,035911 0,080829 3,218352 0,391983 1,458051 3,108541 -0,026537 0,751690 2,845817 0,140078 0,850965 3,305422
0,037977 0,070978 3,218018 0,391300 1,466109 3,117356 0,118080 0,772270 2,815970 0,125869 0,833478 3,306138
0,033357 0,073377 3,230153 0,392154 1,461373 3,102514 0,119410 0,809758 2,937951 0,137150 0,843180 3,317602
0,044573 0,061992 3,225640 0,382059 1,449021 3,093475 -0,079646 0,690531 2,618803 0,129355 0,841210 3,294045
0,043556 0,071251 3,243561 0,385990 1,451374 3,105960 -0,198398 0,693669 2,673638 0,126253 0,858214 3,306314
0,040971 0,064485 3,239305 0,389891 1,451104 3,103307 -0,160800 0,658744 2,544923 0,128856 0,848328 3,294130
0,035482 0,070726 3,236727 0,400716 1,479255 3,129918 0,018298 0,755890 2,798689 0,126462 0,847528 3,306085
0,033589 0,066486 3,222734 0,388131 1,462353 3,119176 0,057474 0,751936 2,848915 0,122710 0,843401 3,318419
0,033532 0,066197 3,222591 0,387872 1,458352 3,122226 0,000808 0,754342 2,925418 0,122491 0,854079 3,318500
0,052185 0,070924 3,241614 0,375858 1,438804 3,092854 -0,192108 0,649887 2,619337 0,122234 0,857631 3,318434
0,050880 0,067937 3,253237 0,382241 1,451685 3,103262 -0,202470 0,637168 2,587847 0,122491 0,854079 3,318500
0,047769 0,068449 3,265326 0,384617 1,454527 3,102226 -0,138018 0,625933 2,496980 0,123025 0,854015 3,318464
0,032013 0,068426 3,230518 0,394204 1,470106 3,118142 0,071268 0,737691 2,823656 0,123270 0,850399 3,318294
0,024138 0,068072 3,220289 0,389195 1,460457 3,110873 0,068632 0,732578 2,904696 0,125969 0,854714 3,306334
0,029565 0,074094 3,231669 0,390483 1,462003 3,109003 -0,024535 0,717881 2,943498 0,135805 0,858801 3,293684
0,043345 0,067482 3,250479 0,390949 1,441823 3,096460 -0,254168 0,634160 2,561130 0,120876 0,842867 3,270869
0,058477 0,068889 3,227787 0,400154 1,453606 3,102135 -0,421241 0,842077 2,700390 0,124534 0,833011 3,258882
0,064059 0,073638 3,228364 0,406878 1,462361 3,097716 -0,452297 0,948382 2,648071 0,124287 0,836544 3,258961
0,069094 0,070159 3,242915 0,416357 1,461793 3,112306 -0,418640 1,260964 2,854303 0,136566 0,848151 3,293699
0,072184 0,067773 3,239025 0,409214 1,472105 3,137880 -0,311602 1,340412 2,839525 0,134550 0,840616 3,246783
