28 12
0,016214 0,043989 3,347518 0,411337 1,454443 3,291003 -0,369315 1,536876 3,322479 0,052042 0,827008 3,419455
0,024751 0,051981 3,377467 0,405475 1,458109 3,297401 -0,388176 1,509226 3,230336 0,051890 0,817714 3,393875
0,030092 0,047856 3,364864 0,399706 1,472247 3,291488 -0,423916 1,465173 3,200376 0,062714 0,814887 3,381197
0,031212 0,047212 3,378179 0,392099 1,479618 3,315060 -0,470857 1,362546 3,107522 0,072686 0,803127 3,344086
0,027462 0,046841 3,378225 0,391181 1,491274 3,308842 -0,602456 0,844078 2,551026 0,081699 0,826800 3,418837
0,023348 0,043362 3,395204 0,399532 1,475879 3,257433 -0,615818 0,283108 2,433710 0,056947 0,836079 3,510749
0,021435 0,049309 3,380053 0,408402 1,479333 3,254995 -0,601283 0,029906 2,496590 0,056088 0,824542 3,458008
0,015483 0,044182 3,358787 0,398740 1,470572 3,217301 -0,542370 -0,377213 2,922587 0,059318 0,810704 3,444892
0,009883 0,050354 3,351109 0,402416 1,480786 3,265249 -0,478306 -0,494225 3,048984 0,059555 0,807015 3,444784
0,007133 0,044058 3,348073 0,397293 1,458612 3,260091 -0,443049 -0,508429 3,175261 0,060049 0,806906 3,444408
0,004309 0,045940 3,347451 0,408051 1,471845 3,273223 -0,403304 -0,525482 3,405756 0,051675 0,794268 3,419168
0,007273 0,045654 3,358837 0,402678 1,463175 3,264838 -0,415508 -0,504534 3,409866 0,055174 0,791548 3,406430
0,009429 0,049757 3,360455 0,401053 1,465890 3,268282 -0,412684 -0,506798 3,402101 0,059529 0,799683 3,444682
0,014720 0,043067 3,369012 0,423622 1,463435 3,248824 -0,435750 -0,478729 3,316449 0,059555 0,807015 3,444784
0,014889 0,038955 3,365303 0,436918 1,447536 3,204069 -0,441109 -0,471392 3,313625 0,063493 0,802417 3,457559
0,012492 0,052727 3,371005 0,438155 1,441471 3,204926 -0,441806 -0,471529 3,306083 0,055536 0,809842 3,457834
0,014848 0,039694 3,361464 0,441425 1,454969 3,255883 -0,432920 -0,470152 3,289419 0,055849 0,800577 3,431788
0,017255 0,044265 3,351026 0,428701 1,465611 3,291512 -0,438087 -0,457166 3,265851 0,063025 0,796923 3,431754
0,017223 0,050736 3,373952 0,423212 1,479604 3,303931 -0,441378 -0,449494 3,252167 0,059318 0,810704 3,444892
0,022882 0,037108 3,391179 0,406250 1,455763 3,285392 -0,470245 -0,380667 3,054759 0,054939 0,795197 3,406536
0,027688 0,048519 3,388884 0,402772 1,488904 3,309421 -0,438285 -0,139217 2,827137 0,063782 0,826540 3,484056
0,026224 0,045225 3,382421 0,391717 1,484004 3,301781 -0,447922 0,057345 2,657232 0,066787 0,823633 3,470666
0,035941 0,043237 3,399580 0,395847 1,461060 3,275486 -0,462803 0,571517 2,567961 0,067579 0,840562 3,497325
0,042538 0,042140 3,384347 0,396798 1,467305 3,252279 -0,501984 0,983277 2,650575 0,088189 0,810314 3,393291
0,046054 0,040354 3,394331 0,405972 1,457717 3,284355 -0,499686 1,159514 2,763611 0,095551 0,810241 3,393030
0,033299 0,043769 3,366285 0,414785 1,466254 3,307517 -0,456602 1,473338 3,125193 0,085073 0,816691 3,405946
0,024211 0,044208 3,374844 0,430740 1,481541 3,336241 -0,431925 1,486587 3,248535 0,070297 0,816813 3,406339
0,015078 0,043401 3,368643 0,431373 1,464332 3,337873 -0,406571 1,519874 3,391434 0,055276 0,820585 3,406804
