66 12
-0,051706 0,052541 3,311598 0,314475 1,482049 3,287070 -0,437258 1,480023 3,279152 -0,041262 0,844514 3,431715
-0,052429 0,050123 3,312473 0,314499 1,480809 3,280946 -0,461746 1,483609 3,261150 -0,041780 0,851821 3,431895
-0,052219 0,055346 3,313153 0,320123 1,472729 3,280479 -0,497950 1,483666 3,260689 -0,037457 0,841649 3,419051
-0,050287 0,059639 3,325563 0,324381 1,478311 3,279188 -0,549161 1,459526 3,229354 -0,037804 0,843166 3,393890
-0,049478 0,049277 3,315288 0,330068 1,474053 3,265342 -0,625610 1,412639 3,198359 -0,026706 0,833143 3,381567
-0,045107 0,058811 3,318882 0,328908 1,462965 3,253193 -0,711748 1,349024 3,149533 -0,029633 0,846824 3,393958
-0,047253 0,049952 3,313251 0,325403 1,463398 3,247472 -0,817489 1,261334 3,097194 -0,026706 0,833143 3,381567
-0,046700 0,052038 3,308640 0,332886 1,463298 3,252839 -0,917179 1,148929 3,058771 -0,026706 0,833143 3,381567
-0,044907 0,056413 3,328016 0,331237 1,460327 3,243600 -1,015705 0,999515 3,001566 -0,026439 0,836775 3,381636
-0,044955 0,053821 3,329737 0,338239 1,476836 3,262061 -1,073809 0,821837 2,964263 -0,033912 0,827509 3,356557
-0,048650 0,046213 3,307634 0,342097 1,456351 3,232537 -1,109519 0,638152 2,933101 -0,041665 0,829414 3,381004
-0,047763 0,053265 3,326561 0,358710 1,467681 3,252863 -1,117409 0,461334 2,925809 -0,047991 0,827441 3,355996
-0,050399 0,043919 3,312240 0,355984 1,454097 3,228353 -1,071652 0,306116 2,916525 -0,063371 0,823680 3,355372
-0,048622 0,047282 3,324557 0,355475 1,461024 3,239749 -0,998110 0,184425 2,934750 -0,067192 0,826423 3,367565
-0,053237 0,048694 3,324185 0,353215 1,477117 3,270638 -0,901934 0,100658 2,948301 -0,063115 0,820137 3,355391
-0,048323 0,055212 3,317591 0,342771 1,490806 3,299720 -0,796842 0,057186 2,959939 -0,063110 0,827306 3,355483
-0,055418 0,049057 3,309150 0,340424 1,476808 3,262112 -0,697805 0,046106 2,994288 -0,056092 0,832964 3,380599
-0,051462 0,048710 3,320193 0,341165 1,481840 3,268197 -0,605664 0,069282 3,004614 -0,056354 0,829312 3,380478
-0,052788 0,051850 3,323427 0,329008 1,470528 3,256369 -0,524740 0,101451 3,042052 -0,048514 0,827421 3,356077
-0,053607 0,049254 3,329955 0,333587 1,475087 3,251428 -0,465139 0,138754 3,056626 -0,048776 0,823794 3,355953
-0,052373 0,053786 3,325857 0,331641 1,476328 3,238250 -0,442314 0,161454 3,105963 -0,052026 0,833803 3,368344
-0,053908 0,052028 3,316966 0,333756 1,467889 3,245842 -0,450582 0,158373 3,125639 -0,056354 0,829312 3,380478
-0,051197 0,044648 3,317255 0,325070 1,464893 3,237330 -0,492674 0,133123 3,143514 -0,063769 0,831307 3,405324
-0,046751 0,043845 3,324522 0,313086 1,466751 3,234572 -0,552119 0,103367 3,134317 -0,052297 0,822989 3,368208
-0,046548 0,051233 3,333984 0,330359 1,488063 3,235113 -0,617206 0,077275 3,132152 -0,063115 0,820137 3,355391
-0,043514 0,051261 3,333384 0,328694 1,465926 3,235016 -0,682545 0,063088 3,112776 -0,062845 0,830912 3,355513
-0,047728 0,042367 3,310835 0,337707 1,482545 3,267623 -0,732863 0,063938 3,096315 -0,055834 0,829374 3,380542
-0,042792 0,042035 3,320765 0,337376 1,480270 3,259797 -0,756106 0,067104 3,067306 -0,055834 0,829374 3,380542
-0,040932 0,042379 3,339188 0,335417 1,476954 3,260906 -0,739073 0,080630 3,033319 -0,066935 0,822868 3,367580
-0,047096 0,048987 3,328366 0,339872 1,469050 3,266536 -0,702287 0,094787 3,021375 -0,056354 0,829312 3,380478
-0,047802 0,044941 3,323608 0,334088 1,467442 3,266362 -0,656801 0,106821 3,010455 -0,048514 0,827421 3,356077
-0,051256 0,052578 3,327426 0,332173 1,450833 3,224620 -0,610576 0,120097 3,022275 -0,048514 0,827421 3,356077
-0,055920 0,048493 3,333492 0,338772 1,461414 3,261583 -0,576151 0,128127 3,041214 -0,048776 0,823794 3,355953
-0,064921 0,048292 3,330188 0,348092 1,474790 3,266708 -0,572061 0,129507 3,085261 -0,063769 0,831307 3,405324
-0,061760 0,047852 3,338296 0,340503 1,456448 3,244658 -0,588340 0,116484 3,100206 -0,063769 0,831307 3,405324
-0,059195 0,059037 3,322346 0,337375 1,454083 3,240144 -0,622299 0,100858 3,110373 -0,048514 0,827421 3,356077
-0,063712 0,050636 3,323669 0,340489 1,479111 3,248101 -0,658892 0,090454 3,085726 -0,071037 0,829184 3,379834
-0,060648 0,050456 3,341995 0,353388 1,469278 3,253362 -0,674614 0,092649 3,051992 -0,063769 0,831307 3,405324
-0,061166 0,050237 3,327708 0,350989 1,452397 3,239632 -0,665314 0,094398 3,037106 -0,063769 0,831307 3,405324
-0,057585 0,058075 3,317912 0,345146 1,465248 3,258176 -0,628889 0,105046 3,027204 -0,070517 0,829246 3,379868
-0,061978 0,050693 3,335680 0,336767 1,477582 3,244802 -0,587152 0,113878 3,026696 -0,063769 0,831307 3,405324
-0,070692 0,049311 3,314806 0,338565 1,468504 3,263505 -0,547476 0,127172 3,040507 -0,063769 0,831307 3,405324
-0,068422 0,050175 3,322712 0,338257 1,457312 3,247915 -0,512170 0,141143 3,057236 -0,052297 0,822989 3,368208
-0,069734 0,050405 3,323510 0,333162 1,453249 3,241147 -0,496858 0,148825 3,072587 -0,067641 0,834114 3,417850
-0,074414 0,056843 3,324786 0,336997 1,456550 3,250404 -0,501849 0,143918 3,094889 -0,056354 0,829312 3,380478
-0,071860 0,050458 3,308671 0,329881 1,460017 3,254404 -0,527595 0,130123 3,099130 -0,063115 0,820137 3,355391
-0,069542 0,049777 3,310363 0,331703 1,458130 3,250754 -0,571786 0,108671 3,097617 -0,064285 0,831201 3,405104
-0,067246 0,051635 3,318372 0,326761 1,466295 3,247546 -0,623689 0,088699 3,094995 -0,070517 0,829246 3,379868
-0,061415 0,052400 3,323694 0,331384 1,456283 3,231758 -0,680774 0,080819 3,087813 -0,063176 0,829314 3,380220
-0,061606 0,049002 3,320487 0,329701 1,455601 3,236237 -0,744956 0,073310 3,089823 -0,071037 0,829184 3,379834
-0,058259 0,052184 3,325447 0,329408 1,465204 3,249779 -0,813337 0,077284 3,077951 -0,063629 0,820032 3,355179
-0,052562 0,057333 3,332476 0,335024 1,463876 3,257606 -0,876311 0,102653 3,059620 -0,063110 0,827306 3,355483
-0,052872 0,052462 3,324785 0,328112 1,469921 3,245447 -0,938837 0,145236 3,035726 -0,063371 0,823680 3,355372
-0,051365 0,050791 3,328455 0,329782 1,473971 3,259774 -1,000609 0,211393 3,006757 -0,055799 0,818242 3,331208
-0,049713 0,048674 3,314320 0,333589 1,470743 3,242917 -1,045926 0,305124 2,961963 -0,059312 0,824567 3,343366
-0,041777 0,050946 3,328028 0,331956 1,471573 3,258539 -1,070809 0,431566 2,918076 -0,070776 0,832835 3,379941
-0,044974 0,051768 3,331656 0,337643 1,473152 3,227947 -1,071759 0,558540 2,863735 -0,048776 0,823794 3,355953
-0,038690 0,050796 3,325672 0,333886 1,469099 3,246024 -1,042744 0,705663 2,834438 -0,045181 0,835872 3,393549
-0,038219 0,058996 3,329244 0,329366 1,464738 3,239220 -1,017123 0,881393 2,905954 -0,037379 0,833899 3,368870
-0,037158 0,056252 3,327304 0,322681 1,463822 3,222714 -0,944573 1,013736 2,878473 -0,034199 0,838784 3,406521
-0,039343 0,053740 3,317350 0,329169 1,471069 3,244299 -0,854872 1,137281 2,935668 -0,033933 0,842441 3,406586
-0,043865 0,057918 3,324404 0,332843 1,473998 3,260720 -0,761295 1,242913 2,995498 -0,026963 0,836712 3,381509
-0,048253 0,058437 3,320455 0,331906 1,466975 3,254358 -0,659278 1,318363 3,050960 -0,033933 0,842441 3,406586
-0,051113 0,064968 3,309721 0,330611 1,466081 3,259619 -0,560280 1,390810 3,107162 -0,037705 0,852602 3,419283
-0,055028 0,054426 3,313513 0,330902 1,457051 3,249969 -0,460671 1,428657 3,165896 -0,041251 0,851839 3,431824
-0,066330 0,059093 3,310648 0,334915 1,457946 3,264248 -0,402612 1,485482 3,267853 -0,041251 0,851839 3,431824
