30 12
0,014426 0,063891 3,277521 0,354412 1,461442 3,136177 -0,433405 1,503737 3,218895 0,006814 0,897643 3,321570
0,009344 0,061179 3,273292 0,351842 1,461474 3,129423 -0,464610 1,501289 3,194879 0,010664 0,898188 3,309472
0,011667 0,058179 3,270757 0,370710 1,470864 3,170806 -0,500859 1,432559 3,069983 0,010374 0,894659 3,309530
0,008077 0,059750 3,265919 0,361741 1,462482 3,130659 -0,555369 1,427448 3,103021 0,010374 0,894659 3,309530
0,010595 0,058304 3,275748 0,351739 1,460024 3,145378 -0,605392 1,404430 3,104241 0,010374 0,894659 3,309530
0,016707 0,064695 3,268967 0,345656 1,459133 3,123519 -0,706706 1,118117 2,747253 0,017427 0,888746 3,285668
0,013303 0,061895 3,283601 0,345010 1,458772 3,136638 -0,869911 0,878892 2,883625 0,013622 0,888155 3,297539
0,011109 0,061063 3,296903 0,350457 1,456180 3,140284 -0,855461 0,639492 2,727587 0,017483 0,897065 3,333745
0,001111 0,055649 3,272693 0,364803 1,468345 3,159818 -0,828516 0,283713 2,894935 -0,011312 0,881669 3,285297
0,000932 0,060137 3,288580 0,361194 1,483506 3,171448 -0,586589 0,066751 2,727318 -0,011312 0,881669 3,285297
0,000415 0,067880 3,272872 0,362816 1,473966 3,159139 -0,491135 0,033826 2,792439 -0,019284 0,872303 3,261460
-0,004988 0,059305 3,273148 0,349171 1,483674 3,170447 -0,370499 0,056431 3,098297 -0,004444 0,879408 3,261904
0,004590 0,063720 3,256165 0,348749 1,481962 3,169445 -0,370224 0,061412 3,100261 -0,011870 0,881652 3,285299
0,005572 0,056421 3,268536 0,345235 1,479526 3,157859 -0,408390 0,046228 3,097091 -0,011870 0,881652 3,285299
0,006528 0,061623 3,270514 0,345667 1,474215 3,168776 -0,445388 0,034330 3,014954 -0,015161 0,882276 3,273479
0,003217 0,061711 3,262305 0,345169 1,470870 3,166907 -0,357826 0,073092 2,945547 -0,011296 0,888725 3,285368
0,003087 0,064172 3,257756 0,346514 1,477677 3,158718 -0,333679 0,093371 3,004247 -0,011584 0,885199 3,285372
-0,001382 0,066431 3,254126 0,348154 1,473802 3,149973 -0,381936 0,068469 2,941031 -0,018429 0,882873 3,261647
0,000075 0,060854 3,262232 0,346792 1,471744 3,154089 -0,456284 0,045023 2,987263 -0,011312 0,881669 3,285297
-0,001577 0,062308 3,261972 0,352433 1,484628 3,160914 -0,438251 0,045539 2,919287 -0,011584 0,885199 3,285372
-0,002327 0,059510 3,259330 0,348182 1,468257 3,145962 -0,381036 0,084179 3,005128 -0,022250 0,876483 3,249909
-0,005744 0,060037 3,254612 0,348765 1,472760 3,142556 -0,448398 0,079932 3,100105 -0,011312 0,881669 3,285297
0,002561 0,060839 3,247263 0,344799 1,476923 3,146738 -0,550245 0,081250 3,142318 -0,018444 0,875864 3,261580
0,014240 0,051212 3,276380 0,342243 1,469774 3,141418 -0,712378 0,161247 2,725886 -0,004173 0,875902 3,261840
0,030207 0,058626 3,251604 0,340027 1,473654 3,144056 -0,887189 0,463974 2,791527 -0,000783 0,888152 3,297432
0,036307 0,051101 3,255556 0,343689 1,481861 3,146497 -0,901744 0,635247 2,707508 0,017408 0,881690 3,285598
0,039687 0,055433 3,256609 0,344692 1,471219 3,140486 -0,866417 1,068919 2,934546 0,025383 0,894572 3,309331
0,039522 0,068072 3,271823 0,344639 1,472993 3,147668 -0,651360 1,206617 2,762026 0,028337 0,898752 3,297643
0,033067 0,067786 3,262955 0,341858 1,465847 3,132336 -0,556070 1,292468 2,848028 0,025136 0,905279 3,309598
0,018959 0,060065 3,241697 0,348977 1,477562 3,157525 -0,383653 1,545020 3,268852 0,010392 0,901766 3,309604
