64 12
-0,041236 0,055021 3,325764 0,332508 1,474163 3,248451 -0,460161 1,487854 3,254212 -0,023059 0,843236 3,394286
-0,042785 0,057431 3,336289 0,337593 1,460711 3,250623 -0,498013 1,485558 3,259651 -0,019142 0,842505 3,406972
-0,042322 0,050384 3,331985 0,347804 1,473653 3,281992 -0,554354 1,468721 3,240160 -0,026795 0,846094 3,406821
-0,040952 0,054039 3,339222 0,348220 1,461060 3,250094 -0,636844 1,428275 3,208292 -0,015459 0,845396 3,419758
-0,042426 0,061043 3,352646 0,342305 1,472754 3,269189 -0,738172 1,354864 3,158916 -0,018872 0,846141 3,406968
-0,040041 0,055578 3,354822 0,356518 1,447180 3,225996 -0,851803 1,243406 3,091059 -0,026170 0,840386 3,381625
-0,039342 0,047639 3,347065 0,346214 1,445206 3,215586 -0,971734 1,110111 3,040939 -0,019409 0,838847 3,406890
-0,040579 0,051878 3,355012 0,363017 1,464902 3,255671 -1,026689 0,912579 2,928621 -0,015413 0,826795 3,369348
-0,037876 0,056703 3,349453 0,364499 1,463524 3,254720 -1,099305 0,745426 2,908293 -0,022560 0,828759 3,394063
-0,041361 0,049711 3,339593 0,375596 1,445392 3,215141 -1,105980 0,566296 2,870027 -0,030196 0,825107 3,393878
-0,039340 0,046319 3,331887 0,376737 1,458459 3,230263 -1,085053 0,407760 2,851789 -0,040890 0,825866 3,380978
-0,046893 0,048836 3,337471 0,374340 1,454792 3,224268 -1,032809 0,269622 2,850465 -0,048521 0,820250 3,355988
-0,043005 0,049708 3,328518 0,378817 1,481471 3,248854 -0,950883 0,165080 2,873458 -0,045231 0,826595 3,368440
-0,045388 0,055306 3,334121 0,365642 1,468059 3,257494 -0,854110 0,090587 2,895050 -0,045231 0,826595 3,368440
-0,044861 0,050877 3,341204 0,364620 1,452636 3,252045 -0,754185 0,052588 2,921731 -0,044976 0,823040 3,368479
-0,042127 0,049026 3,318803 0,353262 1,489442 3,291395 -0,659831 0,040885 2,952620 -0,048736 0,827809 3,405879
-0,050430 0,049855 3,323933 0,343027 1,470981 3,288902 -0,577031 0,048878 2,981874 -0,053075 0,837843 3,418463
-0,044999 0,052319 3,332227 0,338658 1,459808 3,258500 -0,519354 0,070215 3,021513 -0,041665 0,829414 3,381004
-0,046486 0,049739 3,348688 0,325263 1,460179 3,259938 -0,493856 0,088165 3,054096 -0,041135 0,836699 3,381197
-0,045284 0,050868 3,338969 0,333595 1,450163 3,244948 -0,506700 0,093008 3,090389 -0,041665 0,829414 3,381004
-0,043165 0,050390 3,337461 0,332289 1,459549 3,269041 -0,556094 0,075975 3,119328 -0,041665 0,829414 3,381004
-0,040924 0,049151 3,326782 0,333279 1,458014 3,245553 -0,621920 0,049693 3,106128 -0,041409 0,825846 3,381046
-0,041678 0,042562 3,328567 0,338281 1,462642 3,246995 -0,701905 0,044238 3,105388 -0,044976 0,823040 3,368479
-0,035142 0,050132 3,340504 0,347574 1,452969 3,232484 -0,760954 0,042714 3,088983 -0,049015 0,822148 3,380659
-0,035674 0,050429 3,331224 0,350245 1,461626 3,240939 -0,785288 0,046470 3,054186 -0,048224 0,833038 3,380802
-0,035128 0,042486 3,336625 0,357381 1,442145 3,215505 -0,768699 0,050137 3,028786 -0,048521 0,820250 3,355988
-0,041800 0,046083 3,337269 0,358332 1,445016 3,221504 -0,723557 0,059133 3,017343 -0,041409 0,825846 3,381046
-0,044833 0,044257 3,333111 0,358428 1,459558 3,260890 -0,663918 0,061950 3,003189 -0,037820 0,828670 3,393693
-0,046914 0,042024 3,347677 0,344032 1,437129 3,190417 -0,595256 0,074281 3,005817 -0,052297 0,822989 3,368208
-0,052174 0,046974 3,337541 0,355922 1,459352 3,260190 -0,534105 0,081424 3,026239 -0,048776 0,823794 3,355953
-0,055118 0,051649 3,328921 0,359418 1,455572 3,239766 -0,501423 0,090372 3,067707 -0,037812 0,835916 3,393791
-0,056273 0,039900 3,327075 0,355062 1,456072 3,216714 -0,501975 0,087413 3,103669 -0,045444 0,832206 3,393413
-0,052866 0,047258 3,336758 0,340073 1,462607 3,241952 -0,533799 0,073226 3,129769 -0,041145 0,829476 3,381101
-0,051160 0,044038 3,332401 0,342266 1,445058 3,199731 -0,588572 0,052171 3,133191 -0,052549 0,835820 3,393276
-0,043523 0,040343 3,333139 0,348436 1,449148 3,233896 -0,658028 0,040257 3,135916 -0,045231 0,826595 3,368440
-0,042880 0,048028 3,337942 0,349329 1,454026 3,226266 -0,719170 0,041597 3,115017 -0,052026 0,833803 3,368344
-0,040346 0,046717 3,336626 0,333629 1,467898 3,245877 -0,745161 0,052243 3,069842 -0,052553 0,826545 3,368178
-0,037736 0,046762 3,340668 0,337760 1,452222 3,224143 -0,741389 0,061977 3,052549 -0,044976 0,823040 3,368479
-0,042233 0,048223 3,330913 0,338391 1,464356 3,250475 -0,704761 0,069495 3,030412 -0,048776 0,823794 3,355953
-0,044945 0,047150 3,337748 0,341568 1,463753 3,255783 -0,661081 0,078197 3,021933 -0,037645 0,830279 3,368812
-0,049783 0,045346 3,332756 0,332619 1,450809 3,233748 -0,614198 0,081147 3,028698 -0,041401 0,833067 3,381142
-0,051219 0,049559 3,349730 0,347295 1,456498 3,237823 -0,575024 0,093172 3,027536 -0,041401 0,833067 3,381142
-0,058589 0,052326 3,349873 0,353237 1,462617 3,242584 -0,554940 0,095666 3,060967 -0,037389 0,826702 3,368777
-0,053547 0,045771 3,331584 0,342075 1,436866 3,177204 -0,560648 0,090710 3,086648 -0,037379 0,833899 3,368870
-0,049301 0,047279 3,326347 0,352399 1,451027 3,224648 -0,588360 0,078670 3,107793 -0,041665 0,829414 3,381004
-0,051042 0,040861 3,332908 0,351719 1,454274 3,236278 -0,638990 0,067528 3,112799 -0,052553 0,826545 3,368178
-0,047906 0,050829 3,335186 0,349937 1,444000 3,203398 -0,701568 0,060124 3,111597 -0,037216 0,828313 3,344223
-0,047298 0,044255 3,339928 0,342474 1,451953 3,214754 -0,766140 0,061497 3,108562 -0,048776 0,823794 3,355953
-0,040416 0,045890 3,326811 0,330413 1,459121 3,218656 -0,838253 0,082113 3,103056 -0,055834 0,829374 3,380542
-0,036232 0,055220 3,343816 0,335120 1,459313 3,249092 -0,913939 0,114326 3,081810 -0,044703 0,833854 3,368621
-0,035303 0,045681 3,330997 0,338865 1,473764 3,255342 -0,990168 0,182059 3,071408 -0,034463 0,835105 3,406371
-0,027028 0,041661 3,327970 0,334363 1,470296 3,261507 -1,055926 0,269008 3,010311 -0,034208 0,831512 3,406421
-0,020816 0,045370 3,341159 0,338039 1,477687 3,267405 -1,094516 0,397379 2,963757 -0,026716 0,825921 3,381473
-0,016840 0,045688 3,325442 0,336034 1,472539 3,256049 -1,091074 0,525275 2,892006 -0,026778 0,818417 3,332129
-0,016454 0,047442 3,341429 0,335422 1,485528 3,273122 -1,059110 0,659369 2,862571 -0,019570 0,823943 3,356766
-0,017366 0,050984 3,332730 0,327278 1,473967 3,221466 -1,026327 0,810579 2,872468 -0,023069 0,835986 3,394189
-0,017938 0,053728 3,333708 0,331439 1,480289 3,248050 -0,972178 0,957277 2,906369 -0,015429 0,839656 3,394427
-0,022163 0,049643 3,339731 0,335302 1,466641 3,245030 -0,895575 1,076303 2,915664 -0,019666 0,842442 3,406825
-0,025893 0,047148 3,342838 0,334243 1,469526 3,241613 -0,814857 1,180358 2,967169 -0,019142 0,842505 3,406972
-0,028073 0,053863 3,328244 0,335164 1,471264 3,254513 -0,720978 1,269481 3,012245 -0,022790 0,846882 3,394362
-0,038034 0,052086 3,326725 0,332312 1,476515 3,270270 -0,627282 1,347502 3,071045 -0,019142 0,842505 3,406972
-0,039062 0,054474 3,313916 0,337054 1,459407 3,242529 -0,538962 1,394579 3,138899 -0,041251 0,851839 3,431824
-0,044477 0,053686 3,325790 0,342174 1,472494 3,273270 -0,448208 1,455967 3,194898 -0,033922 0,849717 3,406688
-0,052827 0,054331 3,322756 0,337100 1,463010 3,262190 -0,392435 1,480719 3,262413 -0,026184 0,833162 3,381530
