56 12
0,007983 0,040072 3,281855 0,385131 1,443322 3,195507 -0,359130 1,491221 3,205580 0,025316 0,831185 3,357347
0,016879 0,049452 3,283882 0,380481 1,451807 3,204127 -0,387806 1,490937 3,201981 0,035572 0,819333 3,320752
0,021052 0,043548 3,290449 0,381851 1,448875 3,230653 -0,445663 1,458864 3,154347 0,042809 0,819306 3,320693
0,026217 0,050694 3,299782 0,377356 1,448659 3,208193 -0,544866 1,388940 3,097363 0,043055 0,815736 3,320591
0,027462 0,049226 3,296260 0,382598 1,452562 3,222296 -0,672642 1,268532 3,013453 0,054509 0,823900 3,357043
0,030807 0,040840 3,296306 0,379233 1,458370 3,205187 -0,822130 1,100982 2,940033 0,050399 0,817611 3,344837
0,031400 0,042241 3,305029 0,390208 1,452404 3,205145 -0,951979 0,862053 2,880171 0,042850 0,814074 3,344873
0,032519 0,032928 3,310906 0,393136 1,436790 3,192696 -1,039604 0,588253 2,795469 0,032287 0,804258 3,332618
0,032846 0,032500 3,297582 0,401399 1,438043 3,179947 -1,070943 0,315933 2,745692 0,021037 0,798083 3,320559
0,026071 0,030746 3,296249 0,421682 1,461655 3,183429 -1,040298 0,070953 2,743264 0,021037 0,798083 3,320559
0,025463 0,038863 3,308487 0,415949 1,433370 3,148611 -0,955035 -0,141100 2,758841 0,017488 0,793635 3,332580
0,018211 0,030877 3,294687 0,423573 1,449157 3,164067 -0,827719 -0,300593 2,809056 0,024687 0,788212 3,356932
0,009190 0,035682 3,286277 0,422875 1,446591 3,202918 -0,683115 -0,416280 2,842851 0,028740 0,801634 3,369402
0,009383 0,041119 3,285708 0,409328 1,445958 3,208667 -0,517680 -0,474541 2,876085 0,046752 0,789978 3,332358
0,006520 0,046181 3,289213 0,403345 1,459071 3,202043 -0,347790 -0,475879 2,921751 0,039569 0,798910 3,356990
0,006029 0,048556 3,267567 0,383787 1,461098 3,229215 -0,199468 -0,440226 2,967967 0,039832 0,802470 3,356961
0,005691 0,053864 3,263189 0,374202 1,462464 3,221031 -0,102447 -0,379513 3,022362 0,039612 0,813237 3,357156
0,010560 0,054254 3,261438 0,360858 1,450140 3,183432 -0,058752 -0,347992 3,071682 0,039855 0,809633 3,357044
0,015335 0,062614 3,259825 0,358053 1,461227 3,177057 -0,074546 -0,376218 3,090806 0,047784 0,818640 3,381667
0,024819 0,048168 3,258213 0,351702 1,444939 3,168526 -0,147008 -0,448940 3,103256 0,058297 0,805084 3,369088
0,034796 0,047275 3,258431 0,352864 1,446536 3,142776 -0,266663 -0,523128 3,101953 0,058561 0,808635 3,368997
0,039395 0,047005 3,269630 0,351497 1,447299 3,143089 -0,405141 -0,568717 3,097383 0,061732 0,802359 3,356671
0,042182 0,043632 3,272059 0,365532 1,466268 3,186514 -0,512479 -0,561705 3,044446 0,061468 0,798800 3,356679
0,041487 0,046187 3,263442 0,361951 1,461615 3,178714 -0,545327 -0,535056 2,994950 0,065354 0,801466 3,368951
0,038697 0,045667 3,270228 0,379200 1,439874 3,147615 -0,512818 -0,511956 2,927962 0,058561 0,808635 3,368997
0,028834 0,049980 3,282652 0,391576 1,456656 3,156761 -0,430641 -0,491610 2,880812 0,058057 0,808699 3,369184
0,023028 0,046561 3,281663 0,402702 1,432136 3,154211 -0,322927 -0,450426 2,857115 0,062449 0,811344 3,381368
0,021098 0,051425 3,280506 0,416975 1,436418 3,147159 -0,214768 -0,407036 2,893398 0,062210 0,814994 3,381543
0,015456 0,037413 3,272157 0,425045 1,448251 3,174234 -0,140133 -0,366584 2,963635 0,055515 0,816909 3,406614
0,012702 0,047257 3,267252 0,425301 1,469442 3,199386 -0,124587 -0,362747 3,022861 0,061758 0,809523 3,356754
0,014923 0,047241 3,266266 0,432784 1,452505 3,178646 -0,160829 -0,431848 3,058085 0,058754 0,817780 3,394134
0,011743 0,054965 3,292256 0,422947 1,432254 3,167969 -0,241545 -0,502423 3,052607 0,065645 0,812225 3,369032
0,019599 0,050700 3,269969 0,417013 1,435278 3,154832 -0,317367 -0,532880 3,013571 0,062449 0,811344 3,381368
0,022967 0,049824 3,279832 0,405712 1,440678 3,168492 -0,351458 -0,531362 2,975638 0,065645 0,812225 3,369032
0,023563 0,046967 3,281038 0,395502 1,452687 3,176926 -0,332433 -0,507324 2,938185 0,065645 0,812225 3,369032
0,020884 0,049755 3,288945 0,389162 1,442731 3,178484 -0,270173 -0,463579 2,906800 0,069528 0,807731 3,381299
0,017144 0,045104 3,275891 0,382491 1,463970 3,188488 -0,198968 -0,415931 2,918751 0,059191 0,823365 3,419438
0,015103 0,046578 3,277177 0,376494 1,463939 3,192033 -0,159963 -0,382396 2,983864 0,069295 0,805849 3,356436
0,017973 0,051057 3,285846 0,372991 1,458625 3,218072 -0,178155 -0,392972 3,013808 0,061889 0,816910 3,406525
0,018434 0,051431 3,282172 0,377186 1,464124 3,197381 -0,256749 -0,440346 3,038520 0,068525 0,802332 3,356519
0,027408 0,054322 3,275318 0,387243 1,451625 3,185690 -0,368380 -0,478586 3,032389 0,066095 0,810495 3,393899
0,033948 0,051542 3,278410 0,395135 1,445201 3,173440 -0,494703 -0,471456 3,010287 0,076327 0,802254 3,356334
0,042466 0,046379 3,267616 0,396043 1,466172 3,172087 -0,606157 -0,411478 2,963633 0,065618 0,805037 3,368947
0,056023 0,045204 3,279888 0,395778 1,481578 3,188523 -0,702747 -0,320101 2,934637 0,076631 0,811302 3,381190
0,063836 0,043253 3,298434 0,394976 1,456141 3,173220 -0,778459 -0,180283 2,884436 0,070031 0,813226 3,406420
0,071924 0,039133 3,285351 0,397827 1,466912 3,186138 -0,837306 0,015151 2,849374 0,061700 0,815016 3,381559
0,076748 0,046355 3,288016 0,387314 1,479699 3,216125 -0,868262 0,222010 2,732598 0,068572 0,816660 3,356679
0,083564 0,045633 3,290584 0,399302 1,464830 3,190874 -0,910999 0,463105 2,752324 0,076412 0,822123 3,381269
0,085296 0,044370 3,294017 0,398522 1,472833 3,183833 -0,914101 0,722293 2,755086 0,076926 0,822100 3,381285
0,080222 0,043010 3,295631 0,407096 1,464916 3,189296 -0,863024 0,925396 2,785503 0,084622 0,831286 3,406264
0,080502 0,044871 3,295720 0,409591 1,474150 3,226891 -0,784395 1,082206 2,831633 0,091396 0,832813 3,380965
0,071781 0,043957 3,281364 0,412791 1,465762 3,215889 -0,691860 1,226909 2,912919 0,090410 0,825242 3,331738
0,062715 0,051035 3,295220 0,418017 1,454718 3,218419 -0,584907 1,341338 3,004708 0,084011 0,834398 3,356377
0,053750 0,052878 3,292901 0,429469 1,465063 3,215798 -0,470435 1,418884 3,088085 0,076145 0,821772 3,332039
0,048847 0,052485 3,283589 0,428266 1,450627 3,221513 -0,372301 1,463928 3,159529 0,069382 0,827348 3,356680
0,039000 0,048270 3,268512 0,432446 1,466134 3,257796 -0,329292 1,467090 3,218478 0,065497 0,824605 3,344483
