21 12
0,017575 0,070705 3,333909 0,383928 1,493639 3,234330 -0,328979 1,490004 3,119973 0,064432 0,845504 3,296624
0,013264 0,062776 3,321477 0,381864 1,503211 3,228306 -0,365199 1,267042 2,883013 0,060592 0,835706 3,284745
0,007864 0,060482 3,318539 0,369314 1,506780 3,237131 -0,340184 0,899691 2,762776 0,046247 0,835787 3,284962
0,007094 0,059893 3,326183 0,370827 1,488360 3,219452 -0,346329 0,735642 2,761774 0,049033 0,831093 3,249816
0,004364 0,070316 3,316396 0,366417 1,481377 3,186794 -0,328798 0,528633 2,910082 0,060959 0,854022 3,332839
0,004490 0,080201 3,318872 0,364933 1,491094 3,217264 -0,289361 0,456005 2,862387 0,052796 0,862516 3,308664
0,009228 0,068159 3,336162 0,362884 1,516952 3,237115 -0,280929 0,442861 2,815647 0,052243 0,862367 3,308066
0,007944 0,060747 3,333471 0,360517 1,484491 3,200516 -0,325597 0,415365 2,599858 0,049089 0,861787 3,320484
0,005358 0,064008 3,335374 0,360877 1,475374 3,185647 -0,315293 0,377354 2,590599 0,059624 0,871541 3,331660
0,004713 0,067803 3,329923 0,358539 1,477892 3,180390 -0,299204 0,373030 2,652358 0,056763 0,874684 3,344739
0,006885 0,065281 3,328409 0,367098 1,486195 3,210591 -0,266293 0,391918 2,793300 0,055930 0,863112 3,296394
0,005541 0,062282 3,332462 0,365916 1,490492 3,222054 -0,266081 0,387601 2,754323 0,049104 0,868902 3,320557
0,005258 0,059425 3,322186 0,367603 1,490204 3,222581 -0,285721 0,387573 2,685127 0,056203 0,874486 3,343955
0,003175 0,062271 3,337273 0,371361 1,484742 3,205102 -0,323973 0,388518 2,530572 0,052363 0,871588 3,331843
0,004886 0,064091 3,327494 0,369971 1,484485 3,194176 -0,334214 0,404449 2,578230 0,059897 0,868081 3,332055
0,011006 0,063500 3,319086 0,362118 1,481464 3,183485 -0,335546 0,430434 2,600641 0,053174 0,861140 3,332765
0,011739 0,063929 3,335770 0,358868 1,483143 3,195800 -0,334118 0,553291 2,616895 0,049619 0,854780 3,320850
0,014558 0,052555 3,330803 0,359759 1,488612 3,196991 -0,357479 0,825518 2,598861 0,061328 0,824971 3,284059
0,018517 0,062739 3,322266 0,367322 1,493091 3,206112 -0,394545 1,007480 2,644742 0,057325 0,832881 3,272686
0,017619 0,069139 3,322162 0,370420 1,498111 3,227067 -0,390414 1,359849 2,879372 0,060896 0,846220 3,284726
0,013460 0,059539 3,328549 0,367877 1,492065 3,210582 -0,372834 1,445851 2,985848 0,060083 0,842764 3,284821
