39 12
0,038398 0,055624 3,363556 0,409813 1,495234 3,284521 -0,387026 1,519153 3,254637 0,070786 0,884726 3,432769
0,042981 0,061519 3,353495 0,409732 1,481555 3,286595 -0,406272 1,485203 3,152096 0,062420 0,872798 3,382241
0,042653 0,049312 3,335936 0,409727 1,490841 3,288708 -0,429974 1,435848 3,035057 0,070275 0,878694 3,407249
0,044488 0,048428 3,368152 0,413720 1,500085 3,297057 -0,460769 1,336577 2,880157 0,069777 0,859578 3,356848
0,041438 0,046844 3,359090 0,414040 1,499931 3,294541 -0,498425 1,185240 2,725651 0,084133 0,863110 3,356698
0,040727 0,062231 3,354125 0,411018 1,495478 3,278273 -0,525308 1,001258 2,577483 0,094904 0,873184 3,368877
0,042756 0,061024 3,359917 0,413565 1,494505 3,277230 -0,547250 0,801165 2,479482 0,106279 0,883244 3,380946
0,039762 0,056552 3,369988 0,410609 1,495494 3,295163 -0,550203 0,602423 2,418831 0,088847 0,892524 3,419573
0,041532 0,075688 3,366153 0,414957 1,501256 3,297770 -0,548959 0,429042 2,381200 0,075374 0,915118 3,498238
0,042395 0,066186 3,348498 0,408410 1,497459 3,296480 -0,542155 0,283299 2,374695 0,075398 0,922596 3,498350
0,037808 0,085155 3,355675 0,412869 1,488030 3,286135 -0,535574 0,169832 2,383979 0,067560 0,926375 3,498481
0,035724 0,081250 3,344460 0,412627 1,491805 3,295651 -0,517665 0,090914 2,387771 0,075127 0,926310 3,498257
0,032738 0,083173 3,347325 0,410915 1,493595 3,294540 -0,509455 0,052518 2,413575 0,078622 0,923048 3,484871
0,031127 0,084333 3,348159 0,412185 1,503912 3,307391 -0,504307 0,044081 2,416751 0,078622 0,923048 3,484871
0,034470 0,080062 3,343164 0,410831 1,498955 3,297172 -0,504804 0,051665 2,412276 0,074006 0,919753 3,471266
0,033462 0,081547 3,339586 0,412568 1,510246 3,316457 -0,503861 0,058559 2,401985 0,077481 0,916538 3,458064
0,036181 0,080862 3,352425 0,410059 1,497808 3,295888 -0,501736 0,069298 2,413623 0,075127 0,926310 3,498257
0,032799 0,082039 3,348408 0,410399 1,508715 3,319575 -0,500291 0,073619 2,412053 0,082094 0,919807 3,471573
0,035341 0,078381 3,339393 0,416987 1,488641 3,292113 -0,503746 0,073288 2,399986 0,082094 0,919807 3,471573
0,031420 0,077044 3,348938 0,415299 1,493804 3,296324 -0,504615 0,072366 2,406992 0,063536 0,923177 3,485314
0,033785 0,076836 3,347342 0,417746 1,489667 3,292239 -0,503531 0,069559 2,410841 0,071080 0,923116 3,485108
0,034766 0,082184 3,356564 0,410142 1,491387 3,293187 -0,497399 0,068486 2,418094 0,095088 0,900886 3,393889
0,035952 0,077326 3,348011 0,414940 1,500442 3,291399 -0,493502 0,066018 2,423670 0,071334 0,933296 3,511550
0,034819 0,083451 3,354879 0,406007 1,504421 3,312775 -0,492377 0,064495 2,420286 0,074577 0,919879 3,471823
0,036256 0,077942 3,348634 0,413028 1,507433 3,302000 -0,487636 0,071082 2,416331 0,075127 0,926310 3,498257
0,037849 0,086864 3,350100 0,407283 1,496726 3,288507 -0,486087 0,088760 2,402070 0,074573 0,933663 3,497798
0,039580 0,085140 3,353874 0,410093 1,507478 3,285624 -0,477894 0,135489 2,413207 0,078347 0,926724 3,484684
0,043496 0,077024 3,346388 0,415280 1,506306 3,296779 -0,475886 0,206552 2,392947 0,096347 0,914401 3,419568
0,047647 0,066840 3,371814 0,409771 1,489798 3,276014 -0,473769 0,314044 2,377042 0,074573 0,933663 3,497798
0,049244 0,079512 3,372127 0,406927 1,496779 3,287301 -0,470791 0,448067 2,388586 0,071384 0,913030 3,458956
0,051199 0,047823 3,382124 0,408936 1,493281 3,290849 -0,468145 0,605500 2,406128 0,096653 0,894906 3,444853
0,060333 0,041162 3,353754 0,404161 1,506552 3,296922 -0,476133 0,778324 2,461011 0,117369 0,865634 3,367757
0,056380 0,046397 3,391651 0,403764 1,498791 3,285874 -0,478887 0,959938 2,535654 0,106475 0,865137 3,380742
0,059462 0,044071 3,378742 0,411146 1,491732 3,289295 -0,480305 1,119518 2,637410 0,087808 0,862426 3,369009
0,053017 0,039234 3,372193 0,412232 1,498945 3,291019 -0,480398 1,261902 2,767766 0,085642 0,877257 3,432245
0,051843 0,045424 3,372805 0,417882 1,502929 3,310981 -0,472162 1,363131 2,896816 0,084442 0,865380 3,381579
0,047769 0,052917 3,366419 0,419388 1,484180 3,293610 -0,451774 1,426922 3,015378 0,077404 0,876256 3,381818
0,039994 0,040904 3,371862 0,418906 1,486714 3,297514 -0,429004 1,479219 3,120178 0,062955 0,872684 3,381903
0,038626 0,049387 3,370096 0,421318 1,496914 3,300915 -0,404298 1,484983 3,185895 0,066053 0,872129 3,394703
