39 12
-0,031439 0,053895 3,281299 0,338966 1,478556 3,161555 -0,420622 1,519111 3,121830 -0,011167 0,828815 3,284643
-0,033695 0,056701 3,287930 0,347462 1,467874 3,175021 -0,395441 1,476421 2,995844 -0,011455 0,818287 3,284652
-0,036982 0,052058 3,291193 0,354579 1,482436 3,190302 -0,342624 1,377727 2,802585 -0,000665 0,821011 3,296707
-0,048585 0,053304 3,300875 0,349868 1,468250 3,183259 -0,261547 1,243573 2,604956 -0,003245 0,809377 3,307553
-0,055949 0,052552 3,298284 0,354218 1,463032 3,185283 -0,173197 1,062409 2,450605 -0,008547 0,795536 3,374434
-0,070748 0,055039 3,299623 0,361582 1,462720 3,182822 -0,083101 0,847876 2,343461 -0,017837 0,838641 3,405810
-0,076623 0,062554 3,298645 0,362331 1,470160 3,227362 -0,009968 0,626906 2,294582 -0,030031 0,848340 3,369271
-0,085409 0,065826 3,301330 0,363080 1,457302 3,193451 0,052190 0,440715 2,309172 -0,041627 0,878560 3,484133
-0,091117 0,063458 3,287071 0,362377 1,452991 3,204073 0,099818 0,308155 2,341093 -0,036698 0,864874 3,393726
-0,099193 0,043619 3,287498 0,366554 1,448634 3,184965 0,132502 0,221942 2,378063 -0,051969 0,874392 3,418795
-0,102789 0,039421 3,283570 0,362449 1,449233 3,190675 0,149373 0,173948 2,388444 -0,073325 0,917672 3,403421
-0,101058 0,036529 3,285043 0,353857 1,444362 3,192534 0,161439 0,155366 2,399451 -0,073739 0,907078 3,375838
-0,109560 0,032793 3,261277 0,351876 1,449160 3,201261 0,162976 0,152129 2,406957 -0,066458 0,909958 3,402029
-0,104560 0,026146 3,272780 0,337630 1,441334 3,184677 0,165801 0,157517 2,409572 -0,073466 0,903731 3,376664
-0,106911 0,032161 3,272948 0,344701 1,442917 3,202914 0,159933 0,174532 2,419486 -0,073739 0,907078 3,375838
-0,101992 0,033288 3,310346 0,345271 1,436810 3,202711 0,152185 0,181809 2,404433 -0,072818 0,894305 3,352624
-0,104406 0,039283 3,302340 0,341329 1,433711 3,190425 0,147032 0,189706 2,400825 -0,077482 0,907296 3,362389
-0,106179 0,046561 3,288188 0,354394 1,448376 3,217561 0,140627 0,192222 2,398728 -0,081352 0,910324 3,374663
-0,106340 0,047234 3,298435 0,349042 1,453653 3,201127 0,138123 0,187047 2,389880 -0,080930 0,904210 3,349925
-0,103297 0,042963 3,305544 0,348594 1,458355 3,223013 0,130859 0,188035 2,397953 -0,080808 0,903654 3,376379
-0,106117 0,048651 3,309270 0,358291 1,447873 3,216815 0,134278 0,187458 2,385386 -0,077482 0,907296 3,362389
-0,101065 0,051393 3,314862 0,354228 1,448752 3,219345 0,128715 0,187625 2,388337 -0,084255 0,900565 3,363800
-0,106136 0,051122 3,298578 0,343217 1,440988 3,191273 0,122159 0,192160 2,380716 -0,076937 0,900646 3,364098
-0,104120 0,046715 3,319681 0,348961 1,440032 3,205173 0,116436 0,197152 2,378337 -0,080808 0,903654 3,376379
-0,105001 0,058862 3,321402 0,353438 1,462157 3,230486 0,105449 0,205738 2,379559 -0,070439 0,910657 3,361657
-0,104736 0,051975 3,321066 0,341904 1,441267 3,201423 0,105294 0,215074 2,369840 -0,087410 0,894145 3,352014
-0,101474 0,057754 3,303610 0,346871 1,462787 3,224155 0,095592 0,232807 2,365833 -0,083984 0,897204 3,364525
-0,101038 0,055319 3,308284 0,337917 1,456023 3,208387 0,083554 0,275348 2,365651 -0,073810 0,868247 3,392398
-0,094899 0,061750 3,300302 0,336897 1,451712 3,193497 0,068642 0,346633 2,353008 -0,062937 0,864035 3,405481
-0,092504 0,063608 3,295303 0,333059 1,462803 3,207233 0,047212 0,445797 2,365291 -0,068088 0,871603 3,469911
-0,087126 0,057301 3,293721 0,341352 1,475419 3,203197 0,010853 0,575591 2,381562 -0,056119 0,859060 3,431347
-0,078524 0,053114 3,293358 0,331123 1,469073 3,199170 -0,039442 0,738826 2,424751 -0,040734 0,844443 3,431299
-0,074500 0,055136 3,292516 0,331306 1,471328 3,197302 -0,102279 0,918253 2,506722 -0,037640 0,840094 3,444614
-0,062724 0,056876 3,293536 0,336663 1,461436 3,186220 -0,169820 1,082890 2,587217 -0,016964 0,791328 3,305483
-0,059520 0,048301 3,286816 0,333138 1,467170 3,176457 -0,232627 1,231038 2,688605 -0,017422 0,805709 3,306743
-0,055426 0,049981 3,292508 0,332685 1,467525 3,197291 -0,294086 1,350500 2,800806 -0,014568 0,806821 3,295994
-0,047591 0,054148 3,289770 0,344962 1,463726 3,154308 -0,350243 1,445588 2,915823 -0,014548 0,813869 3,296068
-0,042196 0,044775 3,292831 0,343582 1,462835 3,170092 -0,388730 1,514876 3,041617 -0,018419 0,820134 3,308177
-0,038006 0,047783 3,279152 0,353031 1,459831 3,161973 -0,412097 1,537591 3,127448 -0,018148 0,823631 3,308012
