28 12
0,077880 0,063760 3,336042 0,424006 1,460248 3,207951 -0,316829 1,455737 3,122519 0,098734 0,862956 3,356194
0,079679 0,047250 3,343786 0,424307 1,390597 3,112333 -0,306975 1,388447 3,042154 0,102451 0,862264 3,368454
0,080297 0,040840 3,328745 0,398618 1,300290 3,058676 -0,291575 1,352071 2,973236 0,099072 0,850768 3,380883
0,076430 0,046020 3,339035 0,242528 0,964110 2,871600 -0,257672 1,320055 2,966494 0,107860 0,855021 3,431095
0,082135 0,046391 3,330288 0,189560 0,787577 2,997632 -0,141499 1,164657 2,770444 0,105496 0,850342 3,443142
0,082690 0,041863 3,341699 0,141900 0,708700 2,996181 -0,102270 1,091277 2,748451 0,097807 0,854213 3,443822
0,078932 0,039487 3,337101 0,091312 0,730925 2,932111 -0,013320 0,997957 2,905364 0,101133 0,861013 3,457244
0,076534 0,040368 3,349901 -0,037841 0,777705 2,809685 0,030192 0,868541 2,885150 0,097295 0,854373 3,444282
0,076255 0,042578 3,345378 -0,032626 0,789633 2,850302 0,018343 0,900727 2,912825 0,093477 0,847755 3,431309
0,074225 0,039013 3,336081 0,064369 0,779196 2,962849 -0,039052 0,966286 2,761049 0,105026 0,857894 3,443859
0,072294 0,047891 3,354629 0,062257 0,723263 3,023310 -0,083523 1,030840 2,784620 0,093785 0,858650 3,431182
0,078885 0,040610 3,334628 0,065699 0,739710 3,017333 -0,074415 1,013552 2,777226 0,096890 0,852117 3,418494
0,074902 0,044565 3,335271 0,071077 0,892893 3,019229 -0,030017 0,968782 2,904993 0,088959 0,852307 3,419042
0,071894 0,036566 3,342821 0,046899 0,945914 3,084110 -0,024585 0,991049 2,891095 0,093237 0,851484 3,431546
0,073967 0,042944 3,349051 0,026888 0,878231 2,955313 -0,043442 1,034050 2,885804 0,093896 0,857361 3,457379
0,076172 0,045407 3,346748 0,044174 0,790098 3,008888 -0,075083 1,093235 2,831938 0,093713 0,844005 3,430985
0,077375 0,038318 3,344064 0,053698 0,761119 3,014150 -0,074547 1,101797 2,825345 0,098651 0,841523 3,469186
0,074079 0,041888 3,351633 0,043454 0,798558 2,993611 -0,072818 1,059631 2,834551 0,092715 0,851552 3,431666
0,066409 0,045621 3,328272 0,059152 0,998638 3,140199 -0,005150 0,963764 2,864258 0,088655 0,841383 3,418923
0,067914 0,034561 3,350038 0,019715 0,932588 3,003219 -0,017530 1,005351 2,870820 0,096773 0,854441 3,444394
0,070266 0,048680 3,356023 0,039952 0,912225 2,951707 -0,025252 1,031727 2,902987 0,101890 0,857119 3,456642
0,069531 0,042735 3,355021 0,049742 0,889197 3,062490 -0,074651 1,053903 2,829815 0,092962 0,847868 3,431602
0,072786 0,045709 3,348170 0,091753 0,840831 2,913443 -0,149386 1,164139 2,906577 0,096989 0,843398 3,444234
0,072615 0,033257 3,352146 0,104197 0,854642 2,916317 -0,182063 1,221329 2,908673 0,100365 0,840467 3,431221
0,077812 0,045856 3,333075 0,176464 1,007155 2,999226 -0,237086 1,290017 2,868621 0,101183 0,851245 3,430822
0,075476 0,043319 3,344782 0,270943 1,182819 2,783523 -0,335982 1,449295 3,081403 0,093879 0,826120 3,415509
0,068449 0,055509 3,355691 0,331694 1,304434 2,868060 -0,349857 1,477800 3,149471 0,112391 0,846867 3,379331
0,068476 0,052306 3,332621 0,451676 1,438303 3,113935 -0,334649 1,516684 3,260750 0,091788 0,865306 3,381330
