18 12
0,096016 0,064308 3,290433 0,407300 1,473706 3,112471 -0,165295 1,298753 2,668014 0,147693 0,816711 3,280044
0,093042 0,063571 3,280272 0,410292 1,479312 3,135890 -0,093259 1,115169 2,444365 0,145456 0,779891 3,288842
0,081070 0,047830 3,266001 0,404963 1,497707 3,171438 -0,000767 0,788218 2,385727 0,129900 0,842573 3,377811
0,073241 0,089412 3,278453 0,406479 1,481613 3,129650 0,146451 0,375150 2,187901 0,138383 0,924432 3,302129
0,070812 0,084423 3,289469 0,410608 1,477814 3,136258 0,189773 0,262534 2,254550 0,134120 0,925767 3,334793
0,074770 0,042545 3,302478 0,415083 1,481696 3,152382 0,253947 0,154108 2,349659 0,131906 0,926132 3,350261
0,074915 0,031777 3,279192 0,412816 1,472672 3,145351 0,264320 0,158401 2,354226 0,126336 0,923593 3,312243
0,077841 0,038532 3,292135 0,413794 1,481225 3,153965 0,261583 0,175528 2,357049 0,101110 0,937508 3,325022
0,075216 0,049092 3,283876 0,415736 1,476288 3,156702 0,240975 0,199038 2,340080 0,111585 0,927111 3,312221
0,077150 0,050481 3,296132 0,424059 1,486378 3,161305 0,239680 0,211331 2,323366 0,107929 0,927925 3,301519
0,078174 0,058781 3,292948 0,426401 1,477255 3,159243 0,229502 0,222138 2,332577 0,119944 0,937060 3,337019
0,074420 0,068491 3,280193 0,428443 1,489312 3,164787 0,208492 0,246391 2,296516 0,119620 0,940356 3,335988
0,074600 0,072147 3,271240 0,422990 1,478995 3,143415 0,152041 0,380017 2,373635 0,118015 0,896969 3,393091
0,081219 0,073413 3,255429 0,425978 1,487837 3,151558 0,100179 0,494897 2,384230 0,128880 0,885303 3,404799
0,094886 0,057348 3,276430 0,417520 1,485218 3,142306 -0,002027 0,785509 2,323190 0,141468 0,842328 3,329401
0,103300 0,060540 3,260807 0,419294 1,483569 3,129218 -0,234241 1,224353 2,698292 0,157177 0,817647 3,268385
0,105948 0,058044 3,256152 0,423186 1,476489 3,122320 -0,303541 1,368730 2,818907 0,146492 0,827652 3,281060
0,103878 0,058077 3,267060 0,427417 1,477194 3,131701 -0,319324 1,516716 3,045129 0,152682 0,829095 3,257170
