25 12
-0,025890 0,054791 3,287985 0,361870 1,506804 3,248324 -0,428318 1,540377 3,244520 -0,000312 0,837108 3,320716
-0,028297 0,059977 3,294322 0,356759 1,498177 3,227620 -0,456892 1,493361 3,101154 -0,004225 0,830808 3,308692
-0,025214 0,054118 3,316193 0,355457 1,495317 3,215457 -0,476871 1,404268 2,986527 0,006908 0,830009 3,320726
-0,028065 0,057328 3,310332 0,356449 1,493186 3,224647 -0,497254 1,263518 2,827409 0,006548 0,828071 3,296859
-0,030228 0,055446 3,325402 0,349875 1,490363 3,214801 -0,568408 0,872180 2,424021 0,024875 0,820163 3,308708
-0,032943 0,053617 3,328741 0,347397 1,487002 3,196067 -0,536080 0,514878 2,331867 -0,004580 0,860718 3,407435
-0,034639 0,054739 3,314384 0,351607 1,487371 3,193053 -0,532340 0,374699 2,288027 -0,016197 0,857661 3,394312
-0,034298 0,060165 3,313217 0,346372 1,483781 3,184260 -0,507041 0,215255 2,338989 -0,016461 0,861203 3,394075
-0,030165 0,060403 3,303680 0,348850 1,487154 3,199395 -0,491082 0,166478 2,320848 -0,001287 0,856996 3,345177
-0,025862 0,060968 3,314528 0,348331 1,492992 3,243584 -0,493966 0,160899 2,331224 -0,015949 0,874559 3,420010
-0,026630 0,060145 3,316376 0,350999 1,494301 3,245497 -0,497904 0,165774 2,327962 -0,012499 0,862000 3,381922
-0,024238 0,060718 3,333772 0,358439 1,489848 3,217692 -0,507511 0,177058 2,317590 -0,008784 0,876855 3,445554
-0,021762 0,058000 3,320809 0,355636 1,487247 3,236464 -0,504306 0,174400 2,314493 -0,016222 0,870838 3,419753
-0,020848 0,056871 3,310862 0,360123 1,492558 3,242336 -0,497578 0,174426 2,321537 0,002747 0,862131 3,382433
-0,026118 0,062031 3,311325 0,358512 1,485403 3,238233 -0,493982 0,166640 2,313365 -0,008534 0,867266 3,420022
-0,018603 0,057206 3,312966 0,363545 1,489578 3,224673 -0,495630 0,171027 2,328192 0,002200 0,854790 3,381984
-0,025030 0,056864 3,322997 0,362360 1,483973 3,218528 -0,494523 0,190491 2,322477 0,013317 0,864950 3,394655
-0,021771 0,056698 3,328748 0,359059 1,496157 3,229580 -0,519710 0,315534 2,334222 0,006850 0,867347 3,420369
-0,017520 0,054682 3,327550 0,357931 1,494035 3,216519 -0,528795 0,417325 2,317595 0,025105 0,849151 3,357644
-0,012220 0,053566 3,342470 0,354244 1,516091 3,257802 -0,546267 0,716521 2,391673 0,027863 0,824520 3,296897
-0,010853 0,049853 3,329238 0,352951 1,486549 3,229493 -0,595792 1,000559 2,465369 0,032085 0,822078 3,332890
-0,007535 0,055215 3,336753 0,356174 1,491584 3,223100 -0,589372 1,141130 2,568956 0,032105 0,829203 3,332968
-0,003507 0,048733 3,322481 0,360376 1,502376 3,255869 -0,517590 1,474851 3,018980 0,018128 0,836296 3,332797
-0,007959 0,050420 3,319276 0,363064 1,490289 3,242203 -0,464901 1,497664 3,164950 0,010471 0,841988 3,357514
-0,013954 0,056050 3,310569 0,363538 1,506502 3,254881 -0,441963 1,521432 3,278916 -0,000458 0,844824 3,369776
