18 12
0,076467 0,059322 3,274408 0,412514 1,486908 3,170213 -0,264765 1,398410 2,871986 0,133273 0,822720 3,305588
0,065683 0,054659 3,302998 0,416009 1,499285 3,188705 -0,054582 0,975173 2,360006 0,124404 0,820171 3,341684
0,055898 0,075245 3,290511 0,403486 1,500924 3,182458 0,006291 0,780742 2,228705 0,120886 0,870781 3,404589
0,053613 0,077727 3,264479 0,386917 1,485650 3,139619 0,108935 0,470337 2,370466 0,121205 0,881749 3,404988
0,054950 0,085484 3,274190 0,380766 1,477632 3,134085 0,167857 0,247308 2,299409 0,120245 0,919402 3,337842
0,054707 0,068598 3,294343 0,380136 1,474054 3,125865 0,181335 0,199058 2,315339 0,117315 0,911997 3,351125
0,059377 0,068912 3,301286 0,393501 1,472831 3,136696 0,182074 0,172048 2,334093 0,110037 0,919299 3,351649
0,055575 0,075741 3,305633 0,400725 1,467919 3,143225 0,177374 0,190061 2,323878 0,117833 0,936020 3,375109
0,056556 0,064318 3,302208 0,407988 1,479658 3,157496 0,180371 0,203281 2,330403 0,109736 0,929852 3,350851
0,050976 0,071423 3,274139 0,419668 1,488082 3,184968 0,165501 0,222146 2,310409 0,112529 0,917199 3,314995
0,049300 0,085907 3,264110 0,421580 1,480529 3,177869 0,138142 0,295681 2,351257 0,098945 0,947917 3,408078
0,050403 0,080434 3,278474 0,413764 1,476078 3,163129 0,109497 0,364995 2,335254 0,103416 0,896010 3,418939
0,053338 0,069526 3,279635 0,410405 1,483415 3,174614 0,049003 0,560608 2,291373 0,107700 0,880695 3,431422
0,060926 0,046686 3,275293 0,418890 1,474646 3,161051 -0,102898 0,927862 2,542335 0,147231 0,783984 3,308912
0,064922 0,060044 3,273566 0,421118 1,459170 3,129367 -0,178462 1,120919 2,646290 0,141155 0,811760 3,304473
0,072745 0,057086 3,278706 0,420722 1,488595 3,161193 -0,259906 1,380756 2,778727 0,136421 0,819949 3,293448
0,076821 0,057421 3,263761 0,421420 1,493346 3,169235 -0,359460 1,523861 3,103284 0,134229 0,842445 3,329833
0,076926 0,060496 3,260588 0,415025 1,478930 3,155961 -0,334677 1,524531 3,161500 0,121617 0,834325 3,294403
