45 12
0,000801 0,040352 3,272673 0,379340 1,221999 3,098676 -0,346115 1,259185 3,038692 0,039603 0,830696 3,308624
-0,002491 0,032832 3,268455 0,344815 1,086369 3,042485 -0,315664 1,119297 2,945536 0,039283 0,813047 3,308586
0,003138 0,032176 3,286798 0,216943 0,705566 2,869514 -0,294005 0,807298 2,884675 0,025445 0,818094 3,284209
0,006218 0,045908 3,300632 0,178143 0,452884 2,817124 -0,153929 0,514695 2,663372 -0,004142 0,866247 3,309074
0,008034 0,059544 3,297719 0,154744 0,387071 2,738434 -0,126230 0,462104 2,608159 -0,018989 0,849272 3,238146
0,008974 0,082551 3,338936 0,071106 0,296706 2,480737 -0,143151 0,381521 2,443400 0,011418 0,939404 3,361000
0,017426 0,076546 3,329192 0,082383 0,277012 2,346327 -0,126558 0,331309 2,332098 0,018290 0,983084 3,334615
0,014177 0,073363 3,334482 0,094902 0,274545 2,332796 -0,157218 0,310343 2,294537 0,022459 0,986827 3,322129
0,014474 0,058743 3,304869 0,113708 0,293234 2,379321 -0,222996 0,270571 2,189987 0,018581 0,979438 3,334412
0,024049 0,060192 3,302500 0,206407 0,267852 2,252898 -0,343832 0,273159 2,307304 0,026343 0,975112 3,358652
0,018389 0,059116 3,281441 0,277245 0,249278 2,246744 -0,440727 0,265276 2,356805 0,034256 0,974865 3,357942
0,020871 0,071434 3,274344 0,520380 0,230707 2,509307 -0,584775 0,228834 2,234766 0,028284 0,901182 3,321659
0,017841 0,065688 3,302592 0,651826 0,191205 2,368541 -0,914457 0,264191 2,615506 0,029436 0,859147 3,369853
0,020804 0,049850 3,286552 0,773796 0,201013 2,455776 -1,014446 0,277104 2,680239 0,040122 0,830551 3,308103
0,015163 0,043752 3,267705 1,145843 0,254164 2,910743 -1,097543 0,295963 2,768532 0,013575 0,815624 3,273155
0,012553 0,018272 3,244838 1,158551 0,327524 2,929069 -1,222459 0,340640 2,970427 0,028112 0,796313 3,249461
0,014367 0,008742 3,227644 1,195658 0,387105 3,032845 -1,211371 0,383203 3,032771 0,038164 0,802431 3,261296
0,008855 0,019316 3,217809 1,180275 0,507944 3,095463 -1,209065 0,516167 3,333294 0,025098 0,809511 3,308437
0,007335 0,012262 3,208347 1,122475 0,844003 3,524602 -0,955315 0,627589 3,026643 0,032085 0,822078 3,332890
0,005802 0,021241 3,212807 1,049576 0,976236 3,626083 -0,859334 0,685135 2,966700 0,025065 0,834794 3,357475
0,013516 0,007956 3,191830 0,616273 0,990753 3,023577 -0,727783 0,965057 3,365803 -0,007377 0,810232 3,249249
0,013003 0,022016 3,213545 0,459699 0,976294 3,203331 -0,438865 0,852933 2,930015 0,044087 0,839589 3,394608
0,012559 0,019259 3,220397 0,356166 0,855841 3,114038 -0,356661 0,792098 2,880718 0,047342 0,840367 3,382143
0,024312 0,030417 3,254520 0,222976 0,649022 2,882467 -0,271228 0,675791 2,974863 0,036450 0,846210 3,345087
0,021067 0,039874 3,284090 0,211610 0,550872 2,813329 -0,159463 0,563519 2,752492 0,021277 0,852756 3,297103
0,017851 0,045586 3,323065 0,205183 0,512616 2,727448 -0,136154 0,538456 2,676757 0,014059 0,845073 3,249844
0,020111 0,055307 3,331352 0,129988 0,420252 2,514201 -0,140874 0,487953 2,534957 0,036244 0,864153 3,345443
0,027274 0,104919 3,327407 0,123270 0,370214 2,421139 -0,129682 0,432356 2,406869 0,031419 0,939037 3,359792
0,021179 0,101695 3,312330 0,108632 0,345819 2,382951 -0,151311 0,410397 2,333734 0,025372 0,983658 3,310421
0,022691 0,075721 3,319252 0,109150 0,323797 2,358211 -0,212431 0,353449 2,207805 0,029350 0,993583 3,346952
0,034122 0,071292 3,315868 0,151794 0,295488 2,303727 -0,278895 0,328382 2,283553 0,036944 0,979623 3,322035
0,035443 0,065187 3,311130 0,191159 0,273095 2,284786 -0,345386 0,303202 2,331089 0,033707 0,972046 3,333798
0,029557 0,074230 3,272607 0,372239 0,280904 2,424093 -0,472612 0,247925 2,194524 0,044396 0,950165 3,346000
0,031229 0,070007 3,328404 0,524482 0,237631 2,266953 -0,764032 0,263293 2,520887 0,037693 0,883773 3,294784
0,030469 0,054093 3,318744 0,626181 0,236725 2,327423 -0,876181 0,265173 2,586392 0,026275 0,860988 3,332141
0,025782 0,048970 3,314382 0,942359 0,277038 2,647636 -0,973990 0,282165 2,600034 0,024235 0,826913 3,261585
0,026832 0,029393 3,294287 1,056787 0,318188 2,698706 -1,179587 0,351791 2,856984 0,028126 0,812080 3,273069
0,025710 0,021473 3,286698 1,187135 0,376958 2,825229 -1,206349 0,395425 2,920791 0,031538 0,793717 3,237893
0,019962 0,023620 3,251649 1,248334 0,486225 3,020823 -1,231771 0,542367 3,230256 0,053466 0,816538 3,308516
0,027402 0,009182 3,245168 1,235655 0,641833 3,250322 -1,093922 0,654309 3,136819 0,042157 0,808551 3,273026
0,022860 0,007835 3,232126 1,218641 0,742943 3,333889 -1,044064 0,745948 3,177702 0,042157 0,808551 3,273026
0,011817 0,011139 3,234164 1,017608 0,892391 3,136864 -0,954975 1,053619 3,443457 0,049944 0,817364 3,296594
0,009668 0,021747 3,235912 0,917282 1,240291 3,504754 -0,716130 1,163981 3,193277 0,032147 0,843462 3,333126
0,010556 0,025835 3,225604 0,803916 1,358045 3,516074 -0,636160 1,280996 3,227120 0,031891 0,847029 3,333161
0,012605 0,057837 3,243729 0,528581 1,357343 3,147761 -0,505304 1,507444 3,468868 0,036221 0,856991 3,345361
