21 12
0,031620 0,045638 3,327469 0,380291 1,494360 3,236132 -0,323054 1,437401 2,998901 0,066511 0,837207 3,368705
0,033041 0,049271 3,316206 0,381889 1,488317 3,235392 -0,287201 1,262741 2,739681 0,073834 0,837153 3,368556
0,022671 0,059746 3,324973 0,372581 1,498101 3,235519 -0,024326 0,772952 2,254758 0,069427 0,867767 3,406975
0,022211 0,059760 3,311311 0,375746 1,510074 3,257721 0,044429 0,587586 2,212353 0,077661 0,877350 3,432448
0,018370 0,079647 3,299354 0,366825 1,485612 3,217135 0,154660 0,310449 2,373397 0,058267 0,972125 3,445849
0,021632 0,037740 3,314121 0,375030 1,478371 3,213516 0,197229 0,173846 2,335851 0,050800 0,931932 3,445689
0,024330 0,026176 3,307845 0,377089 1,480048 3,212714 0,212292 0,158155 2,352185 0,061019 0,918541 3,406462
0,018980 0,020826 3,300972 0,379391 1,483035 3,219651 0,227202 0,169523 2,368952 0,058115 0,921931 3,420124
0,023918 0,023054 3,283923 0,383704 1,490041 3,199576 0,226349 0,192727 2,368783 0,030864 0,923221 3,381522
0,021514 0,029621 3,284806 0,381492 1,482289 3,215507 0,224325 0,196370 2,374502 0,049066 0,920012 3,368714
0,026263 0,035810 3,298133 0,380423 1,492635 3,229012 0,212970 0,194164 2,353930 0,046008 0,931988 3,431291
0,032283 0,036041 3,298430 0,383459 1,487056 3,214736 0,204911 0,193309 2,360340 0,037641 0,930089 3,380225
0,027878 0,036914 3,320020 0,382133 1,491328 3,228064 0,208789 0,200031 2,360966 0,045288 0,926612 3,380702
0,029775 0,067443 3,295529 0,389153 1,492828 3,222388 0,181281 0,262804 2,315078 0,057116 0,953377 3,443387
0,038255 0,083785 3,294997 0,382016 1,484735 3,194061 0,126275 0,461208 2,372977 0,066872 0,896361 3,420244
0,038707 0,068674 3,296665 0,384785 1,482194 3,197331 0,074191 0,607569 2,389183 0,078543 0,895628 3,432602
0,055211 0,033570 3,311926 0,388428 1,477067 3,186507 -0,004131 0,908192 2,352634 0,089478 0,852195 3,418747
0,064156 0,051514 3,318036 0,389148 1,473300 3,183797 -0,241688 1,334633 2,803319 0,088511 0,844220 3,368254
0,061028 0,037987 3,304591 0,391204 1,479920 3,191313 -0,308413 1,437500 2,930579 0,088238 0,840708 3,368477
0,058886 0,039987 3,295159 0,410638 1,493365 3,215912 -0,340623 1,497767 3,123044 0,076754 0,842998 3,331812
0,050410 0,052205 3,298786 0,416201 1,479757 3,197417 -0,384103 1,520987 3,291963 0,061469 0,846866 3,332753
