29 12
-0,003337 0,057179 3,266370 0,390724 1,452275 3,218029 -0,389731 1,476968 3,191238 0,017876 0,839904 3,333007
-0,004492 0,059705 3,283592 0,401413 1,444202 3,174793 -0,412349 1,387945 3,034217 0,017602 0,836360 3,333057
-0,002262 0,053715 3,283000 0,393669 1,263635 3,041002 -0,349482 1,083020 2,817729 0,015019 0,817508 3,344135
-0,007763 0,046807 3,298730 0,364224 1,118527 2,974883 -0,318597 0,854847 2,675534 0,025808 0,823906 3,356848
-0,007346 0,050520 3,293309 0,204493 0,825891 2,811218 -0,235603 0,572759 2,899630 0,043206 0,826754 3,369594
-0,004566 0,051936 3,297069 0,051976 0,637976 2,980615 -0,040155 0,411869 2,633549 0,029660 0,857726 3,394760
-0,002111 0,053518 3,318300 0,016414 0,551512 2,898712 0,013025 0,394688 2,771540 0,029136 0,848382 3,369884
0,000366 0,050233 3,321332 0,020419 0,510873 2,922732 0,018687 0,373161 2,885724 0,029384 0,854144 3,394880
0,000572 0,053346 3,316077 0,037214 0,550438 2,904110 -0,068864 0,404298 2,899522 0,025635 0,849084 3,357394
0,005545 0,052680 3,313900 0,025628 0,584159 2,934956 -0,020580 0,418908 2,758928 0,029136 0,848382 3,369884
0,004424 0,052536 3,332431 -0,004270 0,601862 2,870339 -0,000630 0,493971 2,886778 0,021532 0,844818 3,369930
0,006895 0,051360 3,324586 0,011976 0,634831 2,849549 -0,090454 0,502105 2,926740 0,021077 0,842736 3,345320
0,002884 0,053128 3,322611 -0,004788 0,656717 2,930344 -0,033036 0,480922 2,707609 0,021827 0,855603 3,369972
-0,000192 0,050135 3,321687 -0,022067 0,642602 2,879922 0,010632 0,528134 2,867294 0,025381 0,852720 3,357602
0,000706 0,053869 3,310911 0,017416 0,627770 2,808738 -0,074884 0,533203 3,054675 0,025635 0,849084 3,357394
-0,003822 0,052643 3,316414 0,000854 0,636949 2,882595 -0,057616 0,477639 2,756199 0,029412 0,851940 3,369765
-0,007592 0,053556 3,298693 -0,032743 0,639342 2,900341 0,016401 0,526692 2,880432 0,021881 0,846247 3,345098
-0,006924 0,049282 3,311900 0,021797 0,615004 2,775859 -0,078582 0,542139 3,069293 0,014342 0,849877 3,345277
-0,010242 0,053228 3,296904 0,019082 0,622331 2,840179 -0,104854 0,507745 2,877566 0,011020 0,849101 3,357318
-0,006788 0,052711 3,303355 -0,016183 0,622598 2,865128 0,013482 0,523114 2,887061 0,014321 0,842721 3,345194
-0,013958 0,052830 3,298954 0,010183 0,641966 2,823893 -0,019964 0,557940 2,946406 0,017897 0,847035 3,333086
-0,011884 0,055887 3,302940 0,030616 0,640132 2,736414 -0,055521 0,594214 3,005776 0,017897 0,847035 3,333086
-0,014367 0,045916 3,285866 0,095968 0,734782 2,775801 -0,159929 0,603285 2,815351 0,025035 0,844057 3,382345
-0,011613 0,043420 3,289994 0,168918 0,891103 2,600108 -0,286490 0,781611 2,904181 0,024759 0,816864 3,357269
-0,011309 0,046596 3,288265 0,219257 0,996493 2,625790 -0,377562 0,908687 2,893081 0,025250 0,809675 3,357093
-0,009657 0,050818 3,285860 0,376799 1,309957 2,885000 -0,473991 1,150910 2,824603 0,017834 0,825648 3,332847
-0,009255 0,051959 3,256600 0,406758 1,447525 3,065216 -0,558990 1,346725 2,972276 0,013353 0,826457 3,320793
-0,001894 0,059391 3,261363 0,407243 1,511043 3,231635 -0,532860 1,381048 3,001239 0,013895 0,833581 3,320919
-0,006976 0,059950 3,240505 0,334711 1,473583 3,226426 -0,434317 1,527067 3,295489 0,017602 0,836360 3,333057
