38 12
0,008927 0,060900 3,324928 0,399317 1,457819 3,168035 -0,383896 1,488591 3,284018 0,025279 0,857088 3,407603
0,007793 0,056749 3,312632 0,448116 1,348052 3,026229 -0,434285 1,502813 3,344106 0,025053 0,851286 3,382434
0,013057 0,053332 3,323210 0,612733 1,381105 3,168607 -0,546482 1,367413 3,167404 0,025809 0,857063 3,407511
0,013595 0,055161 3,324840 0,754325 1,050110 2,707675 -0,838564 1,362209 3,539389 0,032891 0,836789 3,382150
0,011791 0,050304 3,306422 0,839983 0,943348 2,683347 -0,934983 1,217047 3,454242 0,033139 0,831059 3,356936
0,014825 0,043377 3,317380 1,094690 0,771958 2,999597 -1,046094 0,846597 3,099950 0,036350 0,817609 3,344761
0,015341 0,037345 3,315491 1,127538 0,427133 2,879097 -1,141406 0,563190 3,128830 0,029291 0,815948 3,369328
0,012444 0,037487 3,303638 1,192290 0,311991 3,011705 -1,160345 0,423559 3,107999 0,033028 0,800518 3,331871
0,011446 0,041148 3,314329 1,144540 0,027880 3,033257 -1,168331 0,177819 3,199866 0,028735 0,792682 3,344654
0,009081 0,037642 3,302675 1,115399 -0,122168 3,283092 -1,093147 0,016187 3,139742 0,025163 0,781036 3,356755
0,008904 0,037236 3,301133 1,078243 -0,126557 3,213376 -1,076476 -0,026177 3,181189 0,025163 0,781036 3,356755
0,007248 0,033795 3,309457 1,103970 -0,077455 3,199684 -1,091690 -0,029709 3,308806 0,025420 0,784574 3,356629
0,005022 0,036652 3,326065 1,121089 0,116811 2,904142 -1,176583 0,088376 3,379412 0,024966 0,798951 3,357052
0,007699 0,030792 3,342416 1,155033 0,231034 2,876323 -1,207311 0,181679 3,344141 0,017488 0,793635 3,332580
0,012214 0,035395 3,338993 1,240580 0,539876 3,061539 -1,220086 0,382349 3,194594 0,028252 0,799839 3,344819
0,011832 0,036132 3,326780 1,217705 0,808096 3,208153 -1,150682 0,538669 3,067252 0,024986 0,806114 3,357137
0,010897 0,031002 3,336093 1,179698 0,837695 3,119639 -1,140167 0,588788 3,085896 0,025228 0,802511 3,357008
0,013737 0,030359 3,333440 1,169940 0,815542 3,057691 -1,137309 0,605977 3,091328 0,032264 0,797143 3,332538
0,018367 0,033419 3,319143 1,173655 0,609457 2,981513 -1,162407 0,494770 3,121778 0,025228 0,802511 3,357008
0,017182 0,025180 3,325013 1,202168 0,505621 2,967991 -1,159443 0,419415 3,108749 0,040567 0,798704 3,356218
0,023082 0,034181 3,321410 1,247077 0,276331 3,114755 -1,175233 0,274222 3,179402 0,051570 0,799689 3,393875
0,016136 0,034612 3,316854 1,231957 0,088182 3,228602 -1,150734 0,143294 3,188818 0,040222 0,773744 3,356239
0,017796 0,029808 3,321167 1,217351 0,018250 3,180261 -1,148736 0,090938 3,218528 0,036692 0,769186 3,368505
0,008434 0,030053 3,309070 1,161039 -0,076776 3,106034 -1,160046 0,000301 3,351776 0,050572 0,758491 3,368711
0,005055 0,027949 3,320558 1,179643 -0,117265 3,312531 -1,125925 -0,050900 3,318763 0,054868 0,773446 3,406259
0,000953 0,033475 3,304022 1,142905 -0,111466 3,227072 -1,109950 -0,047181 3,296432 0,047139 0,775459 3,381352
0,005167 0,028809 3,318745 1,159689 -0,046977 3,192421 -1,118201 -0,013754 3,337243 0,047395 0,779038 3,381329
-0,000816 0,039028 3,320241 1,170292 0,126534 3,027282 -1,182937 0,116513 3,390431 0,044026 0,797964 3,419374
0,002429 0,033632 3,318932 1,194454 0,231718 3,037756 -1,202561 0,204262 3,363586 0,054962 0,802453 3,406630
0,004592 0,030065 3,338544 1,263261 0,463790 3,088217 -1,219906 0,393542 3,272577 0,044547 0,805181 3,419241
0,013596 0,036256 3,328964 1,244835 0,751624 3,162285 -1,150814 0,594200 3,113658 0,033085 0,815355 3,432436
0,017196 0,042487 3,331590 1,228664 0,922016 3,239765 -1,085543 0,685426 3,011567 0,040224 0,817044 3,407004
0,025894 0,040350 3,357965 1,006224 1,129010 3,058371 -1,027586 0,959698 3,160406 0,040224 0,817044 3,407004
0,033884 0,046884 3,331105 0,881171 1,510517 3,515756 -0,771170 1,052920 2,850471 0,046761 0,818685 3,381762
0,038525 0,041476 3,351016 0,752508 1,626467 3,600610 -0,688088 1,144100 2,875134 0,039730 0,824290 3,406993
0,041758 0,042261 3,353487 0,443201 1,515248 3,200114 -0,527899 1,412020 3,265674 0,036379 0,814286 3,394421
0,039823 0,045425 3,363305 0,364296 1,531858 3,257252 -0,347418 1,403259 3,135080 0,044359 0,823442 3,419642
0,039716 0,042753 3,360659 0,341514 1,492333 3,169174 -0,342731 1,461173 3,297178 0,044093 0,819819 3,419664
