33 12
-0,016454 0,046495 3,171004 0,512260 1,314325 2,904870 -0,553515 1,511407 3,302680 0,010009 0,840910 3,261666
-0,012659 0,051721 3,170716 0,594095 1,242958 2,821515 -0,641127 1,484053 3,319341 0,013650 0,843672 3,273423
-0,008879 0,048659 3,176944 0,880381 1,229823 3,094038 -0,773520 1,221347 2,999948 0,002775 0,828491 3,238300
-0,006517 0,036222 3,187506 0,986036 0,837382 2,701933 -1,068298 1,124283 3,326521 0,010206 0,816429 3,261346
0,000110 0,036491 3,173516 1,067681 0,696435 2,755698 -1,147079 0,975786 3,278029 0,010206 0,816429 3,261346
-0,000390 0,025576 3,180270 1,192260 0,405549 2,897993 -1,200937 0,618003 3,052722 -0,010932 0,818227 3,284343
0,002370 0,024197 3,173970 1,183887 0,116474 2,966294 -1,205909 0,325555 3,041433 -0,010681 0,814653 3,284039
-0,000157 0,028661 3,165527 1,158520 0,003798 3,033258 -1,206228 0,203437 3,043531 -0,007127 0,806695 3,248961
-0,003846 0,032586 3,180980 1,069915 -0,117589 2,998718 -1,199408 0,013803 3,194319 -0,004091 0,802457 3,261040
-0,004133 0,035449 3,181962 1,067263 -0,114513 2,988002 -1,121808 -0,079903 3,124524 -0,011217 0,797228 3,237701
-0,006001 0,033137 3,174514 1,077643 -0,063821 2,939313 -1,145446 -0,074690 3,223060 -0,010950 0,800657 3,237547
-0,002016 0,028900 3,197113 1,205630 0,094146 3,068054 -1,170605 0,037824 3,123538 -0,003553 0,809339 3,260669
-0,003579 0,030845 3,189037 1,207716 0,333133 2,924042 -1,234917 0,253679 3,131329 0,002972 0,804183 3,237992
-0,002195 0,034046 3,196567 1,227184 0,471811 2,973422 -1,230691 0,370605 3,072592 0,013158 0,806825 3,249764
0,001254 0,026419 3,200070 1,159715 0,726254 2,941504 -1,232856 0,612332 3,101612 0,017145 0,804181 3,238112
-0,001656 0,036801 3,214619 1,121380 0,858687 3,018370 -1,152938 0,746773 3,012156 0,020805 0,813757 3,249757
0,007757 0,033353 3,206938 1,110667 0,844059 2,973673 -1,146628 0,791953 3,041256 0,020997 0,819100 3,273131
0,006527 0,029070 3,191720 1,169862 0,765363 3,027425 -1,148140 0,743157 3,039447 0,017145 0,804181 3,238112
0,014141 0,036508 3,175324 1,197943 0,568393 2,942963 -1,223931 0,614986 3,103540 0,017465 0,807745 3,284783
0,012166 0,035183 3,174259 1,218186 0,479263 2,946724 -1,209139 0,506199 3,056042 -0,000432 0,810413 3,296489
0,006761 0,032718 3,158031 1,220066 0,258117 2,995484 -1,218931 0,319325 3,065243 -0,011217 0,797228 3,237701
0,000952 0,032356 3,166554 1,210348 0,086501 3,118576 -1,212436 0,141697 3,076677 -0,011217 0,797228 3,237701
-0,000762 0,035528 3,151789 1,185115 0,034783 3,134709 -1,211647 0,063946 3,101198 -0,018345 0,802422 3,260754
-0,004902 0,034411 3,155427 1,144190 -0,006188 3,052966 -1,208554 -0,024510 3,220263 -0,011217 0,797228 3,237701
-0,009578 0,036607 3,174591 1,155895 0,107066 2,928546 -1,262902 0,074146 3,267683 -0,010930 0,807591 3,237609
-0,008099 0,031232 3,170983 1,189038 0,215206 2,951973 -1,269592 0,169148 3,200190 -0,011199 0,804161 3,237762
-0,011862 0,045212 3,172115 1,220277 0,481134 2,941891 -1,272595 0,431189 3,082626 0,003161 0,821805 3,284802
-0,002355 0,046369 3,168786 1,164969 0,884513 3,094585 -1,125701 0,732736 2,861097 0,009974 0,812775 3,215260
-0,008038 0,051669 3,175230 1,087884 1,106923 3,191160 -1,020234 0,883201 2,802157 0,016422 0,828469 3,238350
-0,004814 0,048908 3,173350 0,727888 1,242044 2,867154 -0,887087 1,352074 3,267869 0,030876 0,831933 3,238423
0,002754 0,055613 3,174415 0,519153 1,614416 3,439593 -0,522668 1,340801 2,893547 0,034836 0,838121 3,250018
0,002668 0,059580 3,167735 0,378838 1,572404 3,326818 -0,407766 1,392153 2,960052 0,035647 0,843565 3,273199
0,002502 0,051337 3,189548 0,337640 1,498976 3,188699 -0,370950 1,482356 3,142746 0,035092 0,836613 3,273344
