29 12
0,028974 0,058122 3,325701 0,362299 1,446619 3,181429 -0,407090 1,492375 3,331397 0,040631 0,864300 3,407546
0,023205 0,049891 3,314874 0,390157 1,443001 3,141641 -0,448897 1,495576 3,355343 0,051534 0,861312 3,394794
0,032077 0,058474 3,312455 0,497840 1,483626 3,236675 -0,528984 1,372621 3,132473 0,032959 0,858474 3,382419
0,035910 0,056646 3,320442 0,635473 1,245232 2,858703 -0,720347 1,379151 3,335919 0,036198 0,849832 3,345280
0,035070 0,057618 3,329717 0,740513 1,163788 2,809583 -0,824709 1,303787 3,354827 0,048165 0,851073 3,381840
0,035412 0,053961 3,317138 1,056374 1,090739 3,131333 -0,951439 0,956992 3,004349 0,051211 0,843201 3,394627
0,029180 0,038474 3,341656 1,124842 0,683679 2,837720 -1,168169 0,718808 3,192996 0,047811 0,825857 3,381756
0,031790 0,034947 3,336327 1,165392 0,521284 2,861023 -1,216071 0,557244 3,198617 0,047811 0,825857 3,381756
0,030014 0,031097 3,316591 1,211689 0,230890 2,976155 -1,226330 0,263685 3,266617 0,046825 0,811321 3,332590
0,026080 0,048393 3,327255 1,219934 0,044806 3,152840 -1,160590 0,041162 3,233843 0,040147 0,820342 3,357018
0,026086 0,044779 3,325879 1,196706 -0,023555 3,136735 -1,123123 -0,026156 3,236892 0,036350 0,817609 3,344761
0,022094 0,036927 3,316902 1,137989 -0,046646 3,097515 -1,124871 -0,102417 3,415771 0,043699 0,819537 3,369455
0,026222 0,040355 3,330820 1,153539 0,043878 3,017963 -1,125848 -0,056222 3,379360 0,043699 0,819537 3,369455
0,028748 0,036480 3,322777 1,185591 0,136344 3,007828 -1,174056 0,007408 3,420933 0,047811 0,825857 3,381756
0,033770 0,034663 3,347034 1,213118 0,403774 2,975985 -1,175592 0,192535 3,172930 0,047811 0,825857 3,381756
0,038473 0,038654 3,337779 1,213414 0,720086 3,022205 -1,190239 0,450446 3,142144 0,047320 0,833143 3,382055
0,046288 0,039044 3,345739 1,186850 0,862687 3,080107 -1,183316 0,580952 3,140952 0,055352 0,842392 3,407083
0,042619 0,042516 3,365674 1,133560 0,915777 3,044965 -1,130757 0,756906 3,188627 0,051234 0,850452 3,394718
0,045743 0,033539 3,349707 1,139564 0,700554 2,896039 -1,163078 0,698178 3,231658 0,062289 0,836648 3,381804
0,045462 0,033131 3,350136 1,187169 0,585199 2,942325 -1,194031 0,603597 3,229215 0,051319 0,830251 3,369357
0,036952 0,029645 3,334591 1,255787 0,300872 3,055913 -1,216343 0,362591 3,222436 0,047182 0,816769 3,357059
0,037148 0,040182 3,325252 1,249107 0,097835 3,201819 -1,206988 0,172165 3,237111 0,036442 0,836016 3,394696
0,032652 0,030221 3,311403 1,221696 0,048230 3,171573 -1,181381 0,119968 3,225775 0,046850 0,818441 3,332668
0,035782 0,030165 3,297536 1,228341 0,105243 3,181951 -1,182587 0,142480 3,296267 0,047567 0,829510 3,381947
0,029153 0,036062 3,310964 1,219475 0,302781 3,043348 -1,219842 0,337074 3,285330 0,051705 0,835885 3,394331
0,030800 0,043730 3,318783 1,223508 0,468285 3,043651 -1,192270 0,474467 3,192865 0,048054 0,844570 3,432702
0,041014 0,049395 3,323095 1,080041 0,811980 2,900866 -1,155006 0,890275 3,358783 0,055625 0,845984 3,406990
0,035874 0,054141 3,308124 0,974577 1,356811 3,419150 -0,809204 1,083456 2,923877 0,047640 0,851185 3,382213
0,039279 0,064296 3,320222 0,819099 1,486169 3,477935 -0,682145 1,220329 2,966418 0,047665 0,858415 3,382302
