28 12
0,087932 0,071211 3,287858 0,428418 1,505574 3,195107 -0,299777 1,538744 3,162216 0,125621 0,837037 3,306148
0,087329 0,059297 3,279239 0,421737 1,500856 3,204621 -0,333754 1,485001 3,047017 0,125869 0,833478 3,306138
0,085781 0,061135 3,306354 0,415847 1,496241 3,207171 -0,361463 1,380263 2,866059 0,129898 0,836194 3,317957
0,082843 0,068618 3,297861 0,414195 1,491731 3,200980 -0,378035 1,197963 2,678181 0,141668 0,831584 3,329177
0,078895 0,063310 3,309979 0,422516 1,502393 3,211170 -0,402217 0,974702 2,512773 0,144572 0,832372 3,317016
0,072132 0,068464 3,294947 0,419202 1,493507 3,223382 -0,417148 0,735629 2,408387 0,129931 0,843294 3,318025
0,063354 0,073113 3,308442 0,421260 1,490792 3,217558 -0,427962 0,517548 2,340020 0,097941 0,866613 3,356248
0,061785 0,078620 3,289340 0,433168 1,499849 3,225578 -0,432171 0,338502 2,312529 0,090182 0,879569 3,380336
0,055462 0,072062 3,285103 0,431499 1,502536 3,221062 -0,437580 0,226472 2,322034 0,098229 0,892762 3,405225
0,059624 0,075239 3,273381 0,433479 1,504772 3,232250 -0,424941 0,164024 2,300963 0,105456 0,886791 3,380478
0,067535 0,091067 3,261180 0,440766 1,509590 3,234233 -0,413188 0,141811 2,306250 0,095733 0,899733 3,419142
0,066378 0,083369 3,252798 0,432292 1,491238 3,225929 -0,403680 0,138131 2,311364 0,098800 0,892928 3,405977
0,072695 0,074145 3,256203 0,430528 1,501983 3,252815 -0,399189 0,145645 2,301698 0,098526 0,896501 3,405686
0,076428 0,069811 3,269424 0,430030 1,494003 3,244502 -0,396508 0,154544 2,313662 0,095439 0,896026 3,418849
0,073099 0,072823 3,289559 0,433354 1,494645 3,243288 -0,399349 0,167705 2,310586 0,095165 0,899612 3,418560
0,075188 0,076400 3,285159 0,433018 1,496442 3,249623 -0,403442 0,181008 2,312932 0,095439 0,896026 3,418849
0,068434 0,078542 3,301051 0,436591 1,504432 3,264217 -0,415117 0,205273 2,311230 0,099069 0,889331 3,406182
0,069139 0,083737 3,299524 0,429238 1,486124 3,214508 -0,431444 0,262608 2,310455 0,102853 0,895936 3,418512
0,075198 0,083086 3,307393 0,434290 1,504511 3,239558 -0,454348 0,364427 2,336320 0,100032 0,891791 3,431809
0,078866 0,075732 3,312117 0,439506 1,502717 3,241899 -0,480262 0,497855 2,333838 0,117119 0,869281 3,367864
0,083558 0,076109 3,313284 0,440767 1,514676 3,258837 -0,514654 0,663200 2,366291 0,130323 0,863264 3,342314
0,087630 0,071480 3,317318 0,441085 1,495505 3,240601 -0,543086 0,833421 2,412790 0,134629 0,855340 3,354364
0,094188 0,069495 3,320848 0,446750 1,484514 3,214464 -0,553499 0,998961 2,498147 0,144295 0,828867 3,317020
0,096194 0,074020 3,327710 0,449883 1,491705 3,242692 -0,542555 1,153092 2,596980 0,140260 0,833254 3,305302
0,095680 0,062418 3,319854 0,458102 1,483920 3,223919 -0,514975 1,280072 2,731950 0,134229 0,842445 3,329833
0,091833 0,068094 3,306541 0,455792 1,481390 3,237927 -0,472516 1,405780 2,867159 0,130176 0,839701 3,317940
0,086067 0,059742 3,307656 0,454336 1,477997 3,233418 -0,413166 1,475376 3,010440 0,123196 0,836195 3,318154
0,082033 0,063135 3,316383 0,454172 1,470658 3,213072 -0,330422 1,500460 3,096713 0,108023 0,830865 3,294858
