19 12
0,093204 0,052082 3,265247 0,420617 1,493168 3,146618 -0,211882 1,425841 2,888965 0,138405 0,815385 3,257984
0,095840 0,061348 3,269646 0,422278 1,468594 3,115519 -0,158276 1,228098 2,651570 0,144055 0,812647 3,292645
0,089010 0,076262 3,288734 0,412657 1,489325 3,157121 0,052571 0,785820 2,244314 0,127973 0,866962 3,403748
0,086324 0,072848 3,282668 0,411366 1,486999 3,143335 0,097163 0,618460 2,192682 0,137216 0,878805 3,454508
0,083859 0,090130 3,273503 0,394050 1,474880 3,101054 0,176546 0,367500 2,332464 0,124240 0,887221 3,367656
0,090466 0,072015 3,279197 0,406141 1,469519 3,109077 0,220489 0,234921 2,280006 0,130711 0,930436 3,325051
0,088711 0,068911 3,278728 0,406969 1,476650 3,124345 0,230786 0,206171 2,298879 0,130711 0,930436 3,325051
0,093462 0,064252 3,290898 0,421491 1,488346 3,163445 0,245481 0,200520 2,320907 0,130944 0,936123 3,347342
0,091242 0,069001 3,298890 0,417406 1,491731 3,169713 0,242134 0,231235 2,313039 0,133230 0,933855 3,310739
0,089016 0,066642 3,291615 0,422799 1,484969 3,150450 0,237169 0,245202 2,310772 0,127420 0,957058 3,358901
0,084037 0,069323 3,270793 0,423594 1,485385 3,162166 0,218335 0,266421 2,289638 0,129395 0,936389 3,320704
0,082988 0,079997 3,268105 0,425710 1,485394 3,157622 0,190938 0,310537 2,336529 0,113267 0,952546 3,383424
0,078769 0,083330 3,266859 0,422523 1,476076 3,132860 0,168135 0,354885 2,352677 0,116954 0,894544 3,368124
0,086450 0,065108 3,274236 0,418699 1,487187 3,130563 0,104420 0,513087 2,292873 0,127714 0,875672 3,379433
0,089441 0,054854 3,272401 0,420618 1,482740 3,134904 -0,036008 0,857307 2,475839 0,149134 0,827819 3,328496
0,095790 0,060180 3,258548 0,420511 1,477224 3,136331 -0,107754 1,058023 2,589350 0,153120 0,810299 3,314508
0,099974 0,056084 3,264699 0,419436 1,473950 3,123185 -0,190243 1,322002 2,699353 0,154345 0,816809 3,280185
0,101837 0,059345 3,264642 0,422337 1,475357 3,121154 -0,330395 1,523066 3,063857 0,139097 0,831305 3,281506
0,097664 0,056084 3,256236 0,425045 1,473149 3,129229 -0,327652 1,535841 3,137510 0,128794 0,834220 3,294007
