21 12
-0,021111 0,058111 3,221461 0,331163 1,485983 3,115539 -0,364656 1,441527 2,875153 0,010337 0,843784 3,215350
-0,021912 0,061273 3,228330 0,332655 1,488469 3,102721 -0,332164 1,301239 2,667294 0,021262 0,842987 3,226599
-0,018565 0,053468 3,225634 0,320806 1,482821 3,095016 -0,361281 0,906578 2,330631 0,025625 0,828059 3,236863
-0,018773 0,065836 3,237665 0,305129 1,492555 3,080314 -0,238820 0,472613 2,122295 -0,008759 0,915827 3,395184
-0,018269 0,049838 3,243103 0,311874 1,491341 3,098695 -0,225410 0,327490 2,103506 0,002712 0,925099 3,291198
-0,017327 0,038579 3,237163 0,317672 1,499243 3,095716 -0,202645 0,134660 2,169540 -0,013252 0,912996 3,284299
-0,020401 0,018094 3,231457 0,312723 1,497576 3,099794 -0,181895 0,098167 2,163990 -0,012678 0,913236 3,285057
-0,013050 0,025167 3,226375 0,314429 1,499614 3,113055 -0,171688 0,112934 2,170246 -0,013252 0,912996 3,284299
-0,012189 0,040729 3,227828 0,310635 1,498252 3,111061 -0,170410 0,150584 2,158118 -0,013250 0,920063 3,284372
-0,010947 0,033845 3,238032 0,315288 1,496324 3,127859 -0,184513 0,159807 2,165690 -0,013252 0,912996 3,284299
-0,018812 0,030583 3,254646 0,315440 1,492112 3,097311 -0,184631 0,151636 2,161335 -0,013252 0,912996 3,284299
-0,014541 0,032040 3,245784 0,315157 1,503564 3,105973 -0,189378 0,147366 2,159764 -0,016540 0,913633 3,272878
-0,012597 0,037427 3,236329 0,318182 1,509070 3,109063 -0,195855 0,159861 2,174142 -0,013252 0,912996 3,284299
-0,014875 0,038084 3,236257 0,317053 1,495009 3,115782 -0,203941 0,177130 2,169283 -0,006358 0,916388 3,283897
-0,013444 0,055294 3,247433 0,321661 1,499982 3,111217 -0,229547 0,264483 2,139958 -0,003669 0,923344 3,270254
-0,009710 0,066117 3,251574 0,315125 1,489976 3,102725 -0,292725 0,475289 2,182588 -0,019189 0,906649 3,357891
-0,007891 0,058261 3,249775 0,321778 1,491846 3,105173 -0,321728 0,605882 2,196667 -0,002858 0,896938 3,406950
-0,007474 0,047762 3,251618 0,330185 1,492836 3,097551 -0,346432 0,930247 2,334529 0,032980 0,842587 3,284087
-0,006400 0,056203 3,247287 0,331634 1,494788 3,097971 -0,475097 1,231223 2,584993 0,035419 0,852003 3,249934
-0,007457 0,057449 3,238843 0,332765 1,483662 3,090067 -0,496587 1,355605 2,735316 0,024597 0,858365 3,261795
-0,009573 0,054008 3,226386 0,339181 1,482728 3,104293 -0,454599 1,544616 3,113842 0,017293 0,852788 3,238529
