33 12
0,033103 0,053387 3,317773 0,394330 1,488405 3,252703 -0,372729 1,475816 3,063699 0,054310 0,841857 3,357303
0,033153 0,058765 3,328340 0,391949 1,493009 3,257191 -0,364071 1,394189 2,884583 0,057999 0,835418 3,344866
0,031030 0,047236 3,322906 0,381079 1,491944 3,242233 -0,339851 1,257779 2,676085 0,065525 0,831753 3,344563
0,028078 0,047779 3,311763 0,378824 1,486439 3,231004 -0,303236 1,047385 2,481062 0,077652 0,819743 3,355160
0,023636 0,043956 3,334754 0,383255 1,481398 3,240109 -0,262963 0,804446 2,334885 0,073834 0,837153 3,368556
0,020724 0,057339 3,324250 0,380702 1,487573 3,251263 -0,217229 0,568647 2,264674 0,059700 0,879210 3,471767
0,019208 0,080277 3,331717 0,383175 1,495689 3,262001 -0,178982 0,391438 2,241908 0,058438 0,959779 3,469940
0,017480 0,063216 3,318045 0,372849 1,505451 3,260994 -0,141320 0,259515 2,254773 0,071960 0,929659 3,466677
0,018173 0,051439 3,335399 0,376413 1,507234 3,268247 -0,119036 0,180829 2,263523 0,043639 0,916156 3,471598
0,012842 0,047204 3,310305 0,377954 1,508102 3,276042 -0,098250 0,141819 2,275345 0,050951 0,911060 3,420435
0,015306 0,042378 3,325744 0,374983 1,516416 3,270032 -0,081517 0,130672 2,293957 0,039956 0,906899 3,433336
0,010931 0,043001 3,322937 0,378184 1,500960 3,249588 -0,070634 0,129779 2,297698 0,046853 0,914045 3,432669
0,022551 0,047295 3,308582 0,378267 1,505884 3,267733 -0,073719 0,134164 2,283653 0,043302 0,917216 3,445638
0,014311 0,046256 3,328656 0,376424 1,496304 3,257000 -0,071951 0,145030 2,283359 0,043248 0,914693 3,420336
0,023046 0,056783 3,304843 0,378748 1,489368 3,244253 -0,073104 0,152488 2,271672 0,040005 0,916803 3,459006
0,017090 0,033327 3,322870 0,381762 1,505587 3,256114 -0,076527 0,160054 2,276842 0,035807 0,907401 3,420349
0,021124 0,048800 3,311760 0,376352 1,497777 3,255556 -0,081739 0,158976 2,275415 0,051053 0,913582 3,445813
0,024117 0,050209 3,302957 0,381155 1,489478 3,250316 -0,090238 0,163623 2,273171 0,051172 0,923541 3,471552
0,020104 0,059317 3,324935 0,373861 1,492521 3,247127 -0,092618 0,174482 2,269236 0,043944 0,927397 3,472135
0,016820 0,044623 3,316339 0,376977 1,495812 3,251190 -0,101185 0,189417 2,268960 0,039727 0,920407 3,458691
0,017516 0,067521 3,332198 0,381387 1,506736 3,270080 -0,117260 0,227496 2,263674 0,050604 0,930696 3,470622
0,016209 0,076101 3,332573 0,388989 1,496027 3,233451 -0,131910 0,278445 2,252307 0,058634 0,938590 3,400011
0,016668 0,081140 3,323829 0,385277 1,484902 3,239466 -0,155280 0,354504 2,263093 0,048215 0,950845 3,463249
0,021217 0,069320 3,314425 0,387403 1,498173 3,259606 -0,175076 0,454148 2,273585 0,044291 0,885545 3,420537
0,019802 0,058871 3,322304 0,388993 1,499179 3,244731 -0,206839 0,583852 2,294319 0,067256 0,873079 3,445547
0,023953 0,042910 3,313593 0,392153 1,487161 3,233523 -0,238931 0,733524 2,345244 0,078423 0,866281 3,432209
0,029519 0,041776 3,311496 0,383349 1,482715 3,234139 -0,283255 0,901581 2,417940 0,047701 0,814148 3,282812
0,023621 0,051485 3,326163 0,385242 1,493580 3,237756 -0,322525 1,080948 2,530692 0,076957 0,832203 3,331348
0,027325 0,053272 3,330306 0,387002 1,486516 3,220196 -0,359928 1,243088 2,676267 0,061417 0,832607 3,332600
0,026693 0,040557 3,308894 0,388350 1,481876 3,226799 -0,389732 1,362095 2,833623 0,061443 0,839735 3,332676
0,026979 0,045946 3,302959 0,392206 1,499008 3,240678 -0,411085 1,463753 2,995727 0,054610 0,852605 3,357373
0,023828 0,042251 3,317158 0,391474 1,482704 3,236169 -0,418628 1,506154 3,141837 0,054333 0,849036 3,357385
0,020939 0,034941 3,306836 0,391891 1,485022 3,241933 -0,406727 1,529580 3,265164 0,054861 0,848970 3,357197
