33 12
-0,065525 -0,002320 3,435163 0,392449 1,446003 3,393966 -0,562549 1,433583 3,510579 0,018630 0,756369 3,483284
-0,051639 -0,014356 3,451523 0,375279 1,440373 3,364001 -0,696301 1,068892 2,990290 0,022478 0,751581 3,496384
-0,040901 -0,018275 3,446871 0,367370 1,445192 3,358986 -0,904192 0,719367 3,167277 0,018366 0,745309 3,483219
-0,038317 -0,023492 3,444661 0,368474 1,449930 3,358192 -0,952234 0,438524 3,075522 0,022235 0,747896 3,496430
-0,041456 -0,027508 3,450974 0,372058 1,445713 3,349706 -0,981800 0,000694 3,171457 0,007137 0,747906 3,496339
-0,049714 -0,015004 3,464394 0,369493 1,453097 3,356137 -0,804644 -0,226527 3,004459 -0,008205 0,746406 3,469918
-0,056632 -0,011474 3,449949 0,367209 1,443231 3,342106 -0,670829 -0,304499 2,947005 -0,012187 0,752656 3,482976
-0,054060 -0,016774 3,476706 0,356059 1,437264 3,332250 -0,516217 -0,367191 3,181288 -0,008433 0,750064 3,469929
-0,039841 -0,009182 3,453173 0,355238 1,438196 3,322509 -0,510603 -0,456236 3,250087 -0,008405 0,762696 3,496363
-0,034953 -0,011338 3,450980 0,356665 1,447051 3,328482 -0,600122 -0,508806 3,372968 -0,004851 0,761601 3,509515
-0,028949 -0,009086 3,467880 0,345395 1,440259 3,319618 -0,645598 -0,497739 3,364120 0,006697 0,762711 3,496542
-0,030506 -0,006206 3,472732 0,348497 1,432945 3,309507 -0,373018 -0,439397 3,042190 -0,004609 0,765365 3,509718
-0,029825 -0,018717 3,461551 0,351648 1,433745 3,321625 -0,347272 -0,425736 3,149540 -0,004851 0,761601 3,509515
-0,021931 -0,023352 3,480518 0,354566 1,436527 3,316635 -0,455819 -0,497329 2,994958 -0,004851 0,761601 3,509515
-0,015994 -0,022958 3,463905 0,360521 1,444195 3,341827 -0,725309 -0,536839 3,336222 -0,001031 0,764273 3,522948
-0,014767 -0,019012 3,474849 0,359898 1,440988 3,334316 -0,696627 -0,473354 3,195579 0,006568 0,764278 3,523015
-0,020066 -0,020718 3,476909 0,361569 1,434892 3,341787 -0,551684 -0,529218 3,483533 -0,004810 0,766955 3,536387
-0,014636 -0,022211 3,454787 0,367323 1,420062 3,321439 -0,366746 -0,445930 3,176113 -0,004620 0,757923 3,509596
-0,010459 -0,011440 3,459469 0,368789 1,424967 3,322745 -0,444985 -0,494006 3,272634 0,006812 0,753781 3,470227
-0,013838 -0,014461 3,451804 0,369379 1,423453 3,329473 -0,606817 -0,527500 3,096380 0,003441 0,765395 3,509833
-0,016629 -0,012322 3,474017 0,360931 1,428020 3,336282 -0,651737 -0,478870 3,164093 -0,004365 0,769109 3,509829
-0,025142 -0,008066 3,471906 0,359770 1,422740 3,330559 -0,543732 -0,507297 3,056380 0,010542 0,765373 3,509866
-0,025840 -0,016520 3,467101 0,360167 1,412065 3,320874 -0,385756 -0,488791 3,167490 -0,000610 0,766437 3,496581
-0,030359 -0,012132 3,468139 0,357109 1,409326 3,320811 -0,450152 -0,551328 3,270706 -0,000624 0,759021 3,496463
-0,028469 -0,023474 3,460057 0,354995 1,414230 3,322735 -0,552179 -0,598749 3,401147 0,006454 0,758961 3,496330
-0,031163 -0,008160 3,462204 0,355668 1,423991 3,328554 -0,644164 -0,496324 3,244290 0,007057 0,771812 3,523359
-0,022682 -0,016167 3,443527 0,352414 1,424095 3,313757 -0,526542 -0,395225 3,085711 0,014494 0,766439 3,496715
-0,012591 -0,015276 3,445216 0,349972 1,434577 3,321126 -0,476336 -0,288767 3,041668 0,021590 0,757431 3,470279
0,009688 -0,024600 3,480687 0,351188 1,439919 3,315702 -0,483097 0,077422 2,853614 0,025442 0,752662 3,483275
0,030242 -0,017873 3,454792 0,355168 1,451162 3,295596 -0,551938 0,617927 2,816573 0,025677 0,747503 3,457216
0,034332 -0,020454 3,471024 0,364755 1,460892 3,308431 -0,593076 0,896104 2,880450 0,025677 0,747503 3,457216
0,020906 -0,007367 3,456395 0,367915 1,464075 3,320936 -0,545662 1,357194 3,251864 0,029789 0,753737 3,470194
-0,004477 -0,008655 3,494593 0,366135 1,461552 3,346510 -0,413229 1,401403 3,247013 0,021835 0,761135 3,470411
