17 12
0,002663 0,022053 3,426908 0,237543 1,323166 3,089441 -0,410066 1,298464 3,119414 0,010965 0,751168 3,457098
0,003066 0,018489 3,419791 0,216436 1,321424 3,093843 -0,451934 0,993282 3,041438 0,011210 0,754796 3,456951
-0,000185 0,017637 3,408422 0,257072 1,304253 3,213145 -0,488566 0,798774 3,003302 0,010721 0,747519 3,457157
0,011970 0,021987 3,415681 0,137657 1,218938 2,823702 -0,525306 0,628000 2,984251 0,007168 0,748592 3,444129
0,032690 0,025533 3,390306 0,292467 1,327929 3,250933 -0,524841 0,841190 2,852611 0,014525 0,734819 3,393120
0,038005 0,012690 3,410201 0,081204 1,178716 2,784302 -0,512522 0,935797 2,852416 0,014380 0,744954 3,444252
0,039141 0,018886 3,402913 0,115233 1,179615 2,832650 -0,492550 0,934988 2,926072 0,010691 0,740968 3,405903
0,031671 0,022984 3,405677 0,201218 1,328993 3,030337 -0,520035 0,683825 3,067069 0,014062 0,734874 3,393408
0,030322 0,008676 3,393375 0,257566 1,275158 3,255949 -0,536433 0,643733 3,027575 0,014845 0,744896 3,443949
0,036110 0,012015 3,414131 0,222293 1,275211 3,088639 -0,530980 0,790472 2,947820 0,025899 0,743816 3,457066
0,036336 0,010583 3,419964 0,325831 1,499836 3,340711 -0,488679 0,968387 2,868401 0,025217 0,737354 3,406025
0,035945 0,004142 3,426074 0,123908 1,256250 2,836394 -0,456355 0,924991 2,916047 0,029510 0,741258 3,444139
0,022958 0,006838 3,403142 0,233941 1,336066 3,121621 -0,478863 0,667424 2,963028 0,025197 0,730123 3,405930
0,028408 0,020828 3,395905 0,230220 1,260362 3,019013 -0,509325 0,632662 2,983351 0,021870 0,743482 3,418638
0,034782 0,012759 3,388734 0,305341 1,380871 3,209125 -0,487176 0,716527 2,900036 0,025680 0,737298 3,405755
0,048269 0,022532 3,414491 0,272397 1,297607 3,266588 -0,455558 1,199655 3,034043 0,029523 0,747059 3,418521
0,057888 0,019626 3,407586 0,194239 1,259704 2,939173 -0,361189 1,351356 3,117764 0,033645 0,754761 3,457042
