25 12
0,003594 0,020014 3,425874 0,364173 1,497008 3,356333 -0,409124 1,480050 3,425055 0,022312 0,777561 3,496896
0,001931 0,016055 3,419088 0,350173 1,528025 3,374627 -0,454755 1,333426 3,247668 0,018630 0,780282 3,510192
-0,001309 0,015116 3,445472 0,355205 1,512935 3,369953 -0,461492 1,045759 3,132212 0,011511 0,772776 3,509702
-0,005956 0,019042 3,421685 0,341031 1,549189 3,400666 -0,479973 0,923350 3,137596 0,011052 0,780287 3,510150
0,003900 0,013994 3,430934 0,352297 1,534718 3,390623 -0,492482 0,841960 3,096093 0,011511 0,772776 3,509702
0,015184 0,014769 3,411354 0,348853 1,517994 3,362819 -0,542571 1,101227 3,041999 0,018671 0,771151 3,483511
0,020549 0,009267 3,434364 0,351145 1,522241 3,376546 -0,540161 1,193133 3,045055 0,014741 0,770149 3,496753
0,019316 0,011259 3,430272 0,339048 1,557333 3,410089 -0,515337 1,115776 3,064234 0,018423 0,767475 3,483561
0,010473 0,003946 3,445970 0,358857 1,490277 3,355130 -0,494108 0,892677 3,071665 0,011263 0,769096 3,509851
0,007807 0,011086 3,437413 0,347193 1,550993 3,419669 -0,494906 0,882460 3,132237 0,018801 0,778269 3,536959
0,017541 0,002240 3,437923 0,375667 1,494205 3,379219 -0,520054 1,036512 3,034198 0,010787 0,769117 3,509994
0,025551 0,009222 3,450871 0,366206 1,550602 3,435850 -0,518667 1,161768 3,035270 0,022474 0,777248 3,550503
0,019496 0,020627 3,462690 0,376505 1,496332 3,383109 -0,493501 1,058247 3,004380 0,011511 0,772776 3,509702
0,012572 0,010291 3,433309 0,364867 1,552662 3,430666 -0,472697 0,863528 3,093906 0,007287 0,768077 3,523267
0,020408 0,013572 3,433921 0,371170 1,527149 3,414707 -0,531105 1,007266 3,140347 0,015134 0,771788 3,523274
0,024201 0,013249 3,444530 0,359209 1,545485 3,417478 -0,535357 1,043792 3,089922 0,022507 0,775537 3,523478
0,024610 0,008250 3,432846 0,384404 1,508490 3,410248 -0,506976 0,937715 3,110872 0,015114 0,764319 3,523151
0,016849 0,007686 3,439503 0,375208 1,531908 3,430581 -0,480087 0,813556 3,132519 0,018553 0,774520 3,536913
0,018732 0,011742 3,447581 0,375883 1,548623 3,434399 -0,495935 0,868695 3,135289 0,011263 0,769096 3,509851
0,029248 0,007118 3,458399 0,369489 1,582586 3,468776 -0,546813 1,169236 3,091539 0,026407 0,770759 3,536844
0,026688 0,006475 3,467057 0,385142 1,538343 3,427388 -0,551096 1,325951 3,140924 0,029859 0,771786 3,523417
0,029032 0,011667 3,482378 0,375974 1,582132 3,467952 -0,541440 1,370155 3,231074 0,029859 0,771786 3,523417
0,026823 0,006879 3,455540 0,377304 1,551660 3,450597 -0,512785 1,426109 3,334933 0,029351 0,762686 3,496579
0,021531 0,007977 3,474837 0,372777 1,560744 3,454686 -0,459536 1,416273 3,301299 0,026168 0,765378 3,509965
0,019843 0,012344 3,464650 0,380416 1,510365 3,416862 -0,429905 1,431006 3,313440 0,034053 0,778238 3,536949
