33 12
-0,000737 0,006542 3,455070 0,354210 1,494222 3,304053 -0,574287 1,379758 3,334694 0,029375 0,775857 3,470620
0,000341 0,010922 3,452924 0,326163 1,597476 3,413994 -0,721781 1,269696 3,304318 0,025506 0,773192 3,457599
0,000154 0,005122 3,453746 0,342410 1,527385 3,337078 -0,859290 1,071240 3,240066 0,033269 0,778538 3,483724
0,003586 0,007306 3,444800 0,344506 1,513069 3,328242 -0,945745 0,843652 3,175555 0,036880 0,775836 3,470578
-0,000288 0,012130 3,461547 0,349936 1,482193 3,290431 -0,968742 0,623260 3,108700 0,036880 0,775836 3,470578
-0,002947 0,005330 3,448230 0,349581 1,489022 3,307396 -0,921913 0,431211 3,049208 0,040217 0,769458 3,457368
-0,004797 0,010192 3,449690 0,351113 1,470648 3,277720 -0,834265 0,292375 3,015003 0,040468 0,773151 3,457516
-0,002772 0,008542 3,443802 0,357713 1,481929 3,299009 -0,726795 0,213002 3,002272 0,033250 0,771142 3,483613
-0,002214 0,004143 3,433293 0,356141 1,501885 3,322399 -0,661774 0,172069 3,042874 0,029125 0,772151 3,470481
0,006145 0,006942 3,439622 0,348735 1,500478 3,304409 -0,650316 0,140777 3,123871 0,029357 0,768487 3,470511
0,017237 0,008168 3,440899 0,345251 1,509557 3,318172 -0,684912 0,096898 3,204296 0,022063 0,773850 3,496851
0,020937 0,000935 3,446685 0,329319 1,545753 3,353019 -0,714386 0,081257 3,208355 0,025488 0,765849 3,457492
0,018546 0,004098 3,454771 0,337286 1,485592 3,283730 -0,674248 0,090936 3,128740 0,032968 0,765831 3,457468
0,016870 0,000469 3,454342 0,335846 1,499485 3,299999 -0,590601 0,097032 3,032148 0,040217 0,769458 3,457368
0,014436 0,000759 3,459391 0,329970 1,498752 3,291392 -0,531172 0,118073 3,042862 0,029125 0,772151 3,470481
0,018718 0,000345 3,455636 0,344394 1,484376 3,282675 -0,555804 0,135201 3,113295 0,025488 0,765849 3,457492
0,016754 -0,000632 3,449582 0,350602 1,485770 3,282432 -0,631396 0,079480 3,216614 0,029357 0,768487 3,470511
0,014227 0,005288 3,456319 0,328226 1,575886 3,361742 -0,711274 0,055548 3,207052 0,014348 0,768510 3,470501
0,010309 -0,001850 3,456273 0,356723 1,477954 3,281271 -0,693257 0,062861 3,096368 0,032737 0,769482 3,457433
0,006876 0,000236 3,447482 0,355034 1,486641 3,286973 -0,613310 0,065535 3,023803 0,032737 0,769482 3,457433
0,000896 0,005723 3,445464 0,356496 1,477194 3,280846 -0,544041 0,109212 3,049493 0,017592 0,764246 3,431678
-0,001078 0,000988 3,443123 0,346070 1,536881 3,339678 -0,541409 0,139650 3,099684 0,021207 0,761637 3,418919
0,003273 0,000469 3,438626 0,363948 1,484223 3,281547 -0,618159 0,116646 3,190482 0,010294 0,769515 3,457440
0,003467 -0,002814 3,423311 0,359468 1,490000 3,293872 -0,729081 0,107905 3,233309 0,017960 0,774848 3,483617
0,006260 0,005444 3,422595 0,365066 1,483759 3,286979 -0,826231 0,161286 3,202222 0,020973 0,765230 3,418808
0,012562 0,003942 3,420735 0,359253 1,501654 3,296877 -0,900033 0,270134 3,158150 0,044053 0,777803 3,444642
0,019241 0,002051 3,419621 0,353565 1,513559 3,310744 -0,938601 0,420270 3,114776 0,040488 0,780497 3,457623
0,029386 0,008328 3,415483 0,347382 1,528341 3,319074 -0,933544 0,596549 3,005260 0,033006 0,780521 3,457679
0,033314 0,010700 3,423714 0,349826 1,521570 3,325767 -0,907161 0,825793 3,007755 0,033006 0,780521 3,457679
0,035835 0,005459 3,408958 0,335027 1,553464 3,342542 -0,803777 1,027253 2,971910 0,033006 0,780521 3,457679
0,038263 0,004628 3,411542 0,351123 1,516669 3,320792 -0,694599 1,208021 3,038344 0,021679 0,777866 3,444764
0,032722 0,017187 3,413643 0,348907 1,510772 3,308503 -0,573189 1,333365 3,136299 0,029647 0,786916 3,470781
0,028121 0,023949 3,430166 0,353668 1,502681 3,302595 -0,460631 1,403217 3,249878 0,017875 0,782507 3,432003
