15 12
0,005203 0,015009 3,364756 0,346066 1,472836 3,280640 -0,485547 1,490905 3,447066 -0,007653 0,785164 3,444435
0,006147 0,012906 3,364485 0,335874 1,465934 3,269279 -0,508071 1,462252 3,374418 -0,018866 0,787842 3,457136
0,000716 0,005979 3,356148 0,335701 1,466726 3,262426 -0,603405 1,138870 2,908584 -0,007924 0,776192 3,418889
-0,011601 0,010790 3,367954 0,351258 1,459296 3,261462 -0,627143 0,755470 2,887232 -0,015364 0,781506 3,444366
-0,021225 0,005431 3,367270 0,355425 1,462613 3,265118 -0,623938 0,545666 2,872537 -0,011632 0,778841 3,431587
-0,024664 0,007473 3,363824 0,380468 1,468457 3,285178 -0,583984 0,291012 3,190617 -0,022745 0,776153 3,418565
-0,014986 0,003966 3,336662 0,386365 1,459754 3,273418 -0,517850 0,215760 3,230819 -0,022983 0,779788 3,418674
-0,008768 0,000333 3,335573 0,386170 1,455637 3,262018 -0,495647 0,223306 3,326975 -0,026499 0,778795 3,431232
-0,000049 0,001750 3,335809 0,375526 1,455285 3,244278 -0,507025 0,240360 3,298813 -0,026738 0,782443 3,431347
-0,001405 0,006585 3,346093 0,361097 1,466073 3,270272 -0,537890 0,270969 3,240273 -0,011869 0,782489 3,431686
-0,001130 0,005410 3,339943 0,362778 1,468847 3,268867 -0,557358 0,334627 3,122854 -0,000748 0,779839 3,419090
0,004747 0,001198 3,346950 0,362994 1,473125 3,272732 -0,590897 0,590544 2,846986 -0,004239 0,773560 3,406270
0,016361 0,001508 3,337466 0,361505 1,467125 3,240093 -0,602304 0,994226 2,786776 -0,004005 0,769918 3,406099
0,016243 0,001936 3,328993 0,366186 1,462605 3,236914 -0,583734 1,154495 2,843472 -0,004239 0,773560 3,406270
0,028858 0,001692 3,356652 0,366395 1,458722 3,243108 -0,496361 1,509169 3,333980 0,010810 0,784230 3,457698
