36 12
-0,079857 0,003755 3,402444 0,293658 1,446137 3,321263 -0,442981 1,367777 3,229423 -0,049324 0,727650 3,429808
-0,080611 0,007723 3,397511 0,293038 1,441322 3,312867 -0,451903 1,260057 3,172550 -0,056746 0,727602 3,429506
-0,078141 0,010398 3,398800 0,295302 1,446795 3,319442 -0,452148 1,108291 3,072778 -0,064274 0,728914 3,454850
-0,073749 0,003958 3,402478 0,298601 1,442391 3,325428 -0,446656 0,914309 3,007151 -0,059932 0,719139 3,441720
-0,075310 0,001560 3,406820 0,298858 1,444319 3,321769 -0,442513 0,734531 2,958487 -0,063820 0,721583 3,454447
-0,071628 0,004234 3,405042 0,295938 1,457602 3,335827 -0,434972 0,585590 2,947606 -0,056519 0,723989 3,429447
-0,071108 0,013395 3,414958 0,290529 1,457307 3,327243 -0,434703 0,462294 2,945867 -0,041974 0,724958 3,379444
-0,077273 0,017191 3,431560 0,285899 1,456735 3,332466 -0,430629 0,375653 2,914194 -0,049769 0,733368 3,404044
-0,076672 0,012326 3,440968 0,281207 1,462158 3,332924 -0,424958 0,316258 2,843821 -0,042584 0,738423 3,429690
-0,081031 0,011444 3,440777 0,274066 1,456940 3,328838 -0,434672 0,279289 2,728725 -0,038958 0,740975 3,442636
-0,086755 0,007505 3,434462 0,276901 1,449316 3,311907 -0,449408 0,280812 2,587800 -0,035538 0,739775 3,455235
-0,090140 0,016005 3,457926 0,273134 1,447197 3,322838 -0,452964 0,290602 2,462689 -0,043184 0,746445 3,507905
-0,081709 0,000321 3,427437 0,275169 1,442642 3,298853 -0,437567 0,280569 2,458475 -0,024140 0,738800 3,468831
-0,076541 -0,010108 3,428303 0,277203 1,456037 3,318305 -0,418936 0,257926 2,522430 -0,028399 0,741118 3,480984
-0,063984 -0,005311 3,426188 0,274363 1,442936 3,311517 -0,403309 0,256097 2,641905 -0,035538 0,739775 3,455235
-0,057332 0,010700 3,432394 0,273021 1,448956 3,326074 -0,391486 0,271647 2,761461 -0,028065 0,747139 3,455529
-0,049746 0,011138 3,444218 0,276726 1,452228 3,323842 -0,380771 0,292098 2,868534 -0,034930 0,734903 3,430132
-0,049949 0,014816 3,445035 0,284981 1,451390 3,336757 -0,377691 0,303833 2,914909 -0,031506 0,748318 3,442947
-0,050970 0,017356 3,458557 0,287885 1,459806 3,340727 -0,374379 0,303064 2,895027 -0,027963 0,742033 3,429778
-0,059606 0,008706 3,459748 0,288920 1,451200 3,338805 -0,375483 0,293752 2,827082 -0,028193 0,738273 3,429268
-0,064420 -0,002829 3,452879 0,287838 1,450688 3,335216 -0,383413 0,279939 2,711760 -0,020536 0,742060 3,429928
-0,075428 -0,001250 3,453639 0,282467 1,452110 3,331001 -0,401628 0,279198 2,575453 -0,024137 0,746157 3,468946
-0,082522 0,012896 3,447042 0,277680 1,458276 3,333093 -0,420510 0,315198 2,462415 -0,042908 0,753436 3,562514
-0,082506 0,008221 3,448489 0,279535 1,444859 3,308460 -0,436560 0,349324 2,415524 -0,027480 0,733244 3,535487
-0,077449 0,007558 3,454593 0,278587 1,450531 3,311031 -0,447882 0,373723 2,426485 -0,008467 0,727995 3,469592
-0,066336 0,010461 3,445757 0,279084 1,451819 3,318207 -0,454548 0,393277 2,461488 -0,012219 0,730509 3,482629
-0,054156 0,018826 3,451708 0,276978 1,456172 3,316655 -0,460195 0,442377 2,518345 -0,012208 0,737888 3,482744
-0,040744 0,009250 3,434063 0,280816 1,445828 3,302722 -0,455313 0,515631 2,552440 -0,011752 0,720554 3,430756
-0,033703 0,003398 3,447089 0,289743 1,458350 3,318654 -0,450853 0,623302 2,594314 -0,019464 0,721825 3,456340
-0,021687 0,004333 3,439056 0,296922 1,456161 3,315712 -0,460422 0,784632 2,655336 -0,022649 0,707189 3,417455
-0,015825 0,011489 3,432088 0,298212 1,472451 3,318644 -0,478565 0,955887 2,690660 -0,022915 0,730294 3,443433
-0,010049 0,009237 3,435657 0,303710 1,461265 3,325123 -0,483420 1,118638 2,820132 -0,027051 0,727760 3,430531
-0,011344 0,007479 3,429279 0,309777 1,463166 3,321253 -0,480244 1,265302 2,963487 -0,026815 0,731422 3,430609
-0,013514 0,005232 3,436239 0,305905 1,464310 3,324205 -0,463503 1,364090 3,085065 -0,023300 0,725295 3,417879
-0,019062 0,013829 3,430234 0,311087 1,468766 3,327973 -0,427552 1,415882 3,199208 -0,023065 0,728944 3,417958
-0,023658 0,018488 3,413252 0,307180 1,463236 3,320987 -0,408561 1,452967 3,318023 -0,027042 0,735039 3,430636
