34 12
-0,070216 -0,015787 3,332556 0,263459 1,455480 3,236905 -0,467781 1,464453 3,266352 -0,071341 0,745707 3,429066
-0,053644 -0,007427 3,320392 0,267273 1,466053 3,249483 -0,559316 1,505881 3,419642 -0,052156 0,741887 3,391902
-0,048536 -0,005074 3,323307 0,261135 1,460819 3,231253 -0,648733 1,492610 3,484820 -0,055694 0,739361 3,379252
-0,035079 -0,012532 3,344111 0,269243 1,468940 3,242893 -0,813105 1,160996 3,033445 -0,048596 0,744429 3,404631
-0,027549 -0,016441 3,337428 0,276768 1,461696 3,222072 -1,081636 0,960004 3,274334 -0,045023 0,739729 3,417337
-0,029074 -0,009781 3,353062 0,276886 1,470286 3,230167 -1,129920 0,780482 3,209986 -0,041880 0,749535 3,430399
-0,029214 -0,013702 3,358348 0,283258 1,476505 3,246264 -1,149318 0,443977 3,169369 -0,056731 0,749442 3,429830
-0,039669 -0,005310 3,366564 0,284567 1,469169 3,231439 -0,954674 0,193676 2,975451 -0,052166 0,734680 3,391804
-0,043555 -0,006069 3,366515 0,279854 1,473444 3,224975 -0,863670 0,113712 2,954144 -0,045262 0,736098 3,417365
-0,050439 -0,010425 3,338856 0,269880 1,461805 3,207015 -0,720301 0,041998 3,417958 -0,055934 0,735765 3,379292
-0,045586 -0,017572 3,327126 0,271808 1,463581 3,210383 -0,537044 0,068203 3,201768 -0,048845 0,733578 3,404563
-0,039900 -0,010386 3,324138 0,270959 1,464579 3,209961 -0,618577 0,043675 3,385433 -0,048609 0,727295 3,354814
-0,016660 -0,021460 3,356198 0,271616 1,473912 3,216347 -0,776599 -0,000840 3,139134 -0,033860 0,730046 3,404966
-0,007738 -0,015218 3,348646 0,276749 1,475079 3,221918 -0,956348 0,020525 3,280819 -0,049309 0,733511 3,404472
-0,005135 -0,013180 3,352734 0,274685 1,474193 3,213008 -0,868692 0,023295 3,086937 -0,049074 0,737169 3,404611
-0,015014 -0,015487 3,334809 0,284529 1,473148 3,223444 -0,732260 0,036493 3,243450 -0,048836 0,740809 3,404664
-0,021112 -0,015549 3,343227 0,277977 1,476570 3,223482 -0,553664 0,082371 3,076024 -0,026130 0,735910 3,380122
-0,019195 -0,009509 3,326189 0,275433 1,473225 3,214050 -0,621938 0,091761 3,295629 -0,015875 0,739827 3,418248
-0,001595 -0,018315 3,338389 0,264130 1,465627 3,200750 -0,773393 0,022518 3,108917 -0,026372 0,732335 3,380217
0,003999 -0,021271 3,332122 0,259592 1,470474 3,201911 -0,883237 0,007559 3,167823 -0,037994 0,726180 3,367380
0,003716 -0,019173 3,344731 0,262561 1,478652 3,220878 -0,782308 0,002572 3,042087 -0,045097 0,721295 3,342578
-0,010045 -0,021210 3,323742 0,267682 1,479651 3,221455 -0,634346 0,018064 3,246894 -0,034033 0,727374 3,355311
-0,014858 -0,014225 3,320243 0,260303 1,482356 3,211838 -0,468453 0,087375 3,095964 -0,030327 0,738398 3,392715
-0,015559 -0,007114 3,315701 0,260758 1,472788 3,213262 -0,524788 0,094515 3,321507 -0,019085 0,737330 3,405483
-0,009912 -0,011420 3,319360 0,266492 1,469012 3,204507 -0,679288 0,025781 3,153737 -0,019453 0,727429 3,355692
0,002668 -0,010486 3,285331 0,279718 1,469486 3,203069 -1,039145 0,088965 3,573063 -0,026358 0,739518 3,380310
0,003934 -0,004980 3,293533 0,283714 1,478041 3,212948 -1,105386 0,161535 3,488401 -0,026838 0,732309 3,380252
0,015860 -0,015448 3,299920 0,286960 1,491940 3,220948 -1,115815 0,356810 3,204773 -0,022740 0,734825 3,392810
0,017084 -0,006596 3,310418 0,286662 1,497271 3,232306 -0,952399 0,618060 2,904121 -0,004827 0,732366 3,380696
0,017787 -0,010978 3,304415 0,285280 1,496331 3,231893 -0,896261 0,781937 2,868293 -0,004869 0,727461 3,355958
0,012671 -0,010421 3,299445 0,277169 1,479725 3,212063 -0,794456 1,210791 3,255264 -0,007986 0,747126 3,418484
-0,001315 -0,006908 3,329833 0,275006 1,473751 3,206262 -0,532975 1,271402 2,991535 -0,015623 0,750739 3,418437
-0,006257 -0,007798 3,344549 0,278246 1,474516 3,200486 -0,456470 1,368817 3,135691 -0,019352 0,753296 3,431113
-0,020025 -0,007115 3,316326 0,290692 1,470695 3,233103 -0,427569 1,450623 3,334716 -0,018827 0,748164 3,405493
