32 12
-0,059748 0,011259 3,358286 0,289265 1,419378 3,309490 -0,544576 1,505131 3,504436 -0,038237 0,766754 3,443582
-0,053300 0,017096 3,368791 0,286857 1,418745 3,314949 -0,635629 1,485221 3,547795 -0,041859 0,771404 3,430719
-0,049473 0,012619 3,371722 0,286089 1,421964 3,307528 -0,777644 1,186937 3,118073 -0,038059 0,768794 3,418079
-0,043848 0,010739 3,383193 0,285125 1,410764 3,301842 -0,967875 0,934968 3,209901 -0,034339 0,773108 3,456710
-0,047275 0,005785 3,381282 0,287589 1,409421 3,309855 -0,997078 0,746079 3,125937 -0,038479 0,763053 3,443428
-0,048173 0,003452 3,383804 0,287726 1,416355 3,308590 -1,008068 0,427972 3,129304 -0,048589 0,748703 3,355083
-0,059050 0,004196 3,394397 0,286037 1,412461 3,310029 -0,807226 0,208215 2,897142 -0,056155 0,753705 3,379537
-0,059608 0,004300 3,383490 0,283816 1,412345 3,304815 -0,712096 0,161648 2,876047 -0,056395 0,750068 3,379412
-0,064453 0,003427 3,378466 0,277511 1,408642 3,297624 -0,586907 0,142232 3,116058 -0,059911 0,747520 3,366848
-0,048614 0,005921 3,345226 0,278984 1,415601 3,301130 -0,595872 0,149384 3,230880 -0,048589 0,748703 3,355083
-0,043248 0,009938 3,353828 0,279145 1,417605 3,303968 -0,699196 0,144843 3,389683 -0,045284 0,754784 3,367509
-0,029224 0,004394 3,370445 0,282604 1,415887 3,304116 -0,837517 0,108122 3,146934 -0,045289 0,747619 3,367416
-0,025081 0,008886 3,389896 0,282329 1,413441 3,302973 -0,868825 0,141426 3,092734 -0,034249 0,745172 3,355434
-0,029831 0,007312 3,391085 0,283055 1,409591 3,290093 -0,772083 0,133268 2,943623 -0,034008 0,748784 3,355577
-0,041666 -0,000698 3,384471 0,279705 1,409033 3,287935 -0,637162 0,152064 3,105888 -0,034008 0,748784 3,355577
-0,042244 0,005622 3,363911 0,281950 1,405095 3,276415 -0,612703 0,154532 3,182595 -0,038067 0,761527 3,417974
-0,039845 0,003254 3,360981 0,281748 1,399441 3,273823 -0,706831 0,139432 3,356572 -0,041430 0,762563 3,405240
-0,029034 -0,001719 3,375327 0,288744 1,413560 3,295189 -0,837255 0,087880 3,145408 -0,034249 0,745172 3,355434
-0,029352 0,000405 3,384733 0,286759 1,409140 3,294375 -0,840334 0,105032 3,083282 -0,034249 0,745172 3,355434
-0,033064 0,005055 3,384920 0,284054 1,408387 3,277856 -0,744700 0,099925 2,959886 -0,034249 0,745172 3,355434
-0,045369 0,006963 3,380946 0,283491 1,407078 3,279927 -0,621027 0,145579 3,118689 -0,037735 0,751284 3,367797
-0,043389 0,005765 3,359539 0,283691 1,418990 3,291569 -0,630351 0,157811 3,226928 -0,038067 0,761527 3,417974
-0,043424 0,006300 3,364854 0,289197 1,401524 3,274742 -0,726595 0,135219 3,395200 -0,037491 0,754889 3,367856
-0,040492 0,000787 3,367257 0,291488 1,402920 3,286762 -0,840233 0,083112 3,234509 -0,041485 0,753799 3,380093
-0,039529 0,004386 3,365515 0,289006 1,417557 3,303312 -0,813809 0,136255 3,175570 -0,041726 0,750162 3,379954
-0,037567 0,004349 3,363830 0,287293 1,406467 3,287298 -0,780122 0,201207 3,124546 -0,048834 0,737954 3,354865
-0,035820 0,004963 3,366307 0,284846 1,407871 3,291158 -0,776175 0,399901 3,061584 -0,073757 0,737482 3,317362
-0,027722 0,016857 3,355409 0,283907 1,405053 3,291863 -0,786108 0,710480 2,944871 -0,019512 0,766259 3,405899
-0,025108 0,010865 3,352556 0,281277 1,420195 3,301310 -0,766491 0,865887 2,903752 -0,023007 0,765246 3,418469
-0,024380 0,011828 3,374954 0,285780 1,413698 3,298890 -0,693980 1,232706 3,181725 -0,016078 0,765206 3,418482
-0,032859 0,016681 3,381965 0,290040 1,412223 3,303994 -0,560212 1,303891 3,072479 -0,026749 0,775145 3,431241
-0,038207 0,011610 3,370168 0,287486 1,406594 3,290240 -0,500497 1,355487 3,145510 -0,027242 0,767786 3,431000
