28 12
-0,019985 0,033295 3,424709 0,350078 1,527300 3,396795 -0,405255 1,300818 3,214857 0,015490 0,781152 3,496319
-0,028947 0,029306 3,423534 0,352104 1,517234 3,384734 -0,418754 1,157851 3,156479 0,011283 0,776542 3,509972
-0,038124 0,019169 3,413343 0,355431 1,483354 3,349970 -0,418099 0,997708 3,117951 0,011737 0,768991 3,509340
-0,037414 0,023969 3,412388 0,346862 1,538826 3,411255 -0,422565 0,862533 3,113634 0,011283 0,776542 3,509972
-0,037093 0,018366 3,401696 0,359540 1,480613 3,352761 -0,441239 0,791380 3,096027 0,011283 0,776542 3,509972
-0,033233 0,020193 3,417262 0,354282 1,509115 3,376495 -0,462079 0,818423 3,107767 0,015154 0,779261 3,523397
-0,030303 0,022121 3,413820 0,355946 1,488481 3,345918 -0,474910 0,892192 3,093000 0,007665 0,770088 3,496361
-0,026950 0,022755 3,410543 0,330579 1,586104 3,444898 -0,495105 0,973888 3,072635 0,003615 0,771156 3,483377
-0,028536 0,023055 3,425425 0,358955 1,494965 3,359687 -0,483359 0,967651 3,045749 0,011511 0,772776 3,509702
-0,037181 0,020219 3,434624 0,338218 1,553701 3,411295 -0,460908 0,847176 3,019403 0,014989 0,773838 3,496699
-0,040244 0,021223 3,420701 0,334241 1,553924 3,417667 -0,445959 0,754689 3,069891 0,000046 0,764764 3,469936
-0,039811 0,020575 3,411907 0,324588 1,598885 3,471057 -0,447102 0,683100 3,074854 0,011511 0,772776 3,509702
-0,035839 0,021032 3,419924 0,352886 1,509696 3,381606 -0,460238 0,702816 3,124056 0,011511 0,772776 3,509702
-0,033259 0,023831 3,421534 0,344182 1,540620 3,405510 -0,479435 0,767601 3,094539 0,010913 0,774874 3,483631
-0,026202 0,011015 3,412325 0,348684 1,492756 3,358649 -0,502441 0,871749 3,070299 -0,003974 0,758498 3,457011
-0,022757 0,015934 3,419552 0,335468 1,570071 3,430751 -0,510160 0,939445 3,056159 -0,003727 0,762127 3,456848
-0,023247 0,014477 3,412310 0,336300 1,548265 3,412247 -0,491489 0,884318 3,037021 0,003596 0,763763 3,483262
-0,028213 0,015408 3,409762 0,331778 1,547233 3,399491 -0,472525 0,778594 3,073069 0,006957 0,773861 3,496781
-0,035089 0,013593 3,397031 0,341139 1,514694 3,376329 -0,455783 0,676881 3,076353 0,003367 0,767479 3,483442
-0,033951 0,018556 3,394698 0,330519 1,565624 3,423801 -0,465280 0,615236 3,095169 -0,000661 0,768507 3,470368
-0,029503 0,021594 3,392496 0,343855 1,520450 3,368618 -0,480817 0,632543 3,122005 -0,004187 0,769529 3,457302
-0,023939 0,030851 3,381431 0,335644 1,558239 3,405977 -0,515543 0,711565 3,114726 -0,003938 0,773181 3,457229
-0,016442 0,013848 3,387092 0,353286 1,489660 3,349211 -0,535353 0,839019 3,120692 -0,000183 0,768488 3,470207
-0,011332 0,020950 3,385702 0,330514 1,565620 3,414117 -0,556282 1,000257 3,147506 0,007091 0,772197 3,470478
-0,001430 0,020445 3,375139 0,334361 1,556004 3,395086 -0,548895 1,137972 3,093048 0,003634 0,778551 3,483492
0,004342 0,025872 3,385259 0,323826 1,576982 3,411637 -0,528625 1,295103 3,168326 0,007592 0,779505 3,470265
0,007960 0,026869 3,386266 0,320975 1,598129 3,436411 -0,480012 1,402277 3,268333 0,015097 0,779503 3,470339
0,010869 0,031882 3,397908 0,325832 1,582506 3,424581 -0,435624 1,475026 3,404512 0,011044 0,780535 3,457532
