41 12
-0,057297 0,013272 3,374464 0,308183 1,429550 3,298208 -0,472337 1,453347 3,330216 -0,030643 0,776100 3,418403
-0,051831 0,020585 3,376148 0,304805 1,434692 3,300948 -0,511751 1,460789 3,343212 -0,034026 0,777091 3,405684
-0,048782 0,018013 3,381625 0,302356 1,432541 3,292807 -0,573847 1,427339 3,339619 -0,034026 0,777091 3,405684
-0,044370 0,023699 3,377422 0,304933 1,432830 3,296504 -0,650647 1,389441 3,340927 -0,034274 0,773445 3,405617
-0,041245 0,016211 3,376613 0,308454 1,433035 3,296466 -0,745142 1,321451 3,309860 -0,030517 0,785115 3,444100
-0,041323 0,012908 3,376311 0,305585 1,435008 3,295780 -0,845541 1,227576 3,284635 -0,026749 0,775145 3,431241
-0,041341 0,016931 3,379428 0,301320 1,446667 3,304338 -0,924970 1,084954 3,222250 -0,034274 0,773445 3,405617
-0,040254 0,014152 3,378277 0,306685 1,437831 3,294044 -0,968726 0,909728 3,145135 -0,026988 0,778772 3,431270
-0,043352 0,008838 3,374491 0,307469 1,438820 3,301679 -0,981299 0,739637 3,101944 -0,026988 0,778772 3,431270
-0,047078 0,007563 3,378321 0,311059 1,443848 3,309686 -0,987238 0,574019 3,072850 -0,037744 0,774097 3,443630
-0,052298 0,008941 3,381606 0,317459 1,437296 3,304076 -0,969191 0,427541 3,106461 -0,041622 0,767780 3,430675
-0,056793 0,004272 3,375345 0,318811 1,431768 3,301687 -0,926135 0,303512 3,134962 -0,056477 0,767685 3,430093
-0,057822 0,013832 3,374724 0,318025 1,442440 3,313675 -0,873347 0,206079 3,174338 -0,052649 0,774007 3,443061
-0,056219 0,003323 3,373856 0,315948 1,439055 3,304074 -0,816940 0,141418 3,216397 -0,060279 0,761385 3,417130
-0,058271 0,002343 3,367448 0,312850 1,436951 3,315833 -0,770900 0,095714 3,260227 -0,056721 0,764016 3,430045
-0,056545 0,008398 3,368681 0,310956 1,433543 3,300849 -0,728890 0,079113 3,287809 -0,056721 0,764016 3,430045
-0,054184 0,009098 3,375394 0,308015 1,439006 3,308568 -0,700460 0,069622 3,310249 -0,064290 0,758663 3,404068
-0,050702 0,008611 3,359746 0,306436 1,442299 3,313104 -0,679503 0,060656 3,326215 -0,056484 0,760395 3,429985
-0,049735 0,005190 3,363134 0,307630 1,436637 3,301343 -0,671731 0,065433 3,348917 -0,060590 0,766611 3,442729
-0,046985 0,007421 3,362509 0,303519 1,443793 3,296957 -0,667203 0,060644 3,349223 -0,063814 0,758769 3,404294
-0,044652 0,010450 3,367491 0,305221 1,433232 3,302877 -0,671645 0,066814 3,362464 -0,063818 0,751532 3,404191
-0,043959 0,007409 3,369788 0,304941 1,433699 3,292471 -0,680812 0,063440 3,355698 -0,063814 0,758769 3,404294
-0,045026 0,005235 3,372631 0,302797 1,432601 3,289735 -0,694170 0,069260 3,356676 -0,060519 0,757710 3,417002
-0,046027 0,006169 3,376470 0,302129 1,445375 3,303935 -0,717509 0,081542 3,360295 -0,056721 0,764016 3,430045
-0,044773 0,012323 3,388789 0,304160 1,434834 3,301150 -0,754606 0,098219 3,364775 -0,060035 0,765040 3,417171
-0,044957 0,007310 3,372891 0,302260 1,436793 3,303579 -0,798153 0,119191 3,351304 -0,063571 0,762413 3,404332
-0,046152 0,006878 3,377073 0,305001 1,444784 3,301486 -0,852767 0,177770 3,338275 -0,049294 0,764067 3,430343
-0,043107 0,007444 3,373482 0,303061 1,439399 3,304890 -0,901999 0,236795 3,301565 -0,049537 0,769330 3,456125
-0,038996 0,013187 3,380506 0,307025 1,441359 3,310574 -0,945299 0,323501 3,255388 -0,034329 0,780454 3,456821
-0,040536 0,002324 3,376003 0,307711 1,434207 3,304717 -0,971642 0,422988 3,181098 -0,034339 0,773108 3,456710
-0,036956 0,010369 3,375516 0,306208 1,453515 3,314229 -0,977257 0,552172 3,147887 -0,019381 0,773167 3,457114
-0,038758 0,014866 3,384845 0,308867 1,430046 3,302541 -0,982370 0,674354 3,098129 -0,034577 0,776759 3,456749
-0,034680 0,008578 3,376950 0,310930 1,439187 3,307658 -0,971124 0,810356 3,075039 -0,034339 0,773108 3,456710
-0,038307 0,011398 3,383887 0,310707 1,441584 3,320387 -0,921069 0,935808 3,033381 -0,023071 0,777821 3,444191
-0,036159 0,009914 3,375443 0,309149 1,442241 3,308373 -0,871512 1,069238 3,054934 -0,019370 0,780513 3,457225
-0,034203 0,017085 3,381207 0,309338 1,438627 3,311862 -0,800270 1,168422 3,073182 -0,022898 0,786887 3,470165
-0,034845 0,010554 3,382824 0,306600 1,445954 3,311045 -0,726621 1,260530 3,138591 -0,023310 0,781460 3,444217
-0,037537 0,018966 3,384037 0,312640 1,434497 3,309662 -0,656702 1,334372 3,187268 -0,023797 0,781354 3,443899
-0,040091 0,019588 3,385160 0,308438 1,444259 3,316029 -0,593271 1,391003 3,236476 -0,035056 0,783999 3,456564
-0,047551 0,006509 3,375511 0,312475 1,432107 3,310419 -0,531712 1,413841 3,264900 -0,038643 0,783068 3,469619
-0,043617 0,013720 3,376792 0,309238 1,432588 3,303912 -0,481297 1,443115 3,280654 -0,042098 0,775009 3,430678
