19 12
-0,045018 0,025187 3,422523 0,392586 1,659352 3,551607 -0,542087 1,438607 3,349332 0,037397 0,770104 3,496744
-0,033862 0,019193 3,414613 0,440801 1,531690 3,378646 -0,839582 1,458622 3,722047 0,047782 0,756896 3,431510
-0,026311 0,022859 3,414704 0,427657 1,612648 3,470880 -0,953272 1,245203 3,577177 0,055633 0,762071 3,457182
-0,023142 0,012028 3,423672 0,440954 1,554911 3,396909 -1,057727 0,634125 3,051258 0,048510 0,760000 3,483317
-0,029712 0,015002 3,435499 0,427853 1,613086 3,459219 -1,045844 0,154588 2,971041 0,026148 0,757936 3,509845
-0,036232 0,017618 3,456420 0,445244 1,531689 3,359441 -0,998404 -0,032379 2,959698 0,018385 0,752695 3,483333
-0,049943 0,024534 3,445883 0,415563 1,606816 3,449801 -0,934443 -0,359390 3,234764 0,014559 0,757461 3,470315
-0,061547 0,024027 3,448906 0,441958 1,519306 3,352654 -0,741382 -0,473120 3,016064 0,032652 0,746018 3,431481
-0,062425 0,025169 3,459962 0,422246 1,586885 3,440978 -0,707337 -0,535621 3,131440 0,029812 0,761100 3,470304
-0,062128 0,028888 3,466972 0,434676 1,512561 3,343283 -0,618755 -0,614902 3,311743 0,026415 0,769078 3,509924
-0,056581 0,027033 3,466930 0,433314 1,510103 3,338216 -0,453731 -0,581017 3,100234 0,040676 0,762137 3,457367
-0,049677 0,028507 3,449317 0,417389 1,562900 3,386278 -0,505609 -0,607146 3,258145 0,040428 0,758467 3,457307
-0,032503 0,025257 3,482665 0,412862 1,583339 3,416234 -0,609182 -0,583883 3,171957 0,036538 0,755878 3,444405
-0,001722 0,013407 3,421903 0,417737 1,564325 3,392869 -0,785898 -0,482910 3,388282 0,037046 0,750055 3,470201
0,016220 0,010020 3,411165 0,389455 1,657075 3,494383 -0,859065 -0,360606 3,386488 0,040738 0,756336 3,483332
0,048908 0,008412 3,454535 0,422185 1,566578 3,391430 -0,965934 0,007049 3,092235 0,041542 0,761593 3,509753
0,067675 0,007811 3,417378 0,387945 1,673720 3,527014 -0,999509 0,525274 2,936095 0,040843 0,765315 3,509789
0,072060 0,007535 3,439790 0,422422 1,566947 3,430914 -0,930760 0,742814 2,828365 0,049528 0,774410 3,536674
0,060884 0,016541 3,418018 0,377775 1,574078 3,443699 -0,794182 1,383267 3,524382 0,033250 0,771142 3,483613
