25 12
-0,004772 0,035329 3,393000 0,250331 1,331341 3,066668 -0,460657 1,483198 3,463015 -0,004546 0,740976 3,405868
0,003953 0,021948 3,401470 0,285907 1,356790 3,168289 -0,594821 1,293215 3,142093 -0,000660 0,734872 3,393257
0,005495 0,021015 3,404912 0,273287 1,397011 3,153852 -0,870793 1,103888 3,356842 0,006700 0,734876 3,393347
0,003323 0,017619 3,410969 0,288893 1,396514 3,168388 -0,925430 0,854461 3,203475 -0,000149 0,732567 3,418079
-0,000599 0,011205 3,408676 0,181138 1,316686 2,892731 -0,953155 0,428090 3,157855 -0,008052 0,720453 3,392948
-0,012064 0,019175 3,432008 0,318205 1,449935 3,319078 -0,692016 0,150781 2,867252 -0,018988 0,727455 3,355674
-0,014022 0,016541 3,431953 0,231178 1,349578 3,002305 -0,583021 0,094168 2,873056 -0,019227 0,723885 3,355680
-0,012093 0,005577 3,432319 0,316617 1,436032 3,218331 -0,476551 0,051653 3,182580 -0,023451 0,723951 3,392582
-0,001995 0,023240 3,415214 0,295294 1,445938 3,241458 -0,694748 0,005124 3,563794 -0,022895 0,733463 3,368007
0,003577 0,012394 3,417684 0,321426 1,447357 3,241817 -0,738196 -0,017026 3,492542 -0,012176 0,725172 3,380484
0,003768 0,019285 3,434344 0,320716 1,472889 3,289611 -0,666940 -0,024162 3,279940 -0,015569 0,721480 3,343518
0,002114 0,009616 3,429484 0,284827 1,397471 3,130675 -0,503771 0,021202 3,083248 -0,019572 0,722846 3,405305
0,006315 0,025038 3,433064 0,296733 1,394665 3,257292 -0,569702 0,011290 3,318569 -0,022443 0,726294 3,367726
0,010819 0,026492 3,445374 0,259980 1,378544 3,133354 -0,699475 -0,038609 3,200497 -0,012413 0,738682 3,430895
0,009842 0,019497 3,442770 0,223954 1,330211 3,011144 -0,611685 -0,023476 3,010156 -0,007797 0,731242 3,392966
0,004789 0,018045 3,459241 0,332376 1,475238 3,266760 -0,501036 -0,005941 2,928195 -0,000726 0,729934 3,368351
0,000634 0,020547 3,453346 0,300074 1,393828 3,189197 -0,426651 0,063067 3,125014 -0,008499 0,727632 3,393041
0,016083 0,013080 3,402161 0,332161 1,497906 3,302730 -0,709228 0,050551 3,545853 -0,015620 0,731240 3,392989
0,026863 0,020194 3,411284 0,261321 1,423152 3,202224 -0,830055 0,092507 3,529874 -0,018988 0,727455 3,355674
0,039089 0,007780 3,426857 0,306647 1,474848 3,339190 -0,913443 0,275901 3,087024 -0,008261 0,731256 3,393131
0,050024 0,027382 3,402235 0,314502 1,440894 3,213717 -0,854600 0,609749 2,873412 0,006812 0,739881 3,418595
0,051698 0,009718 3,409921 0,214687 1,343448 2,982106 -0,784995 0,791511 2,822054 0,010651 0,726507 3,405710
0,051449 0,021684 3,399176 0,312077 1,382429 3,216613 -0,667823 1,279396 3,257701 0,010448 0,737370 3,405962
0,037086 0,023502 3,421074 0,267227 1,358701 3,118950 -0,452650 1,320101 3,106642 0,003153 0,742409 3,431308
0,022870 0,025454 3,426060 0,323079 1,426474 3,267457 -0,406220 1,419876 3,294372 0,007168 0,748592 3,444129
