33 12
-0,046668 0,010989 3,376526 0,323632 1,555271 3,367282 -0,513182 1,181377 3,217436 -0,041859 0,771404 3,430719
-0,047614 0,014402 3,380694 0,336290 1,489625 3,300783 -0,491836 0,900899 3,049836 -0,034091 0,776782 3,456693
-0,046399 0,025503 3,391702 0,324095 1,515556 3,317229 -0,465801 0,674107 3,005001 -0,037803 0,779723 3,418247
-0,050056 0,018670 3,387811 0,329191 1,498048 3,304558 -0,444388 0,472078 2,993396 -0,023490 0,767590 3,343580
-0,047556 0,023851 3,393526 0,316615 1,524805 3,319137 -0,410491 0,363212 3,028615 -0,020119 0,773672 3,355684
-0,050403 0,031055 3,418715 0,310394 1,507419 3,289135 -0,386548 0,307348 3,001616 -0,027806 0,775376 3,330427
-0,045279 0,029628 3,408714 0,308736 1,517891 3,308717 -0,385999 0,263502 2,896594 -0,009389 0,792301 3,392890
-0,048378 0,024546 3,425369 0,310252 1,509247 3,302859 -0,408507 0,254165 2,738454 -0,013318 0,785893 3,379838
-0,037793 0,025709 3,413245 0,292778 1,559103 3,360605 -0,425047 0,258730 2,648324 -0,002212 0,793954 3,417703
-0,029918 0,022842 3,404413 0,313033 1,481012 3,271157 -0,408343 0,235975 2,701932 -0,017035 0,793924 3,417550
-0,021007 0,015449 3,420637 0,307650 1,524439 3,311474 -0,378481 0,223597 2,822791 -0,005937 0,791250 3,405002
-0,016182 0,030284 3,443125 0,324871 1,499962 3,299067 -0,348695 0,236102 2,943744 -0,005691 0,787748 3,405422
-0,011270 0,027933 3,442753 0,315589 1,550943 3,369447 -0,326599 0,257868 2,968328 -0,001965 0,790440 3,418130
-0,017261 0,017975 3,439712 0,336371 1,482049 3,312894 -0,335107 0,248918 2,871929 -0,005937 0,791250 3,405002
-0,020101 0,006628 3,442880 0,333219 1,504416 3,338626 -0,372412 0,268918 2,707352 0,009104 0,802165 3,456279
-0,016307 0,016481 3,460411 0,328009 1,518366 3,364492 -0,408744 0,283967 2,587390 0,001788 0,800452 3,431019
-0,011557 0,015747 3,452499 0,322254 1,581419 3,428189 -0,413750 0,258584 2,639400 -0,005691 0,787748 3,405422
-0,007780 0,027160 3,443678 0,344156 1,535354 3,374542 -0,393631 0,239444 2,757226 -0,005937 0,791250 3,405002
-0,004536 0,021334 3,453506 0,338490 1,557557 3,405745 -0,359531 0,232514 2,878790 -0,002462 0,790169 3,417088
-0,009248 0,032402 3,449129 0,344361 1,554505 3,398399 -0,330021 0,242504 2,999936 -0,005687 0,795002 3,405521
-0,009677 0,028268 3,459255 0,333617 1,579504 3,432746 -0,315374 0,255241 3,029678 -0,005937 0,791250 3,405002
-0,011479 0,023565 3,449101 0,345505 1,548288 3,410310 -0,317526 0,216795 2,937309 0,001536 0,796673 3,430480
-0,014694 0,005431 3,424171 0,338006 1,585072 3,452165 -0,344399 0,185637 2,765050 -0,005536 0,809770 3,509327
-0,025642 0,006821 3,455436 0,353011 1,548111 3,409259 -0,380895 0,218014 2,583708 -0,013364 0,813353 3,508804
-0,030430 0,018253 3,465793 0,349216 1,548207 3,394506 -0,406960 0,311921 2,448641 -0,019720 0,795127 3,509938
-0,021395 0,025257 3,462254 0,357161 1,551044 3,397267 -0,421369 0,411351 2,394233 -0,015947 0,797927 3,523422
-0,016545 0,011169 3,454886 0,357806 1,559456 3,390038 -0,427394 0,547873 2,420496 0,017909 0,766318 3,406391
-0,010787 0,010627 3,453094 0,364107 1,537051 3,360413 -0,450691 0,687293 2,433338 0,007456 0,766836 3,444191
-0,002523 0,011747 3,444961 0,361499 1,542951 3,363186 -0,456115 0,848341 2,510470 0,011205 0,755344 3,405627
-0,000553 0,024467 3,445328 0,355356 1,556900 3,367260 -0,466039 1,025605 2,608069 0,010288 0,769945 3,406418
-0,000118 0,018623 3,432024 0,356708 1,528717 3,347449 -0,465323 1,201420 2,799648 0,006788 0,770949 3,393816
0,000382 0,018586 3,429429 0,360429 1,510087 3,343414 -0,460542 1,357733 2,994184 -0,000828 0,767333 3,393716
0,000391 0,019585 3,421517 0,349356 1,542651 3,378487 -0,443547 1,447599 3,185222 -0,004239 0,773560 3,406270
