22 12
-0,082206 0,004915 3,360440 0,279359 1,439190 3,318681 -0,458403 1,391255 3,280609 -0,049549 0,754652 3,455899
-0,079976 0,002606 3,359741 0,274830 1,426924 3,305892 -0,512524 1,299157 3,303519 -0,053157 0,744730 3,442713
-0,078190 0,003201 3,363830 0,274459 1,431389 3,308027 -0,522361 1,183878 3,187782 -0,056266 0,742187 3,429625
-0,078431 -0,000448 3,369030 0,274479 1,435446 3,319698 -0,524658 0,947577 3,004374 -0,049084 0,747343 3,455701
-0,073101 -0,002527 3,356453 0,273512 1,427764 3,300427 -0,485854 0,825560 3,001994 -0,041189 0,738622 3,430009
-0,070318 0,005953 3,356685 0,269672 1,427338 3,292140 -0,562278 0,843496 3,215704 -0,041658 0,738634 3,430249
-0,054312 -0,005829 3,389156 0,270296 1,436556 3,299842 -0,780838 0,661830 2,896494 -0,034616 0,740065 3,456188
-0,045419 -0,002953 3,372450 0,273459 1,427605 3,290669 -1,117345 0,649230 3,126108 -0,038097 0,732487 3,417561
-0,036705 -0,000136 3,381700 0,271531 1,434472 3,292508 -1,062145 0,588722 2,930520 -0,049080 0,729939 3,404508
-0,036078 0,002534 3,381939 0,271838 1,437916 3,302034 -0,922916 0,602316 3,011555 -0,056741 0,734879 3,429614
-0,036752 0,000007 3,376522 0,275856 1,430734 3,304325 -0,580086 0,599276 2,713311 -0,037790 0,744843 3,443195
-0,037320 -0,001122 3,372113 0,272641 1,443874 3,326309 -0,559822 0,658141 2,902779 -0,030457 0,736171 3,417859
-0,036873 -0,000570 3,377512 0,270504 1,440993 3,303352 -0,646044 0,664532 2,952158 -0,038030 0,741186 3,443214
-0,029518 -0,000727 3,388038 0,278725 1,428766 3,296835 -1,186451 0,665002 3,572319 -0,034379 0,743754 3,456262
-0,029655 0,002073 3,376107 0,280158 1,435168 3,304365 -1,263239 0,588323 3,350409 -0,034616 0,740065 3,456188
-0,024061 0,000331 3,384649 0,284752 1,434505 3,300734 -1,271867 0,515843 3,158885 -0,041901 0,727693 3,430079
-0,026853 0,001025 3,377138 0,283303 1,443575 3,326301 -1,143149 0,572108 3,010546 -0,037860 0,736137 3,417627
-0,024686 0,000451 3,387002 0,282583 1,435936 3,314049 -1,037733 0,615454 2,877273 -0,042123 0,738568 3,430142
-0,026632 0,000763 3,377468 0,279095 1,437931 3,315874 -0,938612 0,888800 3,126070 -0,019887 0,751081 3,456628
-0,028765 0,004118 3,382026 0,272330 1,433088 3,302562 -0,669451 0,998462 2,808977 -0,026893 0,751120 3,456593
-0,036049 0,005571 3,372786 0,274259 1,431714 3,313174 -0,580455 1,092535 2,876173 -0,030800 0,752161 3,443590
-0,049201 0,004984 3,365108 0,270875 1,418683 3,290489 -0,435407 1,365489 3,305206 -0,042274 0,759928 3,482302
