16 12
0,007945 0,023298 3,393197 0,281800 1,410258 3,201224 -0,499183 1,442782 3,371077 0,025217 0,737354 3,406025
0,007992 0,015585 3,402812 0,306441 1,377607 3,202058 -0,598336 1,195862 2,982232 0,024975 0,733737 3,405986
0,002785 0,008812 3,405282 0,298084 1,372836 3,184567 -0,638081 0,819775 2,899259 0,025416 0,726491 3,405790
0,001853 0,012195 3,407998 0,163208 1,283382 2,887921 -0,617691 0,572414 2,774942 0,024975 0,733737 3,405986
-0,006714 0,023309 3,403811 0,261552 1,371861 3,055040 -0,596992 0,219254 3,024526 0,010314 0,732398 3,380886
-0,009141 0,011718 3,408391 0,309011 1,402299 3,156786 -0,533963 0,043862 3,069142 -0,015581 0,714374 3,343433
-0,009737 0,007316 3,394886 0,341841 1,456417 3,243517 -0,516216 -0,011469 3,186818 -0,008294 0,719188 3,368137
-0,003346 0,006953 3,399626 0,348738 1,465696 3,265462 -0,490555 -0,051475 3,346531 -0,008294 0,719188 3,368137
-0,000150 0,011608 3,397183 0,337054 1,446147 3,230562 -0,489253 -0,050189 3,341291 -0,015858 0,727615 3,392905
-0,001355 0,007510 3,398447 0,342612 1,442513 3,242392 -0,502410 -0,037014 3,339068 -0,011952 0,721604 3,380477
0,005036 0,025723 3,399755 0,260676 1,404724 3,101483 -0,537774 0,023719 3,144861 -0,008261 0,731256 3,393131
0,007829 0,011194 3,387304 0,327127 1,413415 3,215016 -0,621717 0,233059 3,125470 -0,004336 0,730131 3,405684
0,015063 0,019436 3,395005 0,230175 1,385643 3,075266 -0,648224 0,399969 3,009334 0,010448 0,737370 3,405962
0,022444 0,022642 3,409549 0,279621 1,349087 3,154664 -0,686060 0,821721 2,994573 0,017873 0,728785 3,380789
0,020933 0,035355 3,425891 0,306681 1,393897 3,186931 -0,598216 1,121735 2,889170 0,017790 0,746046 3,431496
0,022400 0,018836 3,404755 0,329017 1,420520 3,301569 -0,536741 1,240642 2,956291 0,021385 0,736242 3,418650
