18 12
-0,018900 0,018074 3,409869 0,363531 1,575190 3,453764 -0,431124 1,392782 3,438442 0,022330 0,768481 3,470408
-0,021760 0,023228 3,406324 0,367777 1,538648 3,417072 -0,496193 1,084819 3,117774 0,028847 0,758011 3,418937
-0,016035 0,018454 3,410494 0,356583 1,568076 3,440273 -0,488384 0,696858 3,012814 0,036732 0,757971 3,418821
-0,012974 0,026766 3,412810 0,360818 1,536582 3,409555 -0,492550 0,552070 3,011946 0,036276 0,765257 3,418996
-0,007504 0,028340 3,436503 0,355185 1,554013 3,428376 -0,545192 0,285359 2,844642 0,043548 0,770422 3,444253
-0,018563 0,037759 3,485479 0,354814 1,533888 3,394877 -0,582967 0,124694 2,770926 0,037518 0,794192 3,523738
-0,023866 0,026823 3,474739 0,341752 1,587916 3,446698 -0,616164 0,087338 2,660111 0,033115 0,793114 3,536634
-0,023404 0,043178 3,490244 0,357414 1,544037 3,433381 -0,645370 0,064055 2,511712 0,045008 0,807241 3,550562
-0,019751 0,045227 3,482026 0,347119 1,571529 3,455867 -0,603479 0,028501 2,486188 0,044645 0,801579 3,523474
-0,020369 0,041016 3,481470 0,357162 1,552107 3,446340 -0,597710 0,032870 2,492272 0,040676 0,798794 3,510125
-0,012514 0,047819 3,509497 0,332842 1,674435 3,556111 -0,581372 0,056011 2,517512 0,033898 0,812019 3,537511
0,007035 0,033312 3,453591 0,362103 1,565994 3,457232 -0,552697 0,145810 2,528876 0,048474 0,787625 3,510041
0,020082 0,025562 3,449512 0,341666 1,654907 3,576129 -0,548304 0,240314 2,597244 0,056107 0,782143 3,483538
0,038924 0,017333 3,482000 0,372708 1,544494 3,452144 -0,533877 0,511305 2,731257 0,044364 0,768439 3,470399
0,057273 0,005196 3,433172 0,355839 1,619788 3,533380 -0,585723 0,876642 2,757377 0,044592 0,764755 3,470357
0,057594 0,005351 3,448348 0,354065 1,611619 3,511512 -0,569833 1,041602 2,850420 0,036861 0,768466 3,470470
0,052074 0,014875 3,435449 0,342640 1,642616 3,508222 -0,480223 1,413433 3,306136 0,040468 0,773151 3,457516
0,037259 0,025430 3,462016 0,375822 1,488714 3,391191 -0,401560 1,429535 3,389477 0,040468 0,773151 3,457516
