31 12
-0,036219 0,001100 3,305720 0,333234 1,300549 3,260443 -0,431598 1,367418 3,290828 -0,026667 0,692874 3,379761
-0,037484 0,008726 3,297571 0,344390 1,225358 3,236989 -0,443889 1,244795 3,182560 -0,030499 0,707172 3,417448
-0,043848 0,000729 3,328287 0,354799 1,062748 3,094549 -0,384641 1,063528 3,043280 -0,033921 0,693940 3,404469
-0,043272 0,000095 3,338987 0,329761 0,950979 3,074457 -0,344520 0,959262 2,967210 -0,040854 0,680404 3,428583
-0,043422 -0,017049 3,374683 0,207530 0,713931 2,799766 -0,297581 0,791961 2,927661 -0,045159 0,645651 3,415997
-0,052728 -0,009262 3,426156 0,157836 0,522339 2,665366 -0,199019 0,573340 2,706139 -0,038468 0,661762 3,366111
-0,052289 0,000961 3,444382 0,133838 0,425735 2,574131 -0,199665 0,488576 2,647850 -0,045342 0,668991 3,366397
-0,048608 0,008939 3,486475 0,185352 0,265829 2,608316 -0,303446 0,320940 2,386337 -0,051784 0,706971 3,415801
-0,048501 -0,010802 3,495765 0,334626 0,110379 2,344957 -0,549470 0,218682 2,616162 -0,055857 0,705777 3,428650
-0,057272 0,015676 3,462076 0,443531 0,069960 2,389021 -0,675385 0,164908 2,615485 -0,059353 0,687852 3,390665
-0,057143 -0,009445 3,462367 0,729246 0,041293 2,727550 -0,813094 0,113307 2,491467 -0,056434 0,664022 3,378255
-0,057283 -0,013102 3,452194 0,846365 0,129658 2,693819 -1,049931 0,174977 2,771674 -0,059945 0,661772 3,365721
-0,056260 -0,015471 3,434465 0,924126 0,221867 2,850092 -1,080526 0,233613 2,799912 -0,074363 0,653658 3,340336
-0,066613 -0,014231 3,388375 0,942426 0,416637 2,939044 -1,064136 0,429370 3,024170 -0,066810 0,668921 3,365539
-0,060195 -0,003790 3,344193 0,846144 0,665252 3,293005 -0,855751 0,587281 2,875971 -0,071222 0,686471 3,402910
-0,059220 -0,005618 3,347090 0,760328 0,772159 3,362335 -0,742657 0,655247 2,900993 -0,078585 0,693619 3,402624
-0,054767 -0,006955 3,356916 0,466977 0,711681 2,979788 -0,598544 0,801663 3,201391 -0,075101 0,696009 3,415461
-0,054148 -0,008309 3,379036 0,368403 0,615070 3,023868 -0,351002 0,644623 2,806393 -0,044931 0,667177 3,317772
-0,052704 -0,006972 3,404034 0,291709 0,501887 2,875700 -0,294784 0,565818 2,733192 -0,044719 0,663700 3,317819
-0,046496 -0,008519 3,435186 0,188879 0,300480 2,614955 -0,284295 0,393904 2,586782 -0,034042 0,665029 3,306148
-0,046464 -0,040609 3,453732 0,276732 0,136174 2,413675 -0,356862 0,242214 2,592836 -0,071814 0,716535 3,428585
-0,054386 -0,033261 3,420845 0,357452 0,089705 2,392419 -0,469934 0,178825 2,601539 -0,061481 0,721672 3,493996
-0,063128 -0,004183 3,433613 0,590327 0,029940 2,634814 -0,637376 0,103638 2,372696 -0,076349 0,690824 3,466434
-0,067079 -0,021166 3,429724 0,742454 0,095293 2,518648 -0,947403 0,169918 2,687343 -0,063435 0,659537 3,353263
-0,069334 -0,020732 3,422306 0,843992 0,187875 2,615916 -1,024055 0,247888 2,701258 -0,077766 0,663020 3,352647
-0,077724 -0,020197 3,390949 1,003258 0,445936 2,812065 -1,076236 0,488184 2,776900 -0,073562 0,656473 3,316456
-0,077405 -0,013316 3,361186 0,976764 0,775306 3,088000 -1,032089 0,765654 2,770843 -0,077979 0,673634 3,352726
-0,081174 -0,001857 3,344196 0,919571 0,955679 3,222957 -0,964354 0,907751 2,831620 -0,074752 0,686564 3,365210
-0,088877 0,000891 3,306038 0,626797 1,072829 2,960799 -0,848659 1,291109 3,413828 -0,059791 0,695041 3,391027
-0,088329 -0,001974 3,282845 0,428891 1,361365 3,512540 -0,509557 1,232730 3,048484 -0,059784 0,702232 3,391127
-0,086542 -0,001229 3,266019 0,309072 1,348989 3,421284 -0,440186 1,320732 3,189083 -0,052443 0,695089 3,391348
