18 12
-0,063600 0,005266 3,470661 0,302023 1,311649 3,268542 -0,427213 1,394184 3,292264 -0,060856 0,675353 3,441261
-0,066375 0,006551 3,478392 0,337486 1,280354 3,288352 -0,485451 1,176257 3,043760 -0,068291 0,675300 3,440916
-0,068391 0,002373 3,474354 0,354348 1,154880 3,173027 -0,471709 0,926309 2,979626 -0,063766 0,669480 3,428207
-0,065365 -0,004116 3,473604 0,321883 1,146308 3,216628 -0,441034 0,816329 2,929491 -0,048744 0,658689 3,428551
-0,063989 -0,006632 3,508802 0,155886 0,979582 2,975682 -0,253951 0,949243 3,290461 -0,042981 0,614888 3,427059
-0,056993 0,003326 3,509331 0,101253 0,969074 3,053308 -0,138653 0,939762 3,067812 -0,045078 0,570025 3,414767
-0,058467 0,002123 3,485084 0,121524 1,003533 3,120898 -0,156913 0,868307 2,984047 -0,047669 0,578601 3,400110
-0,051811 0,002865 3,505662 0,091833 0,869772 3,136596 -0,116967 0,944926 3,002978 -0,037527 0,573360 3,390049
-0,051148 0,002754 3,482101 0,107962 0,902177 3,145677 -0,144467 0,882265 2,965153 -0,040889 0,582695 3,426766
-0,050757 0,003395 3,500535 0,100101 0,858080 3,123737 -0,122089 0,933023 3,032033 -0,041483 0,571975 3,427594
-0,044878 0,004127 3,497063 0,110243 1,001700 3,086876 -0,138933 0,868992 3,033130 -0,037087 0,581008 3,439120
-0,050975 0,000488 3,512018 0,106154 0,846010 3,137607 -0,108795 0,958927 3,073564 -0,041675 0,568371 3,427696
-0,052252 0,000612 3,509213 0,127661 0,994090 3,082536 -0,146337 0,959464 3,116026 -0,048871 0,579157 3,427394
-0,056870 -0,005155 3,494654 0,278295 1,067451 3,214881 -0,331790 0,839659 2,819177 -0,047964 0,629537 3,426604
-0,053235 -0,006318 3,494881 0,399407 1,018710 2,998764 -0,619298 1,048009 3,145447 -0,063995 0,651353 3,428034
-0,049664 -0,002732 3,489759 0,437113 1,081874 3,075387 -0,664502 1,118795 3,109654 -0,064536 0,659440 3,453779
-0,053593 -0,002836 3,489281 0,337284 1,177657 3,022434 -0,591003 1,467705 3,561735 -0,068292 0,668023 3,440804
-0,062441 0,000942 3,497283 0,267898 1,330434 3,281584 -0,425778 1,377048 3,291341 -0,060645 0,671759 3,441288
