28 12
-0,042975 0,009938 3,408917 0,463214 1,312579 3,042609 -0,589592 1,338751 3,403915 -0,030126 0,733902 3,443120
-0,044036 0,008555 3,410270 0,521833 1,246058 2,971357 -0,613545 1,169418 3,219290 -0,027017 0,741557 3,482491
-0,047994 0,005145 3,406770 0,566097 1,095446 2,967909 -0,635736 0,792894 2,925148 -0,026566 0,734163 3,482155
-0,053328 -0,000724 3,423687 0,481569 0,900451 3,062810 -0,444095 0,525508 2,669996 -0,023088 0,714444 3,417755
-0,049650 -0,005832 3,429247 0,380029 0,817314 3,149078 -0,348004 0,465685 2,616374 -0,019873 0,709560 3,430331
-0,040771 -0,014663 3,456054 0,059475 0,568250 2,783508 -0,139585 0,490993 2,901116 -0,012023 0,729571 3,535810
-0,037689 -0,010292 3,466499 -0,031310 0,550974 2,817909 -0,098666 0,540502 3,042050 -0,012484 0,722027 3,535500
-0,034775 -0,001028 3,468176 0,007437 0,552261 2,758742 -0,138047 0,502241 3,051429 -0,019973 0,726759 3,482291
-0,035120 0,000750 3,477226 0,089117 0,603888 2,787882 -0,207415 0,434293 2,932618 -0,004517 0,721857 3,456633
-0,034721 0,002101 3,468132 -0,004261 0,596825 2,998831 -0,116728 0,475271 2,778396 -0,014938 0,732019 3,548501
-0,033412 -0,012421 3,478950 -0,042265 0,554524 2,863437 -0,108064 0,546342 2,918474 -0,023188 0,723266 3,521957
-0,036091 0,001995 3,473454 0,020967 0,567919 2,918139 -0,136380 0,474395 2,978688 -0,023082 0,733042 3,495547
-0,031624 0,007405 3,470165 0,048170 0,583071 2,848430 -0,159560 0,459957 2,905997 -0,012215 0,743036 3,509230
-0,030504 -0,003548 3,471876 0,001255 0,599043 3,074214 -0,092255 0,435554 2,722796 -0,010640 0,741961 3,561413
-0,030203 -0,004365 3,475606 -0,033045 0,549561 2,928781 -0,022665 0,456876 2,823627 -0,023109 0,718242 3,495307
-0,029955 -0,010961 3,477631 0,058904 0,547394 2,714650 -0,138110 0,466142 3,119489 -0,016005 0,725636 3,495628
-0,031984 -0,000580 3,465684 0,086741 0,545394 2,747630 -0,156786 0,449215 3,007340 -0,008245 0,724342 3,469581
-0,033947 -0,003142 3,482169 -0,012173 0,523362 2,829720 -0,088274 0,534422 2,842630 -0,019573 0,731893 3,508926
-0,030905 -0,003139 3,464348 0,004840 0,534800 2,809726 -0,077844 0,527028 3,037270 -0,026596 0,719413 3,481921
-0,030565 -0,003904 3,472807 0,029690 0,539279 2,746072 -0,112111 0,527433 3,128857 -0,023550 0,725614 3,495458
-0,037063 -0,012734 3,454790 0,173084 0,620618 2,838310 -0,268149 0,508840 2,880391 -0,008489 0,713298 3,469367
-0,036273 -0,011045 3,466754 0,324810 0,669850 2,571870 -0,535768 0,665593 3,182419 -0,019926 0,714438 3,456074
-0,034699 -0,009195 3,436378 0,412595 0,744718 2,611956 -0,650776 0,748767 3,158935 -0,019529 0,719449 3,482333
-0,034695 0,000316 3,431026 0,644169 0,990743 2,961358 -0,770820 0,894751 2,971575 -0,011971 0,741601 3,482844
-0,037897 0,004394 3,421392 0,672328 1,198258 3,088528 -0,776839 1,071582 2,947646 -0,023443 0,742666 3,469513
-0,038757 0,004396 3,429480 0,685282 1,346134 3,263602 -0,727315 1,138108 2,948846 -0,019202 0,740147 3,456560
-0,046046 0,011202 3,408103 0,609677 1,443196 3,306856 -0,612835 1,421646 3,339775 -0,022737 0,746352 3,469389
-0,050565 0,005672 3,415080 0,481606 1,611376 3,636425 -0,437666 1,404099 3,223534 -0,030817 0,737544 3,443372
