25 12
-0,014718 0,024645 3,441618 0,180003 1,293036 2,949924 -0,391348 1,301830 2,993279 -0,018961 0,743795 3,456472
-0,023895 0,016860 3,452708 0,215366 1,277273 3,033567 -0,370303 0,980277 2,821294 -0,018533 0,729045 3,455700
-0,028341 0,013819 3,444546 0,237405 1,282057 3,264598 -0,367939 0,764701 2,747601 -0,019230 0,725491 3,456341
-0,034949 0,033873 3,436504 0,301397 1,329379 3,283976 -0,381069 0,384601 2,909682 -0,023262 0,754326 3,418287
-0,032791 0,029620 3,428654 0,310049 1,398303 3,263253 -0,379704 0,250626 3,045330 -0,001024 0,761641 3,418789
-0,028514 0,034647 3,429228 0,264010 1,313283 3,171170 -0,368505 0,231339 3,130994 -0,001259 0,765234 3,418702
-0,020821 0,034252 3,450889 0,289718 1,317378 3,216624 -0,399415 0,252881 2,995769 0,005932 0,754945 3,368579
-0,013468 0,039507 3,439196 0,116408 1,228085 2,816365 -0,399659 0,280005 2,887724 0,001843 0,764544 3,380539
-0,012716 0,036252 3,444044 0,303965 1,384642 3,306249 -0,387060 0,267670 2,910509 0,002081 0,761027 3,380795
-0,011749 0,034475 3,444509 0,253396 1,310237 3,126767 -0,352049 0,255772 3,113450 0,014203 0,770553 3,444639
-0,010215 0,031794 3,443013 0,275519 1,243976 3,124779 -0,394279 0,268988 3,087857 0,006179 0,758569 3,368762
-0,008422 0,037402 3,436741 0,250269 1,317105 3,131564 -0,403365 0,268569 2,964694 0,005452 0,754807 3,368057
-0,009973 0,037326 3,442911 0,189492 1,284425 3,051914 -0,354386 0,273953 3,077723 0,013654 0,763705 3,393734
-0,011426 0,038699 3,446803 0,275068 1,329757 3,136993 -0,357735 0,269948 3,179367 0,016694 0,762494 3,405572
-0,008743 0,036143 3,444309 0,283446 1,320874 3,222677 -0,386585 0,271931 3,140466 0,013903 0,767336 3,393846
-0,005616 0,029975 3,439940 0,238553 1,287768 3,085845 -0,425687 0,270512 2,945871 0,005687 0,751302 3,368314
-0,003180 0,030077 3,430215 0,170668 1,294960 2,946108 -0,369939 0,232788 3,032342 0,013654 0,763705 3,393734
-0,005136 0,027187 3,407946 0,295758 1,279664 3,156957 -0,351399 0,250519 3,210238 0,028369 0,757950 3,418688
-0,007630 0,041630 3,422997 0,293214 1,333694 3,219887 -0,400059 0,246338 3,079415 0,013654 0,763705 3,393734
0,000100 0,033264 3,416777 0,152898 1,283311 2,922074 -0,424574 0,422390 2,904601 0,010235 0,748906 3,356403
0,002470 0,025723 3,408472 0,245038 1,279163 3,109046 -0,439625 0,548528 2,766692 -0,010747 0,749483 3,430121
0,008062 -0,000183 3,425637 0,208092 1,270020 3,097757 -0,439714 0,957363 2,769994 -0,011277 0,727777 3,430507
0,009958 0,033009 3,427754 0,136605 1,279497 2,855868 -0,434584 1,265058 2,893176 -0,019071 0,744564 3,405581
0,007039 0,028921 3,442711 0,146707 1,222337 2,931136 -0,404744 1,361390 3,004090 -0,011220 0,749618 3,430818
-0,000566 0,018911 3,414285 0,110122 1,225805 2,805730 -0,334656 1,466914 3,270503 -0,011707 0,742389 3,431067
