34 12
-0,113666 0,002034 3,470125 0,218578 1,268614 3,133391 -0,451504 1,332482 3,173074 -0,093823 0,676441 3,426780
-0,118444 -0,004660 3,459679 0,182618 1,172014 3,069252 -0,415956 1,207718 3,066719 -0,090088 0,670520 3,414194
-0,124320 -0,013718 3,468411 0,135598 1,053788 3,053221 -0,377866 1,080998 3,007475 -0,090086 0,663297 3,414086
-0,125581 -0,020976 3,466816 0,091986 0,954864 3,019696 -0,345698 1,002335 2,971582 -0,097312 0,622784 3,387616
-0,125978 -0,017192 3,477680 0,079655 0,913424 3,006070 -0,320920 0,972614 2,959216 -0,097841 0,597422 3,386098
-0,129609 -0,011216 3,484108 0,060248 0,838653 3,023786 -0,297923 0,984927 2,939832 -0,094434 0,599473 3,398809
-0,129660 -0,013976 3,480352 0,086804 0,893209 3,021571 -0,279558 1,014311 2,962118 -0,101778 0,599400 3,398365
-0,132729 -0,012388 3,480957 0,082347 0,889132 2,966177 -0,276701 1,028188 2,966272 -0,097664 0,601121 3,386619
-0,135042 -0,017273 3,482895 0,089247 0,884189 2,982069 -0,274002 1,033255 2,972720 -0,094448 0,606644 3,398917
-0,132459 -0,018791 3,480816 0,079171 0,824076 3,037268 -0,274206 1,029284 2,963406 -0,102136 0,599099 3,397171
-0,130460 -0,015213 3,482977 0,065139 0,827828 2,943852 -0,273069 1,031167 2,985676 -0,093507 0,625069 3,400716
-0,130080 -0,023356 3,479193 0,057587 0,820400 2,999640 -0,263050 1,021754 2,975383 -0,086014 0,625867 3,426329
-0,127175 -0,014567 3,483859 0,009019 0,900781 2,963230 -0,246484 1,009417 2,957684 -0,097805 0,591012 3,412185
-0,125983 -0,016380 3,491887 -0,062193 1,062520 3,009028 -0,276435 0,982959 3,054470 -0,104413 0,612756 3,412379
-0,125963 -0,011785 3,486399 -0,016492 1,023505 3,001349 -0,284593 1,006738 3,008106 -0,107795 0,610650 3,399521
-0,121318 -0,013484 3,482285 -0,019486 0,928464 2,939625 -0,249206 1,055411 2,991647 -0,108376 0,599742 3,399240
-0,117639 -0,011502 3,478631 -0,026996 0,980468 3,003205 -0,269317 0,998147 2,952574 -0,104224 0,594254 3,387066
-0,119596 -0,020618 3,474736 -0,048651 1,058310 3,004173 -0,271746 0,992191 3,038175 -0,096640 0,612845 3,412560
-0,113989 -0,015813 3,482138 -0,021014 1,009817 2,987062 -0,277077 1,004828 3,000998 -0,104035 0,605024 3,387264
-0,112802 -0,019180 3,475650 -0,027823 0,933813 2,938116 -0,247202 1,063791 2,989651 -0,107987 0,592689 3,399302
-0,107897 -0,013948 3,474381 -0,049454 1,014219 2,990081 -0,279405 0,964546 3,014949 -0,089388 0,598011 3,388124
-0,106211 -0,015106 3,491226 -0,040400 1,058976 3,021749 -0,271408 1,002001 3,038108 -0,099903 0,606626 3,375103
-0,102434 -0,012293 3,497266 -0,033272 0,999535 2,985246 -0,261139 1,057988 2,978310 -0,103661 0,597381 3,362407
-0,098615 -0,020422 3,485179 -0,022167 0,926400 2,940500 -0,249908 1,071807 3,001850 -0,093179 0,588741 3,375180
-0,094405 -0,013813 3,491495 -0,036529 1,021825 2,992941 -0,287979 0,967925 3,028140 -0,096517 0,594407 3,387574
-0,096840 -0,019083 3,504210 -0,033298 1,067917 2,995185 -0,274690 1,009464 3,054841 -0,088988 0,612360 3,388188
-0,090706 -0,010322 3,503312 -0,018293 1,045985 2,992081 -0,280710 1,036140 3,006124 -0,090073 0,620017 3,413442
-0,087838 -0,014513 3,514816 -0,010615 1,006104 2,945434 -0,294585 1,082795 2,957588 -0,086349 0,614301 3,400862
-0,083879 -0,016663 3,497613 0,060066 0,974082 2,909553 -0,363975 1,114150 2,986086 -0,089985 0,622854 3,388060
-0,084963 -0,015675 3,481002 0,121070 0,986387 2,894662 -0,455719 1,140127 3,018484 -0,086563 0,639364 3,401001
-0,080453 -0,008344 3,484254 0,210696 1,061004 2,919379 -0,517618 1,190038 3,041549 -0,078594 0,657599 3,402107
-0,080988 -0,010348 3,488274 0,295451 1,174468 2,980275 -0,559236 1,264230 3,088492 -0,070861 0,660386 3,377602
-0,080427 -0,007541 3,492526 0,337680 1,280035 3,109581 -0,562618 1,357243 3,191961 -0,075110 0,667085 3,415037
-0,076896 0,005227 3,483644 0,322348 1,324525 3,231581 -0,501436 1,418848 3,293665 -0,067585 0,673364 3,390321
