22 12
0,017375 -0,007245 3,401559 0,394814 1,448007 3,335249 -0,624959 1,316203 3,419049 0,007302 0,761126 3,470192
0,017574 -0,006815 3,404308 0,398263 1,456408 3,341805 -0,674848 1,108435 3,261633 0,011231 0,762135 3,457060
0,019367 -0,006584 3,415678 0,411571 1,457040 3,372950 -0,701356 0,632243 2,967551 0,018650 0,763758 3,483397
0,014236 -0,011967 3,443790 0,410578 1,455008 3,370998 -0,557239 0,288719 2,830132 0,029082 0,755898 3,444442
0,008987 0,004556 3,466227 0,414465 1,450846 3,375351 -0,483360 0,159993 2,780860 0,032459 0,764219 3,431645
0,001174 0,005713 3,427864 0,417540 1,444430 3,379706 -0,351457 -0,024655 2,916456 0,018243 0,804465 3,591649
-0,045366 -0,014335 3,552567 0,410309 1,440870 3,381731 -0,067577 -0,118418 2,427599 0,012897 0,814109 3,547880
-0,050504 -0,011380 3,522006 0,407687 1,442053 3,387671 0,021123 -0,103405 2,355170 0,024761 0,811568 3,535614
-0,055470 0,005220 3,512801 0,410512 1,445201 3,388139 0,104869 0,013958 2,373999 0,013493 0,812616 3,522795
-0,049083 0,018080 3,564511 0,410001 1,443572 3,391514 0,163923 0,043328 2,327135 0,015395 0,841919 3,504241
-0,050924 0,014867 3,570829 0,408146 1,432804 3,396824 0,194607 0,053480 2,375051 0,015480 0,832654 3,478825
-0,054845 0,023372 3,572722 0,407111 1,442207 3,393366 0,180120 0,048736 2,364894 0,023235 0,838450 3,505170
-0,056393 0,039297 3,574893 0,408954 1,438617 3,390880 0,149971 0,012028 2,436690 0,019667 0,815475 3,467327
-0,056806 0,047396 3,583496 0,409760 1,439135 3,388115 0,103837 -0,004210 2,490183 0,012380 0,836285 3,546504
-0,071315 -0,000134 3,504329 0,411153 1,432485 3,365018 -0,008119 -0,014887 2,443958 0,017376 0,800452 3,536027
-0,012306 0,013512 3,368906 0,407357 1,436753 3,363145 -0,304934 0,061513 2,914145 0,018570 0,782020 3,537039
-0,011068 0,004742 3,420713 0,410195 1,447363 3,353955 -0,451986 0,130427 2,977767 0,044344 0,761073 3,470291
0,015161 -0,006654 3,447496 0,408351 1,454339 3,354613 -0,650683 0,337238 2,722272 0,025452 0,751170 3,457278
0,040300 -0,007327 3,386509 0,420222 1,467230 3,326182 -0,888393 0,751523 2,983262 0,025697 0,754839 3,457324
0,048206 -0,001894 3,385834 0,423918 1,465769 3,312260 -0,865521 0,931997 2,983271 0,029565 0,757438 3,470343
0,049368 0,003828 3,396024 0,428454 1,477911 3,309540 -0,742421 1,420561 3,621067 0,037562 0,764720 3,470159
0,039859 0,002400 3,409072 0,408866 1,481313 3,351020 -0,431042 1,359874 3,255589 0,033705 0,763728 3,483409
