19 12
-0,089787 -0,005000 3,413942 0,281564 1,470878 3,273203 -0,388832 1,332836 3,011833 -0,085945 0,734656 3,427956
-0,099637 -0,006960 3,390238 0,283923 1,465402 3,272453 -0,468549 1,083009 2,680349 -0,071128 0,720247 3,428581
-0,106011 0,000560 3,397153 0,283597 1,461929 3,261415 -0,439695 0,781721 2,557463 -0,082254 0,721314 3,415398
-0,106117 -0,003438 3,398597 0,289099 1,457820 3,260946 -0,402348 0,622554 2,533779 -0,071664 0,729670 3,403313
-0,098477 0,005445 3,402478 0,287797 1,458756 3,266808 -0,324693 0,420520 2,871566 -0,067325 0,755592 3,441902
-0,090043 0,001939 3,399924 0,289788 1,460627 3,275202 -0,300179 0,401451 2,990211 -0,060194 0,760870 3,468209
-0,085324 0,003850 3,408988 0,290036 1,461440 3,278655 -0,288123 0,404605 3,038893 -0,055840 0,774436 3,480566
-0,088744 -0,000803 3,417454 0,298325 1,467714 3,294343 -0,369662 0,400403 2,757990 -0,070360 0,732067 3,378451
-0,085547 -0,005950 3,401658 0,295737 1,457648 3,286169 -0,440314 0,451680 2,716667 -0,067102 0,738170 3,391273
-0,082235 -0,004837 3,391900 0,295548 1,462817 3,292233 -0,433719 0,417693 2,657320 -0,070969 0,733416 3,403559
-0,075074 0,006758 3,402467 0,293257 1,458654 3,282016 -0,338545 0,370394 2,998006 -0,052904 0,763030 3,442986
-0,071987 0,004035 3,397335 0,294101 1,463323 3,282538 -0,326919 0,406820 3,140423 -0,056095 0,770823 3,480964
-0,073394 0,013157 3,405703 0,302563 1,465184 3,296682 -0,348375 0,425333 3,188286 -0,041150 0,760474 3,430327
-0,074471 -0,001125 3,390603 0,300171 1,470452 3,301676 -0,451099 0,450113 2,825308 -0,056171 0,732151 3,379249
-0,074337 -0,004479 3,399846 0,301238 1,468727 3,285144 -0,542293 0,680302 2,747019 -0,074859 0,728629 3,415915
-0,072087 -0,001173 3,390619 0,297624 1,470457 3,279713 -0,575377 0,803549 2,666729 -0,063374 0,722642 3,403674
-0,064135 -0,003673 3,404397 0,295018 1,469614 3,264437 -0,561006 1,120524 2,797258 -0,060068 0,728749 3,416648
-0,060420 0,003552 3,387184 0,289323 1,473951 3,267210 -0,501930 1,257463 2,801595 -0,063358 0,737095 3,403877
-0,060880 -0,001018 3,402116 0,291002 1,471152 3,270122 -0,468396 1,358353 2,962379 -0,063602 0,726249 3,403822
