25 12
-0,060487 0,022314 3,482097 0,367849 1,312353 3,136674 -0,501782 1,497943 3,460880 -0,049074 0,754677 3,455813
-0,056452 0,015260 3,485619 0,428009 1,192711 2,929700 -0,595390 1,504082 3,570530 -0,041176 0,745903 3,430114
-0,052705 0,003025 3,486172 0,708930 1,102200 3,131403 -0,793255 1,149171 3,115971 -0,030464 0,750021 3,469382
-0,047581 -0,011590 3,460987 0,853975 0,590485 2,654683 -1,167696 0,813943 3,362141 -0,026368 0,724133 3,430295
-0,044373 -0,008651 3,462854 0,949530 0,428168 2,775953 -1,211369 0,548119 3,185803 -0,033951 0,721760 3,455698
-0,043840 -0,017543 3,447351 1,096951 0,116502 3,084491 -1,240065 0,145513 3,095124 -0,030389 0,715669 3,443003
-0,028620 -0,007598 3,410167 1,077672 0,003179 3,299721 -1,136718 -0,037626 2,996231 -0,030377 0,722966 3,443112
-0,027868 -0,008844 3,407225 1,031603 0,031616 3,204957 -1,135841 -0,042121 3,126601 -0,034398 0,729096 3,456039
-0,016858 -0,000161 3,445140 1,038962 0,214901 3,168809 -1,171796 0,060684 3,225811 -0,041901 0,727693 3,430079
-0,015094 -0,004087 3,438637 1,058417 0,391812 3,106083 -1,220953 0,220985 3,179693 -0,049358 0,746604 3,507937
-0,009370 -0,007871 3,453338 1,074858 0,372996 3,079300 -1,227304 0,219875 3,105060 -0,045945 0,729237 3,494827
-0,006874 -0,014866 3,453846 1,091212 0,184032 3,102509 -1,228318 0,073229 3,153434 -0,034941 0,728100 3,508425
-0,000810 -0,009909 3,416887 1,067656 0,064884 3,320970 -1,123122 -0,061378 3,051012 -0,030256 0,718045 3,417539
0,005984 -0,020604 3,432517 1,019529 0,081770 3,187862 -1,141351 -0,056444 3,179596 -0,038460 0,720546 3,468739
0,015767 -0,004691 3,444916 1,064636 0,222284 3,134824 -1,202019 0,049884 3,187843 -0,034162 0,732762 3,456023
0,016221 -0,005006 3,466878 1,053692 0,214317 3,147272 -1,183899 0,094681 3,089864 -0,026803 0,730491 3,482251
0,012512 -0,003136 3,462894 1,037981 0,147593 3,143722 -1,192474 0,045331 3,140431 -0,023239 0,724304 3,469257
0,014506 -0,011628 3,449414 0,985610 0,012431 3,190328 -1,165532 -0,146498 3,199796 -0,019696 0,718141 3,456252
0,017831 -0,005254 3,449925 0,950161 0,090798 3,004114 -1,126895 -0,067626 3,255683 -0,026791 0,737869 3,482368
0,024056 -0,011216 3,427449 0,957692 0,192526 2,871960 -1,172770 0,040318 3,317126 -0,034174 0,725437 3,455913
0,032587 0,000181 3,458451 1,116107 0,601080 3,136979 -1,212937 0,401364 3,110586 -0,034452 0,750419 3,508741
0,031173 0,005617 3,455864 1,022755 1,130145 3,578283 -0,945246 0,757014 2,700641 -0,027006 0,748940 3,482608
0,030816 0,025240 3,458426 0,900521 1,368822 3,760919 -0,820726 0,922380 2,704697 -0,019174 0,754815 3,456781
0,020326 0,020177 3,429442 0,467552 1,417196 3,295795 -0,621054 1,436743 3,392779 -0,022875 0,752214 3,443756
0,003938 0,019256 3,474565 0,313286 1,433601 3,314021 -0,439365 1,446931 3,349404 -0,030207 0,761045 3,469397
