30 12
-0,004606 0,186384 3,363736 0,345587 1,467216 3,114985 -0,394666 1,547278 3,417402 0,010391 0,924737 3,358520
-0,000655 0,196915 3,369320 0,329238 1,398484 2,993207 -0,394275 1,545751 3,410279 -0,000896 0,925200 3,346104
0,004410 0,193497 3,355569 0,307364 1,265364 2,844702 -0,397297 1,534594 3,406947 0,006600 0,930521 3,395856
0,002732 0,196566 3,342531 0,285129 1,049969 2,733151 -0,401813 1,526829 3,402052 -0,001998 0,916672 3,369630
0,005449 0,191274 3,375714 0,263282 0,820486 2,679327 -0,406628 1,517586 3,396271 -0,000785 0,930517 3,395799
0,007714 0,204126 3,364602 0,256142 0,646707 2,701940 -0,413298 1,538662 3,404205 -0,010675 0,941800 3,382939
0,012024 0,199662 3,381007 0,255718 0,507208 2,714488 -0,417929 1,534825 3,402356 -0,010974 0,938220 3,383100
0,014975 0,190185 3,353682 0,246667 0,417997 2,738616 -0,423578 1,530441 3,396971 -0,018374 0,951926 3,408279
0,019630 0,183381 3,377651 0,217138 0,396472 2,771375 -0,425853 1,534848 3,398871 -0,027555 0,977096 3,393094
0,018129 0,195164 3,377924 0,154520 0,419310 2,737605 -0,423064 1,525499 3,404729 -0,018019 0,949041 3,382869
0,017414 0,191418 3,372168 0,084155 0,515827 2,640316 -0,425007 1,527186 3,406795 -0,018838 0,946338 3,358410
0,020764 0,199838 3,386079 0,098490 0,631312 2,605669 -0,422400 1,533576 3,404329 -0,011241 0,949150 3,383365
0,022273 0,182804 3,384540 0,137376 0,668173 2,667614 -0,420876 1,529360 3,405136 -0,018673 0,948297 3,408365
0,016236 0,187084 3,371268 0,115036 0,586026 2,623793 -0,417759 1,526954 3,402007 -0,025968 0,949094 3,383045
0,017326 0,188373 3,376401 0,175686 0,499360 2,652538 -0,415012 1,520613 3,392612 -0,030009 0,948668 3,395539
0,018538 0,188793 3,377406 0,192168 0,416712 2,652812 -0,409961 1,531105 3,397605 -0,025968 0,949094 3,383045
0,020920 0,204328 3,374331 0,153604 0,419436 2,675598 -0,402562 1,540287 3,408518 -0,025364 0,956278 3,382773
0,016847 0,196887 3,376448 0,098589 0,557366 2,668658 -0,398081 1,545861 3,415112 -0,022612 0,955999 3,395819
0,014363 0,191012 3,378945 0,050019 0,685941 2,555965 -0,396026 1,551979 3,413512 -0,014624 0,942276 3,370628
0,012428 0,196818 3,379712 0,090990 0,814352 2,617448 -0,398857 1,548099 3,408305 -0,007864 0,941458 3,395900
0,008551 0,185742 3,371179 0,107023 0,859591 2,652751 -0,399236 1,537015 3,404594 -0,008171 0,930506 3,395713
0,001404 0,182003 3,355972 0,115769 0,885781 2,642081 -0,395879 1,553839 3,392616 0,005735 0,926671 3,395126
0,004955 0,195897 3,360775 0,154038 0,928044 2,667247 -0,403990 1,543191 3,400756 0,002668 0,937311 3,408396
0,004953 0,183869 3,340601 0,203587 0,991618 2,723486 -0,399037 1,528715 3,390031 -0,002221 0,926411 3,394240
0,004648 0,190234 3,361416 0,242140 1,079891 2,778677 -0,399863 1,547829 3,399835 0,008651 0,902645 3,356673
0,000020 0,196868 3,351393 0,294068 1,186920 2,816015 -0,396483 1,536639 3,377320 0,006200 0,920565 3,370612
0,001943 0,189733 3,337468 0,335570 1,276139 2,896715 -0,400019 1,541883 3,405398 0,010111 0,928323 3,358499
-0,002512 0,188663 3,336041 0,352898 1,361211 3,005807 -0,404879 1,539150 3,418041 0,003471 0,941907 3,383475
0,004688 0,190727 3,323961 0,361819 1,418720 3,112093 -0,404804 1,553608 3,419109 0,003471 0,941907 3,383475
0,005128 0,191523 3,334468 0,355388 1,457383 3,189111 -0,409840 1,536286 3,420507 0,010704 0,935556 3,358633
