27 12
-0,103800 0,184930 3,405236 0,326694 1,457351 3,224563 -0,465631 1,563467 3,397110 -0,122830 0,932542 3,403221
-0,113060 0,185068 3,403055 0,312412 1,389698 3,073832 -0,466119 1,568194 3,390012 -0,129458 0,926083 3,377472
-0,122097 0,197016 3,411245 0,343188 1,005436 2,738982 -0,464376 1,565362 3,389729 -0,145240 0,928427 3,401375
-0,120401 0,194844 3,422017 0,294126 0,831434 2,763915 -0,463600 1,576121 3,400640 -0,149642 0,927807 3,413649
-0,107145 0,172132 3,468989 0,107910 0,362257 2,636218 -0,463494 1,576197 3,412531 -0,142673 0,974235 3,422429
-0,095312 0,156552 3,518675 0,001015 0,052976 2,815171 -0,474150 1,583504 3,425712 -0,143651 0,978511 3,424899
-0,120450 0,210290 3,437267 -0,005655 -0,064630 2,839525 -0,479236 1,587073 3,426747 -0,144296 0,971419 3,425969
-0,145011 0,246470 3,315772 0,015054 -0,234126 2,910131 -0,482737 1,564500 3,396950 -0,139657 0,965319 3,388690
-0,137845 0,251800 3,338599 -0,124044 -0,299899 3,130854 -0,476390 1,577322 3,396944 -0,144611 0,967833 3,426374
-0,131745 0,270358 3,353178 -0,215857 -0,273715 3,171101 -0,475345 1,568985 3,382742 -0,147007 0,957873 3,387904
-0,127553 0,248069 3,356151 -0,238745 -0,139785 2,899694 -0,475831 1,565355 3,373706 -0,136694 0,957793 3,401845
-0,132117 0,267852 3,366039 -0,135409 -0,223775 2,686615 -0,488905 1,566839 3,377096 -0,147878 0,964435 3,413230
-0,121291 0,208662 3,422702 -0,083303 -0,187551 2,761529 -0,489084 1,566544 3,371216 -0,147007 0,957873 3,387904
-0,129172 0,109436 3,341371 -0,058230 -0,153165 2,818066 -0,486752 1,566822 3,371962 -0,159117 0,978433 3,424619
-0,142928 0,102438 3,325067 -0,107074 -0,179336 2,914363 -0,484049 1,572598 3,385257 -0,155268 0,964265 3,412511
-0,124806 0,135102 3,397269 -0,132222 -0,136101 2,875465 -0,486459 1,574165 3,392123 -0,142282 0,961760 3,374848
-0,137020 0,234743 3,333706 -0,140620 -0,123998 2,892501 -0,490892 1,560991 3,383667 -0,149381 0,971204 3,439592
-0,141987 0,190378 3,339077 -0,059117 -0,170261 2,801774 -0,490510 1,567800 3,400317 -0,151710 0,971250 3,425252
-0,133187 0,138353 3,377357 -0,033081 -0,166545 2,851865 -0,484457 1,571919 3,376610 -0,156511 0,974681 3,438633
-0,139847 0,191057 3,364098 -0,058899 -0,059698 2,891317 -0,477306 1,581247 3,403208 -0,153253 0,985560 3,452093
-0,124869 0,180951 3,457311 -0,103891 0,153921 2,908772 -0,479038 1,565730 3,398245 -0,139657 0,965319 3,388690
-0,120753 0,165692 3,469288 -0,079012 0,295443 2,783162 -0,474271 1,577337 3,404316 -0,145230 0,982679 3,427274
-0,125279 0,200706 3,446261 -0,017138 0,672273 2,835655 -0,482617 1,566434 3,401368 -0,150558 0,956347 3,439683
-0,128761 0,179492 3,435438 0,089364 1,009991 2,650840 -0,481755 1,568464 3,403562 -0,150944 0,901531 3,411711
-0,122167 0,188090 3,426462 0,152259 1,157205 2,740169 -0,478508 1,564872 3,407321 -0,142730 0,895553 3,387030
-0,115011 0,181986 3,429780 0,348370 1,470415 3,137967 -0,473979 1,559365 3,423501 -0,130489 0,921418 3,402493
-0,102092 0,179567 3,421686 0,366290 1,494795 3,282066 -0,478312 1,564672 3,442373 -0,125430 0,915794 3,365201
