25 12
-0,045926 0,202255 3,323920 0,350763 1,503373 3,158379 -0,469067 1,607843 3,360393 -0,069963 0,936024 3,332071
-0,049546 0,209497 3,300929 0,449032 1,532296 3,205022 -0,487113 1,570695 3,280524 -0,088352 0,946142 3,343448
-0,051427 0,200062 3,331442 0,550009 1,331227 2,896947 -0,501465 1,580654 3,298015 -0,100108 0,948356 3,379882
-0,051599 0,201262 3,328908 0,585540 1,283966 2,874486 -0,496330 1,576384 3,281925 -0,096168 0,937963 3,367535
-0,051688 0,211710 3,351613 0,523335 1,167292 2,755865 -0,487266 1,598636 3,328229 -0,102912 0,938740 3,342468
-0,052925 0,204096 3,346560 0,351325 1,201306 3,047249 -0,474500 1,595223 3,315085 -0,118703 0,937516 3,365973
-0,055776 0,196849 3,355403 0,147129 1,088084 3,048847 -0,464016 1,606778 3,326042 -0,114789 0,919091 3,378482
-0,059143 0,199814 3,355670 -0,175784 0,803610 2,661743 -0,453028 1,610871 3,325650 -0,108063 0,932791 3,404287
-0,060586 0,206963 3,374529 -0,209751 0,748759 2,777811 -0,451404 1,590545 3,284034 -0,108064 0,947410 3,404502
-0,063087 0,204371 3,392342 -0,117775 0,733533 2,625758 -0,455475 1,598690 3,291127 -0,115526 0,961166 3,429389
-0,064669 0,204281 3,376682 0,076235 0,876361 2,744070 -0,465437 1,569102 3,256773 -0,112366 0,939557 3,416803
-0,065017 0,206918 3,365541 0,248748 0,951153 2,588495 -0,487276 1,579862 3,289765 -0,115078 0,929934 3,378631
-0,063906 0,207749 3,375530 0,201433 1,032316 2,840782 -0,493771 1,575176 3,292969 -0,125142 0,926648 3,365263
-0,055020 0,190783 3,374478 -0,064733 0,893661 2,551267 -0,493485 1,588718 3,327329 -0,098939 0,934197 3,469160
-0,052605 0,192277 3,368701 -0,325843 0,913891 2,957426 -0,482324 1,582448 3,302782 -0,072812 0,947387 3,537504
-0,051949 0,190710 3,375312 -0,319269 0,847546 2,938435 -0,476761 1,594790 3,319804 -0,105236 0,928614 3,417033
-0,055229 0,188865 3,382134 -0,283682 0,862903 3,014057 -0,473553 1,579501 3,303055 -0,105269 0,935124 3,442864
-0,057124 0,189610 3,369582 -0,112326 0,904968 2,596477 -0,462610 1,584645 3,283342 -0,087073 0,933996 3,483040
-0,059959 0,186801 3,375042 -0,025248 0,963478 2,530582 -0,465755 1,579252 3,280140 -0,093571 0,922013 3,405045
-0,065139 0,192501 3,370459 0,213713 1,248979 2,873562 -0,465987 1,580938 3,296455 -0,111095 0,926850 3,366420
-0,064412 0,201510 3,359306 0,285086 1,310088 2,876579 -0,478958 1,596893 3,334470 -0,103779 0,934198 3,367004
-0,068308 0,213331 3,372486 0,319824 1,380500 2,987488 -0,486663 1,601818 3,355200 -0,102619 0,935159 3,342357
-0,072861 0,197521 3,365772 0,327784 1,462829 3,106786 -0,488748 1,610228 3,369066 -0,100109 0,941093 3,379782
-0,072068 0,195858 3,356043 0,265046 1,550091 3,294688 -0,476057 1,598245 3,348679 -0,100109 0,941093 3,379782
-0,073525 0,193808 3,363242 0,260647 1,538779 3,265154 -0,468398 1,593395 3,348211 -0,099001 0,928488 3,330384
