37 12
-0,117725 0,201146 3,373908 0,340031 1,408913 3,053056 -0,501227 1,630399 3,399877 -0,136281 0,908870 3,351920
-0,107832 0,198470 3,358819 0,341394 1,252498 2,968568 -0,506741 1,622365 3,405517 -0,121997 0,912677 3,353034
-0,099597 0,191004 3,372005 0,317939 1,058546 2,929993 -0,512731 1,620414 3,411050 -0,121992 0,905478 3,352936
-0,098932 0,194816 3,369077 0,277392 0,846747 2,907410 -0,520950 1,616842 3,416508 -0,128548 0,899293 3,327901
-0,088828 0,196274 3,382468 0,229182 0,657972 2,905831 -0,533408 1,619687 3,427689 -0,140565 0,925392 3,388937
-0,087461 0,203649 3,364855 0,188982 0,517552 2,955460 -0,550122 1,622932 3,446753 -0,163851 0,934893 3,412377
-0,082269 0,209885 3,381844 0,147130 0,450620 3,018373 -0,550374 1,618152 3,433192 -0,165112 0,933471 3,349589
-0,084020 0,214878 3,388106 0,113262 0,408081 3,031979 -0,552621 1,624089 3,438681 -0,167061 0,946216 3,399536
-0,082938 0,198229 3,392632 0,067380 0,399124 2,999544 -0,546564 1,615465 3,417590 -0,170526 0,939236 3,386556
-0,081684 0,197363 3,408518 0,049013 0,374543 2,895494 -0,531296 1,608985 3,405744 -0,163473 0,935717 3,387198
-0,076965 0,200155 3,415671 0,039457 0,379133 2,703973 -0,515338 1,604932 3,390505 -0,146972 0,966516 3,478900
-0,080847 0,214019 3,413204 0,053739 0,437666 2,517867 -0,509374 1,607809 3,390003 -0,168641 0,936530 3,361220
-0,080433 0,212932 3,405551 0,065231 0,509172 2,470459 -0,509105 1,615600 3,391987 -0,158465 0,936357 3,374926
-0,088332 0,213102 3,417615 0,062727 0,488895 2,508098 -0,510745 1,612907 3,385967 -0,162600 0,939456 3,387095
-0,094056 0,206049 3,410346 0,060023 0,454146 2,613748 -0,513206 1,605517 3,375176 -0,138323 0,963645 3,453116
-0,094889 0,202108 3,414768 0,062741 0,420472 2,730732 -0,516480 1,606238 3,378040 -0,158170 0,947222 3,374871
-0,094239 0,199671 3,402250 0,052053 0,418777 2,830371 -0,517724 1,609451 3,377774 -0,163198 0,946692 3,387392
-0,099245 0,197905 3,408854 0,044425 0,413437 2,911369 -0,513835 1,616439 3,396705 -0,162907 0,950365 3,387394
-0,092682 0,193418 3,398939 0,038832 0,413486 2,944078 -0,504413 1,602609 3,384213 -0,162907 0,950365 3,387394
-0,090406 0,195305 3,399114 0,023388 0,397288 2,924980 -0,501545 1,599792 3,389264 -0,158776 0,954486 3,375319
-0,086216 0,197217 3,397379 0,011508 0,392533 2,788820 -0,500815 1,625415 3,429496 -0,157847 0,940847 3,350396
-0,083287 0,206381 3,406203 0,006708 0,449900 2,565968 -0,517068 1,617453 3,427846 -0,158474 0,950866 3,375136
-0,081597 0,209795 3,422946 0,018695 0,566977 2,443691 -0,522465 1,622921 3,429085 -0,158465 0,936357 3,374926
-0,084716 0,206275 3,420542 0,029721 0,641725 2,417722 -0,529535 1,621471 3,418062 -0,159045 0,929062 3,374997
-0,084225 0,198115 3,410555 0,064979 0,675183 2,418233 -0,526925 1,612028 3,392241 -0,165392 0,922636 3,349491
-0,088413 0,196779 3,406267 0,084202 0,685996 2,433523 -0,519765 1,602128 3,358438 -0,144955 0,932113 3,401400
-0,088828 0,198872 3,399283 0,122612 0,698355 2,421714 -0,507091 1,594711 3,333441 -0,150562 0,926603 3,350874
-0,092695 0,200430 3,402593 0,136697 0,748781 2,512911 -0,491657 1,572881 3,299012 -0,140044 0,922739 3,364109
-0,096976 0,200341 3,398831 0,197631 0,827949 2,540522 -0,480081 1,578341 3,320572 -0,135710 0,916118 3,351899
-0,097831 0,198484 3,394377 0,255722 0,933274 2,594202 -0,471338 1,586243 3,324010 -0,140324 0,911868 3,363981
-0,098992 0,202520 3,399830 0,321116 1,070152 2,671690 -0,469379 1,584661 3,334964 -0,128270 0,902928 3,328016
-0,099382 0,200822 3,374936 0,378558 1,203187 2,784785 -0,474078 1,580758 3,345061 -0,125006 0,913198 3,340595
-0,101915 0,197150 3,394426 0,423005 1,377196 2,950374 -0,480438 1,583066 3,358785 -0,113788 0,910330 3,329180
-0,102355 0,192879 3,389448 0,423578 1,500935 3,100588 -0,487816 1,593680 3,371996 -0,121717 0,916338 3,353160
-0,103107 0,199339 3,367393 0,423312 1,572395 3,241286 -0,488456 1,602129 3,378638 -0,121717 0,916338 3,353160
-0,102527 0,207934 3,360662 0,389276 1,594948 3,328522 -0,489963 1,601275 3,392176 -0,113215 0,910383 3,329112
-0,096945 0,196802 3,372683 0,341751 1,607919 3,432512 -0,483282 1,614160 3,398167 -0,113503 0,913945 3,329231
