23 12
-0,095780 0,195840 3,267254 0,369759 1,514967 3,247539 -0,446126 1,572596 3,252016 -0,094883 0,951198 3,294765
-0,087603 0,197012 3,282982 0,370193 1,514444 3,164197 -0,446143 1,562608 3,265726 -0,098212 0,947999 3,282635
-0,084199 0,202150 3,301780 0,401214 1,376255 2,841482 -0,453631 1,569333 3,286065 -0,109262 0,950973 3,293858
-0,085874 0,204975 3,290634 0,401034 1,273144 2,719006 -0,456030 1,564461 3,282182 -0,101815 0,941234 3,270451
-0,075883 0,201658 3,309194 0,305516 0,986019 2,616405 -0,450331 1,580204 3,311559 -0,099089 0,944211 3,282083
-0,069475 0,201226 3,294344 0,265738 0,630004 2,561112 -0,447512 1,582647 3,309005 -0,120004 0,951121 3,281169
-0,064999 0,205096 3,306119 0,228403 0,463913 2,574435 -0,451156 1,578779 3,310809 -0,112544 0,947768 3,281706
-0,089379 0,161762 3,222881 0,196174 0,222805 2,654561 -0,457368 1,558107 3,302532 -0,117516 0,958933 3,257053
-0,096509 0,205431 3,207612 0,147653 0,112254 2,840221 -0,455036 1,567454 3,308161 -0,121412 0,962025 3,268518
-0,089138 0,212850 3,221788 0,141099 0,093325 2,895285 -0,451172 1,562198 3,302149 -0,121412 0,962025 3,268518
-0,083820 0,205165 3,253945 0,142061 0,084450 2,987240 -0,445781 1,577048 3,314354 -0,112265 0,978343 3,329270
-0,089252 0,198117 3,252474 0,124266 0,100396 3,040562 -0,448732 1,571354 3,317347 -0,118482 0,968873 3,280969
-0,087288 0,204499 3,249276 0,124081 0,108084 3,040572 -0,448292 1,578059 3,309733 -0,123099 0,978512 3,316647
-0,092919 0,200332 3,243758 0,120373 0,111320 3,005894 -0,449728 1,573586 3,309707 -0,114594 0,972008 3,292461
-0,087303 0,202096 3,235183 0,137309 0,096335 2,937115 -0,455203 1,570095 3,313557 -0,121775 0,971871 3,291891
-0,091571 0,205534 3,239154 0,162237 0,102297 2,867088 -0,453380 1,566708 3,303228 -0,108627 0,985209 3,341423
-0,087655 0,148375 3,267063 0,168159 0,208168 2,761416 -0,454862 1,565582 3,290529 -0,123803 0,985093 3,341023
-0,083050 0,175007 3,303501 0,211739 0,450041 2,552663 -0,453653 1,568479 3,276960 -0,118519 0,975175 3,304159
-0,083439 0,203549 3,317528 0,208967 0,606651 2,571522 -0,451933 1,565757 3,272951 -0,119773 0,961120 3,305089
-0,091449 0,204985 3,304075 0,303583 0,982189 2,660630 -0,452174 1,581061 3,299755 -0,120958 0,946687 3,304782
-0,092650 0,204797 3,310302 0,333931 1,312338 2,789428 -0,446001 1,586205 3,296028 -0,109556 0,947364 3,293733
-0,096594 0,212552 3,300789 0,360886 1,436257 2,977400 -0,448848 1,573604 3,297622 -0,105379 0,947887 3,282184
-0,095357 0,192284 3,283190 0,372691 1,540391 3,198344 -0,453532 1,564161 3,288305 -0,102663 0,950946 3,294066
