21 12
-0,004208 0,196524 3,392279 0,413720 1,526061 3,306392 -0,410195 1,604136 3,399162 0,003906 0,943795 3,434040
-0,009455 0,187784 3,363229 0,412490 1,480575 3,219649 -0,410714 1,621390 3,400430 -0,003886 0,933708 3,408432
-0,001542 0,191985 3,364069 0,432561 1,247560 2,991749 -0,412936 1,611260 3,391534 0,003887 0,936432 3,433935
-0,002092 0,186233 3,374984 0,412563 1,112596 2,929110 -0,412394 1,613793 3,383538 -0,000521 0,919611 3,395710
-0,005631 0,185244 3,381462 0,339793 0,754250 2,847086 -0,415526 1,621351 3,382530 -0,003312 0,933626 3,408108
0,006145 0,210393 3,398183 0,307927 0,473302 2,947933 -0,415507 1,611819 3,386041 -0,033190 0,951853 3,407878
0,009949 0,221735 3,397625 0,268360 0,368877 3,003441 -0,420168 1,616446 3,380074 -0,031990 0,949605 3,356958
0,003303 0,185038 3,376608 0,189264 0,311915 2,934226 -0,422045 1,603424 3,359771 -0,032889 0,955456 3,407691
-0,000704 0,176900 3,361486 0,198328 0,312132 2,774506 -0,428887 1,602073 3,370299 -0,014481 0,978973 3,499328
0,000062 0,166521 3,379815 0,183310 0,333054 2,732866 -0,428608 1,601697 3,386526 -0,028943 0,962344 3,420286
-0,005694 0,177800 3,385530 0,157961 0,373571 2,772594 -0,429776 1,600245 3,369058 -0,036067 0,965862 3,419675
-0,003079 0,186566 3,407240 0,116089 0,391478 2,925554 -0,434757 1,600364 3,381375 -0,033755 0,966536 3,408304
-0,005121 0,191247 3,395424 0,121495 0,407816 2,923901 -0,440459 1,612628 3,396519 -0,015056 0,986575 3,499826
0,000390 0,196677 3,384275 0,057544 0,441980 2,695959 -0,437605 1,616636 3,409782 -0,040476 0,969356 3,433125
-0,002842 0,197702 3,399009 0,110543 0,563953 2,520500 -0,445158 1,634600 3,425669 -0,037363 0,989432 3,426232
-0,003158 0,203385 3,397122 0,132188 0,617664 2,523586 -0,443219 1,623944 3,426371 -0,022293 0,961018 3,472716
-0,015417 0,186020 3,382879 0,233550 0,789787 2,641749 -0,437289 1,624340 3,434521 -0,026786 0,940048 3,433601
-0,017849 0,188676 3,383116 0,287995 0,985113 2,623231 -0,415488 1,609963 3,408584 -0,019854 0,926232 3,407770
-0,019634 0,178485 3,373806 0,333456 1,165318 2,728579 -0,406221 1,618649 3,409523 -0,019007 0,922708 3,408068
-0,027069 0,186195 3,371215 0,443940 1,406430 2,989903 -0,403115 1,612778 3,434136 -0,018982 0,937329 3,408267
-0,019942 0,194814 3,373899 0,418415 1,555213 3,305658 -0,409499 1,633679 3,447515 -0,011271 0,934617 3,383177
