23 12
-0,009441 0,203686 3,341943 0,391663 1,517005 3,291614 -0,375073 1,610888 3,385369 0,000657 0,934020 3,395278
-0,013404 0,200852 3,340327 0,438093 1,277144 3,071389 -0,380567 1,609548 3,393499 0,010654 0,937378 3,408647
-0,006243 0,191995 3,325499 0,439935 1,157041 3,067732 -0,383673 1,604482 3,395941 0,010932 0,933718 3,408580
-0,003995 0,190123 3,350932 0,341066 0,807850 2,989843 -0,376701 1,608476 3,396492 0,003800 0,930033 3,408361
0,005153 0,208034 3,350326 0,262015 0,596857 3,127085 -0,385434 1,623548 3,425251 -0,011557 0,958541 3,434200
0,008509 0,214716 3,365334 0,234254 0,528051 3,123413 -0,385176 1,608656 3,410025 -0,018659 0,955617 3,408466
0,013303 0,196643 3,378028 0,139430 0,436256 2,903779 -0,386766 1,602145 3,401055 -0,025682 0,945430 3,382855
0,009806 0,194961 3,395503 0,164791 0,414976 2,653312 -0,389081 1,607460 3,392733 -0,014451 0,950655 3,446492
0,011763 0,203598 3,399174 0,166327 0,405905 2,665580 -0,389851 1,610883 3,404972 -0,025321 0,995483 3,435834
0,003222 0,198138 3,394943 0,187271 0,436180 2,789901 -0,393881 1,605192 3,401982 -0,022117 0,955176 3,420940
-0,008321 0,189763 3,397346 0,158880 0,475487 2,944868 -0,391473 1,594259 3,388119 -0,033477 0,955545 3,408083
-0,008037 0,202304 3,399444 0,156890 0,486590 2,992766 -0,393612 1,586856 3,384733 -0,025954 0,956365 3,383139
-0,004806 0,198970 3,397642 0,127381 0,435041 2,952905 -0,392333 1,597994 3,418121 -0,027969 0,987659 3,419184
0,002466 0,194278 3,386081 0,131295 0,401882 2,727157 -0,406791 1,617989 3,457398 -0,022443 0,996909 3,427002
0,001980 0,206466 3,407541 0,131529 0,421507 2,547224 -0,412156 1,612388 3,449104 -0,011989 1,007522 3,494706
0,002936 0,209292 3,386782 0,158597 0,479320 2,586367 -0,422912 1,589241 3,405518 -0,010099 0,975369 3,485395
-0,009566 0,201361 3,414384 0,167955 0,500254 2,644467 -0,412825 1,585143 3,379861 -0,029439 0,941340 3,395228
-0,015798 0,197028 3,399645 0,200576 0,546137 2,662189 -0,405224 1,580556 3,366276 -0,022606 0,972823 3,377312
-0,018298 0,192478 3,368664 0,300274 0,772676 2,797247 -0,387074 1,606317 3,408768 -0,018982 0,937329 3,408267
-0,024253 0,191905 3,364884 0,335407 1,037397 2,802097 -0,388679 1,599462 3,414747 -0,008171 0,930506 3,395713
-0,016740 0,183942 3,347219 0,377290 1,198550 2,878016 -0,392636 1,601333 3,427983 -0,007891 0,926883 3,395709
-0,020554 0,185530 3,355516 0,436439 1,393817 3,067048 -0,400640 1,601524 3,436861 0,003159 0,931013 3,383362
-0,019174 0,193299 3,337622 0,391795 1,525002 3,327229 -0,405527 1,612548 3,451341 -0,007877 0,934169 3,395805
