23 12
-0,055876 0,197442 3,305892 0,322724 1,564581 3,301128 -0,448458 1,574436 3,326581 -0,069688 0,918132 3,331826
-0,059871 0,197903 3,298675 0,329949 1,509095 3,316057 -0,450146 1,575521 3,331141 -0,066743 0,918556 3,319724
-0,058473 0,214742 3,316980 0,351035 1,540874 3,116503 -0,448620 1,580306 3,323983 -0,077111 0,919002 3,307324
-0,060802 0,219493 3,330915 0,391853 1,346634 2,828182 -0,446105 1,578787 3,316464 -0,083913 0,921534 3,330989
-0,063332 0,219580 3,343920 0,377275 1,194520 2,725388 -0,443895 1,572958 3,304015 -0,080356 0,922081 3,319209
-0,057262 0,215561 3,327220 0,300906 0,836166 2,653331 -0,443569 1,575274 3,304590 -0,084206 0,917963 3,331066
-0,058509 0,213887 3,346061 0,252769 0,573108 2,755604 -0,448615 1,569772 3,296186 -0,095638 0,924475 3,342742
-0,056056 0,233502 3,356014 0,219048 0,502536 2,832301 -0,448183 1,564143 3,293632 -0,104783 0,925732 3,305331
-0,063817 0,219795 3,351388 0,147065 0,558359 2,699852 -0,441008 1,575460 3,307493 -0,112916 0,928263 3,329185
-0,075897 0,216341 3,377038 0,105659 0,789497 2,639101 -0,440731 1,569420 3,311724 -0,102331 0,924374 3,342077
-0,080308 0,204385 3,385221 0,115255 0,822273 2,653771 -0,433816 1,571817 3,300785 -0,096741 0,923394 3,367207
-0,074989 0,216760 3,383603 0,148834 0,664176 2,699972 -0,440809 1,572356 3,305198 -0,102622 0,927974 3,342266
-0,068378 0,208987 3,382408 0,156129 0,515335 2,743368 -0,448402 1,574178 3,321200 -0,110516 0,934133 3,366454
-0,076934 0,211164 3,377207 0,157553 0,538569 2,749698 -0,450664 1,591663 3,338187 -0,114499 0,937241 3,378659
-0,071682 0,205007 3,376641 0,126052 0,727629 2,676967 -0,465190 1,578886 3,299107 -0,110516 0,934133 3,366454
-0,077480 0,193685 3,382602 0,145374 0,903003 2,636686 -0,457197 1,567944 3,275532 -0,097830 0,914926 3,391556
-0,076147 0,201172 3,380312 0,192145 0,945436 2,581215 -0,452429 1,563804 3,269853 -0,101237 0,919024 3,378899
-0,072371 0,198330 3,370071 0,372332 1,112311 2,806053 -0,446084 1,569579 3,295109 -0,106849 0,920220 3,354247
-0,061094 0,201805 3,343398 0,421051 1,208620 2,815467 -0,458478 1,568686 3,320815 -0,088074 0,920998 3,343082
-0,063034 0,203173 3,350350 0,456423 1,281285 2,905827 -0,464705 1,576442 3,324961 -0,092541 0,923999 3,355191
-0,053139 0,200026 3,352453 0,505737 1,417883 3,069810 -0,471941 1,566852 3,318034 -0,088649 0,920944 3,343094
-0,040453 0,203925 3,331767 0,444545 1,579998 3,374861 -0,470244 1,564401 3,332109 -0,083913 0,921534 3,330989
-0,032556 0,199077 3,324589 0,406736 1,620458 3,458068 -0,468751 1,569810 3,343668 -0,080501 0,924675 3,343420
