35 12
0,028182 0,200811 3,363887 0,405877 1,522322 3,180085 -0,381992 1,547526 3,371292 0,033227 0,945474 3,383501
0,024587 0,200194 3,366850 0,419086 1,513092 3,130687 -0,378466 1,542782 3,368165 0,033227 0,945474 3,383501
0,029062 0,191594 3,360088 0,437281 1,508646 3,086163 -0,379416 1,547407 3,363519 0,029320 0,947901 3,421485
0,025151 0,192137 3,370377 0,426129 1,472983 3,004091 -0,381093 1,546558 3,368550 0,029070 0,941443 3,396074
0,025212 0,189943 3,382135 0,403870 1,411455 2,897129 -0,382619 1,541271 3,370746 0,032907 0,934602 3,383439
0,025936 0,192965 3,368397 0,364852 1,302551 2,773017 -0,380027 1,548380 3,363331 0,025192 0,940991 3,408621
0,028759 0,194714 3,370644 0,322056 1,162713 2,677689 -0,380833 1,535725 3,350874 0,028416 0,929414 3,420719
0,029727 0,188225 3,380808 0,281544 0,994351 2,642886 -0,376808 1,543662 3,349659 0,026964 0,910380 3,417912
0,036364 0,189266 3,381625 0,250435 0,811986 2,652075 -0,377191 1,538268 3,351979 0,028134 0,932985 3,420424
0,037681 0,184475 3,363414 0,222981 0,667146 2,668792 -0,380308 1,538796 3,343513 0,021483 0,935091 3,371033
0,038082 0,192900 3,379771 0,228105 0,544705 2,735068 -0,381797 1,529023 3,357874 -0,003815 0,954867 3,434220
0,039793 0,195440 3,378105 0,209922 0,442405 2,763378 -0,379700 1,538499 3,332932 -0,010652 0,969507 3,433968
0,030008 0,187477 3,381469 0,227337 0,393464 2,802192 -0,382051 1,529609 3,335275 -0,011257 0,962222 3,434208
0,027336 0,188299 3,379782 0,254179 0,399727 2,817723 -0,377916 1,534599 3,334406 -0,013774 0,965978 3,420356
0,023469 0,200152 3,382532 0,261084 0,445098 2,776868 -0,376456 1,523400 3,346794 -0,010671 0,962134 3,433862
0,018430 0,204652 3,411771 0,243970 0,538899 2,733688 -0,376417 1,548591 3,370480 0,000484 0,958857 3,421214
0,013852 0,197388 3,388931 0,237496 0,663345 2,778904 -0,377893 1,545956 3,363948 0,023692 0,975168 3,499449
0,016774 0,199485 3,384101 0,223896 0,720581 2,797900 -0,379096 1,545906 3,369632 0,011248 0,944661 3,408624
0,017309 0,204562 3,378923 0,193658 0,707386 2,761827 -0,384558 1,548163 3,381439 0,003943 0,958531 3,434247
0,016575 0,194999 3,400715 0,177702 0,631361 2,769807 -0,389815 1,549147 3,382125 -0,003554 0,951968 3,408560
0,020637 0,198959 3,397315 0,156732 0,539805 2,811558 -0,395927 1,538513 3,372135 -0,023070 0,965494 3,446936
0,023044 0,205176 3,394017 0,150173 0,414591 2,817651 -0,395810 1,547584 3,370540 -0,011227 0,976973 3,434419
0,014188 0,174951 3,383671 0,184883 0,344122 2,848133 -0,398806 1,538633 3,369356 -0,015578 0,972922 3,447190
0,017378 0,154473 3,368357 0,211018 0,329176 2,918302 -0,388205 1,551838 3,374384 -0,018771 0,968869 3,460012
0,010617 0,169868 3,338323 0,223582 0,331234 2,933561 -0,388512 1,551914 3,377027 0,015428 0,993575 3,527059
0,016953 0,172905 3,370255 0,218762 0,379439 2,910419 -0,381962 1,545725 3,374503 -0,010652 0,969507 3,433968
0,012587 0,196692 3,390043 0,204165 0,450331 2,873247 -0,385362 1,540914 3,385305 -0,022182 0,969173 3,446816
0,011155 0,202503 3,386018 0,200817 0,569835 2,817662 -0,384284 1,536699 3,373923 -0,011544 0,965914 3,434305
0,010679 0,202183 3,394008 0,214425 0,723254 2,808990 -0,389132 1,547092 3,372903 0,010968 0,948348 3,408774
0,006889 0,198684 3,374613 0,243410 0,897774 2,800297 -0,389136 1,551873 3,381786 0,017847 0,950292 3,459942
0,011054 0,188440 3,371801 0,294907 1,088304 2,848583 -0,390615 1,548760 3,388545 0,013555 0,929446 3,420789
0,004284 0,192903 3,356554 0,336171 1,250527 2,920714 -0,394731 1,541205 3,388017 0,021090 0,934104 3,395766
0,009787 0,188162 3,352190 0,362911 1,332557 2,996939 -0,387381 1,542287 3,386703 0,025472 0,937356 3,408657
0,011821 0,186531 3,351555 0,384626 1,423347 3,093009 -0,391068 1,514969 3,396169 0,025490 0,944671 3,408752
0,009250 0,197322 3,352985 0,401946 1,505091 3,188360 -0,382475 1,544996 3,384246 0,029022 0,944207 3,421347
