34 12
-0,009406 0,184966 3,345024 0,395736 1,430302 3,121251 -0,385397 1,563894 3,453672 0,003159 0,931013 3,383362
-0,006136 0,181827 3,362260 0,400348 1,334234 3,000978 -0,386792 1,566922 3,445617 0,018162 0,927375 3,383379
-0,002082 0,197177 3,372720 0,402962 1,213994 2,910310 -0,382545 1,569824 3,445577 0,018522 0,940136 3,434188
-0,001033 0,199458 3,369805 0,392101 1,049711 2,814898 -0,385280 1,559252 3,438417 0,021371 0,930507 3,395881
0,003685 0,178585 3,357260 0,366066 0,853468 2,779211 -0,384947 1,558197 3,439395 0,003437 0,927379 3,383290
0,004994 0,181869 3,386360 0,333795 0,682468 2,734943 -0,388014 1,565843 3,444154 0,007526 0,917960 3,345833
0,007269 0,194797 3,361943 0,286271 0,548916 2,712337 -0,388008 1,560986 3,433751 -0,003373 0,928253 3,358092
0,007211 0,185683 3,374317 0,236153 0,463610 2,695783 -0,388667 1,564437 3,430740 -0,025698 0,938163 3,382759
0,012707 0,199211 3,383689 0,177586 0,434639 2,656293 -0,387690 1,570597 3,432238 -0,014353 0,952288 3,395531
0,008345 0,204190 3,389973 0,133468 0,518575 2,623435 -0,382652 1,572503 3,424533 -0,012817 0,969874 3,393466
0,006055 0,204669 3,398758 0,110000 0,665623 2,581083 -0,381993 1,568169 3,415720 -0,010689 0,954763 3,433756
0,005521 0,198262 3,407234 0,093121 0,775454 2,618956 -0,379840 1,553267 3,407596 -0,014451 0,950655 3,446492
0,002629 0,192263 3,400915 0,110750 0,800643 2,650181 -0,373340 1,568289 3,425956 -0,026197 0,947426 3,433669
0,004621 0,192955 3,405994 0,099708 0,777555 2,643849 -0,373807 1,570781 3,437757 -0,022430 0,944193 3,420927
0,003180 0,192108 3,410055 0,101969 0,654445 2,629909 -0,375875 1,571433 3,445367 -0,018390 0,944609 3,408179
0,006669 0,192153 3,409515 0,092929 0,560663 2,631488 -0,371910 1,579842 3,447418 -0,018445 0,951110 3,433762
0,013078 0,198145 3,382737 0,113147 0,489625 2,661239 -0,377397 1,569983 3,449595 0,006450 1,011222 3,537241
0,010662 0,199427 3,389731 0,107423 0,463490 2,638852 -0,378714 1,574735 3,456088 -0,015268 0,986813 3,402820
0,014033 0,202003 3,396038 0,099463 0,553295 2,655474 -0,380246 1,561422 3,432793 -0,020066 0,979312 3,443538
0,016119 0,182602 3,378416 0,041775 0,688002 2,549266 -0,384282 1,575059 3,448850 -0,025885 0,958447 3,433681
0,006889 0,188936 3,382353 0,034291 0,794766 2,545225 -0,386865 1,560519 3,430044 -0,018461 0,943744 3,433655
0,006383 0,186040 3,393880 0,083928 0,943791 2,689729 -0,385366 1,572870 3,425005 -0,019630 0,928992 3,433486
0,003740 0,182778 3,382608 0,108068 0,961180 2,670864 -0,384402 1,571829 3,427031 -0,012177 0,929014 3,433611
0,001518 0,186946 3,398911 0,143509 0,984340 2,709658 -0,381488 1,567862 3,431051 -0,005254 0,935298 3,459088
-0,001041 0,185546 3,377662 0,186822 0,960073 2,681056 -0,384725 1,572505 3,441652 0,002162 0,928872 3,433222
-0,001953 0,183595 3,371868 0,235670 0,988052 2,702163 -0,384288 1,564313 3,441196 -0,001595 0,925687 3,420381
-0,001724 0,181556 3,367074 0,279031 1,019262 2,742753 -0,385731 1,573451 3,451712 -0,005899 0,914960 3,406666
-0,004235 0,189424 3,372402 0,313729 1,058549 2,790259 -0,391352 1,575145 3,457727 0,002282 0,919990 3,382807
-0,005178 0,190617 3,366743 0,351663 1,129703 2,866516 -0,392628 1,568829 3,455703 0,002573 0,923688 3,383075
-0,003009 0,188174 3,361847 0,376841 1,208606 2,928502 -0,399774 1,567888 3,458384 -0,000554 0,927861 3,370837
-0,005234 0,194525 3,348827 0,398205 1,289887 3,004886 -0,389898 1,564936 3,442410 0,003751 0,938246 3,383321
-0,002796 0,176016 3,343174 0,414690 1,364553 3,097930 -0,391128 1,565625 3,451574 0,003733 0,930983 3,383227
0,001620 0,182402 3,345638 0,407448 1,415124 3,176671 -0,394222 1,576718 3,456263 0,003454 0,934641 3,383382
0,002750 0,195882 3,351901 0,382597 1,447644 3,240569 -0,392314 1,557233 3,429542 0,003751 0,938246 3,383321
