34 12
-0,043738 0,215475 3,355824 0,314797 1,442157 3,179384 -0,427199 1,568349 3,381516 -0,077632 0,956693 3,356452
-0,043967 0,220410 3,359025 0,320912 1,374241 3,103169 -0,421446 1,570499 3,382042 -0,070995 0,959602 3,381609
-0,048924 0,212846 3,350129 0,311946 1,299509 3,020816 -0,423175 1,565023 3,378108 -0,074766 0,952627 3,368767
-0,048149 0,210961 3,358603 0,283653 1,173093 3,005769 -0,422604 1,567457 3,378880 -0,068367 0,951701 3,393525
-0,043742 0,209882 3,348426 0,246645 1,011713 2,955225 -0,425225 1,573234 3,393191 -0,075168 0,951825 3,393725
-0,043822 0,222658 3,349322 0,214567 0,904884 2,948509 -0,427317 1,567635 3,383186 -0,071080 0,969868 3,406955
-0,038358 0,215100 3,363236 0,232207 0,824737 2,926972 -0,432629 1,563230 3,375108 -0,073581 0,959980 3,368897
-0,042905 0,219480 3,363539 0,335847 0,787804 2,867591 -0,435428 1,567758 3,382170 -0,080471 0,953436 3,343782
-0,045730 0,207505 3,363490 0,456486 0,752611 2,721864 -0,433856 1,578653 3,376075 -0,080772 0,949848 3,343856
-0,048349 0,214087 3,384226 0,605022 0,756683 2,703077 -0,438549 1,558161 3,351972 -0,081511 0,952641 3,368571
-0,043330 0,220949 3,358648 0,777360 0,804239 2,843288 -0,442805 1,560746 3,353637 -0,069359 0,950371 3,332114
-0,044642 0,208716 3,358762 0,813092 0,783883 2,856139 -0,444914 1,555697 3,357444 -0,069660 0,946793 3,332175
-0,045708 0,211678 3,371958 0,799852 0,794079 2,905962 -0,443905 1,559894 3,353507 -0,080176 0,949805 3,343538
-0,040658 0,205543 3,358756 0,740299 0,797569 2,922171 -0,446263 1,556808 3,363753 -0,081066 0,953432 3,343941
-0,032573 0,207829 3,363650 0,597668 0,795812 2,933834 -0,446886 1,563380 3,372759 -0,077037 0,956698 3,356300
-0,035669 0,210210 3,366311 0,442934 0,794728 2,878828 -0,447963 1,571403 3,378391 -0,081208 0,963525 3,368675
-0,035669 0,209647 3,367650 0,371755 0,818997 2,859111 -0,449386 1,560419 3,364042 -0,077338 0,953097 3,356369
-0,038116 0,213079 3,355152 0,402162 0,785975 2,788112 -0,449107 1,558073 3,358332 -0,080767 0,957044 3,343947
-0,038133 0,218424 3,353218 0,503942 0,764026 2,735222 -0,444949 1,559994 3,349373 -0,066249 0,960062 3,369260
-0,033567 0,210607 3,367382 0,649131 0,765637 2,738818 -0,441272 1,558007 3,344286 -0,077045 0,949478 3,356206
-0,035915 0,213491 3,369521 0,789752 0,811220 2,858639 -0,440315 1,553007 3,335840 -0,069660 0,946793 3,332175
-0,033085 0,215660 3,375667 0,877229 0,814932 2,945661 -0,438607 1,561987 3,343947 -0,077632 0,956693 3,356452
-0,036741 0,208499 3,362804 0,894747 0,830034 2,992903 -0,440179 1,555274 3,330775 -0,077338 0,953097 3,356369
-0,034996 0,201468 3,378435 0,868920 0,855336 2,988446 -0,438273 1,557891 3,348641 -0,077338 0,953097 3,356369
-0,038472 0,210788 3,369566 0,825643 0,901704 2,982795 -0,444319 1,564074 3,351351 -0,077338 0,953097 3,356369
-0,040852 0,209532 3,360312 0,757810 0,969919 2,982658 -0,449149 1,558894 3,355090 -0,077632 0,956693 3,356452
-0,037870 0,209810 3,358575 0,675932 1,053192 2,986056 -0,444754 1,559551 3,354715 -0,077338 0,953097 3,356369
-0,041249 0,208855 3,363813 0,598800 1,162884 3,032799 -0,450297 1,560701 3,366954 -0,077332 0,960319 3,356464
-0,042069 0,211906 3,350743 0,522732 1,252474 3,068113 -0,450755 1,559622 3,362002 -0,073982 0,966524 3,393962
-0,040448 0,210874 3,378611 0,469974 1,335208 3,122844 -0,445783 1,566782 3,376167 -0,070699 0,963278 3,381712
-0,042685 0,203520 3,359501 0,425359 1,404617 3,187185 -0,440802 1,565274 3,367220 -0,077338 0,953097 3,356369
-0,043146 0,204881 3,357132 0,383436 1,447893 3,211944 -0,432304 1,558528 3,357405 -0,066493 0,953599 3,344654
-0,043223 0,202868 3,370090 0,344058 1,485767 3,271275 -0,428821 1,559624 3,369468 -0,066905 0,962968 3,394386
-0,043258 0,204916 3,357658 0,301720 1,497282 3,285604 -0,429542 1,555328 3,370359 -0,070405 0,959657 3,381634
