33 12
-0,104074 0,245142 3,279713 0,326182 1,409582 3,074102 -0,462156 1,544855 3,295676 -0,090012 0,965053 3,306457
-0,104255 0,245413 3,286940 0,325357 1,389227 3,044352 -0,464781 1,530177 3,288506 -0,079276 0,965611 3,295416
-0,104639 0,248856 3,306601 0,351878 1,380300 3,058343 -0,461640 1,543393 3,295027 -0,083268 0,955330 3,283525
-0,100038 0,244332 3,283810 0,375650 1,221708 2,857909 -0,462220 1,538469 3,299193 -0,082662 0,955288 3,283217
-0,097246 0,248886 3,283619 0,393716 1,120926 2,795017 -0,466380 1,529365 3,302511 -0,075890 0,961742 3,307531
-0,094018 0,247756 3,292360 0,425863 0,908570 2,827404 -0,460754 1,533637 3,292451 -0,082961 0,958862 3,283447
-0,088472 0,245876 3,284818 0,378113 0,659647 2,938084 -0,465834 1,525877 3,298779 -0,075890 0,961742 3,307531
-0,088152 0,253333 3,286386 0,350562 0,571003 3,005255 -0,465452 1,530591 3,285425 -0,102784 0,939893 3,212267
-0,081279 0,276528 3,314074 0,301746 0,439272 3,041407 -0,459089 1,537532 3,300110 -0,099901 0,975703 3,293112
-0,079855 0,266443 3,299078 0,261633 0,447626 3,186965 -0,456944 1,540058 3,291164 -0,099659 0,972910 3,269854
-0,084999 0,266744 3,296156 0,255539 0,432642 3,147114 -0,455431 1,546681 3,288557 -0,103506 0,983152 3,281513
-0,083976 0,267548 3,291354 0,256480 0,444352 3,090813 -0,463073 1,533935 3,305491 -0,099901 0,975703 3,293112
-0,086587 0,275451 3,292495 0,272217 0,447192 3,069698 -0,456845 1,549471 3,300856 -0,102866 0,982909 3,280554
-0,082531 0,266542 3,290674 0,280800 0,449359 3,056721 -0,461879 1,533185 3,295363 -0,103128 0,985724 3,303787
-0,084698 0,271570 3,300414 0,275556 0,446146 3,072002 -0,464426 1,522592 3,283892 -0,110357 0,979374 3,280500
-0,082538 0,260973 3,300752 0,280671 0,442828 3,055384 -0,457136 1,541582 3,287643 -0,103529 0,968985 3,281356
-0,084041 0,258507 3,278588 0,275312 0,441741 3,052803 -0,458755 1,534657 3,293745 -0,100448 0,989375 3,317247
-0,083944 0,259082 3,272031 0,275937 0,448022 3,038962 -0,459121 1,531578 3,284783 -0,103194 0,979500 3,281032
-0,084689 0,261848 3,275022 0,275908 0,443576 3,062068 -0,462492 1,523747 3,288275 -0,107075 0,982687 3,292673
-0,084934 0,264448 3,288145 0,275614 0,440328 3,056688 -0,463205 1,522104 3,287061 -0,107399 0,979243 3,293083
-0,087503 0,266108 3,281163 0,269427 0,449200 3,044216 -0,459277 1,534772 3,293474 -0,102881 0,975827 3,280475
-0,087098 0,267874 3,292555 0,277180 0,432335 3,039452 -0,460825 1,533477 3,299777 -0,107075 0,982687 3,292673
-0,085317 0,264429 3,287792 0,278417 0,446613 3,046569 -0,457999 1,526067 3,277368 -0,107399 0,979243 3,293083
-0,082365 0,263022 3,287253 0,280942 0,446884 3,033859 -0,462499 1,535075 3,286841 -0,103518 0,976067 3,281434
-0,083830 0,261530 3,290286 0,289581 0,450521 2,999736 -0,463501 1,530856 3,291097 -0,098792 0,969940 3,246036
-0,078113 0,264818 3,276299 0,300154 0,458762 2,996960 -0,464748 1,531093 3,292810 -0,102638 0,966032 3,257383
-0,077349 0,270648 3,289814 0,326062 0,488914 2,984117 -0,465114 1,538839 3,288780 -0,090887 0,960137 3,222882
-0,080846 0,254410 3,278302 0,375575 0,577778 2,735979 -0,459225 1,536148 3,294031 -0,086817 0,953465 3,211097
-0,080515 0,254554 3,293178 0,400865 0,690239 2,707613 -0,460021 1,526746 3,288761 -0,091719 0,956032 3,246376
-0,088156 0,237390 3,289968 0,489617 1,001694 2,748797 -0,457217 1,536545 3,292465 -0,082652 0,962369 3,283294
-0,090301 0,247654 3,295829 0,434728 1,245914 2,969661 -0,463241 1,525391 3,296186 -0,078855 0,959243 3,271655
-0,089300 0,232325 3,275014 0,412543 1,310085 3,027700 -0,458412 1,534998 3,277388 -0,078542 0,962717 3,271432
-0,084004 0,229850 3,283025 0,392633 1,392027 3,060886 -0,465625 1,532488 3,294906 -0,071340 0,946037 3,248515
