21 12
-0,037518 0,204182 3,344681 0,413211 1,519547 3,256161 -0,418801 1,562964 3,369435 -0,033797 0,937260 3,407899
-0,033553 0,190775 3,356122 0,443208 1,513162 3,201206 -0,415804 1,553728 3,354310 -0,030200 0,924132 3,370220
-0,042426 0,207368 3,343560 0,445978 1,433915 3,039074 -0,414574 1,547579 3,341434 -0,033941 0,927248 3,382607
-0,041324 0,201135 3,361547 0,466064 1,141052 2,748030 -0,413243 1,588062 3,362880 -0,037255 0,920492 3,369981
-0,043543 0,196248 3,359269 0,412188 0,954968 2,682785 -0,410482 1,584700 3,364571 -0,041879 0,912581 3,381936
-0,036287 0,185776 3,371820 0,245189 0,465418 2,572172 -0,409153 1,585485 3,364524 -0,046652 0,935071 3,356217
-0,033259 0,138667 3,370819 0,160332 0,170837 2,810443 -0,406569 1,600707 3,368927 -0,057730 0,952612 3,368299
-0,062858 0,256629 3,254428 0,131543 0,070128 2,913593 -0,407537 1,585065 3,358005 -0,054497 0,959621 3,381421
-0,053017 0,204561 3,289911 0,132283 -0,041986 3,031949 -0,408321 1,596685 3,358627 -0,073070 0,969988 3,393164
-0,052655 0,214414 3,297786 0,127219 -0,086169 3,102977 -0,413486 1,582893 3,367132 -0,047180 0,964128 3,357313
-0,054341 0,204252 3,295633 0,140965 -0,096109 3,103436 -0,411363 1,582053 3,371560 -0,059252 0,979945 3,445388
-0,054025 0,217475 3,314896 0,137141 -0,043000 3,060810 -0,418631 1,570325 3,365818 -0,054790 0,963340 3,381810
-0,052918 0,213924 3,309905 0,169740 0,055455 2,918144 -0,414248 1,572839 3,365388 -0,073083 0,962693 3,393063
-0,058723 0,229008 3,305182 0,185610 0,147741 2,836581 -0,409189 1,596766 3,368920 -0,062185 0,966108 3,406296
-0,039916 0,191854 3,384144 0,232153 0,414653 2,761600 -0,408734 1,580702 3,363509 -0,063696 0,940670 3,406876
-0,037964 0,184473 3,386935 0,304767 0,765926 2,643874 -0,408909 1,594698 3,382601 -0,055449 0,919843 3,381661
-0,044661 0,187171 3,401595 0,339995 0,985975 2,696737 -0,407037 1,590338 3,380285 -0,049756 0,915021 3,406609
-0,048386 0,192817 3,399617 0,421386 1,293298 2,891766 -0,406468 1,590143 3,384953 -0,040738 0,919957 3,382222
-0,044906 0,182087 3,375364 0,386674 1,493186 3,156894 -0,414216 1,578195 3,391318 -0,033807 0,929948 3,407797
-0,040394 0,189006 3,374979 0,389245 1,549029 3,285878 -0,413667 1,579252 3,389587 -0,041691 0,939964 3,433187
-0,037592 0,185324 3,368395 0,360859 1,534372 3,330198 -0,417630 1,571434 3,391468 -0,037606 0,925780 3,420323
