21 12
-0,009834 0,193473 3,334610 0,428792 1,467476 3,254294 -0,373134 1,625147 3,395789 -0,003870 0,941021 3,408530
-0,011691 0,190849 3,326461 0,359590 1,274055 3,042248 -0,370519 1,620567 3,381504 -0,004459 0,933692 3,408418
-0,009614 0,194294 3,342304 0,289653 0,971069 2,991861 -0,378772 1,608195 3,394107 -0,004459 0,933692 3,408418
-0,011842 0,198619 3,340896 0,231907 0,816261 2,980289 -0,383118 1,618176 3,410946 -0,023465 0,953547 3,472664
-0,007027 0,185907 3,370003 0,116035 0,550319 2,876751 -0,391577 1,616995 3,408441 -0,033776 0,951892 3,408101
-0,009680 0,205233 3,372146 0,064844 0,525843 2,884145 -0,407701 1,610994 3,418406 -0,037673 0,959552 3,395466
-0,002100 0,208454 3,389812 0,033136 0,518239 2,737033 -0,413940 1,607110 3,404937 -0,033603 0,976875 3,433890
-0,006858 0,197801 3,402689 0,002778 0,529373 2,626567 -0,418034 1,593734 3,378848 -0,019418 0,975623 3,486351
-0,016691 0,203010 3,419424 0,011262 0,525028 2,739165 -0,418658 1,605582 3,369584 -0,026661 0,986832 3,486391
-0,021181 0,200961 3,400948 0,022727 0,528243 2,810758 -0,417338 1,604111 3,367542 -0,030833 0,976517 3,446820
-0,021519 0,201967 3,404161 0,027370 0,535406 2,822502 -0,413809 1,599587 3,387129 -0,019761 0,993742 3,513100
-0,017110 0,199323 3,397895 0,011891 0,577612 2,664440 -0,428519 1,615159 3,427259 -0,033478 0,972474 3,459518
-0,020817 0,198412 3,414199 0,007673 0,613078 2,546440 -0,436714 1,617419 3,438373 -0,022483 0,965506 3,446906
-0,012883 0,197630 3,411409 0,045531 0,684793 2,569494 -0,444006 1,611251 3,423330 -0,018890 0,982496 3,513016
-0,021052 0,190451 3,398532 0,074404 0,687245 2,589653 -0,440447 1,602794 3,405972 -0,037107 0,944973 3,395205
-0,021703 0,188411 3,400521 0,118121 0,715638 2,630783 -0,432604 1,602874 3,407333 -0,026289 0,930935 3,382866
-0,027815 0,185957 3,390213 0,222948 0,908603 2,813826 -0,409183 1,626599 3,438016 -0,015879 0,933155 3,420828
-0,022765 0,179972 3,372947 0,266023 1,132792 2,830861 -0,390699 1,623541 3,421409 -0,001428 0,916877 3,370302
-0,017950 0,178312 3,351819 0,297894 1,239478 2,927842 -0,392837 1,625380 3,426828 0,002865 0,927362 3,383259
-0,012613 0,185363 3,359556 0,403967 1,437770 3,169003 -0,401706 1,622037 3,440061 -0,003870 0,941021 3,408530
-0,011868 0,194658 3,367320 0,398865 1,527379 3,361515 -0,403251 1,630259 3,430349 0,010391 0,924737 3,358520
