31 12
-0,026958 0,229254 3,262747 0,401573 1,541730 3,203280 -0,430914 1,597706 3,268376 -0,014834 0,961162 3,346322
-0,026325 0,225975 3,262943 0,400734 1,518897 3,166861 -0,430921 1,595346 3,259947 -0,018866 0,967315 3,383506
-0,028982 0,220782 3,282419 0,391483 1,476582 3,097140 -0,432565 1,599780 3,267193 -0,018866 0,967315 3,383506
-0,029867 0,222733 3,272349 0,380237 1,453094 3,066277 -0,425569 1,595963 3,266205 -0,018812 0,960785 3,358586
-0,027802 0,220770 3,267877 0,367862 1,341860 2,979253 -0,423346 1,594049 3,264294 -0,022812 0,960380 3,370852
-0,026623 0,208938 3,261286 0,371086 1,211036 2,899845 -0,423518 1,584002 3,258312 -0,019468 0,959977 3,383266
-0,030085 0,210347 3,255658 0,378562 1,117045 2,940031 -0,425267 1,594958 3,267462 -0,023409 0,953020 3,370461
-0,028678 0,216938 3,267137 0,392899 0,987152 2,919222 -0,424252 1,596644 3,266735 -0,019114 0,957153 3,358510
-0,023624 0,220713 3,274181 0,369649 0,878848 2,925498 -0,426938 1,580545 3,266343 -0,018812 0,960785 3,358586
-0,025979 0,214378 3,268604 0,357843 0,795448 2,952795 -0,424261 1,599287 3,271278 -0,026231 0,967283 3,383340
-0,029101 0,217334 3,278326 0,346043 0,741459 2,951517 -0,423267 1,597641 3,271259 -0,029672 0,974207 3,395819
-0,031174 0,220148 3,283613 0,345280 0,739137 2,956527 -0,418225 1,607149 3,270752 -0,032841 0,967903 3,358107
-0,030142 0,222583 3,271866 0,355243 0,759008 2,926657 -0,416947 1,598313 3,265050 -0,025621 0,974522 3,383235
-0,031132 0,225351 3,272578 0,397949 0,815839 2,905616 -0,416910 1,604415 3,271513 -0,025927 0,970915 3,383329
-0,033621 0,223023 3,259507 0,426433 0,881574 2,929620 -0,414400 1,602502 3,270571 -0,025927 0,970915 3,383329
-0,031835 0,219527 3,278355 0,417526 0,901946 3,006095 -0,413434 1,606068 3,270617 -0,026231 0,967283 3,383340
-0,033203 0,218953 3,283736 0,405430 0,867542 2,999372 -0,415917 1,602146 3,278067 -0,025927 0,970915 3,383329
-0,029901 0,213847 3,259354 0,372273 0,801887 2,952732 -0,414083 1,601846 3,274086 -0,018866 0,967315 3,383506
-0,026078 0,213742 3,267707 0,340481 0,755835 2,965953 -0,414452 1,604091 3,277045 -0,022206 0,967644 3,370917
-0,026107 0,223567 3,262844 0,335778 0,729588 2,978543 -0,414621 1,598767 3,272111 -0,040349 0,974432 3,382784
-0,025363 0,216976 3,260013 0,333413 0,733949 2,969668 -0,416019 1,592960 3,273334 -0,036889 0,967564 3,370513
-0,025211 0,221331 3,265050 0,339469 0,785787 2,962406 -0,416864 1,601624 3,275290 -0,025522 0,967944 3,358317
-0,025387 0,211315 3,264479 0,349295 0,869053 2,934337 -0,409998 1,607033 3,274758 -0,018866 0,967315 3,383506
-0,027117 0,221575 3,273858 0,370754 0,999635 2,926641 -0,410563 1,604939 3,274228 -0,022600 0,963297 3,395916
-0,028805 0,217150 3,265577 0,414420 1,132024 2,932411 -0,409798 1,606952 3,272694 -0,022812 0,960380 3,370852
-0,031333 0,223233 3,256938 0,442517 1,276006 2,950249 -0,407845 1,596351 3,270705 -0,019168 0,963657 3,383426
-0,029787 0,224723 3,274051 0,489320 1,387963 3,008316 -0,407040 1,608750 3,271708 -0,018812 0,960785 3,358586
-0,034608 0,222042 3,277855 0,507011 1,460900 3,070207 -0,409952 1,607329 3,272782 -0,015199 0,970626 3,396164
-0,037020 0,220939 3,271574 0,488544 1,539779 3,173535 -0,407466 1,599187 3,264833 -0,026231 0,967283 3,383340
-0,031385 0,222486 3,262761 0,429455 1,585287 3,264417 -0,412259 1,604717 3,268159 -0,018562 0,970947 3,383502
-0,033704 0,216745 3,272356 0,365380 1,569779 3,274930 -0,412900 1,602785 3,273843 -0,022510 0,964024 3,370925
