19 12
-0,047203 0,216559 3,407365 0,316508 1,426404 3,204065 -0,401517 1,379786 3,252313 -0,018219 0,960749 3,358407
-0,046673 0,232938 3,424032 0,307581 1,409522 3,188709 -0,412989 1,330956 3,208024 -0,018252 0,946303 3,358229
-0,046172 0,227556 3,423836 0,235070 1,211241 3,057953 -0,418368 1,189892 3,116993 -0,018850 0,939119 3,358320
-0,043949 0,206037 3,413441 0,174299 1,072177 3,108979 -0,295345 0,970182 2,961674 -0,014968 0,937789 3,395682
-0,038370 0,214920 3,441795 0,126704 0,919900 2,915033 -0,235211 0,886244 2,966525 -0,004710 0,959258 3,408629
-0,034678 0,241760 3,456707 0,083514 0,727234 2,820130 -0,202479 0,713280 2,887887 -0,004081 0,981304 3,409108
-0,032177 0,261991 3,466982 0,112297 0,582556 2,711192 -0,182682 0,576898 2,804674 -0,022055 0,984578 3,421354
-0,026342 0,266077 3,470756 0,112015 0,513043 2,611986 -0,219179 0,527552 2,779301 -0,018038 0,999004 3,434230
-0,013095 0,295993 3,473860 0,164316 0,416858 2,597289 -0,362724 0,422921 2,476885 -0,013663 1,114212 3,401299
-0,041913 0,273272 3,377345 0,322126 0,357125 2,416667 -0,583428 0,446855 2,760726 0,001078 1,043817 3,424820
-0,032615 0,289867 3,412875 0,406229 0,378354 2,447932 -0,681719 0,461134 2,790130 -0,008016 1,020115 3,404494
-0,013780 0,263005 3,465382 0,611250 0,494930 2,686174 -0,778107 0,517413 2,711807 -0,028813 0,968215 3,345706
-0,014193 0,247203 3,431247 0,635316 0,655532 2,689909 -0,920639 0,708205 2,886163 -0,018219 0,960749 3,358407
-0,016314 0,247478 3,422374 0,641281 0,755042 2,730965 -0,927669 0,799174 2,898020 -0,025731 0,957895 3,333825
-0,022782 0,239750 3,407175 0,688870 1,016834 2,813214 -0,877956 1,046898 3,120862 -0,003561 0,968019 3,358768
-0,021950 0,248183 3,372067 0,601141 1,330061 3,192069 -0,738235 1,170512 3,042433 -0,003253 0,971579 3,358619
-0,014621 0,252083 3,373014 0,533610 1,414337 3,257315 -0,649021 1,232310 3,089872 -0,003867 0,964434 3,358837
-0,018869 0,243986 3,373245 0,401567 1,371447 3,133149 -0,529144 1,440669 3,396597 -0,003867 0,964434 3,358837
-0,022823 0,245461 3,370731 0,326802 1,452598 3,288880 -0,369065 1,380232 3,171874 -0,000254 0,953994 3,346464
