17 12
-0,060431 0,182854 3,410496 0,278894 1,481437 3,121027 -0,417407 1,569515 3,429609 -0,059262 0,913092 3,369074
-0,058135 0,180427 3,399136 0,251480 1,410840 2,916387 -0,424514 1,556308 3,438153 -0,070729 0,912437 3,381022
-0,054993 0,180137 3,410640 0,194645 1,306872 2,772296 -0,423446 1,560895 3,425388 -0,078507 0,911285 3,405748
-0,041513 0,173881 3,424168 -0,048069 0,927389 2,330245 -0,422808 1,572681 3,425650 -0,050156 0,954352 3,565927
-0,035862 0,198484 3,408787 -0,168700 0,635884 2,372552 -0,422251 1,568508 3,429133 -0,019792 0,963615 3,512602
-0,025709 0,194919 3,411397 -0,266080 0,479802 2,383697 -0,423184 1,572407 3,437861 -0,046791 0,978131 3,525404
-0,026653 0,183026 3,433244 -0,331827 0,259334 2,379166 -0,420190 1,594057 3,462547 -0,066883 1,005419 3,376546
-0,026905 0,133291 3,411016 -0,352001 0,202127 2,441708 -0,408356 1,580409 3,439812 -0,056724 0,987583 3,391189
-0,021360 0,124312 3,387210 -0,343601 0,211325 2,448847 -0,401464 1,576090 3,426666 -0,063748 0,980827 3,365781
-0,021796 0,134491 3,389541 -0,358906 0,213625 2,455967 -0,400277 1,578411 3,430180 -0,066567 0,984206 3,351548
-0,034387 0,172768 3,411062 -0,355405 0,271067 2,535140 -0,407727 1,596521 3,453476 -0,078437 1,012613 3,389370
-0,034362 0,198399 3,420627 -0,345865 0,307085 2,477809 -0,410244 1,589092 3,441665 -0,074493 1,023795 3,377270
-0,046872 0,207035 3,408204 -0,271222 0,491631 2,532665 -0,413494 1,584372 3,422852 -0,047419 1,023645 3,484395
-0,054752 0,187865 3,405946 -0,203289 0,784058 2,481873 -0,414991 1,547567 3,386900 -0,052995 0,957526 3,578620
-0,058991 0,182380 3,390136 -0,132208 0,949324 2,524235 -0,412376 1,579311 3,409929 -0,060912 0,932846 3,524180
-0,058913 0,185165 3,387677 0,107186 1,346852 2,955429 -0,415375 1,562905 3,394667 -0,093002 0,922067 3,405021
-0,058817 0,185775 3,371041 0,207953 1,424062 2,957272 -0,425625 1,578298 3,411952 -0,085420 0,926776 3,380458
