24 12
-0,078004 0,229923 3,324676 0,276818 1,508379 3,150983 -0,467865 1,594476 3,310519 -0,083898 0,935859 3,331165
-0,079074 0,243372 3,325318 0,244573 1,460112 2,976699 -0,466514 1,588699 3,307162 -0,094660 0,955884 3,366678
-0,078850 0,241588 3,343035 0,315153 1,240998 2,724640 -0,470099 1,601003 3,330123 -0,094969 0,952349 3,367013
-0,082389 0,244313 3,344564 0,305656 1,125549 2,601616 -0,476338 1,585514 3,323769 -0,091358 0,945643 3,355107
-0,071634 0,227782 3,338261 0,283716 0,908325 2,564590 -0,479940 1,592584 3,305712 -0,123329 0,918842 3,292455
-0,076718 0,253901 3,365119 0,179856 0,678919 2,712136 -0,476859 1,585586 3,286639 -0,124842 0,951952 3,365439
-0,073259 0,262332 3,361935 0,125765 0,549731 2,756138 -0,479721 1,589790 3,298161 -0,109587 0,953006 3,341943
-0,081091 0,237287 3,347412 0,105829 0,443526 2,904778 -0,478621 1,590946 3,306442 -0,131844 0,962629 3,364730
-0,089475 0,240551 3,352297 0,099594 0,481968 2,974171 -0,472416 1,578437 3,308160 -0,139458 0,966137 3,364417
-0,087636 0,225868 3,350999 0,102972 0,459867 2,938037 -0,473424 1,585376 3,327478 -0,127397 0,949486 3,328342
-0,083770 0,273236 3,368908 0,107136 0,476339 2,779866 -0,476398 1,590725 3,326349 -0,137083 0,962801 3,337665
-0,084431 0,261234 3,372294 0,145366 0,581488 2,683085 -0,477553 1,590924 3,323034 -0,127520 0,948575 3,352173
-0,085941 0,245947 3,380517 0,120473 0,565063 2,669271 -0,481805 1,579310 3,313246 -0,128869 0,955112 3,377609
-0,087919 0,240957 3,379514 0,106950 0,483101 2,774173 -0,475802 1,583291 3,334243 -0,117224 0,955669 3,365810
-0,087021 0,237198 3,363250 0,076738 0,484727 2,957432 -0,463846 1,600667 3,325181 -0,132920 0,965580 3,389960
-0,087101 0,242886 3,355984 0,097486 0,510188 2,981613 -0,466747 1,588470 3,327827 -0,128868 0,962376 3,377712
-0,089726 0,242928 3,360168 0,116614 0,500114 2,992452 -0,468892 1,574376 3,319306 -0,125142 0,955585 3,365661
-0,087395 0,240395 3,372023 0,160638 0,544658 2,787803 -0,468965 1,601732 3,332654 -0,125866 0,954805 3,390583
-0,084711 0,251866 3,376365 0,195511 0,628816 2,692504 -0,464272 1,598485 3,337095 -0,113897 0,951713 3,378457
-0,088023 0,242243 3,376013 0,304083 0,909377 2,821273 -0,463936 1,591285 3,325514 -0,098918 0,948262 3,379140
-0,093969 0,249419 3,362823 0,368545 1,145361 2,755422 -0,454634 1,591878 3,306432 -0,106257 0,941849 3,354317
-0,090439 0,252618 3,352738 0,380315 1,275790 2,876682 -0,455783 1,589173 3,338817 -0,094060 0,948405 3,365573
-0,097395 0,249981 3,355315 0,393078 1,421688 3,013834 -0,461782 1,597808 3,330819 -0,088738 0,959039 3,393036
-0,092454 0,253341 3,342381 0,314877 1,537808 3,261931 -0,465017 1,590930 3,339320 -0,084216 0,955737 3,380183
