22 12
-0,069797 0,223307 3,310997 0,294488 1,495644 3,004221 -0,440079 1,615441 3,343731 -0,122442 0,922357 3,292017
-0,078144 0,230886 3,336788 0,223431 1,459817 2,905298 -0,439166 1,612484 3,345380 -0,129919 0,911630 3,291552
-0,083346 0,230453 3,346530 0,157749 1,372628 2,750106 -0,441235 1,606411 3,329487 -0,144777 0,928074 3,314173
-0,082227 0,226714 3,338852 0,004657 1,115319 2,424822 -0,420927 1,684325 3,385329 -0,144973 0,929239 3,376137
-0,082054 0,235456 3,356848 -0,020347 0,891364 2,292668 -0,441141 1,623920 3,348838 -0,144702 0,940204 3,376431
-0,086509 0,232903 3,354017 -0,043965 0,760860 2,235306 -0,444756 1,623015 3,352601 -0,126382 1,001925 3,350128
-0,078886 0,257234 3,384157 -0,095749 0,500500 2,168259 -0,445582 1,606268 3,323965 -0,143923 0,995395 3,249371
-0,084957 0,241008 3,363200 -0,111791 0,354202 2,225181 -0,449332 1,621198 3,327226 -0,164884 0,955985 3,206596
-0,087274 0,230908 3,346499 -0,115894 0,327354 2,270137 -0,449784 1,623842 3,334486 -0,154736 0,963676 3,260866
-0,083256 0,214534 3,357274 -0,080646 0,320352 2,267468 -0,449669 1,616127 3,330579 -0,148839 0,959822 3,285962
-0,084028 0,226535 3,376574 -0,087996 0,319749 2,286071 -0,451271 1,606568 3,322717 -0,150419 0,956860 3,248599
-0,081546 0,216525 3,368278 -0,089622 0,310929 2,278159 -0,448636 1,613254 3,310346 -0,146320 0,941159 3,216059
-0,081901 0,229911 3,374920 -0,089293 0,302118 2,313436 -0,451469 1,608593 3,316560 -0,150233 0,965791 3,268768
-0,072788 0,223608 3,380805 -0,087401 0,316950 2,315721 -0,444339 1,613683 3,305504 -0,146459 0,953828 3,237375
-0,082456 0,240762 3,373117 -0,087129 0,318589 2,304947 -0,445979 1,611760 3,313086 -0,138156 0,966580 3,298128
-0,076532 0,245780 3,394738 -0,089782 0,333546 2,298090 -0,444489 1,623678 3,320437 -0,143969 0,961954 3,229077
-0,076384 0,282036 3,412280 -0,091375 0,413978 2,309561 -0,436896 1,625634 3,330496 -0,147187 0,988993 3,302305
-0,087407 0,232570 3,372565 -0,109320 0,498414 2,395343 -0,439605 1,616634 3,322888 -0,145788 0,999851 3,316558
-0,090182 0,239948 3,371002 -0,007315 0,816982 2,597974 -0,437976 1,618327 3,316335 -0,150567 0,933806 3,350974
-0,087934 0,222270 3,358265 0,087812 1,093424 2,623086 -0,443150 1,611701 3,325372 -0,138034 0,867457 3,242400
-0,084990 0,228208 3,356854 0,152277 1,215510 2,699458 -0,441164 1,626260 3,338427 -0,129191 0,912666 3,267942
-0,081538 0,221141 3,356361 0,348551 1,484878 3,107713 -0,435667 1,621853 3,339989 -0,098711 0,924922 3,330281
