21 12
0,044247 0,244543 3,346860 0,440598 1,565813 3,198685 -0,360647 1,586014 3,347286 0,011141 0,989730 3,359185
0,043831 0,243716 3,358582 0,434048 1,562741 3,139563 -0,360366 1,577020 3,339109 -0,000841 0,983392 3,322418
0,038961 0,244402 3,372332 0,448087 1,476379 2,955133 -0,356341 1,583493 3,339637 -0,000423 0,993114 3,371646
0,036923 0,252365 3,385744 0,446326 1,398603 2,818791 -0,357718 1,592032 3,351017 -0,004463 0,979499 3,334480
0,039032 0,247013 3,390608 0,400672 1,235813 2,619589 -0,362322 1,576333 3,332732 -0,026209 0,965765 3,309761
0,036103 0,256308 3,405242 0,378736 0,963976 2,454837 -0,369003 1,581350 3,341936 -0,019767 0,963460 3,261906
0,035500 0,251783 3,413058 0,335119 0,829546 2,435923 -0,365325 1,593135 3,338566 -0,009679 0,946871 3,226397
0,041522 0,278769 3,399137 0,181849 0,512407 2,316038 -0,367478 1,599988 3,342450 0,004059 1,051484 3,218208
0,041065 0,281588 3,429073 0,112401 0,337361 2,360458 -0,364812 1,600909 3,357059 0,000996 1,031490 3,231013
0,039468 0,268386 3,405461 0,072205 0,278084 2,328853 -0,362220 1,597714 3,334064 0,003324 1,035975 3,270036
0,030336 0,239674 3,418457 0,062721 0,210544 2,348044 -0,364851 1,594678 3,348555 0,002654 1,029428 3,271566
0,031957 0,243490 3,425886 0,044871 0,216128 2,340787 -0,361868 1,594360 3,339178 0,013137 1,029527 3,284253
0,028050 0,235242 3,413654 0,065519 0,255789 2,389219 -0,359566 1,586662 3,333734 0,010225 1,032454 3,294658
0,026962 0,264619 3,435897 0,084082 0,344009 2,487446 -0,362709 1,592611 3,345682 0,003623 1,032129 3,269085
0,024522 0,285129 3,458689 0,082993 0,498934 2,478279 -0,369176 1,592393 3,348198 0,001676 1,037416 3,251743
0,016139 0,261184 3,430405 0,075853 0,613705 2,417271 -0,366815 1,605303 3,346284 0,024553 1,075675 3,421584
0,014938 0,238920 3,425671 0,231445 0,929454 2,642009 -0,355104 1,607061 3,366034 -0,006246 0,963784 3,356843
0,011339 0,250627 3,416995 0,339914 1,181792 2,640561 -0,357268 1,581996 3,362881 -0,012361 0,965005 3,333906
0,014484 0,241665 3,409688 0,395880 1,331382 2,746258 -0,354192 1,604901 3,370011 -0,000559 0,972668 3,322351
0,022569 0,243309 3,425169 0,473409 1,490765 2,958286 -0,364600 1,586281 3,353384 0,010534 0,989763 3,359295
0,029749 0,237401 3,391738 0,435403 1,584603 3,191805 -0,361998 1,592205 3,373487 0,028464 0,972640 3,322421
