26 12
-0,043127 0,182787 3,327182 0,284242 1,253473 3,130466 -0,403452 1,218062 3,121557 -0,025855 0,893413 3,333071
-0,045085 0,172476 3,338450 0,232934 1,109177 3,074955 -0,360611 1,100037 3,069159 -0,033603 0,859835 3,356974
-0,043145 0,176024 3,357223 0,160696 0,975927 3,058572 -0,302245 0,944274 3,043915 -0,015072 0,907555 3,420578
-0,047059 0,173408 3,379963 0,080445 0,833630 3,023986 -0,247429 0,792111 3,001971 -0,015855 0,919516 3,395333
-0,047295 0,180563 3,371963 0,049592 0,719661 3,003240 -0,211561 0,685943 2,953817 -0,018317 0,917447 3,357874
-0,044288 0,200854 3,398759 0,035397 0,623986 2,927063 -0,183342 0,593722 2,929827 -0,018633 0,934593 3,383030
-0,045569 0,203357 3,387395 0,020458 0,561288 2,887323 -0,143288 0,527864 2,858052 -0,018091 0,948212 3,408008
-0,045681 0,207543 3,404585 0,009917 0,522366 2,827151 -0,111894 0,446018 2,814746 -0,007521 0,964824 3,473222
-0,044930 0,202674 3,428973 0,027441 0,436221 2,680191 -0,110163 0,393206 2,727441 -0,057190 0,978495 3,511830
-0,048724 0,203773 3,426798 0,063616 0,408465 2,639118 -0,137588 0,353532 2,631555 -0,029949 1,046739 3,556993
-0,049546 0,203479 3,431464 0,097308 0,349137 2,623327 -0,196729 0,345688 2,536461 -0,049046 0,967979 3,485297
-0,047009 0,209315 3,431176 0,219671 0,359774 2,460264 -0,291175 0,366168 2,493219 -0,063494 1,043128 3,487887
-0,040954 0,202968 3,426245 0,326995 0,410128 2,511299 -0,396134 0,377193 2,491324 -0,051711 1,005390 3,471778
-0,035140 0,212106 3,435957 0,426118 0,425474 2,464331 -0,518731 0,385447 2,508564 -0,030195 0,996689 3,553371
-0,039067 0,211157 3,428123 0,516611 0,466452 2,601962 -0,635454 0,403330 2,550597 -0,048804 0,953849 3,458882
-0,041622 0,201789 3,409468 0,583873 0,487602 2,592724 -0,732002 0,445533 2,605100 -0,060507 0,953355 3,471561
-0,039144 0,195057 3,403087 0,687155 0,554110 2,622170 -0,801230 0,502064 2,663950 -0,036635 0,911770 3,320857
-0,039993 0,183781 3,394651 0,723758 0,637197 2,694003 -0,834916 0,580187 2,712842 -0,033533 0,894528 3,308790
-0,037892 0,189447 3,391650 0,724037 0,713129 2,749238 -0,859414 0,676819 2,802200 -0,040938 0,900471 3,332785
-0,037173 0,187685 3,373981 0,725064 0,827045 2,853651 -0,865340 0,790519 2,881666 -0,033246 0,898100 3,308844
-0,039072 0,179092 3,376757 0,708052 0,957649 2,943994 -0,850087 0,938750 2,987393 -0,026118 0,904148 3,333254
-0,037111 0,181052 3,374162 0,666679 1,089173 2,996930 -0,796251 1,067936 3,056559 -0,026674 0,911245 3,333215
-0,030480 0,180889 3,361339 0,606955 1,187278 3,076943 -0,723730 1,181276 3,128772 -0,026385 0,914867 3,333358
-0,026523 0,178603 3,371232 0,540252 1,258889 3,167503 -0,650679 1,268659 3,199320 -0,011553 0,918520 3,333724
-0,030000 0,175256 3,359309 0,468339 1,307046 3,228311 -0,571413 1,320757 3,255310 -0,003964 0,921119 3,358313
-0,026911 0,161980 3,344540 0,406528 1,340241 3,259238 -0,498918 1,338234 3,304322 -0,011857 0,907760 3,333561
