29 12
-0,054465 0,219956 3,375653 0,362293 1,575832 3,330042 -0,421405 1,596666 3,286430 -0,054869 0,921847 3,332427
-0,055069 0,223683 3,377619 0,335754 1,551090 3,291595 -0,421911 1,589649 3,273943 -0,043792 0,921409 3,344880
-0,057943 0,230824 3,366212 0,336068 1,560125 3,291061 -0,420649 1,594039 3,275391 -0,046671 0,927861 3,356127
-0,060226 0,233515 3,377970 0,342003 1,576047 3,309358 -0,424569 1,578149 3,273856 -0,054573 0,925399 3,332302
-0,059417 0,225706 3,371899 0,344319 1,563327 3,316252 -0,419138 1,600444 3,292928 -0,054573 0,925399 3,332302
-0,057471 0,241269 3,374337 0,360739 1,545530 3,246937 -0,424199 1,608578 3,304636 -0,054573 0,925399 3,332302
-0,058435 0,245178 3,365122 0,362246 1,530415 3,215849 -0,426899 1,600661 3,290987 -0,057765 0,938134 3,368109
-0,064019 0,226818 3,347483 0,373731 1,540590 3,259247 -0,423380 1,611484 3,291106 -0,069763 0,927918 3,356305
-0,068048 0,233194 3,358193 0,421634 1,396261 3,021622 -0,424399 1,598773 3,277635 -0,076771 0,931409 3,355778
-0,073922 0,238300 3,364319 0,472921 1,268686 2,856448 -0,423812 1,591390 3,268138 -0,073027 0,930928 3,368044
-0,074270 0,240240 3,361886 0,628038 1,050467 2,909336 -0,415736 1,604177 3,272066 -0,076470 0,934958 3,355547
-0,078742 0,224226 3,369778 0,709717 0,613860 2,605082 -0,427621 1,604934 3,279753 -0,061886 0,920701 3,356122
-0,078946 0,240743 3,376416 0,737456 0,465773 2,590697 -0,436143 1,605861 3,279504 -0,061627 0,926764 3,380204
-0,076625 0,243388 3,388584 0,807304 0,245081 2,715274 -0,441052 1,591694 3,240684 -0,061551 0,921698 3,331680
-0,090554 0,244854 3,393080 0,811800 0,129032 2,760439 -0,437737 1,590597 3,241119 -0,072725 0,934465 3,367734
-0,092362 0,235588 3,393071 0,797666 0,103609 2,762857 -0,432562 1,600288 3,260659 -0,083969 0,922987 3,379363
-0,099019 0,232936 3,377762 0,777162 0,088036 2,726959 -0,428041 1,613524 3,296651 -0,087094 0,923332 3,366267
-0,104109 0,252073 3,390958 0,776993 0,099317 2,736320 -0,437965 1,606284 3,298375 -0,084538 0,937638 3,380227
-0,104097 0,248559 3,388722 0,763518 0,104910 2,691275 -0,442758 1,620868 3,314631 -0,083652 0,933764 3,379055
-0,104809 0,242784 3,375156 0,757688 0,122401 2,697029 -0,450117 1,619133 3,295735 -0,090487 0,927376 3,353750
-0,108300 0,239811 3,401804 0,743366 0,141393 2,735954 -0,456796 1,613832 3,277238 -0,083957 0,930241 3,379462
-0,108467 0,242660 3,423016 0,709086 0,201995 2,768756 -0,457114 1,596778 3,262732 -0,092110 0,940229 3,404618
-0,125563 0,243910 3,372832 0,631004 0,396845 2,665365 -0,449739 1,604702 3,273832 -0,100315 0,915507 3,292867
-0,126431 0,239878 3,362572 0,595830 0,715972 2,758747 -0,439684 1,622962 3,283554 -0,114203 0,940859 3,378549
-0,127599 0,251244 3,366565 0,584413 0,887259 2,830954 -0,443300 1,593368 3,280201 -0,110514 0,941368 3,366552
-0,115779 0,236248 3,377111 0,503551 1,139393 2,763868 -0,450238 1,605483 3,278313 -0,122742 0,918847 3,292212
-0,107421 0,253004 3,354611 0,371191 1,447366 3,125215 -0,464091 1,608130 3,290947 -0,118883 0,928987 3,303998
-0,101856 0,244264 3,338746 0,316629 1,493623 3,159219 -0,461343 1,607033 3,298623 -0,112616 0,931809 3,328998
-0,098708 0,245791 3,354607 0,235551 1,480246 3,115169 -0,459106 1,614902 3,302863 -0,110756 0,926433 3,280358
