31 12
-0,009768 0,208980 3,349855 0,532191 1,517402 3,117589 -0,435168 1,568200 3,299829 -0,054910 0,902590 3,284329
-0,014267 0,208013 3,353098 0,543307 1,475880 3,015416 -0,440329 1,561575 3,297275 -0,062426 0,918206 3,332164
-0,015197 0,214023 3,347282 0,536350 1,407789 2,877232 -0,446727 1,553919 3,296658 -0,076541 0,911946 3,307253
-0,015175 0,209183 3,354644 0,497273 1,325734 2,751835 -0,456213 1,559334 3,303533 -0,084206 0,917963 3,331066
-0,017687 0,213591 3,359691 0,431417 1,237388 2,658652 -0,464799 1,556191 3,294550 -0,084044 0,908288 3,306861
-0,011859 0,221491 3,367064 0,323124 1,095345 2,527851 -0,473890 1,550793 3,289237 -0,087983 0,905133 3,294538
-0,013473 0,204901 3,350659 0,216721 0,960259 2,453507 -0,476434 1,549198 3,296446 -0,090117 0,875552 3,290571
-0,009839 0,210968 3,364962 0,093819 0,794057 2,375306 -0,481904 1,557172 3,306594 -0,050035 0,918559 3,406326
-0,004376 0,218395 3,375636 -0,024123 0,636331 2,344299 -0,481884 1,547859 3,300418 -0,030698 0,957280 3,472660
-0,002800 0,229967 3,384875 -0,117571 0,494811 2,330534 -0,486365 1,549117 3,315938 -0,027997 1,020982 3,395116
-0,004182 0,225642 3,384258 -0,191336 0,380900 2,295266 -0,486669 1,550415 3,318269 -0,073533 0,981201 3,237056
-0,000750 0,201852 3,376235 -0,256568 0,283223 2,324281 -0,488818 1,541964 3,302146 -0,085102 0,977977 3,250284
-0,005969 0,168698 3,365801 -0,301107 0,216968 2,372344 -0,493754 1,539373 3,317597 -0,082465 0,974856 3,264386
-0,001772 0,168078 3,362957 -0,320254 0,184993 2,400874 -0,493939 1,538706 3,322951 -0,074610 0,964790 3,240473
0,000155 0,159069 3,327292 -0,324513 0,166260 2,400286 -0,493586 1,534667 3,336117 -0,089600 0,974745 3,263865
0,001268 0,153488 3,340901 -0,319675 0,172078 2,375043 -0,493940 1,552772 3,346995 -0,089447 0,965177 3,241525
-0,000409 0,161653 3,337756 -0,327271 0,170648 2,407566 -0,492904 1,551601 3,364802 -0,086615 0,974773 3,276883
-0,006417 0,154657 3,348530 -0,321698 0,180124 2,454859 -0,492322 1,557469 3,372682 -0,082806 0,971626 3,265359
-0,000476 0,177403 3,339178 -0,330999 0,191669 2,447362 -0,492407 1,558579 3,363860 -0,085450 0,974807 3,251396
-0,008003 0,171723 3,362728 -0,315349 0,232362 2,436888 -0,487805 1,565491 3,377963 -0,078389 0,991590 3,274306
-0,017752 0,201845 3,382842 -0,332983 0,284808 2,494467 -0,486789 1,562954 3,371105 -0,088157 0,994444 3,259285
-0,023731 0,218842 3,378474 -0,307736 0,343349 2,469746 -0,479094 1,565497 3,373924 -0,060174 1,006024 3,378741
-0,033544 0,212924 3,374925 -0,263042 0,471328 2,481189 -0,473062 1,558370 3,367465 -0,056073 0,997205 3,413753
-0,033807 0,201505 3,383405 -0,211428 0,615461 2,492599 -0,469915 1,567233 3,374649 -0,068235 0,939253 3,444968
-0,035328 0,197261 3,352734 -0,181178 0,802122 2,511536 -0,463263 1,565995 3,359799 -0,057200 0,938035 3,484621
-0,035268 0,200308 3,360684 -0,101912 0,986193 2,536372 -0,459309 1,572947 3,369149 -0,046239 0,940501 3,525032
-0,038518 0,191683 3,346857 0,015040 1,160330 2,639210 -0,458719 1,588412 3,377645 -0,098495 0,855574 3,311182
-0,041192 0,197587 3,351784 0,110358 1,283303 2,741444 -0,456690 1,566610 3,366051 -0,087982 0,898050 3,294456
-0,041547 0,211316 3,323638 0,205784 1,395017 2,886229 -0,452114 1,558514 3,363229 -0,080225 0,905322 3,295075
-0,038312 0,205522 3,331188 0,291740 1,475335 3,033246 -0,445282 1,579232 3,352046 -0,076830 0,908374 3,307244
-0,041383 0,196821 3,312083 0,354972 1,522923 3,197538 -0,444343 1,573828 3,348980 -0,077116 0,904781 3,307158
