17 12
-0,046891 0,219004 3,318785 0,360543 1,540971 3,080596 -0,462188 1,554593 3,293987 -0,040871 0,957798 3,333466
-0,041119 0,214763 3,304069 0,383584 1,305946 2,882663 -0,450767 1,552034 3,283685 -0,040871 0,957798 3,333466
-0,044971 0,208376 3,301921 0,357933 1,172562 2,783497 -0,453865 1,529094 3,274834 -0,037750 0,947364 3,321070
-0,036071 0,216143 3,341068 0,273994 0,823296 2,678122 -0,451354 1,549707 3,283054 -0,047912 0,951366 3,308974
-0,036733 0,213528 3,329138 0,216832 0,566646 2,790762 -0,458985 1,551638 3,292020 -0,074272 0,977485 3,394232
-0,038823 0,225257 3,339757 0,196437 0,498045 2,893587 -0,462709 1,529907 3,278581 -0,077920 0,981951 3,356738
-0,043087 0,213815 3,321480 0,206886 0,528311 2,998648 -0,459090 1,554440 3,287938 -0,070062 0,999683 3,382066
-0,043150 0,210894 3,323769 0,232424 0,512637 2,877438 -0,463354 1,544980 3,298517 -0,073236 0,992583 3,369133
-0,044258 0,218695 3,335356 0,242068 0,529877 2,821490 -0,463708 1,564972 3,327026 -0,081018 0,999260 3,393816
-0,045919 0,220717 3,336066 0,227720 0,533629 2,816917 -0,468783 1,562151 3,323444 -0,077856 0,999102 3,406848
-0,043329 0,220025 3,330240 0,202341 0,518464 2,994875 -0,473761 1,549673 3,332933 -0,070062 0,999683 3,382066
-0,043612 0,218268 3,322424 0,216631 0,541157 3,022207 -0,467978 1,557655 3,316505 -0,065854 0,989628 3,344978
-0,039276 0,218137 3,322658 0,236104 0,555871 2,956927 -0,467281 1,558248 3,332547 -0,063054 0,991938 3,407478
-0,048380 0,214516 3,320825 0,286321 0,713648 2,725343 -0,460667 1,558388 3,316267 -0,044101 0,958165 3,321226
-0,046386 0,213566 3,315764 0,321663 0,849294 2,695575 -0,462043 1,560148 3,309089 -0,029308 0,954676 3,321563
-0,050285 0,219616 3,326611 0,457956 1,200585 2,859045 -0,459375 1,551624 3,300316 -0,037162 0,947470 3,321325
-0,049599 0,217956 3,308959 0,474826 1,433130 3,011456 -0,457205 1,557444 3,305100 -0,034043 0,960655 3,358120
