30 12
-0,046801 0,200090 3,376770 0,240677 1,253336 3,130352 -0,360337 1,265218 3,148902 -0,011962 0,894775 3,459054
-0,043849 0,178102 3,376429 0,197337 1,169701 3,087076 -0,346238 1,182015 3,096177 -0,008256 0,869605 3,445797
-0,045552 0,190177 3,384824 0,138957 1,050934 3,054230 -0,298590 1,071827 3,058548 0,003896 0,882411 3,485111
-0,040255 0,194437 3,398550 0,090228 0,912976 3,010696 -0,242190 0,917408 3,021019 -0,003917 0,894807 3,459171
-0,039306 0,192869 3,397861 0,071253 0,792354 3,013370 -0,204484 0,773164 2,977993 -0,000661 0,912750 3,472510
-0,033459 0,199024 3,419888 0,052365 0,670811 2,955144 -0,180040 0,660775 2,961327 -0,003838 0,931820 3,459725
-0,032193 0,210362 3,444520 0,030344 0,573187 2,940597 -0,166819 0,549211 2,924880 -0,003489 0,949488 3,486059
-0,032888 0,197256 3,459430 0,013300 0,482671 2,886073 -0,142186 0,482113 2,889892 0,000532 0,942417 3,472652
-0,036088 0,203468 3,475450 0,004801 0,413924 2,829635 -0,111600 0,394976 2,831151 -0,003299 0,984928 3,437890
-0,034455 0,206631 3,497316 0,012628 0,338635 2,780426 -0,109246 0,276427 2,738855 -0,042284 0,987664 3,518668
-0,038880 0,233098 3,524918 0,064737 0,221321 2,684417 -0,129684 0,226744 2,687541 -0,029131 1,076684 3,447980
-0,029849 0,213325 3,606341 0,107701 0,162195 2,688332 -0,160876 0,207928 2,626534 -0,024351 1,076322 3,433965
0,014518 0,181167 3,496297 0,176455 0,151551 2,572522 -0,233474 0,218477 2,575764 -0,028597 1,043533 3,396070
-0,007915 0,140723 3,380846 0,244624 0,203087 2,516000 -0,324990 0,266614 2,559145 -0,039531 1,021188 3,407617
-0,022554 0,165216 3,438405 0,310960 0,270226 2,512523 -0,415330 0,335827 2,564480 -0,032626 1,009919 3,433647
-0,028662 0,219288 3,410364 0,427550 0,330662 2,541562 -0,513842 0,415188 2,593100 -0,029604 0,998759 3,447053
-0,024039 0,233362 3,469378 0,458562 0,370484 2,561671 -0,603742 0,480541 2,621382 -0,041936 0,966582 3,539035
-0,024623 0,225843 3,469445 0,536204 0,419461 2,593198 -0,707172 0,540989 2,657615 -0,037934 0,958600 3,552446
-0,027316 0,219370 3,466263 0,611170 0,495480 2,620545 -0,796617 0,593976 2,706927 -0,041059 0,927927 3,458586
-0,030751 0,196379 3,434355 0,656967 0,580891 2,718953 -0,877953 0,641480 2,759065 -0,030075 0,904961 3,394952
-0,027947 0,193684 3,421833 0,701555 0,657330 2,791305 -0,917735 0,698637 2,830577 -0,022631 0,891654 3,370008
-0,029068 0,199490 3,433011 0,704806 0,734235 2,790716 -0,931046 0,761037 2,826972 -0,019825 0,890939 3,382177
-0,023715 0,193261 3,400468 0,750849 0,883365 2,893226 -0,917127 0,877097 2,879015 -0,018926 0,895864 3,357789
-0,025176 0,186035 3,411956 0,714659 1,005674 2,943751 -0,865632 0,998932 2,972536 -0,015255 0,892870 3,345554
-0,026837 0,188078 3,403749 0,648806 1,100723 2,956563 -0,795789 1,111183 3,037101 -0,011905 0,898318 3,382713
-0,023170 0,184951 3,374530 0,576969 1,185791 3,020860 -0,718952 1,210369 3,112345 -0,011049 0,915393 3,407936
-0,030174 0,185839 3,378695 0,518392 1,248692 3,087048 -0,642050 1,301692 3,167609 -0,015027 0,908656 3,395294
-0,028318 0,186969 3,371061 0,461187 1,302936 3,149867 -0,561440 1,361098 3,236425 -0,011332 0,905585 3,382802
-0,034822 0,185247 3,358573 0,401397 1,345950 3,204083 -0,483749 1,405139 3,274818 -0,015864 0,912236 3,395236
-0,030548 0,177727 3,344310 0,335776 1,374874 3,207770 -0,411466 1,428512 3,287140 -0,015314 0,905021 3,395294
