21 12
-0,003648 0,238547 3,352591 0,396696 1,492128 3,083742 -0,339307 1,570772 3,308071 0,014354 1,012091 3,322863
-0,000670 0,250095 3,359408 0,402258 1,440779 2,989046 -0,342294 1,580347 3,332463 0,006989 1,005364 3,298689
-0,003098 0,252246 3,346427 0,393751 1,365938 2,893179 -0,340746 1,578092 3,315081 0,010533 1,002032 3,286762
0,003408 0,262111 3,361974 0,379852 1,291330 2,828353 -0,339151 1,577391 3,307711 -0,000500 1,001333 3,322668
-0,001778 0,249485 3,368353 0,349256 1,195345 2,742476 -0,336892 1,583344 3,310380 0,002842 0,993885 3,334708
0,008891 0,237353 3,361447 0,316083 1,072264 2,635867 -0,339626 1,578074 3,306665 0,001603 0,979179 3,333533
0,011790 0,240640 3,362841 0,255250 0,726253 2,441429 -0,338213 1,582551 3,305894 -0,008987 1,000617 3,346298
0,017880 0,254412 3,379088 0,201718 0,592639 2,383073 -0,336943 1,571607 3,293254 -0,003115 1,022260 3,359240
0,032090 0,258460 3,402021 0,114378 0,281057 2,354754 -0,337800 1,568756 3,299441 -0,007092 1,063696 3,353285
0,032047 0,228371 3,414208 0,086203 0,235619 2,364738 -0,339855 1,559197 3,295166 0,006279 1,032842 3,283481
0,030597 0,247705 3,387267 0,068421 0,217176 2,382987 -0,340854 1,558199 3,297626 0,019371 1,026509 3,285889
0,030531 0,244322 3,427292 0,085748 0,231924 2,481528 -0,339367 1,557481 3,288297 0,013428 1,050551 3,332541
0,030593 0,234521 3,426757 0,077082 0,305595 2,577451 -0,341429 1,571028 3,301348 0,002779 1,043191 3,319419
0,031392 0,251415 3,454975 0,123307 0,386282 2,629913 -0,343923 1,569506 3,309407 0,005927 1,046793 3,382383
0,017678 0,252881 3,433931 0,155138 0,596569 2,694741 -0,348641 1,560530 3,324474 -0,003771 1,007853 3,359365
0,021161 0,246043 3,419674 0,212587 0,892510 2,630947 -0,355160 1,560832 3,329168 -0,007772 0,994150 3,322502
0,028451 0,251230 3,431010 0,250466 1,086837 2,662282 -0,351937 1,560017 3,312696 0,009913 0,982459 3,358997
0,028287 0,243090 3,418931 0,372041 1,346847 2,893823 -0,355432 1,554127 3,320960 0,013985 0,986996 3,322599
0,032768 0,252429 3,399994 0,371250 1,486694 3,048066 -0,354174 1,569326 3,332081 0,021734 0,990021 3,347003
0,036656 0,234912 3,407033 0,372467 1,529485 3,138495 -0,352543 1,568692 3,325441 0,021438 0,993631 3,347045
0,036843 0,236240 3,409227 0,355182 1,551413 3,203134 -0,354918 1,563197 3,322812 0,029280 0,996713 3,371757
