46 12
-0,056506 0,218733 3,242223 0,564304 1,246341 2,964690 -0,824585 1,266785 3,279293 -0,046053 0,907117 3,260372
-0,058288 0,224721 3,254534 0,652702 1,151414 2,882020 -0,939643 1,189439 3,308641 -0,049500 0,904123 3,248554
-0,048528 0,217280 3,266767 0,948674 1,039931 3,202230 -1,041867 0,869165 3,014838 -0,043461 0,906755 3,272891
-0,042537 0,212229 3,278911 1,014510 0,699675 2,967361 -1,186207 0,662299 3,161711 -0,035918 0,898567 3,296360
-0,047322 0,201314 3,281821 1,067941 0,610481 3,062321 -1,211993 0,553172 3,126310 -0,046221 0,896497 3,330828
-0,042941 0,206715 3,289898 1,119127 0,471763 3,143154 -1,235658 0,415921 3,089251 -0,039838 0,886109 3,332166
-0,038389 0,200280 3,301769 1,115551 0,444312 3,127053 -1,236695 0,402482 3,091772 -0,018459 0,868859 3,261513
-0,039897 0,208888 3,324609 1,112047 0,439576 3,085556 -1,236505 0,413563 3,095007 -0,025109 0,881547 3,284643
-0,038563 0,211716 3,324564 1,099726 0,435800 3,095220 -1,242894 0,408057 3,092284 -0,021574 0,877405 3,296564
-0,038661 0,212548 3,316659 1,122194 0,411829 3,095564 -1,247294 0,346670 3,112751 -0,017951 0,874524 3,284758
-0,037187 0,215473 3,323533 1,111847 0,411113 3,103136 -1,242641 0,327052 3,114946 -0,017932 0,881577 3,284831
-0,038711 0,208883 3,307096 1,124894 0,404864 3,095446 -1,253270 0,317861 3,141583 -0,028660 0,871603 3,272648
-0,032141 0,215628 3,306058 1,131581 0,402287 3,097490 -1,254713 0,321826 3,145350 -0,032438 0,880267 3,308224
-0,031981 0,210170 3,308045 1,113062 0,409572 3,092523 -1,246220 0,324260 3,132277 -0,014350 0,871661 3,273022
-0,032717 0,210294 3,307309 1,122838 0,407842 3,079080 -1,252374 0,324115 3,142087 -0,018220 0,878095 3,284992
-0,031062 0,223600 3,298937 1,123697 0,416217 3,083176 -1,255491 0,332371 3,149338 -0,021285 0,880875 3,296322
-0,031939 0,212486 3,299197 1,118097 0,416596 3,063684 -1,256489 0,342193 3,162022 -0,014350 0,871661 3,273022
-0,034372 0,222057 3,295673 1,125627 0,416129 3,055946 -1,263049 0,340952 3,168374 -0,021827 0,888067 3,296883
-0,031353 0,219223 3,273748 1,117350 0,428313 3,080174 -1,260527 0,345137 3,151636 -0,024933 0,870063 3,237824
-0,034255 0,215889 3,286572 1,129004 0,419124 3,059895 -1,261961 0,344533 3,146204 -0,014039 0,869392 3,249387
-0,037090 0,205434 3,278211 1,131371 0,426599 3,096488 -1,269050 0,350770 3,159253 -0,046584 0,883653 3,307432
-0,041850 0,217253 3,283142 1,132779 0,418628 3,069839 -1,262503 0,364519 3,141744 -0,021537 0,891561 3,296716
-0,039417 0,208454 3,278250 1,125753 0,421097 3,077568 -1,273681 0,368126 3,155275 -0,039735 0,885040 3,284441
-0,045368 0,205235 3,265986 1,125632 0,433458 3,087012 -1,275998 0,386693 3,163871 -0,028914 0,882191 3,272961
-0,048522 0,213734 3,268285 1,130437 0,432169 3,077456 -1,286057 0,399640 3,174280 -0,017596 0,879234 3,261031
-0,044177 0,209243 3,273131 1,127887 0,435376 3,091523 -1,282626 0,400896 3,158164 -0,025109 0,881547 3,284643
-0,047253 0,208678 3,281357 1,118182 0,433944 3,066410 -1,273013 0,396943 3,139623 -0,032153 0,875731 3,260865
-0,047812 0,212988 3,282182 1,127917 0,425727 3,095481 -1,249785 0,363814 3,134513 -0,024933 0,870063 3,237824
-0,049612 0,207003 3,284350 1,102231 0,417156 3,051053 -1,238948 0,347885 3,132227 -0,028352 0,882078 3,272471
-0,049784 0,208661 3,276389 1,111097 0,431982 3,077694 -1,248959 0,360558 3,145840 -0,032153 0,875731 3,260865
-0,048490 0,212924 3,268809 1,126041 0,510770 3,158297 -1,239963 0,468581 3,081373 -0,032426 0,879279 3,261109
-0,050082 0,207289 3,276861 1,115581 0,553645 3,175662 -1,175649 0,520503 3,024538 -0,032426 0,879279 3,261109
-0,046888 0,210614 3,262109 1,080101 0,564003 3,134760 -1,169866 0,614958 3,175258 -0,050590 0,890200 3,319690
-0,045844 0,204718 3,260648 1,118205 0,520971 3,073843 -1,290976 0,539795 3,290505 -0,025382 0,885120 3,284886
-0,051150 0,205740 3,269822 1,129559 0,520495 3,099769 -1,281942 0,498089 3,175943 -0,043265 0,899744 3,344063
-0,053450 0,218923 3,275062 1,100561 0,574146 3,071939 -1,281689 0,628756 3,244368 -0,025092 0,888602 3,284717
-0,052589 0,211492 3,278845 1,066993 0,580604 3,055450 -1,262647 0,698417 3,325971 -0,042875 0,880754 3,295605
-0,054559 0,205061 3,284098 1,067751 0,538602 3,019389 -1,303456 0,629660 3,340433 -0,032426 0,879279 3,261109
-0,054140 0,210810 3,256823 1,092099 0,468743 3,066820 -1,292742 0,419956 3,231238 -0,032426 0,879279 3,261109
-0,062028 0,218043 3,252174 1,099639 0,580458 3,126213 -1,275096 0,558614 3,163677 -0,032410 0,886288 3,261177
-0,062614 0,209257 3,268301 1,092321 0,685618 3,174746 -1,213089 0,662502 3,062523 -0,036069 0,882151 3,272740
-0,054443 0,214662 3,264635 1,014809 0,895768 3,115294 -1,188249 0,997389 3,328879 -0,039720 0,892096 3,284516
-0,057536 0,222756 3,257466 0,971632 1,169414 3,373622 -0,996130 1,134451 3,102803 -0,032831 0,887504 3,238167
-0,054336 0,205629 3,251572 0,898343 1,258733 3,408602 -0,913663 1,239934 3,082299 -0,046384 0,889653 3,260495
-0,051791 0,223622 3,261894 0,688143 1,316606 3,206664 -0,783024 1,554995 3,485013 -0,052943 0,894179 3,236744
-0,053730 0,213323 3,247715 0,556738 1,536080 3,568072 -0,522432 1,485433 3,178999 -0,045938 0,885054 3,214341
