33 12
-0,096723 0,235698 3,290854 0,278959 1,418586 3,132498 -0,461724 1,504225 3,241340 -0,094760 0,928041 3,342384
-0,093077 0,240160 3,305165 0,268992 1,259392 3,109804 -0,512164 1,295929 3,063582 -0,098708 0,932083 3,330370
-0,094508 0,229026 3,293641 0,248099 1,003055 3,092383 -0,422837 1,043082 2,927434 -0,096957 0,910221 3,328100
-0,093317 0,219464 3,293137 0,178567 0,898665 3,094860 -0,372435 0,912868 2,921901 -0,108127 0,900117 3,316100
-0,089447 0,231758 3,328210 0,049704 0,692029 2,920028 -0,297729 0,740910 3,036217 -0,113503 0,921100 3,329323
-0,087887 0,249841 3,344112 0,025927 0,600476 2,956199 -0,215884 0,598270 2,888406 -0,107477 0,928400 3,315447
-0,087276 0,250093 3,352508 0,002176 0,533228 2,904462 -0,175420 0,555101 2,854815 -0,087122 0,997523 3,296758
-0,088420 0,265672 3,370644 0,012720 0,385223 2,714443 -0,136318 0,479383 2,807393 -0,084179 0,998532 3,365928
-0,092001 0,269943 3,391420 0,052085 0,428321 2,499914 -0,128281 0,499726 2,698090 -0,138056 1,098892 3,434351
-0,087371 0,247697 3,397991 0,085813 0,453171 2,443051 -0,183482 0,488915 2,688091 -0,143592 1,024310 3,475430
-0,081784 0,245862 3,411496 0,214070 0,555139 2,551277 -0,303045 0,506291 2,475824 -0,144431 1,067018 3,452047
-0,083323 0,243402 3,408221 0,302459 0,572467 2,448640 -0,444121 0,602536 2,653914 -0,094541 0,911182 3,318108
-0,076437 0,245698 3,393914 0,314398 0,624326 2,589538 -0,470840 0,627508 2,694473 -0,082876 0,915325 3,306318
-0,076160 0,234592 3,413788 0,325643 0,670277 2,681733 -0,489584 0,668158 2,746475 -0,104235 0,899593 3,258102
-0,074248 0,241395 3,389173 0,210146 0,740613 2,945335 -0,441998 0,687759 2,763611 -0,107209 0,900085 3,246100
-0,077689 0,249137 3,387208 0,147318 0,738117 3,002076 -0,388370 0,673362 2,817089 -0,110156 0,913344 3,256745
-0,083222 0,238968 3,386892 0,043946 0,666653 2,951548 -0,290051 0,678696 3,051120 -0,079904 0,931774 3,343033
-0,086613 0,238280 3,401679 -0,005840 0,640107 3,023597 -0,221486 0,605945 2,909302 -0,084024 0,988290 3,288649
-0,088856 0,253604 3,394733 -0,023931 0,605873 3,007093 -0,193431 0,591426 2,919374 -0,087349 0,948751 3,367058
-0,092955 0,268775 3,375581 -0,078962 0,538987 2,845728 -0,170934 0,510647 2,855664 -0,065820 0,975820 3,443589
-0,092989 0,298485 3,427953 0,013850 0,360026 2,634401 -0,164532 0,442478 2,785498 -0,136684 0,981781 3,381985
-0,101947 0,249710 3,429275 0,059453 0,350880 2,533940 -0,203606 0,434821 2,738065 -0,144613 0,960473 3,426260
-0,097787 0,272405 3,375824 0,191967 0,424056 2,634866 -0,373586 0,395222 2,394684 -0,137146 0,991814 3,406026
-0,098523 0,271572 3,408632 0,370074 0,439828 2,369174 -0,677284 0,507623 2,710560 -0,124038 0,947070 3,388176
-0,100206 0,265224 3,390623 0,454760 0,495998 2,473328 -0,794687 0,541471 2,698049 -0,126385 0,925355 3,303694
-0,103569 0,258271 3,371612 0,691452 0,673822 2,707268 -0,894649 0,621143 2,603843 -0,116219 0,910843 3,316608
-0,095246 0,261537 3,357446 0,755616 0,826170 2,722577 -1,020818 0,819304 2,745077 -0,103355 0,903015 3,257512
-0,098402 0,250739 3,344930 0,773373 0,927646 2,815705 -1,012791 0,922547 2,786773 -0,097060 0,905606 3,281789
-0,101569 0,259744 3,329674 0,733127 1,080208 2,840806 -0,975183 1,235651 3,194160 -0,087015 0,914816 3,318391
-0,091914 0,249329 3,303069 0,626456 1,385833 3,219083 -0,755181 1,308348 3,019045 -0,083913 0,921534 3,330989
-0,094844 0,245904 3,298394 0,545660 1,466763 3,301682 -0,664482 1,385608 3,078010 -0,099001 0,928488 3,330384
-0,096758 0,260122 3,294653 0,347652 1,453688 3,097029 -0,533526 1,609107 3,472747 -0,108681 0,935898 3,317216
-0,093424 0,253300 3,263097 0,260896 1,537817 3,291342 -0,463342 1,568608 3,372476 -0,099003 0,921328 3,330295
