25 12
-0,078372 -0,056811 3,323327 0,332758 1,309213 3,240497 -0,396319 1,340710 3,236239 -0,008177 0,662935 3,392192
-0,079745 -0,064010 3,312769 0,331918 1,307880 3,236891 -0,397642 1,334437 3,241905 -0,018928 0,652709 3,354629
-0,084360 -0,057287 3,324130 0,326181 1,302924 3,231750 -0,373911 1,255238 3,160910 -0,011445 0,649147 3,354556
-0,087744 -0,051162 3,315084 0,325279 1,309559 3,247195 -0,363157 1,183697 3,107882 -0,018504 0,652640 3,354126
-0,102295 -0,046608 3,282886 0,325328 1,301505 3,246734 -0,401455 0,965005 2,890039 -0,026095 0,653475 3,378830
-0,109056 -0,042424 3,290677 0,329287 1,304386 3,248687 -0,494923 0,835895 2,988057 -0,026095 0,653475 3,378830
-0,116694 -0,038082 3,285968 0,326459 1,299909 3,249759 -0,524231 0,790590 2,947457 -0,030122 0,651309 3,366704
-0,120295 -0,037605 3,261505 0,324748 1,289471 3,250979 -0,536749 0,807751 2,851922 -0,029919 0,647739 3,366519
-0,132606 -0,043183 3,300694 0,320636 1,297211 3,253807 -0,338891 0,789372 2,613407 -0,036374 0,633876 3,388856
-0,141121 -0,067404 3,305715 0,321982 1,306235 3,274524 -0,244482 0,772398 2,647345 -0,035405 0,615325 3,384535
-0,147698 -0,056979 3,271782 0,323199 1,297654 3,282409 -0,222584 0,701612 2,745805 -0,051068 0,626658 3,388105
-0,145412 -0,044361 3,274490 0,321394 1,297396 3,281183 -0,443948 0,707080 2,953975 -0,033717 0,642022 3,354206
-0,144846 -0,042057 3,276519 0,324642 1,287057 3,272144 -0,523531 0,705698 2,891096 -0,040600 0,641253 3,329514
-0,146937 -0,045939 3,274737 0,324082 1,289522 3,276852 -0,524754 0,759422 2,819105 -0,040381 0,644756 3,329329
-0,163437 -0,048519 3,298708 0,315990 1,294050 3,286240 -0,315011 0,720590 2,598008 -0,047662 0,631250 3,352828
-0,165904 -0,053138 3,289714 0,309321 1,292855 3,279545 -0,256793 0,723615 2,663018 -0,072657 0,629450 3,362245
-0,181959 -0,056202 3,269053 0,297451 1,283956 3,258685 -0,249963 0,660932 2,715189 -0,072743 0,628390 3,315591
-0,197652 -0,050075 3,286492 0,297583 1,285582 3,254965 -0,388959 0,642596 2,855402 -0,083091 0,636699 3,302791
-0,194008 -0,053646 3,266479 0,297215 1,286458 3,275026 -0,463183 0,644282 2,852047 -0,091120 0,636672 3,303228
-0,197179 -0,060682 3,264322 0,290212 1,286106 3,260844 -0,548593 0,713499 2,717705 -0,087554 0,635312 3,315259
-0,196188 -0,063363 3,266200 0,283876 1,287999 3,251403 -0,643912 0,914696 2,826022 -0,094959 0,638741 3,314952
-0,196431 -0,062055 3,268972 0,286873 1,292755 3,260121 -0,632140 1,002535 2,824323 -0,095168 0,649247 3,315114
-0,191826 -0,059998 3,256052 0,271940 1,283846 3,234712 -0,565989 1,211380 3,132831 -0,116319 0,649055 3,313418
-0,204367 -0,059961 3,273109 0,259544 1,286665 3,233111 -0,489166 1,240703 3,121315 -0,108756 0,641374 3,290222
-0,208157 -0,058906 3,268124 0,261395 1,300904 3,250478 -0,472031 1,273181 3,203035 -0,109181 0,648272 3,290319
