21 12
-0,027998 -0,065974 3,344047 0,370218 1,185482 3,319485 -0,462472 1,366665 3,373528 -0,000926 0,644248 3,367290
-0,019049 -0,069784 3,360464 0,368679 1,184058 3,310596 -0,599541 1,126886 2,931104 0,002341 0,639241 3,379603
-0,017003 -0,072214 3,364770 0,367542 1,178675 3,294539 -0,860358 0,923540 3,135824 -0,004588 0,632120 3,379426
-0,011149 -0,079592 3,361312 0,369418 1,182192 3,302718 -0,905510 0,657633 2,959677 0,002825 0,636400 3,404536
-0,003480 -0,074411 3,374995 0,370747 1,176661 3,293815 -0,957071 0,194886 2,782881 0,009787 0,636374 3,404580
-0,000444 -0,077250 3,369183 0,372533 1,180414 3,302508 -0,892252 -0,165222 2,734660 0,006818 0,619891 3,391550
0,002740 -0,071033 3,355389 0,373461 1,182127 3,316945 -0,844261 -0,295543 2,752723 0,014189 0,612143 3,366515
0,007303 -0,064334 3,364193 0,382041 1,180457 3,331677 -0,782149 -0,482999 3,006562 0,025106 0,625588 3,404463
0,007677 -0,053259 3,351280 0,380732 1,183758 3,340466 -0,680492 -0,527448 2,900737 0,032285 0,629180 3,404599
0,014118 -0,052492 3,347286 0,377665 1,188755 3,340777 -0,665958 -0,544218 2,939734 0,024916 0,629195 3,404604
0,020176 -0,051087 3,364854 0,374129 1,186309 3,329312 -0,652884 -0,539628 2,943598 0,039124 0,621364 3,379531
0,024021 -0,057709 3,357569 0,373982 1,187200 3,331631 -0,658658 -0,509672 2,940785 0,042637 0,626389 3,367219
0,024363 -0,056149 3,350549 0,374335 1,188848 3,337678 -0,669799 -0,477981 2,928159 0,035800 0,619889 3,391960
0,034547 -0,058013 3,350383 0,372799 1,187694 3,325817 -0,695282 -0,310853 2,776671 0,043016 0,619262 3,367067
0,039040 -0,054343 3,362918 0,381250 1,191939 3,333736 -0,711204 -0,000032 2,791388 0,035822 0,627051 3,392050
0,045011 -0,062927 3,340802 0,382441 1,188490 3,327608 -0,734746 0,187054 2,821922 0,035800 0,619889 3,391960
0,044615 -0,066846 3,346672 0,380406 1,184074 3,324979 -0,739853 0,571629 2,818043 0,042976 0,630610 3,392041
0,033819 -0,074845 3,366874 0,385864 1,187907 3,332946 -0,685398 0,865448 2,770880 0,024273 0,624343 3,355008
0,024516 -0,071612 3,366035 0,387379 1,186171 3,339417 -0,643481 0,988736 2,849652 0,021149 0,634246 3,392148
0,011126 -0,068901 3,350684 0,380087 1,181672 3,320390 -0,555029 1,264709 3,211372 0,013857 0,633555 3,367224
-0,010571 -0,066062 3,359065 0,385469 1,183547 3,334404 -0,429696 1,294191 3,175010 0,017404 0,639264 3,379766
