26 12
-0,000331 -0,087357 3,421660 0,320731 1,309823 3,306744 -0,445943 1,283670 3,361982 0,039841 0,615908 3,455168
-0,000652 -0,075879 3,418091 0,314699 1,303078 3,313764 -0,504779 1,168758 3,179717 0,032519 0,618991 3,429733
-0,008755 -0,081987 3,417185 0,320033 1,299485 3,286616 -0,528220 1,010869 3,170650 0,025112 0,612320 3,455258
-0,007641 -0,089945 3,412927 0,317047 1,303287 3,298078 -0,511662 0,897789 3,091118 0,025065 0,604545 3,429536
-0,016307 -0,083352 3,427209 0,314617 1,305095 3,287085 -0,480606 0,715116 3,093322 0,036355 0,613837 3,442408
-0,009449 -0,088627 3,409699 0,313153 1,305840 3,291527 -0,484511 0,673707 3,125029 0,039976 0,607565 3,404041
-0,009240 -0,089715 3,406766 0,314153 1,303277 3,289017 -0,577067 0,713930 3,214932 0,040049 0,619567 3,455311
0,000549 -0,086635 3,427398 0,320260 1,311902 3,299859 -0,744186 0,617109 2,899767 0,032104 0,611737 3,429553
0,000991 -0,085222 3,426734 0,326889 1,303965 3,302513 -0,811848 0,506720 3,004142 0,024923 0,615940 3,455233
-0,001021 -0,080579 3,430526 0,322541 1,311182 3,313336 -0,755874 0,457516 2,973645 0,032519 0,618991 3,429733
-0,014695 -0,084724 3,416368 0,314515 1,307817 3,293850 -0,665619 0,489952 3,171350 0,020885 0,610179 3,442141
-0,012752 -0,078633 3,403498 0,306716 1,309085 3,294985 -0,608867 0,604909 3,093013 0,010867 0,620831 3,507450
-0,006832 -0,076885 3,404024 0,305016 1,310231 3,295839 -0,712430 0,666624 3,228288 0,032311 0,615372 3,429687
-0,003026 -0,078436 3,419560 0,318920 1,304226 3,306823 -0,841000 0,588335 2,983732 0,032519 0,618991 3,429733
-0,009622 -0,085492 3,414811 0,321851 1,308632 3,303260 -0,984790 0,483221 3,196765 0,028919 0,613855 3,442427
-0,015984 -0,081601 3,416804 0,325423 1,304595 3,309496 -0,985020 0,407263 3,208327 0,032311 0,615372 3,429687
-0,018450 -0,084765 3,409048 0,319364 1,306205 3,297771 -0,965009 0,329032 3,245890 0,024856 0,607641 3,404321
-0,017310 -0,084604 3,412719 0,312179 1,296517 3,322817 -0,919361 0,370363 3,194035 0,024898 0,615386 3,429696
-0,016481 -0,083656 3,416205 0,307419 1,299214 3,284339 -0,903922 0,433173 3,156336 0,024836 0,600463 3,404227
-0,007876 -0,089295 3,437944 0,295985 1,312433 3,285811 -0,882887 0,647891 3,178496 0,024676 0,604521 3,429469
-0,001161 -0,084024 3,416961 0,293149 1,309013 3,279769 -0,828545 0,856851 3,128512 0,017280 0,611759 3,429557
-0,002203 -0,089293 3,420186 0,293498 1,309381 3,279325 -0,787892 0,950942 3,159248 0,009939 0,616496 3,480988
-0,008826 -0,088287 3,427601 0,296746 1,315534 3,293433 -0,724793 1,174271 3,415065 0,017280 0,611759 3,429557
-0,009106 -0,085614 3,436184 0,299061 1,308633 3,303379 -0,594684 1,207076 3,261379 0,017485 0,615395 3,429677
-0,012786 -0,084777 3,432670 0,304776 1,309362 3,291522 -0,544268 1,235824 3,252699 0,029176 0,618074 3,468268
-0,013620 -0,091013 3,430955 0,306996 1,311753 3,315789 -0,467234 1,323945 3,430503 0,017485 0,615395 3,429677
