27 12
-0,019413 -0,094642 3,381908 0,334133 1,332575 3,272155 -0,434168 1,300988 3,251236 0,002494 0,614272 3,379341
-0,017063 -0,092004 3,402792 0,317528 1,336830 3,264639 -0,441094 1,297431 3,240418 0,002494 0,614272 3,379341
-0,015031 -0,088259 3,407296 0,314374 1,335353 3,264725 -0,470693 1,281790 3,273129 -0,001133 0,616339 3,391740
-0,010755 -0,092720 3,392593 0,313145 1,340651 3,272648 -0,509406 1,239700 3,268402 0,002494 0,614272 3,379341
-0,009634 -0,094244 3,400891 0,317164 1,331525 3,258531 -0,590917 0,958808 2,918678 -0,004784 0,618418 3,404217
-0,012085 -0,093796 3,413732 0,320284 1,327678 3,255119 -0,645726 0,652857 2,872542 -0,012153 0,622616 3,429404
-0,015021 -0,088697 3,422589 0,329837 1,325180 3,266811 -0,664531 0,506095 2,819164 -0,012342 0,617800 3,379102
-0,012578 -0,092217 3,421261 0,324259 1,325645 3,269271 -0,697655 0,219272 2,818930 -0,005064 0,613692 3,354582
-0,015285 -0,088950 3,420291 0,329217 1,326326 3,276032 -0,670438 0,021125 2,789719 -0,012342 0,617800 3,379102
-0,012088 -0,089347 3,421572 0,328260 1,327899 3,284073 -0,660398 -0,040945 2,819917 -0,008651 0,624092 3,416775
-0,011009 -0,086617 3,427342 0,329679 1,329354 3,287732 -0,645242 -0,154666 2,929825 -0,001067 0,620518 3,416893
-0,010478 -0,084445 3,419768 0,322998 1,339290 3,292872 -0,627829 -0,178596 2,939278 -0,008631 0,628355 3,442276
-0,009320 -0,088324 3,412578 0,324633 1,342410 3,299253 -0,625380 -0,191833 2,969531 -0,012153 0,622616 3,429404
-0,010496 -0,086482 3,423715 0,323235 1,337018 3,300049 -0,627291 -0,180020 2,977538 -0,012549 0,618344 3,403911
-0,012160 -0,084425 3,416692 0,328572 1,333525 3,297176 -0,631907 -0,175324 2,991542 -0,012342 0,617800 3,379102
-0,014209 -0,085559 3,428947 0,328470 1,335796 3,299080 -0,642805 -0,150920 2,983026 -0,012553 0,622552 3,429232
-0,013047 -0,085319 3,417567 0,329022 1,332852 3,284313 -0,650244 -0,106604 2,943670 -0,008651 0,624092 3,416775
-0,013041 -0,083838 3,414668 0,321266 1,340625 3,294450 -0,648275 0,047469 2,876185 -0,001326 0,619897 3,391736
-0,009416 -0,085160 3,416551 0,326252 1,339052 3,305406 -0,650226 0,161127 2,821559 -0,004620 0,617841 3,379243
-0,007064 -0,087373 3,423465 0,318147 1,344841 3,288070 -0,666180 0,440842 2,800818 0,002584 0,618424 3,404324
-0,004295 -0,089518 3,428104 0,322982 1,333894 3,292806 -0,663377 0,727515 2,720966 0,006105 0,609689 3,416780
-0,005009 -0,089714 3,427271 0,324126 1,339551 3,299719 -0,645979 0,852637 2,746606 0,009745 0,614811 3,404293
-0,011627 -0,088866 3,426752 0,328272 1,342051 3,292473 -0,585296 1,143134 3,049016 -0,001326 0,619897 3,391736
-0,019150 -0,091963 3,419596 0,331501 1,320837 3,285876 -0,504449 1,202065 3,031431 -0,004592 0,614833 3,404132
-0,019347 -0,088678 3,433360 0,328078 1,324135 3,285482 -0,469003 1,252225 3,120416 0,002494 0,614272 3,379341
-0,026043 -0,092451 3,427049 0,329912 1,322821 3,292134 -0,433614 1,324307 3,296247 -0,004608 0,607651 3,404036
-0,024683 -0,086607 3,410382 0,326622 1,335649 3,310020 -0,445614 1,324262 3,317747 0,002684 0,610711 3,379267
