26 12
-0,211620 -0,055022 3,254973 0,243227 1,293675 3,221685 -0,487995 1,237565 3,165642 -0,119801 0,650358 3,301365
-0,221289 -0,056615 3,258443 0,244083 1,299784 3,213389 -0,535720 1,177512 3,172910 -0,133908 0,646689 3,299997
-0,232083 -0,048425 3,260870 0,242537 1,286024 3,207058 -0,583917 1,102113 3,124158 -0,130689 0,648873 3,312246
-0,233471 -0,047562 3,240254 0,238846 1,278355 3,194922 -0,685461 0,880568 2,834761 -0,130905 0,645344 3,312348
-0,238062 -0,033202 3,242793 0,240611 1,292502 3,227875 -0,738151 0,823569 2,844106 -0,130470 0,645364 3,311979
-0,243034 -0,030307 3,235133 0,244917 1,294239 3,229621 -0,696965 0,812121 2,719385 -0,126312 0,639776 3,300010
-0,258399 -0,030628 3,218990 0,242580 1,289642 3,228834 -0,576028 0,913380 2,841543 -0,125845 0,625190 3,276551
-0,273822 -0,043038 3,238728 0,237161 1,274833 3,226851 -0,256990 0,795859 2,473011 -0,128062 0,560215 3,234035
-0,273568 -0,066185 3,223338 0,245281 1,282257 3,242741 -0,188033 0,777566 2,531444 -0,170000 0,612072 3,361135
-0,264084 -0,058275 3,232868 0,250719 1,279077 3,262056 -0,201716 0,663029 2,550645 -0,155499 0,612280 3,362799
-0,250065 -0,035247 3,196863 0,254511 1,256203 3,256040 -0,390965 0,643938 2,771802 -0,125845 0,625190 3,276551
-0,241630 -0,034802 3,199409 0,265087 1,262317 3,271785 -0,464171 0,629190 2,713050 -0,137803 0,619798 3,206339
-0,229907 -0,031721 3,203549 0,269126 1,263365 3,293017 -0,493155 0,641140 2,589892 -0,108756 0,641374 3,290222
-0,236407 -0,064439 3,205758 0,261856 1,255702 3,283064 -0,303125 0,642606 2,361924 -0,145960 0,622122 3,380211
-0,243518 -0,038610 3,219941 0,263585 1,270748 3,296213 -0,194385 0,648935 2,331161 -0,139203 0,639679 3,359692
-0,249873 -0,041192 3,197651 0,249272 1,256214 3,277687 0,024452 0,709349 2,622157 -0,146463 0,632471 3,358917
-0,263335 -0,048511 3,217695 0,246280 1,262033 3,287393 0,155565 0,601957 2,560547 -0,156347 0,640820 3,408547
-0,265563 -0,041182 3,218342 0,248300 1,244146 3,275388 0,184259 0,579458 2,657776 -0,168649 0,658198 3,445857
-0,264728 -0,048560 3,215029 0,257693 1,270006 3,310606 0,139367 0,517667 2,607792 -0,159861 0,653896 3,420730
-0,260501 -0,050009 3,213985 0,258481 1,263437 3,305908 0,040400 0,566559 2,695010 -0,143020 0,645326 3,371409
-0,257164 -0,063165 3,200155 0,255621 1,252844 3,287673 -0,034879 0,623345 2,669626 -0,138986 0,629008 3,359228
-0,243460 -0,083984 3,233135 0,251343 1,259789 3,274808 -0,176716 0,771865 2,474433 -0,133667 0,605363 3,343483
-0,228669 -0,066208 3,200487 0,252693 1,265605 3,280360 -0,376628 1,057914 2,775409 -0,126268 0,625166 3,276897
-0,220616 -0,065265 3,215475 0,247932 1,271789 3,276400 -0,430150 1,139997 2,876672 -0,111818 0,628828 3,277928
-0,214536 -0,060547 3,234554 0,237556 1,258870 3,246127 -0,444401 1,244548 3,062510 -0,112240 0,642680 3,278255
-0,195090 -0,051478 3,213295 0,236957 1,257549 3,235855 -0,447072 1,257629 3,168299 -0,115279 0,644040 3,266261
