24 12
0,044509 -0,052479 3,313877 0,340389 1,339037 3,205244 -0,430913 1,216122 3,340165 0,069393 0,646990 3,404314
0,042629 -0,055906 3,322206 0,339499 1,337610 3,208831 -0,442554 1,162671 3,278172 0,062486 0,651438 3,429796
0,045819 -0,051697 3,327744 0,342825 1,347019 3,215399 -0,456432 0,963000 3,126705 0,061569 0,642685 3,379465
0,039726 -0,058720 3,323260 0,342601 1,351162 3,225317 -0,432710 0,780379 3,096255 0,061758 0,639080 3,379281
0,048009 -0,056446 3,338019 0,337296 1,340502 3,208117 -0,472507 0,732680 3,151547 0,061758 0,639080 3,379281
0,055701 -0,057019 3,333465 0,338287 1,337237 3,221491 -0,603804 0,599798 2,849462 0,065033 0,637681 3,391792
0,061222 -0,061648 3,342041 0,345429 1,347729 3,223412 -0,943613 0,613485 3,233442 0,068455 0,635520 3,379259
0,065626 -0,063288 3,336554 0,346159 1,335888 3,210099 -1,001791 0,570042 3,120203 0,069655 0,640550 3,429558
0,067579 -0,066942 3,340865 0,351315 1,344684 3,224770 -1,006659 0,500264 3,112100 0,072971 0,634003 3,391429
0,070773 -0,060275 3,348676 0,352856 1,332944 3,233548 -0,833349 0,454672 2,952492 0,076874 0,644127 3,429382
0,070858 -0,061365 3,347463 0,357339 1,338281 3,228238 -0,763440 0,448835 2,963297 0,069364 0,639798 3,404224
0,067652 -0,066199 3,326775 0,352134 1,338600 3,229841 -0,756405 0,448014 2,938658 0,047414 0,640657 3,429932
0,070635 -0,062467 3,334452 0,356340 1,333790 3,213276 -1,014307 0,425209 3,223202 0,069438 0,636932 3,429477
0,074033 -0,061670 3,340182 0,353537 1,336268 3,214193 -1,123294 0,408675 3,226255 0,065513 0,642007 3,416950
0,075925 -0,061778 3,355577 0,354467 1,335190 3,212281 -1,167070 0,360217 3,101519 0,057906 0,638420 3,416941
0,078452 -0,062667 3,338843 0,359284 1,330090 3,218702 -1,114818 0,371162 3,028669 0,069148 0,636220 3,404232
0,081022 -0,063765 3,331057 0,359816 1,339440 3,215818 -1,087893 0,409862 3,017846 0,076513 0,636175 3,404051
0,081301 -0,061750 3,341418 0,363298 1,339346 3,223290 -1,050894 0,579784 3,186415 0,072785 0,637620 3,391606
0,087021 -0,062033 3,335738 0,361057 1,351033 3,224811 -0,908777 0,751196 3,012488 0,072595 0,641221 3,391699
0,081632 -0,064039 3,346464 0,353429 1,345263 3,216153 -0,852878 0,860858 3,031640 0,072074 0,636930 3,366879
0,077823 -0,060174 3,327381 0,346279 1,340619 3,203727 -0,751214 1,144061 3,371176 0,069612 0,650553 3,404222
0,068607 -0,059881 3,348682 0,347553 1,336901 3,221484 -0,522949 1,167119 3,099943 0,066245 0,657297 3,442633
0,058637 -0,066136 3,342029 0,342931 1,344428 3,217335 -0,424970 1,210476 3,117249 0,055273 0,652312 3,455622
0,048806 -0,059915 3,332864 0,341060 1,347278 3,208571 -0,351201 1,300832 3,303488 0,043578 0,652936 3,417448
