23 12
-0,203215 -0,081532 3,239371 0,127887 1,320426 3,131868 -0,542067 1,240306 3,224475 -0,191265 0,642228 3,294275
-0,197518 -0,086180 3,265191 0,129237 1,323000 3,129092 -0,612868 1,020856 2,924635 -0,185604 0,639487 3,319059
-0,183695 -0,080985 3,261602 0,139187 1,314197 3,124748 -0,686108 0,788694 2,932378 -0,173161 0,636930 3,284506
-0,179056 -0,084971 3,243951 0,141015 1,318926 3,121781 -0,724112 0,664084 2,880157 -0,173920 0,637665 3,308114
-0,168306 -0,084837 3,267784 0,153347 1,337723 3,164636 -0,784706 0,449410 2,652781 -0,155998 0,635774 3,298134
-0,160083 -0,069606 3,268423 0,161857 1,317825 3,156621 -0,915053 0,387504 2,715029 -0,145678 0,638038 3,311069
-0,153029 -0,081877 3,252455 0,170788 1,303358 3,151577 -0,951942 0,377758 2,637311 -0,142487 0,640204 3,323406
-0,142018 -0,076795 3,274009 0,180981 1,325942 3,180577 -0,958786 0,366560 2,549685 -0,128285 0,636816 3,324491
-0,113099 -0,081714 3,232644 0,195712 1,311107 3,166127 -0,832611 0,321563 2,481697 -0,112653 0,635615 3,278045
-0,101231 -0,075821 3,229820 0,205880 1,300745 3,169558 -0,783883 0,319635 2,545143 -0,101694 0,633663 3,267063
-0,092950 -0,077087 3,245924 0,221910 1,320949 3,223852 -0,736982 0,336989 2,762885 -0,091538 0,643596 3,303294
-0,087870 -0,075923 3,238492 0,233018 1,305522 3,191588 -0,782878 0,305093 2,795562 -0,080563 0,641582 3,292039
-0,091171 -0,071782 3,227588 0,235976 1,311242 3,194777 -0,838127 0,291828 2,777175 -0,083926 0,632497 3,279958
-0,093006 -0,074164 3,232759 0,235505 1,314425 3,183274 -0,910806 0,265792 2,464196 -0,091537 0,636595 3,303212
-0,089916 -0,076351 3,217053 0,239868 1,314789 3,172228 -0,928965 0,293408 2,458014 -0,069451 0,622229 3,280670
-0,077061 -0,075638 3,206100 0,246070 1,305733 3,159445 -0,890881 0,299341 2,442386 -0,062216 0,621645 3,257606
-0,053611 -0,078151 3,251429 0,254713 1,320680 3,183619 -0,839894 0,397323 2,643170 -0,034017 0,625198 3,258543
-0,027030 -0,079356 3,196565 0,261671 1,316866 3,176261 -0,729633 0,543020 2,561965 -0,026292 0,628799 3,259071
-0,021421 -0,082535 3,206511 0,263006 1,319507 3,158576 -0,705245 0,654399 2,618049 -0,022771 0,630861 3,270825
-0,000268 -0,079287 3,246078 0,264686 1,338789 3,165333 -0,638363 0,975283 2,950039 -0,004671 0,640640 3,306650
0,010897 -0,087071 3,226109 0,269808 1,325755 3,144005 -0,518042 1,066307 2,884893 0,013085 0,634376 3,271425
0,012989 -0,076113 3,223943 0,270267 1,343341 3,149429 -0,470586 1,127682 2,978642 0,002740 0,644138 3,306691
0,018851 -0,080252 3,230155 0,272169 1,346528 3,142967 -0,383800 1,278101 3,276928 0,024104 0,640633 3,306920
