41 12
-0,176571 -0,052921 3,191125 0,229280 1,201943 3,212722 -0,577092 1,097574 3,160798 -0,119801 0,650358 3,301365
-0,171319 -0,054281 3,192847 0,230711 1,196407 3,202590 -0,576108 1,011418 3,067850 -0,115687 0,644796 3,289601
-0,170192 -0,054651 3,196874 0,232686 1,199058 3,200237 -0,546117 0,903226 3,001176 -0,111598 0,639254 3,277841
-0,163875 -0,057958 3,197047 0,228351 1,196792 3,198074 -0,487081 0,796193 2,929150 -0,096336 0,624291 3,232391
-0,169282 -0,057164 3,204762 0,233110 1,197510 3,194706 -0,414427 0,715126 2,899031 -0,097132 0,635915 3,278566
-0,161604 -0,053924 3,222319 0,229171 1,201811 3,207982 -0,339256 0,644908 2,890455 -0,088619 0,623748 3,209885
-0,163992 -0,057898 3,221235 0,232610 1,204587 3,207747 -0,290859 0,620105 2,915909 -0,097351 0,632455 3,278794
-0,154192 -0,060420 3,202397 0,236377 1,200443 3,201498 -0,279625 0,622055 2,897694 -0,079941 0,631205 3,291858
-0,150042 -0,053370 3,209142 0,241819 1,203393 3,204236 -0,319662 0,660230 2,885995 -0,075954 0,632644 3,280130
-0,145973 -0,057026 3,198451 0,248584 1,199005 3,209271 -0,415125 0,708613 2,851319 -0,085560 0,626366 3,243998
-0,140087 -0,050953 3,200197 0,258354 1,197557 3,202658 -0,545555 0,737432 2,818966 -0,068817 0,632697 3,280521
-0,135580 -0,047136 3,196307 0,257855 1,198328 3,205913 -0,691662 0,771793 2,824554 -0,068807 0,639652 3,280594
-0,128540 -0,050405 3,202385 0,267838 1,192711 3,200885 -0,842040 0,771252 2,817450 -0,080349 0,642398 3,315775
-0,126907 -0,048470 3,193742 0,276005 1,202162 3,223983 -0,957653 0,755327 2,818150 -0,058097 0,640388 3,246462
-0,123144 -0,047811 3,204933 0,275082 1,202976 3,228121 -1,054453 0,725981 2,843844 -0,069439 0,643093 3,280896
-0,119791 -0,045561 3,195796 0,280746 1,202914 3,224099 -1,094736 0,677056 2,844225 -0,072613 0,644464 3,269005
-0,120186 -0,051585 3,200269 0,280976 1,201942 3,231640 -1,078892 0,625083 2,879402 -0,072769 0,645218 3,292413
-0,126801 -0,052780 3,210736 0,274799 1,202432 3,226003 -1,005890 0,564154 2,843328 -0,065066 0,644526 3,269123
-0,128068 -0,048308 3,193044 0,269475 1,201598 3,224432 -0,909934 0,527646 2,854588 -0,072979 0,648696 3,292545
-0,137373 -0,051595 3,184592 0,269120 1,208598 3,236320 -0,808042 0,515264 2,885788 -0,072403 0,641009 3,268879
-0,149505 -0,047520 3,199732 0,256543 1,198995 3,204706 -0,715562 0,518103 2,888195 -0,089950 0,645685 3,256263
-0,158627 -0,044429 3,177317 0,253727 1,199836 3,198185 -0,653389 0,533905 2,878389 -0,062602 0,647383 3,304939
-0,166447 -0,044685 3,195522 0,252414 1,200515 3,207963 -0,651517 0,558660 2,897151 -0,079520 0,640952 3,268483
-0,176385 -0,042773 3,196307 0,245399 1,201512 3,203913 -0,710124 0,587179 2,890058 -0,080763 0,653745 3,340020
-0,178165 -0,049430 3,180928 0,245278 1,198390 3,197249 -0,824001 0,612450 2,929267 -0,098292 0,643602 3,302844
-0,180633 -0,046119 3,193055 0,247517 1,200336 3,204883 -0,975711 0,618203 2,946098 -0,098819 0,647869 3,326834
-0,183783 -0,048292 3,188532 0,246686 1,205636 3,212468 -1,112561 0,604341 2,937062 -0,105464 0,643526 3,302352
-0,185924 -0,053269 3,188561 0,243576 1,196651 3,194159 -1,227175 0,585640 2,945614 -0,097772 0,639391 3,279171
-0,186816 -0,049310 3,189364 0,243590 1,193657 3,196386 -1,287111 0,554046 2,982516 -0,108968 0,644831 3,290308
-0,190812 -0,049177 3,189872 0,240341 1,200267 3,204239 -1,297942 0,516817 3,012233 -0,126528 0,650284 3,300429
-0,191475 -0,043539 3,192390 0,241515 1,191473 3,195358 -1,259203 0,485693 2,988204 -0,134126 0,650169 3,300186
-0,193161 -0,051387 3,193650 0,235935 1,201751 3,218246 -1,200342 0,478291 2,969813 -0,129970 0,644615 3,288443
-0,194162 -0,051000 3,179529 0,234605 1,200344 3,213530 -1,115118 0,499606 2,939589 -0,135086 0,650922 3,324177
-0,191757 -0,044518 3,177911 0,221817 1,202538 3,202596 -1,031725 0,553580 2,939153 -0,142293 0,657865 3,323636
-0,195965 -0,051412 3,173386 0,212685 1,200712 3,199153 -0,951910 0,645426 2,956668 -0,141712 0,649982 3,299629
-0,193593 -0,052359 3,177294 0,207880 1,203356 3,198873 -0,852071 0,748482 2,959978 -0,152652 0,648506 3,310531
-0,188456 -0,048522 3,199531 0,201351 1,207304 3,209149 -0,768759 0,855234 2,990435 -0,137326 0,647986 3,288011
-0,190835 -0,053791 3,199626 0,198279 1,200819 3,189437 -0,713114 0,952394 3,058311 -0,119801 0,650358 3,301365
-0,184719 -0,048100 3,198260 0,202605 1,199470 3,195097 -0,668152 1,032328 3,117529 -0,131125 0,655845 3,312546
-0,185204 -0,051093 3,193187 0,204195 1,207097 3,219972 -0,624926 1,095804 3,170786 -0,137326 0,647986 3,288011
-0,185383 -0,050507 3,191786 0,201929 1,209976 3,211922 -0,590444 1,147801 3,221224 -0,120017 0,653827 3,301464
