23 12
-0,038548 -0,040693 3,187594 0,283066 1,341808 3,140060 -0,404962 1,279004 3,169185 -0,019093 0,627571 3,213430
-0,037644 -0,043246 3,169692 0,286820 1,338516 3,141042 -0,389082 1,212147 3,075853 -0,019346 0,628168 3,236164
-0,041359 -0,044350 3,172828 0,291664 1,327429 3,148298 -0,385118 1,105151 2,985960 -0,018907 0,617349 3,213304
-0,043697 -0,041041 3,179957 0,301452 1,339948 3,177758 -0,416191 0,839844 2,755570 -0,011499 0,606630 3,190637
-0,043626 -0,043595 3,194308 0,304265 1,340238 3,176280 -0,421030 0,635943 2,670055 -0,008002 0,611459 3,179626
-0,048981 -0,045071 3,189262 0,308018 1,333250 3,176303 -0,432606 0,531606 2,588438 -0,012072 0,623585 3,191079
-0,049991 -0,042266 3,190182 0,302457 1,311421 3,163797 -0,485383 0,389840 2,357101 -0,002069 0,630148 3,247684
-0,049231 -0,035800 3,194045 0,308540 1,310424 3,177151 -0,508094 0,372526 2,294011 -0,009507 0,649504 3,317675
-0,040942 -0,034430 3,186310 0,305402 1,315280 3,172104 -0,507948 0,361683 2,251685 -0,020047 0,646667 3,282209
-0,028082 -0,043047 3,201669 0,313123 1,317404 3,198308 -0,459188 0,353609 2,424442 -0,009581 0,639624 3,224179
-0,009854 -0,036456 3,167645 0,311807 1,325006 3,210407 -0,428684 0,354486 2,483378 0,022653 0,649420 3,259259
-0,007717 -0,036590 3,170753 0,318008 1,318560 3,211071 -0,413960 0,357619 2,521396 0,015110 0,643136 3,168990
-0,022380 -0,039380 3,142823 0,311575 1,306806 3,196349 -0,447170 0,325236 2,375063 0,004724 0,643150 3,224692
-0,037890 -0,040818 3,174035 0,304532 1,312919 3,192240 -0,521745 0,355642 2,333629 -0,023376 0,648087 3,270687
-0,043418 -0,048086 3,177728 0,298080 1,299748 3,187930 -0,563435 0,371423 2,257441 -0,030609 0,628663 3,201069
-0,043145 -0,045638 3,176214 0,296805 1,297287 3,181674 -0,573423 0,389481 2,252783 -0,030299 0,628129 3,179049
-0,035593 -0,045289 3,157307 0,295247 1,301895 3,188763 -0,563295 0,440838 2,285790 -0,029678 0,624909 3,179507
-0,040162 -0,045383 3,152660 0,296571 1,309311 3,181006 -0,562575 0,509028 2,340449 0,002063 0,631659 3,236613
-0,038569 -0,043072 3,158129 0,292906 1,322124 3,180172 -0,534626 0,703732 2,500658 0,001477 0,623546 3,191143
-0,042653 -0,047137 3,165519 0,286178 1,334902 3,175916 -0,554963 0,920575 2,588245 -0,019146 0,624758 3,236165
-0,049662 -0,053557 3,166974 0,277117 1,330879 3,153802 -0,539018 1,007916 2,671010 -0,019106 0,620750 3,213373
-0,058231 -0,042295 3,153797 0,275725 1,336520 3,163910 -0,487306 1,188199 2,984054 -0,033349 0,624090 3,212994
-0,067563 -0,051873 3,167593 0,269176 1,330374 3,152395 -0,457867 1,214832 3,040182 -0,040331 0,624683 3,235536
