24 12
-0,008219 -0,076092 3,352725 0,342755 1,195145 3,298317 -0,470353 1,312885 3,354383 -0,000506 0,627051 3,391531
-0,002794 -0,078740 3,373813 0,338775 1,191206 3,279804 -0,534809 1,202799 3,150097 -0,011716 0,628530 3,379113
0,000026 -0,082628 3,376139 0,334830 1,188489 3,278241 -0,698931 1,181223 3,277762 -0,019085 0,632765 3,403924
0,007335 -0,083960 3,377268 0,337876 1,187029 3,275774 -0,787587 1,075511 3,192725 -0,019085 0,632765 3,403924
0,005567 -0,076888 3,375382 0,339871 1,191104 3,296515 -0,883194 0,681613 2,804970 -0,008040 0,627718 3,416705
0,003874 -0,075591 3,400984 0,339630 1,191860 3,293238 -0,973124 0,326625 2,834399 -0,008249 0,624122 3,416780
-0,001120 -0,079596 3,376242 0,342145 1,188786 3,295771 -0,974090 0,152156 2,826901 -0,001067 0,620518 3,416893
-0,007009 -0,070887 3,379947 0,341072 1,194842 3,311130 -0,970028 -0,157162 2,907864 -0,008249 0,624122 3,416780
-0,011868 -0,063300 3,369895 0,340486 1,185857 3,311864 -0,896753 -0,351325 2,859703 -0,008036 0,624745 3,442100
-0,019133 -0,059375 3,365721 0,343200 1,187474 3,325873 -0,868887 -0,418281 2,900247 -0,004358 0,615390 3,429278
-0,008824 -0,054290 3,378453 0,339450 1,188457 3,325723 -0,841595 -0,504990 3,042032 -0,008280 0,609707 3,416581
-0,013870 -0,054051 3,355337 0,333234 1,186100 3,316089 -0,798850 -0,508324 3,006744 0,006629 0,621135 3,442407
-0,008792 -0,052423 3,379441 0,330540 1,189831 3,315373 -0,796425 -0,512967 3,016810 0,002674 0,622632 3,429650
-0,008468 -0,055297 3,373571 0,329926 1,190587 3,307024 -0,799255 -0,472584 2,998526 -0,000550 0,621738 3,467976
-0,006552 -0,057701 3,375936 0,333303 1,196394 3,324058 -0,817267 -0,423342 3,002712 0,010142 0,614838 3,404332
-0,006638 -0,054841 3,373665 0,335531 1,188148 3,300156 -0,827779 -0,369645 2,995201 0,006515 0,616923 3,416911
0,003711 -0,056884 3,396387 0,338664 1,197772 3,325426 -0,833000 -0,201981 2,916725 0,006515 0,616923 3,416911
0,016170 -0,062019 3,375545 0,342265 1,184878 3,297937 -0,852843 0,037068 2,931500 0,006761 0,632716 3,468367
0,017660 -0,071892 3,381946 0,340407 1,191366 3,307193 -0,852176 0,178002 2,903574 0,010225 0,626899 3,455405
0,018878 -0,072476 3,394416 0,350623 1,194499 3,325253 -0,850626 0,487746 2,935400 0,006532 0,624132 3,417010
0,017243 -0,074524 3,390705 0,350868 1,186383 3,306848 -0,768645 0,770862 2,832306 0,010046 0,637810 3,455501
0,017704 -0,072075 3,395782 0,359376 1,183565 3,312221 -0,720064 0,898286 2,865671 0,010452 0,637836 3,455541
0,015432 -0,075933 3,373607 0,365382 1,193990 3,339203 -0,623255 1,205141 3,239846 -0,004560 0,629204 3,404325
0,009730 -0,074269 3,380217 0,360151 1,190210 3,328659 -0,466033 1,223567 3,105558 0,002899 0,633493 3,429772
