23 12
-0,033306 -0,096071 3,380521 0,318974 1,339587 3,263139 -0,444340 1,322321 3,259598 -0,004665 0,613721 3,354594
-0,034965 -0,092293 3,396871 0,317465 1,335097 3,268460 -0,489832 1,331238 3,308984 -0,012149 0,614256 3,379097
-0,033881 -0,095400 3,399786 0,317324 1,330061 3,261790 -0,514410 1,332193 3,319978 -0,004871 0,610171 3,354586
-0,033407 -0,095664 3,398047 0,314851 1,329977 3,249988 -0,582284 1,177636 3,076557 -0,004784 0,618418 3,404217
-0,036449 -0,095238 3,408887 0,317161 1,323174 3,262891 -0,713529 1,011744 3,151835 -0,019042 0,603063 3,354024
-0,036086 -0,095474 3,412014 0,316978 1,320183 3,259581 -0,703863 0,806481 2,951746 -0,012149 0,614256 3,379097
-0,041195 -0,091947 3,418048 0,324519 1,316822 3,259056 -0,762697 0,473714 2,822652 -0,012353 0,610665 3,379010
-0,037519 -0,092173 3,419258 0,324011 1,326052 3,282413 -0,733375 0,227337 2,805520 -0,019721 0,614776 3,403829
-0,039286 -0,089196 3,409238 0,323876 1,326002 3,275335 -0,718070 0,132125 2,850916 -0,019626 0,606578 3,354208
-0,034277 -0,094708 3,411713 0,326880 1,329193 3,299170 -0,673015 0,019271 3,109321 -0,012353 0,610665 3,379010
-0,029189 -0,091660 3,414940 0,323267 1,326574 3,298259 -0,615547 -0,019213 3,111723 -0,015821 0,616318 3,391467
-0,030812 -0,092180 3,405108 0,323473 1,323530 3,293643 -0,599722 -0,033897 3,170050 -0,016219 0,616254 3,391306
-0,030629 -0,097166 3,417405 0,320078 1,334522 3,288241 -0,581696 -0,030062 3,267472 -0,015797 0,612194 3,366654
-0,034338 -0,085413 3,422906 0,314299 1,336248 3,291801 -0,600832 -0,016056 3,294656 -0,023164 0,616300 3,391286
-0,037410 -0,084953 3,434691 0,314869 1,334293 3,276328 -0,621577 0,000608 3,289133 -0,012149 0,614256 3,379097
-0,038296 -0,093676 3,416595 0,309926 1,335315 3,277259 -0,662806 0,076160 3,063044 -0,012353 0,610665 3,379010
-0,037589 -0,093333 3,420801 0,308472 1,328503 3,274944 -0,693866 0,302197 2,942729 -0,012353 0,610665 3,379010
-0,034293 -0,092706 3,427856 0,310684 1,338087 3,274486 -0,702591 0,443836 2,859973 -0,012149 0,614256 3,379097
-0,033085 -0,094376 3,423685 0,310551 1,324931 3,279037 -0,718300 0,767733 2,898258 -0,012364 0,603533 3,378918
-0,035943 -0,095166 3,424021 0,311863 1,329165 3,273082 -0,648057 0,946597 2,805629 -0,012353 0,610665 3,379010
-0,034922 -0,094610 3,428860 0,315820 1,321144 3,262839 -0,618518 1,040212 2,855154 -0,012149 0,614256 3,379097
-0,037760 -0,091690 3,419774 0,325284 1,321614 3,280190 -0,546784 1,261563 3,160518 -0,016026 0,612714 3,391381
-0,045064 -0,092031 3,411655 0,327470 1,323616 3,288983 -0,465036 1,272025 3,114847 -0,012162 0,607122 3,379006
