21 12
-0,022047 -0,074924 3,354146 0,366236 1,176025 3,308178 -0,444848 1,323079 3,365808 -0,011912 0,632109 3,379284
-0,013260 -0,072169 3,375895 0,368944 1,183318 3,323930 -0,544778 1,163089 3,046744 0,002949 0,635685 3,379471
-0,014237 -0,076377 3,381749 0,375330 1,177781 3,308233 -0,860010 1,071159 3,321753 0,002736 0,632125 3,379538
-0,010302 -0,071234 3,370382 0,378810 1,177235 3,309436 -0,981432 0,839392 3,230171 -0,004649 0,620810 3,354680
-0,010563 -0,076836 3,372630 0,384428 1,175846 3,307741 -1,034760 0,315666 2,881584 0,010178 0,629210 3,404523
-0,011470 -0,074716 3,396634 0,383345 1,174785 3,304358 -1,006571 -0,068200 2,878579 0,010178 0,629210 3,404523
-0,009274 -0,073374 3,377766 0,384649 1,180509 3,315989 -0,972139 -0,208597 2,918194 0,010507 0,629862 3,429697
-0,005298 -0,072238 3,367291 0,383957 1,181519 3,314904 -0,925802 -0,409605 3,170978 0,013746 0,612765 3,391831
-0,003264 -0,062190 3,352771 0,381341 1,185508 3,319184 -0,829506 -0,464475 3,077243 0,013953 0,616334 3,391776
0,007546 -0,060874 3,351806 0,382052 1,187253 3,320876 -0,807516 -0,495803 3,104744 0,017535 0,614262 3,379355
0,017649 -0,062833 3,371925 0,372821 1,190722 3,317648 -0,801687 -0,494325 3,100746 0,028207 0,615758 3,367161
0,022883 -0,065806 3,343239 0,373569 1,187326 3,299769 -0,824145 -0,449195 3,096663 0,032452 0,618387 3,404373
0,024215 -0,065774 3,352206 0,372710 1,182261 3,288135 -0,840141 -0,387877 3,079115 0,024461 0,614260 3,379490
0,039480 -0,070782 3,373663 0,376964 1,188632 3,298317 -0,858353 -0,177096 2,918262 0,036097 0,624093 3,417114
0,049581 -0,074402 3,348360 0,378514 1,188013 3,300121 -0,852719 0,127115 2,858391 0,039843 0,625552 3,404440
0,056978 -0,070626 3,355876 0,383150 1,186542 3,293393 -0,840329 0,300430 2,842385 0,046831 0,632729 3,404539
0,057709 -0,071555 3,367786 0,391021 1,192040 3,321921 -0,829213 0,681114 2,992683 0,031821 0,628522 3,379657
0,050594 -0,076330 3,382699 0,399351 1,184905 3,310681 -0,692784 0,917993 2,858124 0,031821 0,628522 3,379657
0,045734 -0,072495 3,383104 0,402816 1,183714 3,319712 -0,632962 1,016488 2,912992 0,028248 0,629988 3,367332
0,031502 -0,074702 3,367807 0,405915 1,182159 3,310556 -0,513733 1,278034 3,308145 0,032034 0,632096 3,379699
0,025686 -0,078906 3,381632 0,407461 1,192427 3,332409 -0,380687 1,271121 3,214935 0,032034 0,632096 3,379699
