47 12
-0,056812 -0,084238 3,245585 0,339625 1,177625 3,265467 -0,471464 1,304887 3,229659 -0,041253 0,616563 3,329419
-0,055754 -0,081611 3,243843 0,345306 1,175454 3,274863 -0,523363 1,257588 3,144636 -0,052012 0,622117 3,341170
-0,057825 -0,088065 3,241816 0,340418 1,170721 3,248687 -0,593394 1,184932 3,041440 -0,041056 0,613069 3,329392
-0,060346 -0,083901 3,258374 0,339000 1,171079 3,253354 -0,661619 1,077775 2,928224 -0,048065 0,609001 3,305126
-0,066008 -0,079485 3,259474 0,344828 1,182344 3,271837 -0,710505 0,908383 2,800655 -0,055503 0,620035 3,328897
-0,066228 -0,082335 3,265581 0,345997 1,176463 3,268177 -0,732103 0,730362 2,726751 -0,048056 0,615994 3,305203
-0,071627 -0,084076 3,265922 0,337068 1,195855 3,284346 -0,724445 0,557072 2,676486 -0,040698 0,612000 3,281791
-0,070645 -0,080962 3,272722 0,343050 1,175481 3,268248 -0,680005 0,412268 2,639189 -0,040698 0,612000 3,281791
-0,077684 -0,082437 3,279776 0,337444 1,180947 3,265848 -0,612464 0,302315 2,636538 -0,030115 0,608972 3,224212
-0,074896 -0,076756 3,274984 0,339362 1,185679 3,279817 -0,518898 0,222620 2,641834 -0,034752 0,645365 3,353744
-0,083513 -0,081958 3,267544 0,341369 1,164544 3,253860 -0,408798 0,180119 2,649631 -0,028117 0,643449 3,303858
-0,083078 -0,098700 3,274844 0,342207 1,176450 3,282274 -0,303860 0,170948 2,668590 -0,042443 0,652231 3,352858
-0,093671 -0,098519 3,285174 0,333816 1,184339 3,289794 -0,238620 0,177578 2,682192 -0,020468 0,639519 3,281387
-0,093261 -0,093268 3,298870 0,341485 1,170367 3,279992 -0,231644 0,172311 2,691580 -0,031343 0,647681 3,269061
-0,087928 -0,103224 3,271122 0,339903 1,182259 3,290574 -0,278157 0,161729 2,673480 -0,041562 0,631170 3,234421
-0,066889 -0,094426 3,234392 0,346487 1,166985 3,275242 -0,367910 0,147357 2,629240 -0,027704 0,643705 3,304922
-0,071272 -0,080297 3,251004 0,344394 1,173960 3,280421 -0,486254 0,136998 2,590364 -0,045388 0,629634 3,245318
-0,069413 -0,080599 3,262419 0,350583 1,179955 3,309311 -0,610220 0,137541 2,552071 -0,056239 0,639046 3,378001
-0,067569 -0,083214 3,273215 0,356367 1,163004 3,287684 -0,746407 0,148515 2,551678 -0,058735 0,609275 3,245941
-0,062646 -0,085492 3,267806 0,354922 1,165264 3,290269 -0,841468 0,171648 2,554819 -0,040888 0,622400 3,281887
-0,057542 -0,083786 3,263738 0,358672 1,176068 3,320778 -0,871697 0,176634 2,565313 -0,041698 0,622144 3,281069
-0,055128 -0,085863 3,259385 0,357348 1,163405 3,294164 -0,839368 0,163309 2,571337 -0,037647 0,620290 3,270017
-0,059600 -0,083519 3,260071 0,356898 1,165186 3,290969 -0,763283 0,154868 2,574629 -0,026791 0,632850 3,282338
-0,070794 -0,081482 3,258598 0,350352 1,159242 3,265140 -0,659652 0,146669 2,573298 -0,034075 0,629989 3,305757
-0,073539 -0,074125 3,256252 0,348587 1,171553 3,282708 -0,548458 0,143144 2,584584 -0,034481 0,636863 3,305406
-0,081347 -0,083523 3,230750 0,341672 1,174641 3,281123 -0,447666 0,153810 2,618603 -0,042314 0,639174 3,279841
-0,083710 -0,093923 3,222458 0,339831 1,160670 3,248828 -0,361195 0,170914 2,644691 -0,048830 0,628322 3,257189
-0,094798 -0,093619 3,249570 0,337575 1,181172 3,281305 -0,318929 0,186639 2,661363 -0,038203 0,638158 3,293130
-0,091827 -0,091885 3,235294 0,334612 1,173795 3,274626 -0,329254 0,184653 2,665138 -0,035097 0,640052 3,304219
-0,089691 -0,086961 3,218425 0,339764 1,178925 3,279443 -0,394873 0,174108 2,642548 -0,066195 0,624712 3,198562
-0,093255 -0,082207 3,241131 0,344308 1,172174 3,279141 -0,492162 0,162495 2,606338 -0,031132 0,630460 3,269357
-0,088105 -0,082522 3,247542 0,348597 1,181027 3,282084 -0,606845 0,165399 2,576169 -0,040550 0,614363 3,235428
-0,079710 -0,078370 3,254143 0,352602 1,162831 3,271722 -0,725971 0,171702 2,562134 -0,054457 0,617746 3,234918
-0,073506 -0,084328 3,246572 0,357644 1,174262 3,283805 -0,822988 0,189091 2,573765 -0,037392 0,624458 3,293816
-0,075316 -0,081019 3,257570 0,350952 1,173287 3,275675 -0,882763 0,204816 2,584203 -0,048024 0,614826 3,258128
-0,069441 -0,084651 3,252208 0,356000 1,165190 3,273639 -0,906959 0,234313 2,614822 -0,037102 0,609486 3,246984
-0,065631 -0,080498 3,252362 0,357874 1,175143 3,275177 -0,905167 0,276178 2,626644 -0,048475 0,623570 3,329234
-0,061585 -0,078956 3,241241 0,354685 1,173223 3,266860 -0,887545 0,351433 2,639480 -0,034081 0,622989 3,305680
-0,056468 -0,083970 3,250778 0,352106 1,178630 3,264848 -0,859344 0,455186 2,653418 -0,040372 0,597246 3,235284
-0,051915 -0,088673 3,246141 0,358849 1,177424 3,266426 -0,821016 0,574247 2,665264 -0,026597 0,613123 3,329859
-0,043753 -0,082187 3,247174 0,351531 1,182697 3,262404 -0,789480 0,722690 2,728837 -0,033685 0,616058 3,305721
-0,044388 -0,081677 3,253856 0,347626 1,179094 3,246936 -0,761461 0,894406 2,821294 -0,033685 0,616058 3,305721
-0,039694 -0,080232 3,247385 0,346348 1,183514 3,248370 -0,704708 1,027019 2,899996 -0,033489 0,612571 3,305624
-0,034335 -0,083289 3,247775 0,348905 1,176464 3,237510 -0,637833 1,111372 2,972237 -0,034088 0,615992 3,305601
-0,030455 -0,084025 3,253565 0,344664 1,174701 3,235130 -0,579626 1,190391 3,069441 -0,034088 0,615992 3,305601
-0,028574 -0,080526 3,238539 0,349755 1,176248 3,253012 -0,525274 1,237339 3,166476 -0,023273 0,614009 3,294015
-0,029882 -0,084976 3,233657 0,345149 1,181771 3,251288 -0,475962 1,268009 3,237717 -0,022677 0,610596 3,294067
