24 12
-0,077635 -0,078595 3,341165 0,201426 1,314191 3,186006 -0,534100 1,071177 3,116096 -0,110337 0,636483 3,362285
-0,066877 -0,085670 3,339743 0,216604 1,326751 3,203711 -0,594361 0,740177 2,863799 -0,097250 0,645227 3,413402
-0,051417 -0,086460 3,318148 0,230558 1,317424 3,178325 -0,596480 0,563658 2,861491 -0,074333 0,636781 3,364756
-0,042746 -0,083298 3,322808 0,235267 1,317690 3,179500 -0,599397 0,541205 2,853586 -0,070661 0,642547 3,377347
-0,017782 -0,083157 3,344023 0,248300 1,329033 3,206619 -0,612131 0,614168 2,737200 -0,048941 0,647035 3,403353
0,004555 -0,081167 3,292722 0,259398 1,314144 3,168991 -0,632511 0,831074 2,689017 -0,022780 0,632850 3,342239
0,015137 -0,082566 3,306217 0,270340 1,310901 3,172556 -0,624483 0,908546 2,695152 -0,004704 0,626634 3,306499
0,031841 -0,082718 3,316797 0,289470 1,329537 3,208702 -0,594202 0,912930 2,751209 -0,004616 0,634997 3,354851
0,044299 -0,079480 3,297701 0,304124 1,312665 3,180949 -0,573447 0,738288 2,733034 0,010179 0,645638 3,355069
0,049466 -0,078609 3,280406 0,314247 1,312669 3,184017 -0,559991 0,642860 2,709242 0,020370 0,632209 3,318780
0,050050 -0,079275 3,282327 0,319643 1,319014 3,183338 -0,565019 0,514564 2,757358 0,031343 0,641338 3,330904
0,065136 -0,078436 3,262252 0,323407 1,316418 3,166155 -0,572472 0,521354 2,764259 0,046012 0,637771 3,330774
0,072710 -0,071840 3,257481 0,327087 1,317321 3,173996 -0,588607 0,583406 2,751394 0,045684 0,640575 3,306830
0,083576 -0,074811 3,278216 0,330214 1,323571 3,179903 -0,608559 0,780677 2,736636 0,046230 0,641281 3,330744
0,095073 -0,073765 3,269584 0,334839 1,317618 3,166101 -0,624339 0,971216 2,713678 0,075138 0,634082 3,330175
0,095894 -0,071340 3,255051 0,337654 1,324193 3,158812 -0,613341 1,024968 2,749491 0,071612 0,646841 3,342544
0,109180 -0,072527 3,285197 0,349767 1,324464 3,173882 -0,575384 1,054583 2,879314 0,078536 0,646017 3,318184
0,110010 -0,080760 3,264703 0,353245 1,326260 3,168675 -0,525684 1,013602 2,859537 0,085126 0,634745 3,294064
0,110320 -0,074252 3,285527 0,354915 1,320985 3,157355 -0,497971 1,021523 2,905909 0,086312 0,643185 3,342068
0,112883 -0,077237 3,293998 0,353522 1,333111 3,172526 -0,440126 1,118812 3,087070 0,094212 0,647432 3,366313
0,104123 -0,077326 3,301132 0,353231 1,330890 3,168075 -0,376113 1,156201 3,054361 0,089436 0,644570 3,329898
0,105655 -0,077106 3,292532 0,349542 1,331239 3,159961 -0,344189 1,180519 3,120056 0,090250 0,645302 3,354154
0,103384 -0,079850 3,296578 0,346331 1,330652 3,158496 -0,293522 1,250183 3,232907 0,096005 0,640267 3,305642
0,100218 -0,076274 3,318198 0,347662 1,335122 3,165566 -0,321255 1,272511 3,282293 0,089848 0,644516 3,329760
