23 12
-0,100431 -0,088064 3,335802 0,240799 1,313048 3,217908 -0,530222 1,216100 3,124460 -0,092509 0,630907 3,351329
-0,108316 -0,094238 3,365977 0,240396 1,312451 3,223413 -0,581964 1,108188 3,119574 -0,103680 0,632909 3,362891
-0,115067 -0,087460 3,350210 0,236383 1,312383 3,233080 -0,582182 0,978742 3,037942 -0,111370 0,640723 3,387251
-0,117233 -0,088562 3,363692 0,232978 1,315820 3,222835 -0,593079 0,756711 2,912528 -0,114914 0,634912 3,374465
-0,124424 -0,095105 3,361679 0,223006 1,310515 3,231696 -0,588555 0,574640 2,905579 -0,123106 0,642641 3,398798
-0,126662 -0,094562 3,369042 0,223399 1,316247 3,224868 -0,582579 0,512079 2,913185 -0,115521 0,638234 3,373931
-0,130839 -0,089498 3,371345 0,222810 1,310964 3,227479 -0,599575 0,411449 2,854301 -0,120420 0,632716 3,301090
-0,131988 -0,087580 3,380353 0,221935 1,308945 3,240215 -0,638104 0,360573 2,826085 -0,133191 0,639521 3,360510
-0,137498 -0,085841 3,369541 0,217399 1,305900 3,243011 -0,666653 0,347710 2,753696 -0,130112 0,638049 3,372831
-0,139377 -0,089257 3,378848 0,209486 1,307205 3,236749 -0,691761 0,317287 2,618978 -0,140649 0,635764 3,359597
-0,134356 -0,086660 3,367177 0,205819 1,309307 3,250569 -0,665690 0,277971 2,642802 -0,144892 0,641293 3,371336
-0,133914 -0,085979 3,361133 0,210007 1,311598 3,265355 -0,647912 0,269928 2,699335 -0,152006 0,652004 3,371179
-0,130435 -0,085047 3,349283 0,208395 1,298236 3,253789 -0,633407 0,259257 2,787420 -0,157681 0,639613 3,321316
-0,143994 -0,083181 3,378736 0,209727 1,309833 3,282117 -0,663245 0,244761 2,768907 -0,165986 0,640079 3,344429
-0,149836 -0,091398 3,376971 0,203505 1,300766 3,263026 -0,698593 0,226120 2,693752 -0,176755 0,645941 3,356525
-0,160333 -0,093589 3,364853 0,193871 1,299063 3,252729 -0,739844 0,244496 2,511157 -0,188534 0,640551 3,367046
-0,159297 -0,096414 3,371209 0,194440 1,290357 3,238889 -0,746445 0,282530 2,552144 -0,179649 0,640270 3,343982
-0,158727 -0,096695 3,362838 0,195567 1,293738 3,254213 -0,747185 0,322936 2,574225 -0,188329 0,637110 3,367284
-0,159557 -0,092518 3,364323 0,195400 1,301494 3,265089 -0,742229 0,502859 2,643931 -0,190310 0,630697 3,330207
-0,158376 -0,094884 3,352164 0,196711 1,313809 3,254743 -0,767257 0,774765 2,672898 -0,189701 0,627437 3,330525
-0,157239 -0,098961 3,335198 0,193901 1,306991 3,259002 -0,740429 0,901727 2,700779 -0,196890 0,627300 3,329683
-0,166309 -0,087473 3,322978 0,188996 1,302226 3,233873 -0,678459 1,202689 3,032320 -0,194276 0,636371 3,342190
-0,176873 -0,090746 3,340666 0,190177 1,308593 3,234344 -0,614923 1,301634 3,120636 -0,197121 0,637803 3,329794
