26 12
-0,166161 -0,099734 3,441802 0,202611 1,321807 3,302870 -0,603390 1,204387 3,230638 -0,109209 0,615340 3,450403
-0,167684 -0,090143 3,453154 0,204729 1,320285 3,311096 -0,615672 1,089499 3,139344 -0,115979 0,603857 3,424125
-0,171746 -0,092727 3,446550 0,202861 1,324340 3,325783 -0,624612 0,784290 2,965021 -0,109007 0,604468 3,450183
-0,170994 -0,092937 3,459796 0,206002 1,325686 3,312006 -0,568115 0,526174 2,874929 -0,115783 0,607501 3,424128
-0,169191 -0,090494 3,453698 0,204440 1,326903 3,302688 -0,549509 0,437670 2,833745 -0,123559 0,607331 3,423574
-0,170450 -0,092726 3,477384 0,197658 1,301216 3,314414 -0,549227 0,331587 2,715012 -0,116374 0,610959 3,424082
-0,168835 -0,090939 3,481857 0,194992 1,318804 3,310427 -0,532568 0,303702 2,617088 -0,114478 0,617806 3,488771
-0,166679 -0,085430 3,482939 0,201517 1,312510 3,291795 -0,532843 0,292721 2,590889 -0,109798 0,618777 3,450074
-0,152701 -0,089330 3,462214 0,217529 1,325369 3,349359 -0,502079 0,255746 2,735337 -0,111064 0,634748 3,502511
-0,141856 -0,091269 3,437369 0,225325 1,310136 3,340350 -0,485999 0,247337 2,802535 -0,110815 0,630151 3,475459
-0,137597 -0,092706 3,440965 0,226522 1,325188 3,349810 -0,471145 0,233468 2,833524 -0,100247 0,640683 3,516319
-0,138456 -0,089936 3,437040 0,230411 1,316360 3,346177 -0,470895 0,210245 2,784203 -0,096004 0,642289 3,503638
-0,145694 -0,098441 3,454671 0,233039 1,324115 3,359463 -0,451858 0,207308 2,657276 -0,103731 0,638418 3,502766
-0,145901 -0,098185 3,450181 0,226749 1,308419 3,340447 -0,468854 0,214843 2,573913 -0,110631 0,633934 3,475924
-0,147483 -0,096110 3,464330 0,222414 1,314624 3,336860 -0,487739 0,237084 2,517686 -0,107991 0,636778 3,515341
-0,134925 -0,096217 3,448911 0,227332 1,310298 3,327883 -0,518109 0,288270 2,594575 -0,098726 0,624752 3,464052
-0,128109 -0,095386 3,443405 0,236640 1,310716 3,329833 -0,529656 0,335411 2,629228 -0,091961 0,625387 3,490387
-0,118098 -0,099494 3,453292 0,241629 1,322782 3,341594 -0,552253 0,469353 2,637627 -0,083790 0,617585 3,464837
-0,109220 -0,101876 3,420493 0,239212 1,318437 3,310811 -0,610821 0,654283 2,719026 -0,060180 0,598708 3,414771
-0,104675 -0,100605 3,428562 0,236925 1,318263 3,310356 -0,647236 0,757094 2,763271 -0,048805 0,593173 3,402528
-0,097764 -0,101624 3,423899 0,231741 1,321359 3,289874 -0,657182 0,952512 2,909212 -0,052547 0,594720 3,389979
-0,093801 -0,102571 3,407026 0,240166 1,321796 3,278385 -0,646758 1,059700 2,941716 -0,048987 0,603922 3,402751
-0,090079 -0,107553 3,400499 0,241144 1,323328 3,294991 -0,634372 1,114408 2,982758 -0,060174 0,605908 3,414875
-0,080654 -0,101272 3,420486 0,246362 1,326715 3,295639 -0,588727 1,266937 3,206186 -0,056625 0,607989 3,427737
-0,078404 -0,098016 3,410552 0,250358 1,321719 3,278909 -0,510210 1,284626 3,178194 -0,034266 0,603985 3,403292
-0,070782 -0,102120 3,408566 0,253406 1,322220 3,272815 -0,473667 1,312627 3,233318 -0,034465 0,600370 3,403221
