28 12
-0,000165 -0,085062 3,421294 0,323477 1,324463 3,315204 -0,432298 1,270912 3,310045 0,046927 0,611696 3,429431
0,001898 -0,092139 3,436655 0,328313 1,317311 3,308996 -0,449803 1,241068 3,275885 0,046908 0,604468 3,429332
0,003843 -0,080761 3,429752 0,325535 1,314290 3,308722 -0,534683 1,169764 3,354133 0,040049 0,619567 3,455311
0,003949 -0,086464 3,436864 0,333153 1,307876 3,296579 -0,545805 1,047804 3,263288 0,047093 0,600872 3,429380
-0,002503 -0,081957 3,424728 0,333781 1,317960 3,312587 -0,560533 0,725242 3,112087 0,047298 0,604487 3,429440
-0,000903 -0,089265 3,426704 0,335137 1,314271 3,306069 -0,556961 0,595366 3,154148 0,043767 0,606561 3,442258
0,008861 -0,083252 3,419284 0,341458 1,308685 3,296229 -0,612926 0,603753 3,240298 0,039910 0,611739 3,429600
0,020804 -0,082575 3,442492 0,339638 1,317510 3,303405 -0,786280 0,527768 2,941467 0,062423 0,619480 3,455006
0,028554 -0,079418 3,430864 0,351390 1,313475 3,302680 -1,005117 0,480148 3,199212 0,058687 0,610652 3,467770
0,029397 -0,078856 3,430603 0,354144 1,313870 3,309678 -0,933742 0,420296 3,098933 0,058658 0,613756 3,442173
0,020432 -0,080424 3,413610 0,348530 1,315175 3,306806 -0,841902 0,407991 3,412688 0,047135 0,615329 3,429576
0,018680 -0,077527 3,413100 0,347170 1,324624 3,323591 -0,691151 0,411528 3,216401 0,047321 0,611715 3,429538
0,019378 -0,078413 3,417984 0,345151 1,312402 3,295437 -0,744792 0,450305 3,325123 0,050645 0,613230 3,416831
0,027530 -0,076222 3,429070 0,340563 1,324210 3,296205 -0,875632 0,413500 3,036041 0,066583 0,617935 3,467865
0,030132 -0,074283 3,415477 0,342082 1,317627 3,288203 -1,164883 0,393463 3,331586 0,069879 0,619440 3,454844
0,033013 -0,071471 3,432444 0,345189 1,315794 3,292500 -1,160390 0,368278 3,311677 0,066609 0,625242 3,467971
0,030079 -0,075524 3,425630 0,349462 1,320601 3,302683 -1,166083 0,330019 3,373367 0,058918 0,621626 3,468039
0,030324 -0,074303 3,425805 0,352331 1,311490 3,300399 -1,113803 0,330260 3,282314 0,065905 0,617347 3,442057
0,025667 -0,082454 3,418381 0,349944 1,319081 3,304383 -1,097728 0,357954 3,245858 0,062608 0,615839 3,454980
0,028797 -0,079325 3,412441 0,346295 1,315114 3,294396 -1,060590 0,469321 3,296146 0,058472 0,617383 3,442202
0,029119 -0,082128 3,404675 0,345169 1,324175 3,305864 -0,969388 0,581078 3,160238 0,059046 0,613707 3,441952
0,028809 -0,078372 3,410248 0,342186 1,314595 3,299274 -0,922313 0,648491 3,130501 0,061957 0,615266 3,429348
0,030041 -0,079231 3,410793 0,346932 1,326022 3,309982 -0,890298 0,847677 3,303438 0,061957 0,615266 3,429348
0,024628 -0,075796 3,415381 0,351267 1,309673 3,300540 -0,757143 0,942453 3,131501 0,054966 0,619514 3,455138
0,025567 -0,075102 3,423484 0,348925 1,312394 3,304476 -0,695918 1,011384 3,149239 0,058472 0,617383 3,442202
0,016956 -0,074374 3,422446 0,340933 1,314186 3,294868 -0,604519 1,218568 3,397306 0,055609 0,624409 3,507368
0,014099 -0,078061 3,432899 0,340594 1,315065 3,302458 -0,436830 1,215824 3,201349 0,047710 0,611669 3,429300
0,013416 -0,082467 3,406944 0,343006 1,315456 3,294860 -0,390353 1,256987 3,248519 0,058633 0,606503 3,442073
