26 12
-0,114218 -0,078401 3,256864 0,302147 1,123663 3,010742 -0,477218 1,189448 3,093758 -0,047618 0,614894 3,258219
-0,111186 -0,084099 3,266071 0,340307 1,075641 2,935996 -0,492795 1,116836 2,994150 -0,077373 0,620493 3,351980
-0,112481 -0,080284 3,288963 0,387397 0,969247 2,866801 -0,519500 0,910888 2,811939 -0,069963 0,605866 3,328036
-0,109520 -0,082942 3,287094 0,411394 0,782718 2,768892 -0,451533 0,709830 2,696126 -0,062824 0,615838 3,304505
-0,102177 -0,084036 3,292646 0,397462 0,711623 2,779773 -0,420021 0,628503 2,670788 -0,059960 0,619053 3,365159
-0,099873 -0,084864 3,301495 0,314159 0,604271 2,697852 -0,350070 0,567226 2,801809 -0,063646 0,613362 3,352513
-0,100776 -0,089927 3,286028 0,203651 0,599576 2,871043 -0,208066 0,532860 2,643655 -0,079417 0,618542 3,426566
-0,099501 -0,083287 3,310241 0,138687 0,595837 2,824040 -0,134688 0,546622 2,662428 -0,064349 0,626667 3,453262
-0,098776 -0,086788 3,303175 0,058463 0,604192 2,668530 -0,056834 0,570375 2,771065 -0,061095 0,633199 3,492600
-0,095773 -0,084158 3,302021 0,090323 0,569991 2,682667 -0,102824 0,579637 2,829273 -0,049443 0,626754 3,453932
-0,099747 -0,086536 3,301737 0,141413 0,562659 2,643583 -0,150322 0,561995 2,836500 -0,069190 0,633829 3,518735
-0,100439 -0,088538 3,294707 0,270137 0,593527 2,802734 -0,255979 0,501373 2,689977 -0,060159 0,615438 3,364949
-0,099601 -0,085961 3,295163 0,288268 0,594077 2,760678 -0,304705 0,492853 2,731010 -0,075525 0,638101 3,414391
-0,105156 -0,082645 3,306125 0,278872 0,616906 2,812784 -0,288416 0,493370 2,693865 -0,059762 0,615542 3,365193
-0,099231 -0,085971 3,296351 0,202411 0,594128 2,697464 -0,205188 0,564489 2,827750 -0,068654 0,636031 3,466084
-0,104307 -0,099013 3,279637 0,126355 0,612576 2,744763 -0,095345 0,593182 2,698755 -0,077919 0,625820 3,516356
-0,102240 -0,097326 3,280601 0,104851 0,598875 2,693420 -0,069312 0,627220 2,760835 -0,073949 0,620858 3,530804
-0,100978 -0,083998 3,295207 0,106954 0,610307 2,699996 -0,070590 0,642066 2,768132 -0,060779 0,628845 3,466403
-0,103579 -0,085989 3,288069 0,147182 0,609552 2,678818 -0,155185 0,669894 2,865683 -0,072776 0,631600 3,505215
-0,106485 -0,089111 3,293400 0,195507 0,627892 2,670554 -0,221414 0,684509 2,898923 -0,048569 0,618288 3,402715
-0,109456 -0,084605 3,280382 0,318886 0,738662 2,823178 -0,352359 0,718658 2,693084 -0,069767 0,602364 3,327905
-0,109423 -0,080552 3,284653 0,373367 0,854878 2,752898 -0,530044 0,919025 2,906422 -0,067308 0,614755 3,339966
-0,110606 -0,080558 3,277882 0,397986 0,956177 2,840061 -0,568032 0,988326 2,914981 -0,063333 0,616339 3,328299
-0,112457 -0,080237 3,271108 0,425486 1,115870 2,988025 -0,570338 1,168031 3,055629 -0,070355 0,626910 3,328235
-0,110181 -0,081607 3,260584 0,357268 1,244049 3,237379 -0,541693 1,234110 3,096738 -0,070355 0,626910 3,328235
-0,109907 -0,081670 3,259459 0,314873 1,261063 3,287441 -0,495565 1,251407 3,132787 -0,084799 0,626793 3,327458
