21 12
-0,075943 -0,049233 3,318143 0,268323 1,322756 3,233004 -0,452203 1,131467 2,932194 -0,058889 0,617371 3,292904
-0,084822 -0,049563 3,337294 0,272457 1,311657 3,236945 -0,406541 1,030309 2,730000 -0,054698 0,612954 3,328027
-0,091856 -0,060493 3,326995 0,264970 1,318189 3,232614 -0,398952 0,955478 2,630618 -0,047675 0,602020 3,304832
-0,092334 -0,051443 3,319937 0,271268 1,313673 3,256685 -0,423730 0,758820 2,457794 -0,032660 0,598865 3,327935
-0,092472 -0,051368 3,316775 0,273020 1,299745 3,242105 -0,398814 0,522618 2,417246 -0,030257 0,622215 3,341957
-0,091354 -0,048447 3,312095 0,286654 1,315826 3,269031 -0,406168 0,422262 2,447731 -0,030945 0,631956 3,317388
-0,077283 -0,052545 3,324158 0,285687 1,312885 3,262332 -0,369131 0,357357 2,699780 -0,038358 0,635349 3,316892
-0,061423 -0,061012 3,284479 0,283421 1,305496 3,250960 -0,393147 0,448249 2,789508 -0,040888 0,622400 3,281887
-0,056907 -0,057835 3,294838 0,285846 1,302994 3,272022 -0,396427 0,508848 2,772802 -0,041245 0,623605 3,329503
-0,060746 -0,055386 3,295176 0,281335 1,314878 3,250264 -0,439571 0,588239 2,540208 -0,033674 0,623055 3,305797
-0,073341 -0,059716 3,315472 0,277753 1,308536 3,248073 -0,474082 0,640720 2,486374 -0,044169 0,610517 3,293359
-0,075988 -0,065973 3,318287 0,273238 1,306084 3,246567 -0,475216 0,594773 2,447022 -0,034081 0,622989 3,305679
-0,084623 -0,062844 3,302036 0,269840 1,313540 3,236344 -0,443644 0,479326 2,559314 -0,038113 0,625596 3,341473
-0,083528 -0,057272 3,298085 0,270686 1,318267 3,237687 -0,450162 0,448300 2,702895 -0,048639 0,625669 3,281180
-0,078446 -0,059564 3,292046 0,272846 1,315210 3,236062 -0,448315 0,491114 2,798237 -0,059373 0,624914 3,316706
-0,072972 -0,056099 3,301200 0,267582 1,316939 3,230450 -0,444154 0,656991 2,856735 -0,066175 0,617920 3,316355
-0,070269 -0,063421 3,287541 0,266937 1,326206 3,223096 -0,516919 0,917576 2,929285 -0,073381 0,610854 3,315901
-0,074969 -0,057321 3,295319 0,268225 1,314613 3,235757 -0,536160 1,008621 2,952438 -0,077383 0,619169 3,303692
-0,069586 -0,059375 3,284084 0,263719 1,315048 3,223455 -0,495143 1,202986 3,164458 -0,062925 0,630528 3,328698
-0,074966 -0,062228 3,294554 0,261690 1,320989 3,239706 -0,438708 1,234009 3,165049 -0,062824 0,615838 3,304505
-0,080375 -0,062314 3,305962 0,260677 1,321072 3,223763 -0,424423 1,271217 3,249504 -0,066912 0,621954 3,340440
