23 12
0,025799 -0,092820 3,306891 0,391725 1,237329 3,019574 -0,494403 1,329351 3,409775 0,024610 0,603072 3,354661
0,028575 -0,097824 3,334834 0,746869 1,244745 3,289077 -0,696643 1,009972 2,889163 0,009853 0,599556 3,354623
0,023702 -0,093179 3,339182 0,932837 0,664776 2,572429 -1,156203 0,824086 3,342906 0,024945 0,588846 3,354071
0,023886 -0,103990 3,327176 1,030402 0,463127 2,621904 -1,213105 0,563527 3,175477 0,028232 0,576348 3,342024
0,023267 -0,101028 3,313421 1,141272 0,093021 2,779649 -1,237107 0,155624 3,118953 0,035945 0,576591 3,366187
0,016334 -0,106562 3,321922 1,143383 -0,107123 2,886034 -1,179376 -0,060047 3,086920 0,028429 0,566009 3,366305
0,011404 -0,095896 3,328049 1,139198 -0,130527 2,863545 -1,174640 -0,074066 3,145954 0,020958 0,569314 3,341915
0,007783 -0,099729 3,303713 1,181377 0,025384 2,890764 -1,199039 0,044804 3,084757 0,024521 0,574762 3,354328
0,003660 -0,091290 3,320591 1,141678 0,372821 2,827608 -1,202825 0,361091 3,036751 0,024364 0,585383 3,354542
0,001833 -0,090363 3,337120 1,105138 0,582532 2,913638 -1,144964 0,524141 2,910124 0,017308 0,603574 3,379319
0,004268 -0,091431 3,328425 0,916158 0,829697 2,803891 -1,089762 0,825242 3,143286 0,002667 0,603579 3,379177
-0,001791 -0,094190 3,335666 0,935045 0,754201 2,754709 -1,164670 0,736799 3,200691 -0,004236 0,600441 3,403613
0,003298 -0,099025 3,337970 1,000319 0,634281 2,704443 -1,210981 0,575433 3,127317 0,006706 0,586913 3,341711
-0,004937 -0,106641 3,308249 1,172535 0,328847 2,872588 -1,252895 0,244358 3,016051 0,017429 0,578624 3,378909
-0,005191 -0,105917 3,311927 1,179394 0,086469 2,916810 -1,237403 0,058238 3,059497 0,010131 0,564151 3,353917
-0,006723 -0,096933 3,316845 1,179698 0,034121 2,919427 -1,236252 0,037835 3,122112 0,006398 0,576698 3,366450
-0,009530 -0,091788 3,320188 1,170828 0,098034 2,919272 -1,236536 0,132810 3,088434 -0,000567 0,579863 3,341509
-0,007774 -0,087928 3,325794 1,155208 0,357563 2,919897 -1,193372 0,398863 3,001970 0,002633 0,589323 3,378996
-0,010420 -0,093732 3,339787 1,124804 0,556264 3,001743 -1,135688 0,564900 2,956341 -0,012187 0,592864 3,378822
-0,014129 -0,091847 3,345161 0,866619 0,849199 2,766973 -1,054318 0,988869 3,333907 -0,030007 0,605050 3,365979
-0,017177 -0,095068 3,345394 0,708714 1,277560 3,335932 -0,722371 1,094100 2,992297 -0,019042 0,603063 3,354024
-0,016459 -0,088860 3,342527 0,572873 1,345978 3,340435 -0,604894 1,171961 3,047229 -0,011561 0,610665 3,378677
-0,013770 -0,093701 3,349937 0,339149 1,272604 3,133632 -0,473579 1,335627 3,352195 -0,011972 0,603565 3,378918
