16 12
-0,057004 -0,060786 3,280798 0,288911 1,332289 3,240834 -0,336823 1,240362 2,958800 0,009661 0,619640 3,306619
-0,063597 -0,087089 3,286827 0,286417 1,350509 3,234558 -0,137475 0,940578 2,519674 -0,002962 0,595402 3,350426
-0,067862 -0,064781 3,295255 0,284183 1,333224 3,260591 -0,068343 0,784382 2,382104 -0,000784 0,619324 3,366868
-0,071905 -0,053959 3,303800 0,290514 1,308883 3,262890 -0,011106 0,494459 2,374367 -0,059950 0,647521 3,365534
-0,068544 -0,046780 3,300705 0,293607 1,306364 3,266206 0,061322 0,230834 2,261754 -0,023958 0,696101 3,219361
-0,065804 -0,038767 3,299317 0,300293 1,321123 3,272507 0,078462 0,148759 2,273322 -0,016227 0,689328 3,201218
-0,058934 -0,044100 3,324509 0,311256 1,320963 3,298792 0,089289 0,066360 2,285359 -0,009172 0,675713 3,201108
-0,055599 -0,037856 3,330934 0,310603 1,309548 3,288995 0,077090 0,083494 2,316518 0,013310 0,716623 3,321206
-0,057748 -0,046739 3,333542 0,309228 1,321223 3,286670 0,060491 0,132583 2,326512 -0,009643 0,681862 3,198307
-0,056290 -0,054621 3,324742 0,301221 1,310450 3,270636 0,031657 0,328776 2,302223 -0,033931 0,639781 3,282208
-0,045132 -0,066853 3,312700 0,291289 1,306866 3,246354 -0,057624 0,629097 2,456323 0,002942 0,616668 3,330173
-0,044162 -0,067140 3,312819 0,292725 1,334915 3,262948 -0,112260 0,793024 2,557761 0,025500 0,618964 3,429458
-0,040353 -0,062173 3,308923 0,300514 1,326699 3,258960 -0,172768 1,020151 2,646306 0,040284 0,584363 3,326719
-0,034794 -0,062183 3,313563 0,294449 1,324951 3,258704 -0,328246 1,234598 2,989426 0,031075 0,616653 3,330556
-0,035988 -0,062331 3,294177 0,298203 1,327012 3,250901 -0,353891 1,275850 3,074464 0,027548 0,618152 3,318636
-0,035708 -0,059434 3,291845 0,292830 1,326195 3,232935 -0,356803 1,304185 3,162654 0,024043 0,619627 3,306701
