17 12
-0,081242 -0,086482 3,228503 0,367731 1,213956 3,312675 -0,416418 1,279054 3,133363 -0,004902 0,630128 3,306570
-0,079568 -0,083407 3,245278 0,366856 1,204805 3,305575 -0,385524 1,255850 2,987914 0,001782 0,619000 3,282726
-0,085557 -0,083651 3,262424 0,366900 1,200519 3,324233 -0,186114 1,014554 2,545814 0,003500 0,594486 3,280879
-0,090959 -0,091938 3,257846 0,368201 1,227545 3,276831 -0,123221 0,889287 2,416746 -0,007893 0,615738 3,366488
-0,100564 -0,087169 3,257017 0,363852 1,217374 3,344775 -0,050031 0,648252 2,340227 -0,019395 0,637805 3,455021
-0,096742 -0,077230 3,259373 0,363436 1,190039 3,361389 0,069038 0,383542 2,144926 -0,046426 0,677435 3,493867
-0,099804 -0,067824 3,265693 0,362522 1,197545 3,356241 0,096794 0,294154 2,140773 -0,038630 0,665873 3,292558
-0,094337 -0,071729 3,267878 0,370067 1,184459 3,373055 0,146985 0,160533 2,201161 -0,013729 0,722080 3,229314
-0,086858 -0,070306 3,262439 0,368157 1,181216 3,375922 0,158568 0,121352 2,182115 0,001368 0,716720 3,235355
-0,086456 -0,076420 3,271581 0,367800 1,197118 3,388614 0,156193 0,132867 2,202510 0,015762 0,713610 3,236549
-0,090258 -0,068494 3,275500 0,369269 1,197937 3,386175 0,136702 0,210004 2,208583 0,000423 0,715231 3,229143
-0,086582 -0,087074 3,265199 0,366247 1,200888 3,370045 0,083702 0,394907 2,304246 -0,026953 0,655353 3,330221
-0,087903 -0,089415 3,269755 0,365003 1,205202 3,375793 0,051368 0,521832 2,386328 -0,034403 0,651739 3,329798
-0,085662 -0,097253 3,272208 0,351135 1,235513 3,358331 -0,024572 0,773334 2,384031 -0,011927 0,624969 3,379193
-0,079550 -0,098423 3,266506 0,357081 1,189486 3,324053 -0,240056 1,087264 2,772771 0,002920 0,609628 3,330094
-0,078242 -0,095643 3,266673 0,356896 1,198354 3,341496 -0,313627 1,180620 2,891312 0,005801 0,614115 3,294682
-0,076679 -0,093986 3,261491 0,352698 1,220786 3,347794 -0,382421 1,225114 2,966400 -0,012107 0,619041 3,282667
