30 12
0,020244 -0,069784 3,392013 0,344054 1,140263 3,227121 -0,273300 1,056026 3,131089 0,047765 0,626133 3,429497
0,021800 -0,068845 3,370828 0,303830 1,032207 3,168032 -0,236486 0,948224 3,048443 0,048062 0,604334 3,428617
0,013028 -0,075756 3,352427 0,160720 0,750697 2,903049 -0,184155 0,788584 3,016650 0,036759 0,618652 3,494392
0,010353 -0,054996 3,385851 0,101268 0,534791 2,837323 -0,107406 0,623781 2,797317 0,032373 0,642787 3,507091
0,010379 -0,051821 3,394317 0,071610 0,442630 2,691995 -0,110591 0,555446 2,709434 0,039913 0,645055 3,455585
0,002622 -0,043415 3,384948 0,063377 0,358176 2,515635 -0,170290 0,431464 2,505726 0,038457 0,682090 3,439466
-0,000516 -0,039213 3,396606 0,147161 0,277926 2,327195 -0,283045 0,378668 2,550547 0,007580 0,768394 3,720282
-0,005222 -0,043504 3,399148 0,212491 0,243091 2,282506 -0,385757 0,343188 2,561629 -0,025303 0,765715 3,586603
-0,007825 -0,037286 3,368238 0,470795 0,220171 2,545373 -0,532360 0,257840 2,386948 -0,009006 0,717989 3,636338
-0,010265 -0,045314 3,363477 0,595827 0,258578 2,392938 -0,750582 0,314186 2,649732 -0,000612 0,642155 3,417039
-0,015383 -0,049175 3,356563 0,658493 0,324649 2,552022 -0,808870 0,384708 2,699579 0,010354 0,634964 3,354759
-0,023196 -0,060786 3,322968 0,641852 0,416483 2,670389 -0,770378 0,556884 2,928718 -0,011911 0,623731 3,330294
-0,031059 -0,060091 3,301238 0,477743 0,534995 3,148478 -0,529111 0,586260 2,710658 -0,019682 0,643531 3,404221
-0,041206 -0,051498 3,294749 0,360553 0,535815 3,123964 -0,428558 0,609540 2,728218 -0,045363 0,649251 3,416124
-0,053302 -0,044077 3,270632 0,135990 0,450168 2,799243 -0,323628 0,591865 2,831607 -0,055543 0,641915 3,353357
-0,075269 -0,038264 3,310243 0,097366 0,397062 2,711149 -0,242715 0,452976 2,664113 -0,066490 0,643234 3,340768
-0,086736 -0,038466 3,306465 0,066367 0,350456 2,554614 -0,241606 0,406350 2,602859 -0,070448 0,646131 3,377298
-0,100074 -0,032314 3,303057 0,054391 0,314138 2,445361 -0,316219 0,310425 2,354295 -0,085669 0,678221 3,356601
-0,115440 -0,026686 3,327431 0,161585 0,244109 2,266652 -0,459356 0,266089 2,450366 -0,121675 0,770036 3,568590
-0,121180 -0,030586 3,332318 0,233622 0,216561 2,275670 -0,558233 0,238590 2,475669 -0,146556 0,768687 3,523575
-0,126623 -0,017683 3,304676 0,453297 0,215705 2,538490 -0,674178 0,190922 2,338985 -0,176885 0,658979 3,470824
-0,138226 -0,036045 3,320867 0,581404 0,252126 2,372940 -0,924109 0,266480 2,584204 -0,161960 0,651900 3,472284
-0,148389 -0,046436 3,311333 0,661937 0,312125 2,429010 -1,003335 0,326151 2,611274 -0,160050 0,628584 3,420519
-0,145635 -0,062098 3,313339 0,876785 0,495819 2,705184 -1,050896 0,485194 2,626659 -0,148404 0,601054 3,298301
-0,152091 -0,062955 3,323947 0,854373 0,709000 2,912799 -1,065155 0,710062 2,704921 -0,156833 0,611855 3,321698
-0,155515 -0,068922 3,309621 0,829633 0,830682 3,040006 -1,015730 0,815379 2,751398 -0,158827 0,623553 3,370471
-0,163216 -0,075195 3,300735 0,650879 0,984648 2,932864 -0,937366 1,148301 3,229731 -0,164762 0,626485 3,345344
-0,171897 -0,074933 3,323957 0,487289 1,268815 3,429703 -0,676003 1,166686 3,018791 -0,169069 0,632016 3,357276
-0,175071 -0,070741 3,315460 0,398829 1,310371 3,442860 -0,593068 1,225226 3,104219 -0,177321 0,628996 3,381119
-0,177543 -0,083861 3,322778 0,221502 1,206803 3,214844 -0,495834 1,346540 3,362626 -0,181702 0,634568 3,393201
