48 12
0,046642 -0,075883 3,129687 0,266173 1,115878 2,935180 -0,278361 1,070197 2,918152 0,051481 0,607048 3,213588
0,055498 -0,078176 3,130331 0,237009 0,966964 2,839222 -0,232234 0,953861 2,805839 0,051554 0,576384 3,213231
0,066513 -0,080849 3,155593 0,215203 0,839132 2,726547 -0,166474 0,831318 2,700186 0,053913 0,581528 3,223918
0,073420 -0,087436 3,151174 0,186807 0,668664 2,587775 -0,117134 0,705879 2,601327 0,062880 0,606511 3,270883
0,077933 -0,081811 3,189079 0,188632 0,574596 2,486152 -0,085324 0,614419 2,500118 0,069325 0,605988 3,247519
0,084857 -0,074955 3,198452 0,210009 0,491785 2,391557 -0,073333 0,512427 2,400821 0,080486 0,625148 3,258991
0,090077 -0,075621 3,191518 0,240577 0,418497 2,323234 -0,084882 0,434598 2,291250 0,063261 0,648866 3,294747
0,098948 -0,070345 3,182460 0,304809 0,346013 2,227293 -0,122470 0,381864 2,211685 0,082043 0,696702 3,401118
0,106751 -0,064636 3,208830 0,405628 0,290940 2,173913 -0,187541 0,338669 2,171033 0,059380 0,688472 3,339120
0,114239 -0,072635 3,198269 0,533178 0,250916 2,215433 -0,270071 0,290814 2,156790 0,057798 0,717773 3,343425
0,130217 -0,063931 3,191276 0,665286 0,223139 2,247431 -0,365976 0,241390 2,177281 0,036605 0,685572 3,304500
0,136986 -0,059554 3,172332 0,777386 0,207962 2,294511 -0,467195 0,203482 2,202029 0,066832 0,650204 3,282919
0,145330 -0,061593 3,187092 0,881037 0,211144 2,371582 -0,564082 0,191123 2,244962 0,069379 0,636276 3,224853
0,155623 -0,065779 3,171855 0,962911 0,228108 2,432123 -0,662334 0,205863 2,283803 0,065892 0,632134 3,259271
0,165142 -0,069867 3,180837 1,049631 0,277245 2,494282 -0,725274 0,253550 2,328762 0,086993 0,621063 3,235706
0,171415 -0,072052 3,170409 1,092524 0,351971 2,571320 -0,781076 0,317507 2,372587 0,101103 0,620947 3,235198
0,178752 -0,063963 3,163694 1,091293 0,445876 2,664639 -0,787997 0,396111 2,416101 0,110397 0,618300 3,200681
0,189127 -0,072109 3,154349 1,060644 0,531840 2,698358 -0,773950 0,490467 2,465791 0,119936 0,615683 3,166899
0,192014 -0,069389 3,164947 1,009879 0,628399 2,771863 -0,725474 0,586825 2,554416 0,121359 0,640628 3,211571
0,192803 -0,066855 3,161088 0,921537 0,720627 2,833071 -0,639928 0,688441 2,624182 0,111209 0,642801 3,223435
0,190385 -0,064130 3,157218 0,792163 0,776901 2,811782 -0,529875 0,779267 2,658818 0,114351 0,640704 3,211921
0,188930 -0,057211 3,142407 0,637745 0,790402 2,821406 -0,391357 0,815766 2,656615 0,113297 0,632564 3,167321
0,194386 -0,071302 3,134144 0,508590 0,767130 2,813665 -0,255901 0,801917 2,605368 0,117995 0,610591 3,177032
0,189797 -0,082609 3,128788 0,393924 0,717641 2,746005 -0,138400 0,748494 2,555038 0,108166 0,603115 3,211581
0,191478 -0,078882 3,147945 0,335571 0,642240 2,630183 -0,061532 0,661521 2,501540 0,108703 0,610492 3,234577
0,181880 -0,076079 3,169130 0,289616 0,536397 2,458075 -0,015634 0,575925 2,466533 0,111314 0,618851 3,223333
0,174159 -0,069353 3,170362 0,300963 0,465384 2,368682 0,002443 0,504026 2,371326 0,106859 0,627098 3,211813
0,168283 -0,059896 3,180685 0,295376 0,402109 2,298158 -0,014929 0,442327 2,267134 0,102781 0,653393 3,281821
0,162702 -0,061478 3,172002 0,331784 0,339217 2,202948 -0,063327 0,394139 2,174591 0,094996 0,649211 3,258708
0,161098 -0,058411 3,163867 0,398440 0,284945 2,140999 -0,143648 0,357279 2,109983 0,078365 0,732767 3,295195
0,157755 -0,058029 3,161081 0,488550 0,245759 2,165596 -0,238813 0,318697 2,087131 0,072935 0,743971 3,367947
0,160802 -0,056159 3,159473 0,598020 0,206569 2,160133 -0,333517 0,264852 2,100999 0,093265 0,708906 3,389666
0,158050 -0,050176 3,142547 0,694931 0,175586 2,193418 -0,436813 0,208837 2,125749 0,075448 0,658731 3,330313
0,151404 -0,047305 3,122082 0,782619 0,161731 2,258730 -0,546618 0,177952 2,178588 0,099120 0,655595 3,293726
0,149959 -0,052759 3,128980 0,875997 0,155415 2,313037 -0,657917 0,173032 2,237502 0,068928 0,639010 3,202258
0,142909 -0,050308 3,120343 0,944236 0,178957 2,364136 -0,754877 0,195516 2,281798 0,065628 0,634256 3,213567
0,142480 -0,068866 3,123029 1,020722 0,230233 2,425671 -0,840183 0,246569 2,349502 0,070929 0,612218 3,146765
0,144257 -0,069363 3,117110 1,065245 0,318605 2,484031 -0,911396 0,315290 2,413256 0,078324 0,609319 3,168468
0,134929 -0,072120 3,129033 1,094104 0,418143 2,529000 -0,959206 0,402830 2,464836 0,088067 0,606831 3,135388
0,136623 -0,073179 3,114268 1,102282 0,547406 2,615619 -0,991502 0,511457 2,525737 0,088460 0,614030 3,157202
0,125742 -0,074000 3,121124 1,089446 0,680118 2,683473 -1,001485 0,638427 2,611728 0,084749 0,618814 3,146424
0,120079 -0,073190 3,120514 1,046892 0,826144 2,775482 -0,972413 0,763088 2,705978 0,078599 0,626133 3,168537
0,112128 -0,076094 3,109287 0,960469 0,942324 2,853244 -0,920606 0,888492 2,791420 0,070784 0,628948 3,146822
0,103635 -0,070242 3,113511 0,851431 1,056517 2,933671 -0,840063 0,983738 2,865551 0,060446 0,630370 3,136224
0,097074 -0,075961 3,108827 0,723819 1,135089 3,014327 -0,753912 1,070044 2,930900 0,043179 0,629080 3,147293
0,085445 -0,076339 3,097840 0,603694 1,199231 3,083343 -0,663087 1,158585 3,015989 0,043179 0,629080 3,147293
0,072859 -0,081701 3,112591 0,500516 1,233940 3,143152 -0,570233 1,209272 3,077777 0,022873 0,629752 3,169296
0,063315 -0,078560 3,115331 0,402479 1,258947 3,168262 -0,473366 1,272558 3,158585 0,023072 0,626373 3,169199
