38 12
-0,006152 -0,090009 3,193514 0,379287 1,276222 3,150942 -0,503429 1,283388 3,263806 0,005926 0,625192 3,318608
0,002637 -0,084119 3,207643 0,491576 1,213813 3,043508 -0,606977 1,236880 3,220562 0,009679 0,626640 3,306693
0,000915 -0,080577 3,214405 0,651628 1,132905 2,954819 -0,763151 1,149541 3,189541 0,009731 0,631450 3,355024
0,000734 -0,080167 3,230701 0,838893 0,982202 2,886968 -0,952350 1,018118 3,150740 -0,019481 0,639958 3,404207
0,004264 -0,089642 3,229501 0,995649 0,787589 2,823916 -1,112844 0,817688 3,089685 0,005910 0,618171 3,318531
0,004538 -0,089384 3,235638 1,109023 0,562098 2,832647 -1,231035 0,572837 3,016063 -0,011926 0,616687 3,330213
0,005797 -0,089854 3,239459 1,176811 0,333755 2,888092 -1,253759 0,337527 2,982220 -0,033558 0,617191 3,353758
0,005186 -0,089083 3,238640 1,186813 0,137754 2,960660 -1,241826 0,128993 2,973876 -0,023015 0,631304 3,416534
0,006315 -0,091657 3,244310 1,164214 -0,032142 3,038514 -1,194364 -0,026008 3,030912 -0,058862 0,615021 3,340521
0,002200 -0,086503 3,221689 1,104259 -0,128458 3,071287 -1,140967 -0,110155 3,070583 -0,037313 0,618664 3,341618
-0,001166 -0,086730 3,227417 1,073565 -0,140912 3,078795 -1,123857 -0,138905 3,109713 -0,032795 0,593456 3,212579
-0,000061 -0,086797 3,230402 1,078937 -0,133391 3,060022 -1,144848 -0,121695 3,120794 -0,036517 0,599203 3,246716
0,001862 -0,082589 3,229275 1,109468 -0,081552 3,002882 -1,186011 -0,041778 3,103384 -0,037301 0,625731 3,341704
-0,000285 -0,083126 3,231858 1,151896 0,026679 2,942905 -1,237811 0,076127 3,071336 -0,037510 0,622187 3,341723
0,001768 -0,090235 3,241121 1,173200 0,183373 2,904700 -1,237604 0,216596 2,946326 -0,055503 0,620035 3,328897
-0,003905 -0,087678 3,246431 1,160286 0,361359 2,888010 -1,194247 0,354871 2,925263 -0,044365 0,614548 3,317194
-0,008207 -0,087973 3,259364 1,105916 0,502141 2,936814 -1,160068 0,454382 2,940081 -0,040675 0,612542 3,305373
-0,008625 -0,094362 3,260518 1,077442 0,529297 2,917011 -1,171331 0,465596 2,972180 -0,040850 0,616600 3,329369
-0,007464 -0,090663 3,262470 1,108957 0,482413 2,895598 -1,217417 0,404305 2,988134 -0,040850 0,616600 3,329369
-0,010934 -0,089873 3,261025 1,153397 0,385996 2,894022 -1,220529 0,295610 2,939801 -0,030061 0,618691 3,341859
-0,009366 -0,093837 3,230264 1,206297 0,247960 2,942223 -1,255077 0,177203 2,967299 -0,033754 0,620741 3,353943
-0,007393 -0,091726 3,239578 1,203025 0,085702 3,001960 -1,259022 0,035665 3,008966 -0,037793 0,631254 3,416070
-0,013235 -0,087288 3,224723 1,157984 -0,032451 3,101232 -1,212135 -0,075411 3,053746 -0,026390 0,616653 3,329848
-0,009542 -0,090183 3,229007 1,095231 -0,089045 3,104612 -1,152160 -0,130525 3,100748 -0,026390 0,616653 3,329848
-0,012131 -0,086723 3,227099 1,076364 -0,089616 3,102709 -1,131820 -0,145674 3,134142 -0,019309 0,616103 3,306126
-0,004635 -0,086272 3,218197 1,079858 -0,099655 3,067182 -1,157404 -0,100957 3,139799 -0,019309 0,616103 3,306126
-0,000578 -0,083898 3,226926 1,113941 -0,019473 3,014836 -1,202992 0,002618 3,105455 -0,022467 0,614076 3,293980
-0,004538 -0,086369 3,219296 1,144671 0,096411 2,946560 -1,233103 0,163130 3,045620 -0,026093 0,616087 3,305758
-0,002001 -0,087136 3,222553 1,141415 0,287176 2,906778 -1,216250 0,359629 2,946948 -0,033489 0,612571 3,305624
-0,002676 -0,083656 3,233267 1,113005 0,514995 2,915853 -1,163745 0,582273 2,922628 -0,022662 0,617568 3,294142
-0,008866 -0,086880 3,227745 1,020086 0,739670 2,935447 -1,059247 0,783400 2,928069 -0,022727 0,621647 3,317988
-0,008990 -0,086804 3,223774 0,908603 0,952682 3,001318 -0,941764 0,947774 2,981466 -0,015495 0,617585 3,294321
-0,015044 -0,084883 3,225088 0,782758 1,090331 3,046518 -0,826354 1,061089 3,017026 -0,012107 0,619041 3,282667
-0,020138 -0,082919 3,220020 0,669996 1,181719 3,096898 -0,724906 1,144959 3,079974 -0,004809 0,611584 3,259349
-0,017807 -0,087724 3,213958 0,555977 1,258148 3,145220 -0,621475 1,211009 3,127425 -0,001353 0,621086 3,294663
-0,015808 -0,082463 3,216752 0,450693 1,289543 3,199414 -0,522407 1,256873 3,166810 -0,004704 0,626634 3,306499
-0,018845 -0,084019 3,203923 0,357693 1,320683 3,226696 -0,444212 1,284994 3,220272 0,005926 0,625192 3,318608
-0,021119 -0,082771 3,205644 0,303150 1,308412 3,220019 -0,413871 1,293760 3,261305 0,005817 0,621090 3,294755
