28 12
0,043753 -0,082887 3,353199 0,347337 1,301234 3,197004 -0,176956 1,152532 2,769198 0,072116 0,621995 3,341894
0,039797 -0,082727 3,338666 0,345131 1,308132 3,191275 -0,103509 1,023557 2,617178 0,073477 0,599897 3,337108
0,036505 -0,092662 3,338175 0,339470 1,312700 3,199391 -0,031296 0,844086 2,468135 0,038149 0,648743 3,520448
0,032298 -0,085460 3,330806 0,338371 1,309787 3,226435 0,027873 0,657465 2,362076 0,037898 0,664671 3,548438
0,027533 -0,078255 3,336743 0,340582 1,302815 3,225622 0,063698 0,495781 2,311590 0,041734 0,685792 3,562462
0,020934 -0,068050 3,328046 0,342396 1,303819 3,229619 0,101144 0,356580 2,266166 0,020746 0,721485 3,573494
0,021189 -0,057959 3,333601 0,345641 1,299552 3,239676 0,130249 0,244711 2,237613 0,007917 0,716912 3,451193
0,022063 -0,054517 3,333926 0,353839 1,293053 3,252941 0,141969 0,164061 2,231370 0,021185 0,737267 3,371240
0,028605 -0,056217 3,326653 0,355764 1,291473 3,262706 0,156029 0,111151 2,221358 0,029010 0,723475 3,373330
0,030630 -0,059262 3,330847 0,359451 1,301338 3,278175 0,156523 0,072689 2,224308 0,036270 0,715316 3,349634
0,033845 -0,066596 3,329700 0,360422 1,297504 3,266235 0,156160 0,064089 2,232063 0,029253 0,720135 3,374359
0,037787 -0,063947 3,336871 0,361197 1,298510 3,276562 0,149749 0,075537 2,230069 0,029010 0,723475 3,373330
0,044765 -0,063446 3,349405 0,365728 1,297323 3,268807 0,147103 0,113607 2,233212 0,028765 0,726794 3,372218
0,045845 -0,065385 3,351427 0,365595 1,299062 3,270166 0,141542 0,171338 2,218143 0,031825 0,731915 3,380588
0,046623 -0,069065 3,361987 0,364989 1,294396 3,266132 0,121352 0,262195 2,236514 0,007210 0,727119 3,447995
0,050645 -0,074060 3,377224 0,364020 1,305007 3,269082 0,110893 0,362332 2,243876 0,016297 0,742363 3,584792
0,054137 -0,074128 3,363484 0,361168 1,309383 3,253860 0,082762 0,485700 2,272144 0,042306 0,694432 3,590006
0,056166 -0,067601 3,375374 0,358795 1,308003 3,251376 0,056468 0,611197 2,320813 0,057955 0,695548 3,617800
0,062620 -0,080255 3,371146 0,359059 1,299358 3,248258 0,019600 0,742991 2,390168 0,066966 0,677298 3,644660
0,058499 -0,081530 3,377012 0,358827 1,328467 3,227719 -0,031819 0,863429 2,469801 0,066128 0,663811 3,587889
0,056272 -0,095024 3,361436 0,357912 1,305125 3,243596 -0,080725 0,980165 2,576237 0,097166 0,611871 3,410730
0,058947 -0,090462 3,365282 0,361709 1,313657 3,245556 -0,114754 1,069912 2,655777 0,103175 0,615461 3,388529
0,057479 -0,091954 3,368145 0,365027 1,307701 3,241788 -0,168744 1,130386 2,747074 0,091697 0,617175 3,377023
0,061286 -0,082613 3,367455 0,361348 1,305007 3,233681 -0,211144 1,198694 2,843564 0,094512 0,625994 3,365768
0,057210 -0,092353 3,366447 0,360600 1,306940 3,230926 -0,254666 1,241934 2,921235 0,095206 0,637370 3,390648
0,061562 -0,085346 3,358337 0,361286 1,302222 3,226640 -0,285198 1,271005 3,001537 0,090630 0,638940 3,378711
0,059403 -0,089860 3,357427 0,364540 1,312703 3,225037 -0,307748 1,295328 3,048474 0,079937 0,641174 3,391504
0,055425 -0,086765 3,346757 0,362932 1,310436 3,226645 -0,321559 1,322662 3,121986 0,084125 0,646892 3,403935
