24 12
-0,188467 -0,087374 3,373214 0,216572 1,345998 3,262458 -0,588489 1,282100 3,072593 -0,161607 0,628637 3,357952
-0,181513 -0,090411 3,374045 0,214714 1,347467 3,264960 -0,625251 1,178248 2,918051 -0,164335 0,619472 3,344977
-0,191200 -0,094140 3,378523 0,216508 1,342979 3,261739 -0,651591 1,036849 2,739920 -0,155018 0,622295 3,383162
-0,186475 -0,091433 3,368613 0,217282 1,335972 3,263085 -0,676734 0,859874 2,583875 -0,150291 0,619631 3,346673
-0,190037 -0,089600 3,371788 0,217135 1,335879 3,260913 -0,672897 0,652974 2,482388 -0,150282 0,612555 3,346576
-0,199666 -0,085580 3,384312 0,220500 1,330976 3,268439 -0,654851 0,446425 2,403723 -0,159031 0,627029 3,370367
-0,196823 -0,083622 3,375340 0,221517 1,331924 3,274215 -0,627900 0,280343 2,347390 -0,189629 0,649659 3,482194
-0,196119 -0,086034 3,364775 0,226552 1,331485 3,279505 -0,606985 0,151909 2,331582 -0,176008 0,642307 3,418574
-0,187722 -0,080356 3,326087 0,231736 1,330832 3,274850 -0,591848 0,068342 2,313144 -0,181483 0,652366 3,456312
-0,180792 -0,079776 3,317692 0,223147 1,275781 3,326186 -0,583042 0,020303 2,315571 -0,173875 0,656295 3,457566
-0,178553 -0,077232 3,309408 0,233503 1,323811 3,281895 -0,575210 0,011827 2,320138 -0,176409 0,649236 3,417801
-0,174327 -0,081496 3,318484 0,242095 1,330765 3,302119 -0,575808 0,031019 2,319114 -0,173898 0,663602 3,457695
-0,181101 -0,078872 3,357669 0,242593 1,337162 3,308156 -0,578944 0,084280 2,318383 -0,163582 0,658447 3,470725
-0,183785 -0,082079 3,364787 0,242188 1,337492 3,289643 -0,588125 0,155656 2,314366 -0,166793 0,648818 3,457234
-0,178622 -0,078170 3,396548 0,246384 1,336160 3,307154 -0,594813 0,250153 2,334145 -0,167995 0,650992 3,511241
-0,167721 -0,087043 3,382667 0,225238 1,320670 3,403969 -0,602640 0,369078 2,378296 -0,163739 0,648794 3,498329
-0,161834 -0,095281 3,402622 0,242591 1,342538 3,331002 -0,607211 0,515158 2,413025 -0,115740 0,621184 3,399032
-0,158965 -0,092435 3,407085 0,251095 1,335533 3,311280 -0,616028 0,672064 2,478267 -0,099903 0,613753 3,375200
-0,152425 -0,094500 3,398914 0,251966 1,342335 3,318101 -0,620025 0,823135 2,549127 -0,126702 0,616076 3,410796
-0,149326 -0,099665 3,399172 0,253862 1,338923 3,307668 -0,619695 0,946748 2,631474 -0,125789 0,615540 3,385699
-0,151121 -0,095382 3,386063 0,248379 1,335234 3,315870 -0,611807 1,049244 2,732746 -0,122476 0,617662 3,398500
-0,144876 -0,095348 3,394558 0,246983 1,340374 3,297957 -0,599991 1,147287 2,850460 -0,122476 0,617662 3,398500
-0,146911 -0,096397 3,389287 0,247367 1,348346 3,300007 -0,574183 1,202837 2,934854 -0,122476 0,617662 3,398500
-0,144260 -0,094205 3,375572 0,247358 1,341347 3,302174 -0,550036 1,260672 3,039114 -0,130948 0,614462 3,423087
