22 12
-0,028780 0,191702 3,412420 0,321956 1,506533 3,225596 -0,370328 1,531434 3,189760 0,010069 0,906696 3,358242
-0,031409 0,199355 3,417251 0,319204 1,483774 3,201954 -0,209722 1,256843 2,868135 0,012770 0,884285 3,354976
-0,028278 0,197295 3,422349 0,317914 1,480561 3,194657 -0,154098 1,150744 2,853717 0,007681 0,908616 3,395315
-0,033055 0,195483 3,416436 0,320958 1,491208 3,209832 -0,095187 0,963306 3,018941 0,018375 0,901954 3,382967
-0,029426 0,192939 3,411426 0,318365 1,487678 3,217669 -0,056909 0,818222 2,946754 0,017560 0,912840 3,383134
-0,027402 0,193715 3,428950 0,309564 1,505212 3,236114 -0,027742 0,787411 2,909225 0,021632 0,919603 3,395819
-0,026907 0,199286 3,440784 0,303867 1,489567 3,215471 -0,037759 0,790777 2,716200 0,032281 0,912804 3,383073
-0,025158 0,198709 3,441672 0,303402 1,488170 3,214303 -0,135753 0,880585 2,673481 0,032826 0,905572 3,383080
-0,021678 0,195940 3,455178 0,301139 1,492691 3,214991 -0,183595 0,861967 2,554573 0,033674 0,909053 3,382651
-0,019602 0,188359 3,460552 0,304891 1,488739 3,218422 -0,131122 0,871874 2,595444 0,037210 0,908566 3,395389
-0,019125 0,193518 3,445895 0,308770 1,491406 3,230037 -0,067702 0,852774 2,709528 0,036091 0,908619 3,395513
-0,019470 0,197892 3,454244 0,309319 1,496623 3,229724 -0,032101 0,839779 2,827109 0,039388 0,918891 3,407760
-0,023303 0,197299 3,448982 0,324481 1,501594 3,243490 -0,000639 0,790869 2,858286 0,028788 0,920600 3,370836
-0,021482 0,196055 3,454127 0,324751 1,494435 3,218524 -0,018409 0,817506 2,766356 0,029870 0,905992 3,370183
-0,023184 0,187182 3,440628 0,321403 1,495051 3,213647 -0,098325 0,863995 2,710056 0,033647 0,901802 3,382560
-0,018976 0,192002 3,451839 0,314738 1,484845 3,196621 -0,256329 0,892585 2,442577 0,037210 0,908566 3,395389
-0,017292 0,191039 3,442639 0,308874 1,486075 3,176944 -0,351156 1,077005 2,514231 0,044514 0,898714 3,370031
-0,018260 0,191393 3,436239 0,309211 1,492577 3,198390 -0,362107 1,151090 2,547492 0,036916 0,902427 3,370356
-0,015864 0,193937 3,436060 0,309424 1,501825 3,219550 -0,346792 1,332301 2,767028 0,029604 0,909677 3,370468
-0,013568 0,192468 3,430241 0,311847 1,492570 3,198204 -0,415455 1,454083 2,967542 0,025486 0,912846 3,383198
-0,019497 0,198280 3,442983 0,320572 1,501802 3,220599 -0,432706 1,495597 3,037631 0,021925 0,923242 3,395861
-0,020297 0,195120 3,415256 0,326216 1,504211 3,214008 -0,406559 1,584541 3,239377 0,010944 0,917498 3,358318
