17 12
0,005758 0,229686 3,368496 0,382287 1,506034 3,221585 -0,426154 1,569141 3,300719 0,024840 0,932855 3,334137
0,009477 0,230228 3,359154 0,379867 1,510498 3,234183 -0,411410 1,455198 3,143902 0,025120 0,929270 3,334097
0,005694 0,236909 3,375884 0,374038 1,501297 3,205192 -0,448553 1,075960 2,880901 0,018301 0,931916 3,358529
0,007233 0,237580 3,348937 0,360705 1,484147 3,188739 -0,360386 0,676379 2,792294 0,033307 0,931086 3,272568
0,014557 0,240363 3,339375 0,364234 1,498121 3,211993 -0,340615 0,566744 2,916925 0,034461 0,943768 3,321232
0,020106 0,243147 3,366707 0,371815 1,500446 3,217602 -0,302948 0,525657 3,060008 0,042651 0,957440 3,346189
0,012313 0,226303 3,367461 0,375649 1,500709 3,202839 -0,357242 0,681983 2,993572 0,039997 0,942704 3,358658
0,015328 0,227252 3,381598 0,385087 1,507997 3,225094 -0,372932 0,737088 2,888882 0,032413 0,936417 3,334148
0,012298 0,229694 3,383497 0,385352 1,504941 3,217067 -0,372473 0,688417 2,883829 0,032413 0,936417 3,334148
0,017347 0,238760 3,366723 0,380496 1,507706 3,233555 -0,318214 0,538468 2,947369 0,042345 0,953770 3,345890
0,017478 0,251077 3,376653 0,381144 1,519545 3,236360 -0,299117 0,527631 3,057485 0,046122 0,954212 3,333885
0,014629 0,222766 3,374550 0,378242 1,504261 3,213136 -0,350663 0,622635 2,922675 0,039078 0,926599 3,309801
0,019502 0,231081 3,380890 0,375438 1,516004 3,217176 -0,457703 0,942648 2,880828 0,032670 0,925642 3,333959
0,014792 0,231739 3,400075 0,370770 1,513862 3,203094 -0,503256 1,095963 2,856530 0,036152 0,925169 3,346203
0,026629 0,227608 3,402762 0,368314 1,501389 3,195262 -0,490217 1,439461 3,087440 0,032670 0,925642 3,333959
0,019072 0,226627 3,405541 0,362957 1,500649 3,198876 -0,481169 1,520999 3,250400 0,032113 0,932834 3,334101
0,014531 0,221902 3,391940 0,373762 1,492217 3,191648 -0,472556 1,541590 3,357687 0,028542 0,938671 3,370967
