20 12
-0,062221 0,197566 3,410980 0,305741 1,487895 3,244835 -0,443786 1,558105 3,288829 0,013789 0,902530 3,370561
-0,063726 0,199591 3,391192 0,299927 1,491910 3,227913 -0,387352 1,406218 3,074935 0,010884 0,895885 3,358059
-0,058310 0,204513 3,411787 0,299047 1,491655 3,233715 -0,376478 1,227560 2,912467 0,011151 0,892238 3,357836
-0,062226 0,192280 3,408218 0,301657 1,491724 3,225168 -0,392780 0,845954 2,811064 0,006724 0,898940 3,370546
-0,058174 0,192600 3,373723 0,300985 1,505687 3,252878 -0,401255 0,545147 2,899364 0,012806 0,907039 3,345303
-0,054726 0,191560 3,390321 0,291871 1,517903 3,258437 -0,411063 0,482028 3,001870 0,016365 0,904000 3,333071
-0,047603 0,201665 3,390354 0,291153 1,498976 3,232950 -0,395583 0,484293 3,042444 0,028216 0,920533 3,370585
-0,048360 0,204539 3,406667 0,291711 1,515566 3,233278 -0,384036 0,691007 2,887409 0,017948 0,906708 3,358319
-0,044227 0,194327 3,399457 0,300421 1,501223 3,223735 -0,375557 0,753701 2,845007 0,017658 0,903108 3,358286
-0,047352 0,197405 3,394066 0,306236 1,497442 3,228976 -0,375526 0,696931 2,918823 0,017560 0,912840 3,383134
-0,043500 0,191182 3,370302 0,302970 1,496881 3,222539 -0,408863 0,541657 3,000189 0,023708 0,901620 3,309179
-0,048749 0,199043 3,384559 0,305935 1,495024 3,222164 -0,408454 0,529671 3,005635 0,020388 0,910709 3,345635
-0,044010 0,194789 3,404655 0,310810 1,507529 3,248744 -0,416079 0,673991 2,893218 0,013526 0,913329 3,370544
-0,034767 0,190850 3,387078 0,303109 1,504595 3,221227 -0,446641 0,849846 2,835883 0,021141 0,909748 3,370650
-0,033975 0,193789 3,393554 0,304396 1,498328 3,216239 -0,453131 0,937103 2,872492 0,025263 0,906695 3,358321
-0,031791 0,200406 3,394917 0,302286 1,506584 3,222986 -0,468277 1,131068 2,887288 0,021776 0,900044 3,345884
-0,034888 0,190809 3,381767 0,307341 1,505396 3,222933 -0,491563 1,329673 2,952895 0,025263 0,906695 3,358321
-0,034204 0,193355 3,410148 0,316897 1,503225 3,222923 -0,481992 1,422050 3,015513 0,032573 0,916454 3,383208
-0,031690 0,204988 3,392464 0,314056 1,498458 3,220133 -0,458683 1,562353 3,257460 0,036400 0,916957 3,370753
-0,038616 0,208486 3,412822 0,313370 1,490597 3,202382 -0,431291 1,537493 3,302945 0,032591 0,923712 3,383297
