35 12
-0,014261 0,208490 3,392242 0,360511 1,507226 3,260984 -0,415473 1,532030 3,189008 0,047565 0,912762 3,383026
-0,016046 0,200217 3,401512 0,361569 1,493703 3,245138 -0,390133 1,458769 3,079275 0,047834 0,909111 3,382922
-0,018348 0,199053 3,401278 0,360317 1,505029 3,242180 -0,366694 1,347115 2,956728 0,051972 0,908497 3,395248
-0,019878 0,196741 3,396856 0,356801 1,493627 3,232244 -0,331746 1,193658 2,855056 0,048047 0,890942 3,382558
-0,017319 0,196413 3,405366 0,356895 1,492768 3,226272 -0,311724 1,009953 2,812210 0,045199 0,911022 3,420425
-0,015933 0,203076 3,420680 0,349783 1,503803 3,237007 -0,310968 0,810873 2,836975 0,044107 0,918498 3,420954
-0,021225 0,208785 3,410467 0,346005 1,494386 3,232612 -0,366886 0,664423 2,936130 0,049831 0,907073 3,345513
-0,016487 0,198337 3,393243 0,341569 1,505942 3,227652 -0,452325 0,519632 3,033092 0,034964 0,901094 3,321357
-0,013971 0,206206 3,415586 0,340422 1,489958 3,233268 -0,517463 0,441157 3,136720 0,047565 0,912762 3,383026
-0,011173 0,195402 3,405789 0,339878 1,504211 3,239384 -0,566566 0,413383 3,189680 0,039914 0,909171 3,383054
-0,009715 0,201516 3,392400 0,344108 1,500624 3,232659 -0,577924 0,401203 3,189587 0,039035 0,902980 3,357911
-0,010972 0,197854 3,408410 0,347948 1,511890 3,258268 -0,537801 0,392347 3,144561 0,054064 0,909024 3,382524
-0,011120 0,203448 3,405025 0,350198 1,501671 3,244169 -0,449669 0,392358 3,078424 0,050227 0,920434 3,370293
-0,007068 0,202348 3,395365 0,358983 1,512568 3,258331 -0,354943 0,405964 3,044347 0,057993 0,926650 3,395175
-0,008313 0,202978 3,395736 0,358861 1,509509 3,259029 -0,281914 0,428197 3,068736 0,046821 0,933468 3,407822
-0,005082 0,198665 3,403824 0,360794 1,496689 3,259756 -0,258529 0,450454 3,157433 0,058011 0,933934 3,395264
-0,007569 0,197263 3,405048 0,361690 1,503700 3,261864 -0,299081 0,451880 3,217415 0,050909 0,930389 3,395575
-0,009754 0,198752 3,387888 0,356682 1,507469 3,265322 -0,382518 0,429430 3,256515 0,054081 0,916277 3,382610
-0,014547 0,194880 3,413271 0,350816 1,500882 3,248204 -0,472803 0,406630 3,264309 0,055042 0,915300 3,408041
-0,013340 0,192540 3,414687 0,347336 1,505176 3,259104 -0,548893 0,404803 3,269395 0,047273 0,909136 3,382959
-0,014314 0,192846 3,411520 0,349052 1,501508 3,254623 -0,590991 0,400740 3,229815 0,032826 0,915408 3,408332
-0,010627 0,190229 3,415098 0,350711 1,497971 3,250257 -0,600067 0,408276 3,212654 0,024841 0,908059 3,408024
-0,013044 0,192581 3,409445 0,351618 1,501040 3,240424 -0,589401 0,422108 3,154402 0,028999 0,912305 3,395704
-0,014133 0,193215 3,410480 0,362394 1,507032 3,269391 -0,580358 0,454402 3,092987 0,040262 0,917973 3,433673
-0,015651 0,195303 3,429496 0,368154 1,510889 3,264849 -0,549743 0,513431 2,961486 0,047273 0,909136 3,382959
-0,017803 0,199241 3,415778 0,366440 1,497586 3,267944 -0,530802 0,630067 2,871820 0,043764 0,912248 3,395572
-0,011304 0,192731 3,417920 0,359630 1,504819 3,243036 -0,534705 0,778686 2,833038 0,043695 0,902468 3,370509
-0,012466 0,192853 3,410575 0,352414 1,505958 3,246323 -0,541440 0,939665 2,759736 0,051415 0,908569 3,395443
-0,003333 0,199661 3,433773 0,354452 1,501915 3,234527 -0,537231 1,128163 2,773374 0,055021 0,907999 3,407948
-0,010540 0,194725 3,418169 0,347496 1,510428 3,243468 -0,531268 1,297743 2,880667 0,051415 0,908569 3,395443
-0,008288 0,198012 3,432464 0,345273 1,513157 3,250412 -0,518821 1,416479 2,989991 0,043744 0,904971 3,395480
-0,006889 0,194971 3,428295 0,342118 1,500048 3,240776 -0,498372 1,483351 3,107076 0,058094 0,905998 3,370287
-0,008669 0,200030 3,431762 0,342493 1,490189 3,237702 -0,486523 1,524288 3,223425 0,047834 0,909111 3,382922
-0,012101 0,192332 3,413666 0,346689 1,482622 3,236907 -0,472693 1,519028 3,277080 0,039623 0,905523 3,382911
-0,017519 0,193694 3,411824 0,346673 1,488929 3,243719 -0,450113 1,545153 3,366187 0,047273 0,909136 3,382959
