20 12
-0,004980 0,273185 3,474459 0,347168 1,545279 3,257411 -0,460615 1,505293 3,164130 0,040345 0,960733 3,358804
-0,007653 0,272750 3,478278 0,348484 1,540269 3,258759 -0,426684 1,386184 2,984385 0,047024 0,957870 3,334238
-0,007069 0,260667 3,479211 0,342518 1,532113 3,243087 -0,421291 1,212320 2,824629 0,054834 0,943408 3,333798
-0,013513 0,270703 3,468539 0,343831 1,526223 3,237285 -0,458404 0,799106 2,739037 0,025927 0,967312 3,383796
-0,013702 0,270982 3,464545 0,340386 1,530817 3,258750 -0,543239 0,504915 2,938824 0,018383 0,960797 3,358874
-0,015949 0,269264 3,450746 0,336115 1,543171 3,276380 -0,553391 0,446393 3,068462 0,036839 0,974252 3,396449
-0,018657 0,270387 3,436347 0,333783 1,533193 3,271071 -0,486772 0,430651 3,175342 0,025866 0,977622 3,409186
-0,014997 0,251655 3,431750 0,337027 1,537240 3,270222 -0,282719 0,443158 2,894360 0,025866 0,977622 3,409186
-0,004245 0,253426 3,398950 0,341231 1,534528 3,243341 -0,295590 0,485089 3,133963 0,029468 0,981583 3,396590
-0,007498 0,266498 3,441802 0,329107 1,523180 3,226548 -0,424632 0,419337 2,978668 0,029449 0,974278 3,396497
-0,004439 0,272385 3,442734 0,325315 1,527437 3,250344 -0,474544 0,397290 2,933144 0,018760 0,981273 3,409148
-0,000483 0,254854 3,412733 0,314357 1,544765 3,268490 -0,377181 0,392831 2,815737 0,022077 0,981602 3,396610
-0,007409 0,249835 3,426646 0,322695 1,538101 3,248695 -0,255569 0,459567 3,035958 0,022261 0,980987 3,421955
-0,012116 0,270983 3,440981 0,325257 1,533848 3,242815 -0,481244 0,502051 3,321000 0,029735 0,970599 3,396374
-0,009236 0,272859 3,455694 0,313140 1,524716 3,219824 -0,541981 0,533362 3,123206 0,022143 0,964044 3,371297
-0,005370 0,268218 3,477227 0,309091 1,511420 3,216891 -0,583763 0,744135 2,780404 0,040672 0,970241 3,408991
0,000547 0,274195 3,459830 0,318689 1,530917 3,226395 -0,602049 1,082312 2,697383 0,025352 0,974619 3,383965
-0,000881 0,272702 3,460311 0,324363 1,529123 3,213011 -0,584472 1,243779 2,819914 0,041015 0,984304 3,434697
-0,004190 0,271275 3,456606 0,330286 1,528875 3,237637 -0,534908 1,516782 3,218350 0,036242 0,974229 3,396336
-0,011026 0,275340 3,450477 0,329571 1,529139 3,236191 -0,488132 1,490000 3,250428 0,029487 0,964027 3,371287
