20 12
-0,048905 0,149350 3,431084 0,255297 1,526433 3,262427 -0,502146 1,520683 3,275599 -0,026303 0,888591 3,432818
-0,050541 0,152597 3,439524 0,251763 1,535560 3,283564 -0,507143 1,474483 3,173756 -0,037386 0,885491 3,419676
-0,047160 0,146270 3,429366 0,254547 1,530660 3,281918 -0,515576 1,366846 3,041953 -0,026582 0,884924 3,432827
-0,050180 0,157024 3,426696 0,260437 1,530031 3,273424 -0,555120 1,007645 2,747405 -0,041011 0,875159 3,406727
-0,052534 0,146394 3,435331 0,252535 1,532201 3,272050 -0,523884 0,629614 2,719095 -0,023000 0,886795 3,394868
-0,051308 0,151247 3,423621 0,249413 1,521134 3,265648 -0,522974 0,496701 2,826381 -0,030953 0,878255 3,344491
-0,055130 0,153276 3,426112 0,261260 1,526499 3,272127 -0,497074 0,313839 3,117974 -0,023465 0,887916 3,369638
-0,050303 0,147267 3,414270 0,260645 1,522409 3,265815 -0,477655 0,275078 3,225040 -0,027088 0,877718 3,357087
-0,047408 0,148972 3,411016 0,251154 1,535058 3,278944 -0,457439 0,283770 3,304588 -0,034392 0,884876 3,357001
-0,047021 0,149292 3,419378 0,252927 1,542838 3,309562 -0,448618 0,308395 3,371968 -0,030526 0,884339 3,369613
-0,047170 0,146797 3,428831 0,253793 1,541971 3,289624 -0,468891 0,316764 3,381078 -0,026629 0,891018 3,382323
-0,050853 0,145851 3,428380 0,257678 1,529631 3,276403 -0,468039 0,315409 3,350447 -0,030526 0,884339 3,369613
-0,053385 0,148342 3,426589 0,253933 1,530142 3,263610 -0,504601 0,319992 3,226059 -0,030926 0,886654 3,394401
-0,054069 0,148603 3,436430 0,251174 1,524149 3,267363 -0,516731 0,437828 3,113093 -0,027288 0,889696 3,407123
-0,051959 0,146275 3,432129 0,247825 1,519886 3,258065 -0,541965 0,531317 3,016154 -0,034289 0,895883 3,432767
-0,046915 0,145839 3,436237 0,244820 1,508782 3,236916 -0,580463 0,811122 2,797374 -0,034297 0,888538 3,432660
-0,044941 0,147664 3,435650 0,237526 1,533954 3,270140 -0,619474 1,118415 2,852596 -0,030787 0,881815 3,419795
-0,046915 0,150704 3,442340 0,250001 1,527266 3,264802 -0,604143 1,231560 2,887468 -0,030638 0,891621 3,445662
-0,044447 0,149839 3,428738 0,252087 1,526992 3,269985 -0,556029 1,475115 3,194259 -0,041465 0,892185 3,432493
-0,044705 0,149513 3,443431 0,255863 1,531333 3,289610 -0,540727 1,512501 3,298404 -0,037547 0,898964 3,445493
