21 12
0,019889 0,323682 3,378014 0,352169 1,502818 3,182276 -0,438146 1,455200 3,164759 -0,005640 1,072825 3,310310
0,022122 0,304539 3,375582 0,356815 1,509483 3,202423 -0,338232 1,168659 2,867136 0,001400 1,044568 3,250584
0,023735 0,310435 3,383967 0,349292 1,503626 3,183368 -0,298523 0,996011 2,766832 0,006073 1,057970 3,284441
0,021820 0,312056 3,387922 0,344375 1,496233 3,175788 -0,279196 0,693514 2,786951 -0,008937 1,072948 3,298632
0,071424 0,315248 3,222419 0,358870 1,510287 3,210668 -0,228448 0,457004 2,703151 -0,010902 1,064662 3,295328
0,085845 0,333136 3,166476 0,357552 1,498370 3,191672 -0,243369 0,382105 2,665028 0,004312 1,080324 3,335458
0,081754 0,317674 3,194300 0,356067 1,489359 3,177413 -0,328383 0,319952 2,382656 0,001204 1,083377 3,286070
0,077552 0,337208 3,231556 0,354461 1,501448 3,190636 -0,313239 0,345517 2,404855 0,009735 1,073044 3,359837
0,071821 0,321596 3,255987 0,353478 1,517831 3,177725 -0,293218 0,370327 2,475228 0,000203 1,086325 3,284354
0,069156 0,307394 3,277517 0,342619 1,496386 3,177269 -0,217801 0,444116 2,719338 -0,000399 1,107381 3,306905
0,083566 0,309293 3,233062 0,340729 1,502813 3,183345 -0,219191 0,379748 2,690376 0,006434 1,041016 3,299009
0,100315 0,339036 3,170029 0,344404 1,498442 3,162078 -0,239087 0,367704 2,624574 0,002241 1,058709 3,310837
0,098100 0,340103 3,150898 0,357975 1,496634 3,175821 -0,321575 0,341616 2,376277 -0,000651 1,103655 3,330140
0,071508 0,315528 3,249218 0,363622 1,519518 3,171835 -0,326894 0,388841 2,438584 -0,001367 1,017252 3,279281
0,042237 0,304895 3,352513 0,359164 1,491534 3,160820 -0,314959 0,454703 2,537753 0,003792 1,055347 3,287154
0,031729 0,329979 3,368719 0,342270 1,487220 3,136121 -0,304950 0,653509 2,704775 0,005197 1,097877 3,298579
0,029016 0,302383 3,368483 0,337897 1,512193 3,182752 -0,395601 0,978789 2,834758 0,011349 1,031199 3,181717
0,031868 0,315926 3,372750 0,335896 1,502061 3,164026 -0,452866 1,166994 2,945072 0,017837 1,044689 3,287205
0,034361 0,320492 3,384666 0,348060 1,523947 3,191578 -0,475145 1,477467 3,193287 0,005861 1,052101 3,228548
0,025218 0,322550 3,385920 0,365805 1,503127 3,168934 -0,516485 1,512148 3,361891 -0,010922 1,058913 3,287106
0,023529 0,316623 3,386855 0,365002 1,500907 3,161900 -0,497932 1,505215 3,367291 -0,007083 1,042604 3,280689
