56 12
-0,053739 0,129257 3,394996 1,229544 0,395448 3,218482 -1,301414 0,398109 3,497652 -0,018723 0,854118 3,458136
-0,052936 0,129808 3,400614 1,223393 0,399139 3,222241 -1,309567 0,399172 3,500117 -0,018723 0,854118 3,458136
-0,053301 0,135014 3,402161 1,227080 0,400965 3,225743 -1,302085 0,407212 3,487339 -0,014963 0,851190 3,445250
-0,055557 0,135822 3,400464 1,224036 0,402611 3,214217 -1,307167 0,410414 3,499119 -0,011239 0,860081 3,484519
-0,053584 0,133626 3,398384 1,223250 0,400877 3,221404 -1,302642 0,409640 3,487610 -0,018723 0,854118 3,458136
-0,057553 0,134133 3,399612 1,225982 0,398549 3,234600 -1,296473 0,410997 3,478462 -0,014993 0,857090 3,471285
-0,053164 0,142001 3,401459 1,224101 0,397989 3,174354 -1,302729 0,412558 3,496125 -0,014720 0,860743 3,471112
-0,057181 0,144271 3,395482 1,214114 0,399247 3,174561 -1,304791 0,412812 3,492459 -0,011216 0,861519 3,458413
-0,056491 0,134918 3,411021 1,221712 0,404229 3,223427 -1,308814 0,415842 3,500428 -0,011239 0,860081 3,484519
-0,058194 0,131552 3,407595 1,213149 0,395440 3,177984 -1,304564 0,419537 3,504447 -0,014993 0,857090 3,471285
-0,056355 0,134309 3,401132 1,219699 0,398935 3,213112 -1,301579 0,413348 3,475972 -0,014963 0,851190 3,445250
-0,055503 0,143519 3,408255 1,212814 0,397240 3,159808 -1,301701 0,422763 3,503319 -0,007223 0,854837 3,445238
-0,059060 0,136659 3,409180 1,231254 0,402341 3,203851 -1,305482 0,425117 3,485628 -0,014993 0,857090 3,471285
-0,057886 0,134997 3,412239 1,208342 0,398493 3,188928 -1,305543 0,430704 3,516796 -0,014720 0,860743 3,471112
-0,056745 0,131543 3,408258 1,203520 0,399823 3,139871 -1,300644 0,431069 3,491215 -0,010959 0,857781 3,458134
-0,056498 0,134761 3,409102 1,213777 0,394424 3,137083 -1,301794 0,436449 3,525522 -0,007495 0,851208 3,445400
-0,057101 0,141921 3,399987 1,205851 0,394785 3,168170 -1,307178 0,436638 3,511131 -0,011496 0,863823 3,484716
-0,055643 0,140262 3,410586 1,212015 0,393455 3,133410 -1,301466 0,431713 3,522931 -0,015250 0,860818 3,471483
-0,056418 0,135771 3,412813 1,221870 0,399096 3,140007 -1,301187 0,428381 3,516715 -0,003741 0,854155 3,458438
-0,055151 0,133856 3,404576 1,206112 0,395921 3,118150 -1,295330 0,431408 3,506227 -0,003741 0,854155 3,458438
-0,053279 0,137060 3,401059 1,216326 0,399023 3,147391 -1,303599 0,432135 3,525098 -0,018450 0,857758 3,457958
-0,050768 0,142337 3,409595 1,217778 0,404316 3,147959 -1,297910 0,429869 3,524163 -0,010966 0,863747 3,484349
-0,048430 0,135408 3,415448 1,197161 0,406925 3,128943 -1,306967 0,427897 3,523383 -0,003782 0,848295 3,432581
-0,052747 0,133003 3,418607 1,203817 0,403359 3,160061 -1,297106 0,426685 3,504822 -0,007495 0,851208 3,445400
-0,049268 0,141947 3,410214 1,222102 0,412326 3,192681 -1,303726 0,434812 3,538239 -0,014415 0,858424 3,444821
-0,050094 0,134550 3,408702 1,217961 0,405143 3,153861 -1,304697 0,429839 3,533628 -0,007734 0,860837 3,471627
-0,045550 0,143783 3,406924 1,221614 0,411892 3,195124 -1,298840 0,429169 3,517971 -0,010966 0,863747 3,484349
-0,048016 0,139078 3,412493 1,209192 0,410702 3,159086 -1,306178 0,429261 3,530363 -0,010959 0,857781 3,458134
-0,043684 0,151170 3,412140 1,208175 0,409829 3,140550 -1,301481 0,430825 3,530298 -0,010947 0,871180 3,484467
-0,047593 0,136221 3,401977 1,209951 0,410937 3,171183 -1,297700 0,424219 3,522949 -0,007478 0,857108 3,471437
-0,051177 0,135114 3,410768 1,235144 0,415466 3,205333 -1,305317 0,423122 3,510101 -0,011239 0,860081 3,484519
-0,046300 0,136121 3,402556 1,205605 0,404525 3,120095 -1,295917 0,427245 3,509878 -0,007478 0,857108 3,471437
-0,042803 0,137475 3,417656 1,210045 0,404946 3,142322 -1,303660 0,430894 3,529951 -0,007478 0,857108 3,471437
-0,045627 0,141434 3,414473 1,210443 0,408709 3,148070 -1,308231 0,429853 3,512240 -0,007188 0,866770 3,497671
-0,047673 0,131951 3,409168 1,225914 0,410665 3,201065 -1,307786 0,429041 3,526771 -0,007242 0,847486 3,445130
-0,048371 0,132560 3,408684 1,214359 0,410216 3,179363 -1,301193 0,424194 3,497034 -0,007513 0,845389 3,419723
-0,043306 0,137066 3,411423 1,223308 0,408189 3,191360 -1,308851 0,431821 3,532119 -0,003741 0,854155 3,458438
-0,046315 0,137580 3,406804 1,214144 0,414046 3,184710 -1,303447 0,434820 3,528057 0,003662 0,848303 3,432686
-0,050610 0,134686 3,414906 1,212313 0,411596 3,147648 -1,300938 0,426216 3,496348 -0,011232 0,854140 3,458302
-0,046481 0,143907 3,424101 1,221152 0,413682 3,176473 -1,300820 0,428831 3,527129 -0,003468 0,857796 3,458278
-0,044058 0,136160 3,413317 1,207740 0,409751 3,147718 -1,300005 0,429228 3,513567 -0,011239 0,860081 3,484519
-0,047825 0,145904 3,413750 1,208637 0,413081 3,167575 -1,306338 0,432092 3,535844 0,003934 0,851920 3,432536
-0,049740 0,136873 3,406003 1,206896 0,409173 3,152924 -1,297181 0,428464 3,514759 -0,007495 0,851208 3,445400
-0,048698 0,134855 3,410337 1,207034 0,413573 3,119127 -1,302961 0,431541 3,502739 -0,003741 0,854155 3,458438
-0,041851 0,136995 3,421938 1,208701 0,417960 3,129555 -1,300010 0,431792 3,503145 -0,003741 0,854155 3,458438
-0,048029 0,145324 3,407702 1,222942 0,420058 3,198247 -1,298660 0,434714 3,512694 -0,003427 0,863762 3,484495
-0,046380 0,129305 3,402298 1,226508 0,428578 3,171049 -1,295031 0,428095 3,506146 -0,003741 0,854155 3,458438
-0,050010 0,138062 3,417329 1,222817 0,428958 3,191594 -1,298754 0,429485 3,500726 -0,007478 0,857108 3,471437
-0,047871 0,134603 3,406663 1,213884 0,424263 3,185257 -1,304692 0,434343 3,531044 -0,011239 0,860081 3,484519
-0,047772 0,144117 3,407062 1,213074 0,426157 3,152311 -1,291014 0,430552 3,503232 -0,007205 0,860762 3,471272
-0,047250 0,134820 3,401376 1,223140 0,425695 3,195879 -1,297305 0,429118 3,514895 -0,003782 0,848295 3,432581
-0,047285 0,145442 3,409263 1,223663 0,423360 3,147637 -1,293146 0,422208 3,497399 -0,003996 0,857869 3,458620
-0,040292 0,142251 3,420616 1,216497 0,423717 3,175622 -1,294616 0,428325 3,516023 -0,010966 0,863747 3,484349
-0,043437 0,144212 3,409585 1,211998 0,424207 3,165339 -1,289739 0,424313 3,498128 -0,007186 0,868169 3,471386
-0,046781 0,136562 3,399998 1,217165 0,426622 3,158677 -1,298595 0,427993 3,526080 -0,003659 0,866122 3,511244
-0,040718 0,135398 3,418730 1,227468 0,430661 3,159397 -1,294057 0,423583 3,498399 -0,003782 0,848295 3,432581
