53 12
-0,051904 0,139853 3,424207 0,341217 1,302582 3,076627 -0,524528 1,226236 3,116773 -0,048958 0,867807 3,406441
-0,054247 0,143519 3,444668 0,305687 1,192867 3,042498 -0,490386 1,134362 3,095583 -0,045384 0,856188 3,419080
-0,052478 0,126877 3,460087 0,268304 1,119318 3,024722 -0,434160 1,031970 3,028217 -0,056117 0,835023 3,405684
-0,052952 0,132523 3,452531 0,200557 1,008497 2,956368 -0,374010 0,945677 2,981171 -0,041530 0,840854 3,431742
-0,053766 0,125693 3,452296 0,112035 0,923316 2,951349 -0,313353 0,868244 2,949639 -0,033972 0,850390 3,457815
-0,053859 0,139489 3,466296 0,030711 0,823884 2,904919 -0,241817 0,805325 2,915302 -0,030408 0,866769 3,497509
-0,052927 0,141919 3,475931 -0,010373 0,746421 2,836234 -0,194823 0,746845 2,869942 -0,030931 0,874213 3,497683
-0,051581 0,141181 3,481168 -0,016326 0,677295 2,752143 -0,181584 0,698769 2,804254 -0,034744 0,868779 3,458052
-0,053846 0,144055 3,492591 -0,007813 0,596450 2,636874 -0,176839 0,643721 2,719849 -0,035159 0,885918 3,484264
-0,054307 0,153026 3,489893 0,018900 0,549484 2,602621 -0,198705 0,600530 2,657822 -0,045577 0,891533 3,445207
-0,053851 0,151717 3,508312 0,016775 0,534524 2,587739 -0,238400 0,567388 2,569166 -0,060885 0,900160 3,497036
-0,051602 0,150372 3,513686 0,033888 0,516044 2,505819 -0,284199 0,549381 2,543525 -0,049919 0,912454 3,565056
-0,055999 0,158084 3,529009 0,145777 0,479916 2,535195 -0,373601 0,526852 2,492984 -0,057565 0,909731 3,537541
-0,058983 0,152668 3,528213 0,241580 0,444342 2,520751 -0,474942 0,496567 2,495983 -0,086112 0,884429 3,430337
-0,060321 0,159761 3,517423 0,363075 0,411811 2,538603 -0,561989 0,459204 2,506799 -0,085828 0,895431 3,430372
-0,062921 0,157653 3,523058 0,421165 0,390754 2,523299 -0,652360 0,440850 2,564189 -0,078116 0,891819 3,430532
-0,058287 0,166310 3,515793 0,530077 0,383860 2,523233 -0,729015 0,425763 2,623043 -0,056673 0,900774 3,483901
-0,065962 0,155907 3,502882 0,578530 0,385319 2,563223 -0,793071 0,418818 2,619653 -0,056087 0,864128 3,406095
-0,066090 0,148570 3,488425 0,657938 0,415765 2,667870 -0,829707 0,442174 2,699296 -0,063486 0,856784 3,405666
-0,067083 0,149666 3,486228 0,704559 0,437883 2,721821 -0,841362 0,468375 2,757649 -0,084262 0,839394 3,330098
-0,070345 0,136553 3,475804 0,769245 0,499423 2,924429 -0,815574 0,501033 2,803735 -0,077423 0,845119 3,354972
-0,073182 0,142517 3,468567 0,718383 0,548531 3,005633 -0,756546 0,540937 2,841237 -0,078262 0,856637 3,404929
-0,074731 0,141216 3,454414 0,692175 0,609302 3,104027 -0,673199 0,584226 2,879320 -0,074630 0,864630 3,392688
-0,071292 0,147998 3,454425 0,547317 0,635356 3,113801 -0,579298 0,618226 2,837940 -0,078252 0,871198 3,405138
-0,074156 0,141593 3,457669 0,429882 0,674096 3,110037 -0,455137 0,640393 2,838624 -0,081717 0,875455 3,392414
-0,074387 0,141356 3,466582 0,310832 0,649450 3,000886 -0,333175 0,642471 2,871716 -0,059309 0,869768 3,368508
-0,072716 0,145308 3,464989 0,197921 0,632780 2,957488 -0,232747 0,616913 2,863876 -0,052782 0,882945 3,393847
-0,078330 0,146648 3,474479 0,104719 0,592319 2,896525 -0,172927 0,579276 2,855204 -0,052512 0,879354 3,393874
-0,079395 0,149646 3,480026 0,091141 0,539747 2,903397 -0,116090 0,530892 2,819833 -0,066977 0,882876 3,393277
-0,078206 0,153276 3,495655 0,083248 0,479446 2,698377 -0,105818 0,485948 2,768315 -0,066977 0,882876 3,393277
-0,078102 0,153969 3,493454 0,085989 0,413184 2,680775 -0,094011 0,454205 2,689886 -0,082809 0,897380 3,469409
-0,080328 0,154479 3,511148 0,091497 0,372404 2,636888 -0,111190 0,413119 2,574515 -0,072422 0,910706 3,509976
-0,081128 0,156682 3,510438 0,074081 0,374846 2,561574 -0,156830 0,406816 2,526434 -0,079444 0,910580 3,509220
-0,081028 0,151395 3,510637 0,099806 0,396121 2,486567 -0,242443 0,407796 2,480588 -0,093545 0,884335 3,429890
-0,082023 0,160266 3,525040 0,215816 0,410397 2,482047 -0,347642 0,418519 2,483033 -0,093819 0,887986 3,429999
-0,082641 0,161024 3,514504 0,319614 0,424842 2,509217 -0,467862 0,423164 2,494566 -0,098357 0,890891 3,442510
-0,085376 0,156796 3,514527 0,410255 0,436019 2,507740 -0,554118 0,426021 2,479404 -0,080742 0,905711 3,536397
-0,084633 0,163781 3,512068 0,490919 0,450320 2,503277 -0,661469 0,440937 2,524753 -0,101829 0,894024 3,455388
-0,087385 0,157735 3,518681 0,575375 0,471784 2,543890 -0,762469 0,457768 2,557582 -0,082815 0,889965 3,469289
-0,084229 0,146887 3,507525 0,682492 0,479179 2,569866 -0,872499 0,487781 2,649848 -0,078412 0,873508 3,430467
-0,084819 0,155533 3,497495 0,773249 0,502407 2,630146 -0,917002 0,512840 2,660303 -0,085174 0,857983 3,379470
-0,085656 0,145060 3,481343 0,857691 0,528108 2,767375 -0,967541 0,556106 2,719674 -0,078528 0,860258 3,405015
-0,082530 0,149161 3,468104 0,908783 0,584274 2,861265 -1,010071 0,603864 2,781826 -0,062823 0,852442 3,355788
-0,082577 0,140133 3,464294 0,993474 0,648444 2,994763 -1,028473 0,664888 2,816312 -0,069763 0,839550 3,330869
-0,090387 0,136087 3,438467 0,984039 0,710603 2,930522 -1,033570 0,750641 2,903332 -0,063213 0,860421 3,405617
-0,083881 0,145447 3,428297 0,956245 0,810730 3,006846 -1,016762 0,836852 2,931929 -0,059629 0,861162 3,393312
-0,085786 0,143600 3,444336 0,932801 0,922145 3,043285 -0,993151 0,942658 2,991113 -0,063472 0,871348 3,405873
-0,087364 0,148184 3,431745 0,895261 1,046661 3,139574 -0,956528 1,059242 3,024799 -0,059621 0,868419 3,393411
-0,086300 0,149387 3,427253 0,850777 1,175348 3,224912 -0,894955 1,161271 3,094827 -0,071246 0,877259 3,431031
-0,086125 0,146721 3,424576 0,767631 1,283535 3,267082 -0,825881 1,259108 3,131788 -0,075030 0,877856 3,418128
-0,085575 0,142166 3,428291 0,667021 1,387259 3,324605 -0,746829 1,353382 3,181360 -0,075301 0,881470 3,418128
-0,086075 0,145862 3,425701 0,542267 1,475852 3,366462 -0,664712 1,430936 3,242971 -0,060233 0,895118 3,444670
-0,087415 0,138537 3,417392 0,417282 1,537399 3,391876 -0,574743 1,478393 3,296246 -0,067703 0,887681 3,444215
