16 12
-0,035885 0,259803 3,448839 0,404905 1,355124 3,116328 -0,432385 1,498389 3,089851 -0,011515 0,920516 3,285732
-0,040185 0,255125 3,435513 0,194812 1,047614 2,684729 -0,398954 1,397214 2,868680 -0,013843 0,902287 3,355448
-0,053795 0,235339 3,453452 0,047205 0,832328 2,758733 -0,244886 1,140073 2,576443 -0,024626 0,931188 3,457038
-0,056134 0,238810 3,461235 -0,045731 0,722627 2,694811 -0,206011 1,023508 2,509420 -0,051277 0,935467 3,444253
-0,060351 0,264125 3,458271 -0,108233 0,646460 2,605837 -0,203301 0,785910 2,451016 -0,036064 0,997789 3,471305
-0,059854 0,264099 3,464710 -0,139833 0,645623 2,720947 -0,200393 0,714986 2,494522 -0,041820 1,020791 3,460259
-0,059658 0,266877 3,458049 -0,121243 0,622680 2,612281 -0,210684 0,715813 2,415020 -0,087233 0,989899 3,319496
-0,059877 0,267272 3,467463 -0,167403 0,633893 2,629294 -0,177896 0,781016 2,494918 -0,050224 0,990409 3,443249
-0,054027 0,258609 3,469708 -0,141910 0,711100 2,685256 -0,165431 0,789625 2,464361 -0,030361 0,985910 3,526214
-0,050841 0,270826 3,466484 -0,140098 0,738889 2,662845 -0,162875 0,852516 2,521876 -0,046930 0,990356 3,457066
-0,046650 0,260618 3,469838 -0,088470 0,795496 2,640572 -0,172140 0,935369 2,495286 -0,047366 0,954364 3,431842
-0,046765 0,237017 3,456893 0,020494 0,866753 2,498424 -0,251499 1,158524 2,681072 -0,028517 0,909430 3,368922
-0,044810 0,219567 3,428041 0,107848 0,973938 2,499212 -0,312702 1,247783 2,756927 -0,022211 0,911163 3,420319
-0,042701 0,241732 3,430224 0,335096 1,255512 2,897813 -0,341919 1,385301 2,865591 -0,026581 0,927286 3,382795
-0,033992 0,244411 3,425257 0,362811 1,364651 3,066989 -0,456791 1,532827 3,182998 -0,022767 0,932333 3,345846
-0,037033 0,245411 3,426162 0,369241 1,427964 3,231224 -0,460940 1,554474 3,291607 -0,019043 0,923041 3,309445
