15 12
-0,022601 0,211889 3,375954 0,320750 1,531578 3,193810 -0,479646 1,495807 3,159792 0,003335 0,913919 3,358314
-0,017189 0,210394 3,382162 0,318964 1,518553 3,176483 -0,444173 1,308723 2,887291 0,038668 0,882861 3,262025
-0,023613 0,213470 3,379076 0,319455 1,528534 3,216658 -0,459582 1,061670 2,669041 0,045487 0,884041 3,238740
-0,011660 0,219673 3,404043 0,311387 1,529124 3,187416 -0,528466 0,522950 2,373293 0,021250 0,914433 3,346140
-0,010762 0,213545 3,359794 0,313451 1,533678 3,205921 -0,481800 0,066557 2,314994 0,007430 0,919585 3,395647
-0,011033 0,203872 3,342887 0,310215 1,530424 3,183633 -0,468892 -0,084795 2,391171 0,007521 0,918557 3,420939
-0,015555 0,200003 3,326913 0,320444 1,554868 3,221340 -0,415399 -0,288433 2,644232 0,010317 0,911777 3,408241
-0,014359 0,204600 3,332718 0,322614 1,547388 3,224878 -0,414429 -0,299811 2,692828 0,006958 0,918588 3,421071
-0,017017 0,205927 3,339578 0,318665 1,548497 3,227581 -0,422140 -0,249103 2,687028 0,006393 0,918521 3,420862
-0,015974 0,207305 3,345016 0,313379 1,548215 3,195435 -0,489160 -0,024583 2,501649 0,003300 0,929103 3,433972
-0,022621 0,216698 3,382300 0,312532 1,544888 3,212017 -0,550904 0,397730 2,323775 0,017966 0,913914 3,358404
-0,013135 0,224362 3,373043 0,299107 1,544981 3,205317 -0,580663 0,612949 2,319257 0,028100 0,892837 3,273904
-0,010843 0,218487 3,390535 0,300200 1,536874 3,195154 -0,561016 1,142966 2,675822 0,046870 0,907703 3,333696
-0,015702 0,214068 3,378211 0,316779 1,533237 3,194238 -0,545051 1,335494 2,860929 0,021525 0,910840 3,346094
-0,021077 0,215334 3,387307 0,312751 1,524543 3,165096 -0,496295 1,406306 3,032857 0,014232 0,910849 3,346077
