19 12
0,001806 0,204099 3,397778 0,650487 1,165369 2,708376 -0,788987 1,532782 3,667316 -0,003702 0,901949 3,382758
0,000126 0,204311 3,417950 0,754453 1,008785 2,606019 -0,930962 1,352336 3,552864 0,003466 0,882741 3,333376
0,000106 0,209775 3,406774 1,073681 0,774967 2,963548 -1,054422 0,768975 2,962172 0,018355 0,894705 3,382876
0,004272 0,211957 3,416052 1,080852 0,372565 2,954894 -1,054338 0,312802 2,831400 0,026724 0,889640 3,407176
0,003086 0,208720 3,406788 1,091991 0,238654 3,080512 -1,012110 0,147404 2,848950 0,025874 0,878918 3,407799
-0,001118 0,200399 3,390365 0,996765 0,094499 3,076946 -0,970528 -0,040119 3,235406 0,014275 0,873664 3,370262
-0,007228 0,200072 3,394257 0,997806 0,280819 2,908859 -0,986945 0,066628 3,289837 0,017767 0,880243 3,382797
-0,001956 0,201430 3,394207 1,079283 0,444345 2,995490 -1,039408 0,221955 3,341097 0,007353 0,890483 3,395267
0,003719 0,200752 3,435003 1,039790 0,695369 2,955312 -0,997300 0,549262 2,991881 0,010711 0,891113 3,382891
0,005939 0,204887 3,400586 1,048456 0,460784 2,930315 -1,015922 0,512986 3,045993 0,022198 0,888020 3,370198
0,005321 0,205311 3,412519 1,058761 0,315526 2,980447 -1,020707 0,379518 2,979933 0,032513 0,875561 3,333405
0,002446 0,197188 3,390309 1,001684 0,018669 3,047762 -1,073195 0,058289 3,119526 0,018272 0,865739 3,382511
-0,001673 0,191887 3,387553 0,943381 -0,039946 3,062109 -0,954372 -0,052324 3,153021 0,009708 0,859883 3,357544
-0,004966 0,205186 3,383920 0,943550 0,027776 2,847126 -1,004854 -0,039302 3,340282 0,021429 0,874963 3,345682
-0,009647 0,196565 3,373742 1,103147 0,347816 3,058759 -1,085344 0,193135 3,110376 0,017980 0,875592 3,333407
-0,011770 0,206615 3,369805 1,098141 0,797102 3,063444 -1,037569 0,632520 2,855339 0,010597 0,892310 3,358115
-0,008773 0,209460 3,386746 1,049392 1,025634 3,227131 -0,964025 0,825310 2,760683 -0,003742 0,895874 3,357891
-0,009493 0,210714 3,373968 0,774221 1,250579 3,004845 -0,851528 1,315242 3,225975 -0,011321 0,893466 3,333394
-0,008436 0,207726 3,364857 0,577065 1,618588 3,528679 -0,563674 1,322274 2,939782 -0,018317 0,889842 3,333077
