26 12
-0,024621 0,258248 3,468235 0,271267 1,502891 3,189789 -0,522498 1,537101 3,393966 -0,000618 0,944049 3,322035
-0,020888 0,263190 3,473567 0,269248 1,492523 3,177777 -0,566099 1,473852 3,241572 0,006229 0,934220 3,297916
-0,017489 0,262452 3,484842 0,266099 1,522527 3,202288 -0,601311 1,400607 3,100761 -0,008139 0,953178 3,371016
-0,015388 0,262579 3,478356 0,272070 1,491194 3,200953 -0,639054 1,269885 2,935325 0,006546 0,953193 3,371154
-0,012705 0,264865 3,487251 0,269239 1,499005 3,210022 -0,677494 1,101086 2,806738 0,003505 0,956446 3,383659
-0,013728 0,267316 3,494239 0,278862 1,500796 3,226712 -0,712706 0,899433 2,670642 -0,018744 0,983726 3,460238
-0,015188 0,264964 3,489856 0,279856 1,498550 3,211845 -0,730773 0,677330 2,596788 -0,015568 0,980326 3,447298
-0,018970 0,267845 3,481160 0,292539 1,500704 3,229777 -0,727949 0,438853 2,561458 -0,015869 0,976579 3,447120
-0,027481 0,267420 3,492759 0,298181 1,504453 3,238330 -0,698070 0,245466 2,613861 -0,026448 0,973234 3,434105
-0,026598 0,263031 3,472162 0,303216 1,506140 3,236775 -0,668956 0,091249 2,646502 -0,030113 0,969874 3,421163
-0,027482 0,262242 3,460548 0,302137 1,526945 3,265404 -0,638760 -0,019267 2,696689 -0,030124 0,962525 3,421060
-0,032533 0,262907 3,464910 0,305286 1,526003 3,262708 -0,621430 -0,091763 2,728314 -0,030422 0,958833 3,420989
-0,035062 0,261807 3,467161 0,301604 1,532843 3,257329 -0,616498 -0,117165 2,749924 -0,029951 0,972870 3,446822
-0,028846 0,260315 3,472998 0,300299 1,514775 3,245892 -0,611593 -0,110422 2,747923 -0,015194 0,949554 3,370893
-0,026302 0,260370 3,471063 0,304845 1,527687 3,266637 -0,620683 -0,065246 2,738382 -0,014924 0,959670 3,395972
-0,031056 0,257902 3,463477 0,297532 1,518431 3,242487 -0,635130 0,009582 2,693890 -0,019244 0,955603 3,408484
-0,027197 0,258858 3,470345 0,292118 1,517138 3,239829 -0,659283 0,136151 2,669327 -0,011806 0,949953 3,358550
-0,024756 0,272457 3,499062 0,286391 1,518931 3,229366 -0,696461 0,295399 2,607243 -0,019280 0,976937 3,434294
-0,016567 0,279145 3,488294 0,281317 1,515843 3,214287 -0,721890 0,497760 2,592603 -0,019515 0,973871 3,408618
-0,017830 0,277008 3,510866 0,275842 1,508777 3,198877 -0,728607 0,716053 2,621417 -0,012104 0,987986 3,434452
-0,015740 0,269108 3,487984 0,275140 1,510880 3,210920 -0,717469 0,921254 2,669072 -0,011810 0,984340 3,434527
-0,013993 0,269923 3,504721 0,273407 1,509419 3,208158 -0,697807 1,114688 2,786328 -0,004436 0,963697 3,383652
-0,016559 0,265559 3,496646 0,269986 1,509088 3,203896 -0,656328 1,268346 2,909554 -0,008142 0,953966 3,346357
-0,018486 0,264276 3,493311 0,274861 1,506830 3,212928 -0,613711 1,391460 3,069074 -0,007552 0,953981 3,346365
-0,026900 0,263375 3,468237 0,281064 1,504645 3,207344 -0,570467 1,472292 3,214686 -0,011787 0,950759 3,334056
-0,034352 0,259678 3,456793 0,286625 1,501775 3,219049 -0,522974 1,527740 3,362978 -0,015138 0,957566 3,346323
