27 12
-0,044841 0,273325 3,468355 0,303706 1,529164 3,290244 -0,490196 1,515911 3,244835 -0,007299 0,937742 3,297710
-0,038817 0,268632 3,476159 0,293548 1,532363 3,271213 -0,481861 1,461235 3,092918 -0,003637 0,947176 3,334017
-0,038579 0,263118 3,474660 0,289276 1,524955 3,263106 -0,447308 1,374462 2,920709 -0,000410 0,927134 3,297810
-0,040587 0,270027 3,464357 0,288721 1,502652 3,248241 -0,397940 1,253629 2,748554 0,024512 0,925014 3,262479
-0,035137 0,251159 3,482883 0,286298 1,509620 3,263058 -0,354533 1,095199 2,598993 0,029277 0,906688 3,273299
-0,037252 0,260502 3,482204 0,279952 1,519563 3,276451 -0,310943 0,893273 2,488810 -0,017863 0,950972 3,433225
-0,036590 0,272620 3,484762 0,275532 1,532554 3,275811 -0,279272 0,667411 2,398153 -0,028516 0,998393 3,432510
-0,040428 0,240820 3,466166 0,271092 1,524794 3,274457 -0,264555 0,442272 2,379222 -0,014789 0,998488 3,379098
-0,066342 0,169205 3,517648 0,276131 1,533739 3,286695 -0,228801 0,220197 2,366443 -0,008413 0,963280 3,396016
0,018417 0,280273 3,233365 0,280104 1,527663 3,283866 -0,207792 0,025104 2,456453 0,002037 0,959856 3,383008
0,004045 0,267764 3,293545 0,283670 1,541986 3,292041 -0,188207 -0,115914 2,498173 -0,004710 0,959258 3,408630
-0,002352 0,254345 3,311410 0,288733 1,531701 3,278869 -0,186156 -0,220812 2,563896 -0,000809 0,945943 3,371009
-0,007547 0,245214 3,331753 0,283807 1,527119 3,272105 -0,196479 -0,278011 2,627386 -0,000748 0,952390 3,396085
-0,009061 0,239830 3,323296 0,291699 1,526842 3,280376 -0,211598 -0,311644 2,668049 0,003174 0,938277 3,383454
-0,009039 0,240621 3,322196 0,297225 1,533770 3,296353 -0,213092 -0,308630 2,670516 -0,004435 0,948322 3,408615
-0,006722 0,242394 3,337668 0,302445 1,526921 3,294987 -0,209966 -0,282269 2,643592 -0,004137 0,952002 3,408714
-0,009816 0,237121 3,343662 0,302175 1,539570 3,295563 -0,211118 -0,224660 2,598195 -0,007567 0,945100 3,395911
-0,001446 0,251826 3,330850 0,300617 1,535515 3,283772 -0,223905 -0,133471 2,570240 -0,000735 0,959687 3,396180
0,004698 0,272276 3,299892 0,303063 1,523843 3,267524 -0,228024 -0,014752 2,501746 -0,005000 0,962849 3,408461
-0,002218 0,279188 3,357590 0,307567 1,519543 3,266889 -0,245141 0,140968 2,426486 -0,007824 0,964071 3,371195
-0,027127 0,212481 3,460675 0,304871 1,502255 3,249091 -0,277925 0,346381 2,422522 -0,005909 0,981415 3,382404
-0,027720 0,267010 3,480320 0,307721 1,501358 3,243211 -0,314242 0,563727 2,440884 -0,008984 0,977077 3,421029
-0,027355 0,259859 3,491052 0,311899 1,510411 3,250862 -0,348318 0,785725 2,492742 0,004224 0,954791 3,433996
-0,023905 0,251844 3,498057 0,315217 1,512603 3,230022 -0,384209 0,995649 2,573915 0,046124 0,904882 3,238738
-0,022048 0,258789 3,479490 0,318751 1,500208 3,237708 -0,412245 1,171680 2,694441 0,053053 0,917868 3,262151
-0,015866 0,264832 3,479981 0,319854 1,496117 3,235019 -0,440009 1,299280 2,838514 0,042244 0,931524 3,274140
-0,017988 0,256192 3,470776 0,320773 1,520710 3,246628 -0,460891 1,399759 2,990254 0,039400 0,937279 3,309927
