22 12
-0,139131 0,180540 3,457048 0,183524 1,532944 3,233319 -0,526682 1,550400 3,382826 -0,092742 0,881941 3,404304
-0,141867 0,179454 3,457644 0,181393 1,532125 3,260100 -0,527583 1,548108 3,317229 -0,093021 0,878304 3,404387
-0,143953 0,175913 3,451403 0,186993 1,533902 3,278919 -0,564499 1,415319 3,019672 -0,085635 0,878397 3,404829
-0,142898 0,163425 3,463335 0,197695 1,541199 3,282977 -0,557350 1,233469 2,851642 -0,077144 0,855884 3,354999
-0,145572 0,180544 3,495707 0,199865 1,531011 3,276704 -0,562930 1,072984 2,714646 -0,055239 0,863277 3,356152
-0,140187 0,175431 3,488147 0,198051 1,529839 3,277564 -0,606384 0,706152 2,484555 -0,033868 0,863408 3,357004
-0,133075 0,181566 3,486916 0,184999 1,547244 3,289072 -0,578785 0,374748 2,451337 -0,076705 0,917619 3,523328
-0,134065 0,191109 3,482817 0,182128 1,535031 3,254024 -0,572333 0,237690 2,459181 -0,075010 0,908564 3,469792
-0,138987 0,184745 3,488840 0,180640 1,539628 3,251584 -0,554843 0,024960 2,588289 -0,072574 0,889414 3,483091
-0,136475 0,178147 3,473881 0,176443 1,543453 3,284786 -0,549022 -0,091464 2,624565 -0,081015 0,901894 3,536277
-0,136742 0,172052 3,490692 0,179953 1,548914 3,271311 -0,549997 -0,120237 2,686913 -0,087593 0,888048 3,508758
-0,132667 0,169114 3,493690 0,172234 1,546356 3,272059 -0,552949 -0,123287 2,690258 -0,076130 0,878877 3,469629
-0,135032 0,177058 3,492863 0,172043 1,549019 3,291163 -0,591020 -0,038675 2,689689 -0,084107 0,884932 3,495635
-0,134026 0,174422 3,491029 0,178217 1,535678 3,261039 -0,616338 0,039788 2,679941 -0,087904 0,885461 3,482109
-0,130116 0,187165 3,516063 0,170072 1,526767 3,247526 -0,650278 0,249804 2,545710 -0,076982 0,913812 3,523204
-0,126414 0,178430 3,505593 0,178076 1,525982 3,261123 -0,692813 0,554808 2,528019 -0,056946 0,904504 3,484063
-0,128277 0,180686 3,514032 0,176696 1,537714 3,271918 -0,708474 0,709727 2,540872 -0,056953 0,897058 3,483942
-0,132334 0,169510 3,509266 0,180910 1,534037 3,270493 -0,694076 1,062183 2,766334 -0,049181 0,876133 3,457773
-0,130100 0,179314 3,502342 0,189943 1,524491 3,281864 -0,675463 1,243691 2,858361 -0,063319 0,887003 3,456727
-0,132877 0,178585 3,506421 0,195326 1,527044 3,283564 -0,646429 1,331601 2,964187 -0,071252 0,869925 3,430922
-0,142627 0,167374 3,465066 0,200138 1,530808 3,297968 -0,590505 1,514359 3,358480 -0,074491 0,870560 3,417873
-0,149061 0,170063 3,466305 0,209541 1,540863 3,318522 -0,539971 1,485801 3,420173 -0,093275 0,873328 3,429584
