52 12
-0,086450 0,146165 3,426555 0,404949 1,326275 3,100636 -0,552079 1,331573 3,167823 -0,070962 0,888259 3,431081
-0,086462 0,145569 3,447939 0,405680 1,253818 3,079571 -0,530075 1,247339 3,101310 -0,071516 0,880908 3,431113
-0,084290 0,147800 3,442215 0,370565 1,152571 3,048560 -0,487570 1,140038 3,054057 -0,078257 0,863916 3,405033
-0,083878 0,134680 3,445018 0,340530 1,100659 2,991386 -0,442249 1,065506 2,988415 -0,071530 0,851583 3,430674
-0,087851 0,140496 3,443923 0,242373 0,991842 3,018522 -0,371663 0,966938 2,922410 -0,067732 0,850895 3,443653
-0,086443 0,137215 3,450675 0,167660 0,893905 2,871550 -0,298514 0,876803 2,892553 -0,060586 0,864264 3,470142
-0,084118 0,138046 3,462489 0,085659 0,795330 2,919155 -0,237082 0,797633 2,890092 -0,057214 0,861248 3,457176
-0,085099 0,147153 3,467090 0,039706 0,706018 2,839080 -0,184243 0,709761 2,849121 -0,060788 0,880326 3,444388
-0,086539 0,145827 3,475035 0,020732 0,645776 2,776503 -0,160698 0,634049 2,799282 -0,068247 0,894988 3,444288
-0,086916 0,150072 3,494384 0,012985 0,576209 2,613860 -0,169820 0,573463 2,696917 -0,063514 0,895674 3,431554
-0,087021 0,152698 3,498020 0,041446 0,518749 2,593156 -0,172632 0,538044 2,634745 -0,074352 0,875538 3,392810
-0,086271 0,151594 3,507296 0,002144 0,516032 2,574796 -0,208546 0,509135 2,568963 -0,099839 0,879491 3,378866
-0,088978 0,152041 3,506317 0,083285 0,468830 2,506134 -0,256450 0,494662 2,551215 -0,090079 0,894794 3,443117
-0,091357 0,151611 3,518550 0,192525 0,449658 2,517601 -0,355671 0,480447 2,509827 -0,093797 0,894136 3,455663
-0,093808 0,152221 3,519756 0,319570 0,421095 2,520562 -0,467572 0,465036 2,508964 -0,071745 0,900631 3,483186
-0,093392 0,161674 3,502416 0,400891 0,407621 2,491885 -0,571600 0,452722 2,522363 -0,071186 0,900544 3,482676
-0,093658 0,152922 3,498494 0,480306 0,400852 2,443201 -0,685469 0,449803 2,565332 -0,067424 0,891358 3,444159
-0,089264 0,151517 3,496707 0,566871 0,414905 2,488926 -0,773560 0,458521 2,646443 -0,074761 0,874219 3,418043
-0,094931 0,145218 3,487294 0,654375 0,458949 2,535497 -0,829590 0,471724 2,665940 -0,070763 0,854510 3,380235
-0,089013 0,146717 3,477401 0,731311 0,543715 2,754375 -0,850683 0,495142 2,683375 -0,066036 0,845972 3,343189
-0,091526 0,143845 3,464041 0,765278 0,616716 2,885022 -0,862823 0,541600 2,736535 -0,070026 0,843094 3,330936
-0,092508 0,148339 3,445344 0,769006 0,713771 2,993549 -0,857945 0,601119 2,815412 -0,063479 0,864065 3,405771
-0,093181 0,147581 3,453951 0,749848 0,788217 3,091714 -0,810238 0,653808 2,861531 -0,078257 0,863916 3,405033
-0,092016 0,150169 3,444778 0,693157 0,839798 3,091464 -0,748980 0,699312 2,924202 -0,066990 0,868352 3,393075
-0,092581 0,145995 3,449284 0,586916 0,857890 3,104810 -0,655295 0,733238 2,879013 -0,067620 0,870621 3,418383
-0,087662 0,146277 3,443145 0,490375 0,877411 3,098177 -0,538976 0,754556 2,911252 -0,070763 0,854510 3,380235
-0,088391 0,140936 3,448251 0,351516 0,864303 3,008705 -0,420438 0,757214 2,894634 -0,081727 0,860940 3,392210
-0,083642 0,143615 3,451730 0,229694 0,840013 2,944221 -0,307917 0,750153 2,856791 -0,074634 0,857375 3,392587
-0,086113 0,148849 3,461268 0,103464 0,787507 2,921988 -0,218967 0,723760 2,832550 -0,064282 0,867581 3,405623
-0,085201 0,149070 3,466336 0,033793 0,695724 2,850922 -0,171484 0,679973 2,818035 -0,064281 0,874866 3,405728
-0,081240 0,149515 3,475673 0,013910 0,615200 2,775020 -0,169374 0,615433 2,796242 -0,055779 0,879984 3,381220
-0,084153 0,149014 3,478257 0,044291 0,565858 2,720456 -0,161250 0,545458 2,700041 -0,055779 0,879984 3,381220
-0,080758 0,151853 3,481167 0,043004 0,513738 2,668048 -0,179843 0,503847 2,648700 -0,060553 0,901332 3,470732
-0,079102 0,149633 3,488248 0,063157 0,482055 2,536926 -0,241744 0,474370 2,607040 -0,095380 0,863535 3,341909
-0,081875 0,157982 3,496846 0,146684 0,467249 2,469725 -0,326984 0,448505 2,529663 -0,053605 0,906561 3,524156
-0,078643 0,154397 3,497500 0,252742 0,457487 2,425974 -0,450655 0,435501 2,519690 -0,072426 0,903207 3,509846
-0,076369 0,156601 3,513072 0,387572 0,458045 2,501428 -0,566254 0,429374 2,551634 -0,070969 0,880921 3,430971
-0,072006 0,152880 3,505171 0,511551 0,447994 2,463058 -0,688465 0,424971 2,544149 -0,075165 0,887604 3,443840
-0,075019 0,147392 3,487402 0,590401 0,457976 2,484422 -0,818074 0,445606 2,624370 -0,048626 0,883488 3,457618
-0,066563 0,154338 3,487160 0,705656 0,475179 2,575473 -0,894339 0,457459 2,639920 -0,059324 0,855350 3,368319
-0,068382 0,150503 3,482682 0,790350 0,489920 2,644357 -0,955879 0,489000 2,656275 -0,048492 0,848949 3,356349
-0,065373 0,147732 3,476386 0,868741 0,539299 2,719378 -1,016909 0,541775 2,732414 -0,055811 0,851047 3,380832
-0,063232 0,144214 3,470537 0,940383 0,602992 2,818569 -1,049993 0,600480 2,781054 -0,052009 0,848204 3,368530
-0,064087 0,142502 3,452957 0,967570 0,684224 2,894668 -1,077304 0,681214 2,882450 -0,048230 0,845379 3,356303
-0,061927 0,143098 3,450858 0,992490 0,784612 2,987637 -1,079070 0,761334 2,902903 -0,059324 0,855350 3,368320
-0,061994 0,151102 3,438910 0,977054 0,891671 3,043262 -1,061430 0,860905 2,961830 -0,056068 0,861874 3,380988
-0,062450 0,145321 3,425216 0,947342 1,014576 3,119128 -1,025455 0,965551 2,997845 -0,048720 0,861930 3,381271
-0,068977 0,146402 3,420830 0,880936 1,119603 3,101637 -0,983392 1,085905 3,057218 -0,051737 0,856834 3,344054
-0,067984 0,153652 3,436666 0,832249 1,270640 3,234345 -0,908605 1,185600 3,124704 -0,041096 0,865616 3,381579
-0,062758 0,151022 3,436244 0,733388 1,389092 3,309379 -0,824795 1,275125 3,166730 -0,048194 0,874118 3,356666
-0,064218 0,143442 3,428691 0,604822 1,467658 3,340252 -0,725687 1,374484 3,234441 -0,056056 0,876345 3,381181
-0,064474 0,145009 3,423189 0,482171 1,519941 3,353542 -0,629035 1,429492 3,262691 -0,049220 0,878695 3,406512
