25 12
0,030633 0,206406 3,383110 0,448812 1,484778 3,254349 -0,406187 1,474797 3,197884 0,047164 0,911258 3,333678
0,028943 0,208260 3,395162 0,604306 1,170039 2,720317 -0,682496 1,526622 3,576590 0,061701 0,911168 3,333442
0,036099 0,203468 3,408551 0,707138 1,025192 2,613202 -0,863502 1,423644 3,607137 0,059113 0,919416 3,395401
0,031258 0,202659 3,423253 1,039530 0,832055 2,980653 -1,039561 0,856165 2,931306 0,043626 0,892799 3,345707
0,035123 0,185022 3,401662 1,059060 0,373947 2,933397 -1,091361 0,379600 2,863702 0,037420 0,890314 3,394916
0,035636 0,185645 3,413617 1,105932 0,220320 3,169330 -1,063727 0,188984 2,832267 0,029793 0,884325 3,369916
0,029494 0,175193 3,381547 0,995607 -0,029511 3,190816 -1,026309 -0,083176 3,219496 0,021212 0,862015 3,321249
0,027392 0,172310 3,378447 0,974522 -0,001061 3,135941 -1,007827 -0,089036 3,303605 0,021691 0,871356 3,345554
0,032111 0,184489 3,380952 0,986137 0,053887 3,044809 -1,044679 -0,040337 3,348584 0,021912 0,884457 3,370323
0,029117 0,181976 3,377129 1,147481 0,316189 3,219763 -1,075054 0,176933 3,150764 0,036603 0,891638 3,370377
0,033908 0,195369 3,374138 1,104173 0,745568 3,156216 -1,078393 0,510218 2,927051 0,046913 0,903013 3,358091
0,034112 0,194911 3,385004 1,091978 0,952541 3,233540 -1,051085 0,670486 2,886373 0,039600 0,903047 3,358183
0,034760 0,198372 3,394922 0,963764 1,086121 3,085957 -1,049194 0,859460 3,046156 0,051052 0,909657 3,370494
0,028946 0,195515 3,406575 0,984798 0,769956 2,800700 -1,120155 0,604743 3,078386 0,041061 0,911653 3,408010
0,024157 0,194602 3,393241 1,031190 0,612357 2,838475 -1,086144 0,419514 2,907753 0,026227 0,904399 3,407966
0,013230 0,177598 3,381112 1,109478 0,286568 3,106393 -1,080809 0,092674 3,091378 0,028982 0,888075 3,370446
0,018505 0,183511 3,369740 1,077159 0,073407 3,359029 -0,965051 -0,068424 3,023352 0,022459 0,884340 3,369903
0,017010 0,186859 3,366555 1,028957 0,007696 3,253124 -0,967800 -0,107075 3,139622 0,025204 0,885095 3,358067
0,019618 0,191630 3,369334 1,033524 0,054955 3,212835 -1,015290 -0,005661 3,237651 0,025777 0,892221 3,357906
0,019986 0,196982 3,366718 1,055847 0,340340 2,995948 -1,096086 0,315862 3,131516 0,028507 0,900054 3,345957
0,025648 0,200120 3,358418 1,097276 0,543319 3,088669 -1,075314 0,511748 2,977824 0,043424 0,906082 3,370533
0,025907 0,203638 3,370252 0,986334 1,005950 3,093583 -1,065586 1,058068 3,165315 0,062122 0,910101 3,357899
0,028377 0,208685 3,368858 0,785560 1,609303 3,802516 -0,694722 1,157881 2,786571 0,065594 0,921383 3,345670
0,026064 0,207000 3,379038 0,604151 1,638195 3,706526 -0,585327 1,265684 2,855852 0,073152 0,917685 3,345346
0,029406 0,203703 3,373016 0,359059 1,480101 3,256392 -0,430619 1,523781 3,272991 0,069460 0,917250 3,357815
