29 12
-0,033077 0,263796 3,427535 0,324031 1,515951 3,265097 -0,452322 1,536536 3,280769 0,003065 0,954391 3,334317
-0,029636 0,264015 3,445004 0,323500 1,509859 3,256934 -0,449219 1,482720 3,114492 0,010784 0,940882 3,309927
-0,025757 0,277212 3,437229 0,314583 1,514782 3,246564 -0,429874 1,413873 2,945691 0,025286 0,955117 3,310122
-0,026275 0,275069 3,444283 0,308983 1,513485 3,257186 -0,400841 1,278632 2,767626 0,032517 0,938113 3,285919
-0,029937 0,259503 3,452146 0,307703 1,512318 3,257555 -0,373097 1,092601 2,596992 0,043006 0,904295 3,250142
-0,031365 0,271929 3,460871 0,303077 1,525830 3,277178 -0,348525 0,858055 2,470070 -0,002950 0,959154 3,408170
-0,028743 0,270063 3,432508 0,299138 1,523467 3,272702 -0,319621 0,607592 2,389114 -0,002800 0,991695 3,393902
-0,028655 0,217137 3,433362 0,304959 1,521995 3,267784 -0,292950 0,361731 2,378422 -0,002197 0,984763 3,394995
0,033038 0,308323 3,174658 0,301198 1,535466 3,277203 -0,271761 0,121449 2,399184 -0,001315 0,966870 3,395918
0,010183 0,261996 3,271976 0,298611 1,531327 3,275923 -0,249990 -0,046185 2,490427 -0,000495 0,956833 3,371197
0,002595 0,250140 3,285676 0,298735 1,541246 3,274375 -0,244961 -0,169766 2,555789 0,002917 0,956430 3,383627
0,000642 0,239838 3,293693 0,299921 1,530397 3,275709 -0,247674 -0,251518 2,628174 0,002904 0,949159 3,383535
0,003322 0,239897 3,304215 0,309514 1,532759 3,285339 -0,244884 -0,307738 2,674153 0,003189 0,945545 3,383547
0,000362 0,243526 3,294861 0,311276 1,534715 3,293489 -0,233738 -0,314829 2,712988 0,003471 0,941907 3,383475
-0,002142 0,236355 3,307068 0,312355 1,538260 3,296306 -0,232671 -0,311373 2,692012 0,002891 0,941890 3,383443
0,002490 0,247073 3,319967 0,310713 1,543978 3,292573 -0,233163 -0,268574 2,666815 -0,000448 0,956059 3,396186
0,002229 0,249013 3,319054 0,312218 1,545646 3,297115 -0,236629 -0,204464 2,597173 -0,003822 0,962980 3,408827
0,009320 0,260502 3,303979 0,299593 1,536650 3,270633 -0,240855 -0,099378 2,550957 -0,004109 0,966647 3,408911
0,024254 0,293275 3,260492 0,295180 1,522734 3,265815 -0,265953 0,023731 2,493063 -0,007536 0,960441 3,371112
-0,018543 0,196985 3,405381 0,293823 1,516840 3,247735 -0,250129 0,186102 2,413111 0,003454 0,964443 3,358922
-0,020560 0,221653 3,434893 0,287768 1,524334 3,253343 -0,273205 0,368643 2,395551 -0,013261 0,989245 3,357625
-0,027458 0,277282 3,471040 0,287321 1,533677 3,265432 -0,296632 0,571470 2,395255 -0,015513 0,988307 3,421718
-0,030048 0,267209 3,471700 0,288217 1,529760 3,265221 -0,329239 0,775609 2,472984 -0,018055 0,962851 3,408209
-0,027116 0,253862 3,451595 0,294504 1,528139 3,255538 -0,371221 0,973925 2,560182 0,007569 0,932335 3,346002
-0,027076 0,272997 3,459738 0,301308 1,510340 3,242708 -0,412314 1,147139 2,667900 0,035642 0,914885 3,250486
-0,028655 0,265509 3,474863 0,287298 1,527139 3,249760 -0,451465 1,290330 2,808868 0,021210 0,927128 3,297940
-0,027710 0,267232 3,463774 0,299973 1,522116 3,269103 -0,480444 1,392612 2,979988 0,017239 0,927608 3,286059
-0,030194 0,262240 3,461206 0,302518 1,505701 3,254212 -0,497239 1,469882 3,141543 0,010482 0,937346 3,309982
-0,037669 0,269114 3,445962 0,302361 1,506935 3,256184 -0,500778 1,507899 3,307790 0,003050 0,947216 3,334236
