15 12
-0,013126 0,220640 3,408577 0,307434 1,507367 3,201446 -0,435139 1,547421 3,289719 0,021621 0,908306 3,321666
-0,020487 0,214190 3,413331 0,309316 1,497385 3,220499 -0,504745 1,221451 2,697344 0,039856 0,901633 3,309359
-0,022065 0,217959 3,441254 0,311770 1,488410 3,202018 -0,460095 0,763062 2,445533 0,021171 0,924213 3,370824
-0,016217 0,212402 3,413825 0,310654 1,491194 3,195368 -0,481916 0,537140 2,363192 0,012983 0,934873 3,370262
-0,015298 0,204730 3,329040 0,315832 1,495092 3,210396 -0,509972 0,147055 2,413989 0,009534 0,928211 3,358130
-0,023657 0,194326 3,354911 0,302435 1,522835 3,236669 -0,484809 -0,111939 2,450911 0,014404 0,925917 3,421208
-0,023471 0,186906 3,352047 0,304633 1,508114 3,241220 -0,479188 -0,198125 2,510648 0,006573 0,915954 3,395667
-0,025065 0,187433 3,336863 0,315289 1,518803 3,267283 -0,453458 -0,295258 2,643301 0,010042 0,915384 3,408139
-0,023817 0,192194 3,361674 0,313791 1,522530 3,248232 -0,484126 -0,227082 2,670602 0,009922 0,916430 3,383018
-0,022349 0,199342 3,353029 0,312849 1,521016 3,233017 -0,497468 -0,135077 2,618315 0,013401 0,923118 3,395401
-0,019055 0,204280 3,369731 0,301882 1,511406 3,217839 -0,556307 0,172763 2,437330 0,009958 0,938212 3,383291
-0,020343 0,215848 3,409697 0,301324 1,501827 3,201636 -0,588880 0,595849 2,330596 0,028377 0,912926 3,297785
-0,017495 0,218830 3,402140 0,303564 1,504370 3,211238 -0,611607 0,812842 2,371701 0,035291 0,918975 3,321711
-0,015968 0,212471 3,397845 0,303618 1,513502 3,211776 -0,573408 1,302316 2,826947 0,039881 0,908743 3,309433
-0,024782 0,213357 3,393682 0,314143 1,486059 3,196557 -0,534261 1,423377 3,000566 0,032887 0,927340 3,383350
