30 12
-0,029345 -0,143248 3,366466 0,344486 1,293922 3,311167 -0,370316 1,372914 3,234054 0,006361 0,588495 3,441964
-0,033048 -0,129014 3,361191 0,346441 1,286195 3,303244 -0,362438 1,311238 3,148098 -0,001124 0,591703 3,416496
-0,035317 -0,127572 3,363321 0,345853 1,281400 3,291753 -0,358700 1,244616 3,058554 -0,000941 0,588112 3,416414
-0,041606 -0,137461 3,366590 0,343235 1,286801 3,299124 -0,371294 1,187203 2,989394 -0,000760 0,584507 3,416246
-0,050739 -0,153236 3,376612 0,342923 1,275743 3,289116 -0,387462 1,140612 2,928749 -0,001152 0,577313 3,416297
-0,052890 -0,149874 3,364998 0,342935 1,277980 3,297402 -0,393961 1,106731 2,836656 -0,004867 0,575362 3,403636
-0,056937 -0,156343 3,364256 0,345462 1,281555 3,303895 -0,386624 1,073634 2,755169 -0,000602 0,573696 3,415895
-0,058368 -0,145315 3,373264 0,344499 1,272489 3,287732 -0,368728 1,026629 2,694491 0,007321 0,569945 3,414860
-0,066858 -0,155657 3,370795 0,345935 1,287847 3,311862 -0,349685 0,900652 2,642246 -0,000351 0,555484 3,389953
-0,066316 -0,152457 3,358022 0,345423 1,272777 3,303161 -0,338286 0,725015 2,617809 -0,003969 0,564513 3,402472
-0,070729 -0,161124 3,360102 0,344422 1,271264 3,296902 -0,340347 0,578616 2,636207 -0,000990 0,566536 3,416118
-0,074278 -0,154055 3,338686 0,342372 1,267688 3,287271 -0,324084 0,479831 2,671508 0,002582 0,567960 3,378726
-0,069577 -0,149168 3,362285 0,346994 1,274225 3,298228 -0,331086 0,428642 2,668224 -0,004941 0,574773 3,354158
-0,065766 -0,154226 3,345712 0,347022 1,277458 3,306299 -0,333611 0,452326 2,692955 -0,000778 0,577314 3,416147
-0,058325 -0,154895 3,363755 0,347850 1,275189 3,301158 -0,354213 0,517943 2,686447 -0,004316 0,571760 3,403229
-0,054929 -0,152988 3,370982 0,348781 1,269661 3,294570 -0,359672 0,598496 2,658143 0,002582 0,567960 3,378726
-0,054915 -0,158147 3,381825 0,350108 1,276067 3,307158 -0,359991 0,667012 2,634990 0,007070 0,573947 3,441126
-0,049727 -0,158484 3,399192 0,344204 1,282356 3,304725 -0,359431 0,650790 2,600768 0,006410 0,573727 3,416320
-0,049384 -0,160231 3,390427 0,343932 1,283002 3,305568 -0,364216 0,559620 2,608140 0,010052 0,578958 3,403855
-0,051859 -0,154550 3,374043 0,342918 1,280749 3,309013 -0,346536 0,446465 2,620638 0,013474 0,580576 3,391434
-0,054451 -0,134750 3,369341 0,346445 1,272132 3,301749 -0,341340 0,355787 2,626321 0,013079 0,595194 3,416253
-0,047111 -0,135960 3,383073 0,344142 1,276661 3,306546 -0,344666 0,308181 2,634458 0,009817 0,585397 3,354455
-0,051338 -0,143598 3,385766 0,344138 1,276943 3,296696 -0,340451 0,319107 2,640522 0,016869 0,589648 3,403850
-0,043479 -0,136478 3,389449 0,337870 1,289125 3,291984 -0,327673 0,444977 2,653729 -0,005579 0,577578 3,305635
-0,036569 -0,141439 3,384878 0,339086 1,286301 3,289680 -0,334153 0,701347 2,608698 -0,017978 0,545997 3,302848
-0,035587 -0,143017 3,386179 0,346361 1,282542 3,276182 -0,337933 0,843817 2,677304 -0,004296 0,578926 3,403325
-0,037486 -0,139183 3,385793 0,347237 1,280369 3,303103 -0,317559 1,123580 2,909209 0,002238 0,582169 3,378878
-0,035881 -0,140728 3,385465 0,346439 1,288795 3,311103 -0,360514 1,234520 3,072563 -0,008727 0,584117 3,391148
-0,034482 -0,131525 3,387837 0,344863 1,291346 3,309313 -0,350057 1,253818 3,128668 -0,008531 0,587714 3,391241
-0,037086 -0,125392 3,373610 0,344982 1,287063 3,307180 -0,324937 1,301672 3,259918 -0,012385 0,589277 3,378733
