23 12
-0,057560 -0,135224 3,401574 0,294740 1,282374 3,311553 -0,336293 1,209540 3,283705 -0,041831 0,593614 3,428132
-0,064193 -0,144237 3,383367 0,292161 1,274099 3,307019 -0,367608 1,157625 3,202834 -0,049002 0,589574 3,402552
-0,068949 -0,144493 3,381132 0,295737 1,277269 3,312964 -0,367048 0,988782 3,096236 -0,037851 0,581175 3,440608
-0,070589 -0,158754 3,364410 0,294018 1,278120 3,307098 -0,376826 0,873921 3,019569 -0,049107 0,583117 3,453017
-0,073544 -0,137899 3,351007 0,290837 1,274099 3,298078 -0,410940 0,692046 2,901521 -0,048628 0,582416 3,402220
-0,073428 -0,157867 3,343248 0,290327 1,276058 3,294782 -0,569267 0,703797 3,088359 -0,034304 0,575297 3,402898
-0,066952 -0,152621 3,359022 0,291536 1,273842 3,288648 -0,704649 0,733375 3,131220 -0,038270 0,580423 3,390230
-0,055857 -0,147254 3,370844 0,294498 1,275459 3,299603 -0,854523 0,674367 2,794534 -0,026834 0,590067 3,428512
-0,056519 -0,125602 3,368641 0,296633 1,273202 3,290086 -0,887582 0,614212 2,760346 -0,027207 0,597253 3,428643
-0,055441 -0,137027 3,396307 0,302364 1,277652 3,308360 -0,827163 0,575909 2,731709 -0,030664 0,591645 3,415819
-0,061554 -0,138904 3,360644 0,306911 1,284157 3,319627 -0,725790 0,581819 2,915212 -0,034099 0,586061 3,402984
-0,061494 -0,140450 3,383915 0,300196 1,289446 3,320487 -0,638612 0,605403 2,879312 -0,034099 0,586061 3,402984
-0,057692 -0,134575 3,367971 0,295755 1,273885 3,309209 -0,685337 0,641607 2,993332 -0,034480 0,586023 3,403022
-0,054155 -0,138847 3,381680 0,304726 1,273835 3,315422 -0,805812 0,613044 2,819743 -0,030664 0,591645 3,415819
-0,047754 -0,135166 3,382441 0,304914 1,272626 3,281432 -1,042851 0,637072 3,002200 -0,027207 0,597253 3,428643
-0,047995 -0,131716 3,388571 0,306793 1,277375 3,308193 -1,043344 0,598751 2,888611 -0,027020 0,593667 3,428620
-0,055421 -0,145640 3,384574 0,312341 1,275774 3,314082 -1,011130 0,577531 2,913508 -0,034480 0,586023 3,403022
-0,055201 -0,143581 3,381032 0,306253 1,279713 3,326560 -0,799748 0,612961 2,674314 -0,045428 0,591588 3,415302
-0,056241 -0,137793 3,385312 0,306701 1,279164 3,317101 -0,718365 0,693599 2,679160 -0,030664 0,591645 3,415819
-0,054224 -0,145269 3,381723 0,298555 1,275342 3,306796 -0,589916 0,972272 3,043493 -0,034621 0,590006 3,428316
-0,054583 -0,133920 3,390724 0,297395 1,271588 3,295893 -0,456683 1,045212 2,982686 -0,030664 0,591645 3,415819
-0,062268 -0,130090 3,385265 0,294401 1,275865 3,302060 -0,407587 1,113998 3,081395 -0,034285 0,589635 3,403094
-0,063134 -0,131988 3,391273 0,300042 1,270597 3,314066 -0,340719 1,208630 3,294085 -0,042020 0,597198 3,428168
