26 12
-0,143469 -0,143195 3,389194 0,277448 1,332421 3,357652 -0,442188 1,265868 3,226060 -0,102141 0,579448 3,476199
-0,141108 -0,142090 3,381459 0,283857 1,334361 3,365514 -0,491793 1,199723 3,209507 -0,104991 0,573493 3,437152
-0,142786 -0,140877 3,386510 0,285095 1,329311 3,341456 -0,499328 1,067255 3,072246 -0,101950 0,583122 3,476133
-0,144377 -0,149623 3,366205 0,285534 1,328231 3,358291 -0,519047 0,777809 2,860894 -0,093765 0,561066 3,450209
-0,156417 -0,155351 3,399614 0,286147 1,326423 3,358145 -0,436082 0,581183 2,751124 -0,108428 0,564557 3,448896
-0,160308 -0,150674 3,391634 0,288353 1,327825 3,359526 -0,418335 0,561069 2,780926 -0,089611 0,562789 3,437392
-0,167016 -0,149712 3,386906 0,282628 1,324916 3,360157 -0,421641 0,601886 2,770226 -0,097210 0,559127 3,437123
-0,164657 -0,150567 3,366934 0,284377 1,311182 3,339343 -0,624751 0,788388 3,000168 -0,101005 0,557172 3,424444
-0,164514 -0,148715 3,358393 0,285900 1,319749 3,340673 -0,745748 0,804579 3,008425 -0,097396 0,562734 3,437382
-0,159193 -0,145559 3,366157 0,285876 1,327730 3,353008 -0,842570 0,647414 2,686036 -0,100820 0,560794 3,424379
-0,164646 -0,145607 3,360664 0,288327 1,321514 3,343887 -0,771542 0,482925 2,605408 -0,115767 0,564235 3,423468
-0,169816 -0,141460 3,357171 0,288168 1,316138 3,350325 -0,701247 0,434604 2,592978 -0,120163 0,566027 3,435933
-0,182815 -0,141047 3,320225 0,292516 1,319630 3,344416 -0,568767 0,445426 2,828385 -0,100818 0,567998 3,424487
-0,190497 -0,140306 3,325325 0,290754 1,317083 3,358213 -0,426042 0,518744 2,708579 -0,112651 0,562827 3,461772
-0,194223 -0,141527 3,321831 0,283760 1,326748 3,354579 -0,433490 0,614147 2,837308 -0,108621 0,560940 3,449144
-0,188225 -0,135854 3,324642 0,280339 1,318123 3,332079 -0,536794 0,702998 2,708452 -0,108432 0,557309 3,448783
-0,177912 -0,141874 3,308516 0,274847 1,316099 3,344603 -0,811187 0,689098 2,951637 -0,104989 0,566263 3,437040
-0,173121 -0,131167 3,314870 0,283807 1,315893 3,338582 -0,847485 0,581503 2,849841 -0,108809 0,579067 3,449647
-0,177554 -0,138598 3,323297 0,288373 1,320265 3,342853 -0,848056 0,408014 2,844510 -0,119797 0,573346 3,436032
-0,175801 -0,143947 3,315691 0,289790 1,315392 3,347162 -0,729579 0,385209 2,714502 -0,111578 0,565976 3,411018
-0,177058 -0,145684 3,311438 0,286240 1,327361 3,357539 -0,680062 0,423055 2,703152 -0,107600 0,564103 3,398722
-0,167654 -0,147105 3,359200 0,282470 1,325884 3,341401 -0,627483 0,643634 2,830422 -0,115770 0,571439 3,423578
-0,157029 -0,141819 3,341045 0,271276 1,330180 3,328214 -0,539141 0,837544 2,729017 -0,107974 0,564044 3,398884
-0,150826 -0,147755 3,354195 0,276827 1,330759 3,342416 -0,517330 0,954074 2,831584 -0,104780 0,569527 3,411727
-0,143898 -0,145810 3,368510 0,273036 1,334808 3,339580 -0,467215 1,185853 3,105160 -0,115955 0,567799 3,423570
-0,142471 -0,145025 3,376771 0,276935 1,334647 3,332787 -0,433156 1,255421 3,135896 -0,108160 0,567571 3,398892
