34 12
-0,076423 -0,155596 3,388593 0,277906 1,170172 3,230000 -0,561146 1,175910 3,172564 -0,023363 0,588456 3,441398
-0,076602 -0,159341 3,384959 0,278374 1,170541 3,228437 -0,636606 0,994920 3,064274 -0,019407 0,571766 3,403229
-0,074030 -0,153453 3,398395 0,265384 1,166456 3,198469 -0,745424 0,428428 2,650571 -0,012411 0,582846 3,428793
-0,080475 -0,153862 3,403415 0,257259 1,171784 3,193419 -0,704441 -0,083124 2,490654 -0,012216 0,586480 3,428888
-0,083287 -0,158394 3,397348 0,253381 1,170491 3,185563 -0,696263 -0,283168 2,506384 -0,019213 0,575344 3,403145
-0,098973 -0,147661 3,370420 0,253973 1,179686 3,211792 -0,636885 -0,647263 2,893632 -0,045244 0,566181 3,389890
-0,113315 -0,154688 3,392274 0,253507 1,174540 3,200029 -0,432959 -0,696312 2,713659 -0,049864 0,575769 3,453037
-0,121399 -0,150260 3,378212 0,250646 1,179481 3,221505 -0,333763 -0,723560 2,722667 -0,046434 0,574059 3,465874
-0,128413 -0,133835 3,360080 0,235389 1,178179 3,177301 -0,140529 -0,777408 3,046239 -0,056456 0,582730 3,427283
-0,134357 -0,137516 3,370625 0,234010 1,170518 3,171808 -0,008724 -0,679111 2,940206 -0,056744 0,575126 3,401942
-0,132371 -0,133694 3,370633 0,234788 1,175461 3,178949 0,002143 -0,691035 3,072777 -0,056650 0,579108 3,427312
-0,114739 -0,132785 3,384313 0,230540 1,170192 3,167975 -0,087135 -0,716184 3,006717 -0,052886 0,584735 3,440220
-0,085600 -0,139069 3,329515 0,234194 1,177484 3,189433 -0,365635 -0,889405 3,427050 -0,034304 0,575297 3,402898
-0,073739 -0,149838 3,323459 0,234275 1,176501 3,191393 -0,495798 -0,903523 3,402736 -0,034454 0,571991 3,428077
-0,051889 -0,150280 3,380254 0,239817 1,180260 3,196450 -0,616635 -0,818545 3,042112 -0,035114 0,579798 3,479548
-0,064467 -0,156560 3,412065 0,242939 1,179944 3,200342 -0,541522 -0,776519 2,912664 -0,031122 0,574219 3,466687
-0,072324 -0,159666 3,416975 0,240485 1,171947 3,173925 -0,451495 -0,748028 2,818632 -0,038406 0,577865 3,466523
-0,097562 -0,142280 3,387045 0,242304 1,174862 3,177293 -0,276801 -0,776099 3,112727 -0,049486 0,583106 3,453260
-0,119911 -0,139432 3,399486 0,250082 1,180220 3,168512 -0,109513 -0,646289 2,944580 -0,049249 0,579145 3,427632
-0,124381 -0,142164 3,391269 0,243586 1,174251 3,190027 -0,086526 -0,648726 3,035188 -0,052752 0,576827 3,389727
-0,128020 -0,137296 3,368578 0,243725 1,160073 3,172863 -0,121797 -0,679340 3,030119 -0,056456 0,582730 3,427283
-0,108219 -0,149046 3,322407 0,247422 1,167660 3,187038 -0,337687 -0,862505 3,395644 -0,049024 0,568073 3,402252
-0,100044 -0,138589 3,311903 0,251695 1,161786 3,178908 -0,480557 -0,900744 3,449525 -0,052821 0,577167 3,414793
-0,076779 -0,155474 3,348656 0,255321 1,165110 3,191480 -0,681412 -0,782679 2,980374 -0,049445 0,568296 3,427461
-0,053854 -0,151582 3,326355 0,250133 1,167957 3,196343 -0,885369 -0,715715 3,123717 -0,038262 0,566421 3,415196
-0,046571 -0,155604 3,344307 0,246518 1,175422 3,196604 -0,900732 -0,610071 3,016448 -0,038443 0,569972 3,415141
-0,031910 -0,156897 3,382658 0,246283 1,177147 3,197225 -0,907647 -0,340901 2,834721 -0,027233 0,564282 3,377944
-0,027435 -0,158365 3,383327 0,237249 1,178441 3,191074 -0,816932 0,063174 2,615052 -0,031008 0,572969 3,365443
-0,028083 -0,156906 3,392548 0,233965 1,183711 3,198165 -0,800335 0,276159 2,589259 -0,027220 0,578517 3,378131
-0,038133 -0,155741 3,391433 0,225634 1,176603 3,184521 -0,772344 0,767619 2,803553 -0,027027 0,582118 3,378290
-0,051708 -0,156181 3,410425 0,228854 1,169734 3,173046 -0,601929 0,970582 2,665770 -0,042026 0,589536 3,402720
-0,065617 -0,149183 3,408616 0,229873 1,165249 3,170367 -0,547692 1,086150 2,759579 -0,045810 0,591516 3,415190
-0,086931 -0,153249 3,353990 0,237617 1,178673 3,186936 -0,445431 1,309065 3,139104 -0,056272 0,589115 3,377334
-0,102548 -0,155628 3,364497 0,238057 1,190830 3,178699 -0,375295 1,321367 3,135810 -0,056272 0,589115 3,377334
