24 12
0,010584 -0,139945 3,347080 0,376204 1,280208 3,317822 -0,380845 1,325277 3,315882 0,024464 0,607618 3,404256
0,010279 -0,141919 3,356575 0,376704 1,292898 3,301014 -0,449478 1,363202 3,369894 0,021051 0,598447 3,391689
0,014913 -0,138040 3,363734 0,376667 1,279323 3,290678 -0,493263 1,342554 3,328707 0,017105 0,600004 3,379290
0,013337 -0,144120 3,365105 0,369792 1,277907 3,275772 -0,583816 1,087205 2,905503 0,024183 0,588917 3,354592
0,009016 -0,153310 3,372700 0,368493 1,285264 3,279263 -0,663933 0,832835 2,900800 0,031907 0,589294 3,379170
0,008355 -0,148056 3,375469 0,363859 1,291826 3,267901 -0,672445 0,640137 2,789615 0,020663 0,598423 3,391631
0,011259 -0,137886 3,362887 0,365053 1,272231 3,269579 -0,687975 0,338261 2,754670 0,020287 0,605045 3,366809
0,007043 -0,124446 3,371302 0,361286 1,277526 3,287715 -0,627793 0,128103 2,734559 0,027980 0,605090 3,367038
0,005992 -0,137837 3,367969 0,365174 1,296730 3,301682 -0,596127 0,074105 2,800632 0,016727 0,607078 3,379162
0,012952 -0,133519 3,383121 0,369884 1,282909 3,299212 -0,542061 0,012650 3,017680 0,031289 0,599506 3,354631
0,011191 -0,124182 3,381173 0,370975 1,281360 3,300584 -0,521334 0,013113 3,009990 0,037966 0,598593 3,306371
0,011853 -0,131922 3,367642 0,368403 1,288654 3,288850 -0,521275 0,018073 3,019602 0,030836 0,599021 3,330206
0,011807 -0,130198 3,371125 0,374261 1,277576 3,297818 -0,527654 0,024334 3,005316 0,031041 0,602573 3,330401
0,013891 -0,143336 3,383392 0,374165 1,285560 3,297804 -0,520822 0,026180 2,987811 0,038750 0,595966 3,354636
0,012255 -0,123152 3,380467 0,373123 1,279790 3,298143 -0,522400 0,025829 2,996241 0,031575 0,610660 3,379357
0,015251 -0,127646 3,367307 0,376510 1,292927 3,312167 -0,531073 0,033565 2,983697 0,027546 0,604581 3,342527
0,008726 -0,136433 3,371447 0,377246 1,284552 3,302273 -0,540250 0,124795 2,939472 0,023633 0,606517 3,354339
0,012924 -0,138017 3,360871 0,378131 1,282582 3,305834 -0,535235 0,212193 2,839975 0,034883 0,605022 3,366770
0,010447 -0,136825 3,379571 0,373955 1,286867 3,292218 -0,532772 0,481844 2,763372 0,038750 0,595966 3,354636
0,018194 -0,140119 3,375193 0,369877 1,299793 3,286227 -0,510039 0,817268 2,695341 0,039566 0,600429 3,404194
0,019049 -0,143174 3,368465 0,370787 1,285466 3,288789 -0,497013 0,974873 2,807981 0,031745 0,599982 3,379305
0,016184 -0,132167 3,385107 0,371641 1,283713 3,288748 -0,442243 1,252679 3,138848 0,031971 0,610682 3,379435
0,013138 -0,131847 3,384059 0,372019 1,280251 3,294657 -0,394921 1,261143 3,175202 0,024014 0,599518 3,354645
0,011952 -0,146105 3,375637 0,369611 1,279494 3,284003 -0,367596 1,269851 3,206892 0,023811 0,595943 3,354449
