22 12
0,001290 -0,136951 3,386364 0,383265 1,280183 3,318253 -0,381991 1,285636 3,256619 0,017088 0,592875 3,379200
0,004058 -0,138582 3,375968 0,385543 1,278036 3,330359 -0,480461 1,321665 3,356319 0,021051 0,598447 3,391689
0,002432 -0,133192 3,374453 0,380289 1,277229 3,321949 -0,544523 1,244535 3,267602 0,017088 0,592875 3,379200
0,005282 -0,153963 3,384022 0,379063 1,277919 3,314002 -0,646662 0,935783 2,831704 0,017270 0,589318 3,379140
0,005310 -0,135516 3,371785 0,379423 1,278007 3,296552 -0,730537 0,659468 2,865415 0,024856 0,607641 3,404321
0,004166 -0,152889 3,371421 0,378894 1,274349 3,297917 -0,732897 0,500045 2,780480 0,016887 0,589292 3,379089
0,007140 -0,139443 3,374277 0,377852 1,275827 3,305490 -0,738949 0,227467 2,798667 0,013366 0,598000 3,366908
0,004227 -0,148992 3,371963 0,377897 1,275326 3,306588 -0,654813 0,048360 2,772084 0,016887 0,589292 3,379089
0,009929 -0,150398 3,360261 0,379655 1,281343 3,320938 -0,614746 -0,003646 2,824707 0,009435 0,585370 3,354416
0,009570 -0,143496 3,372209 0,378759 1,282170 3,322793 -0,549809 -0,060987 3,098115 0,009435 0,585370 3,354416
0,014782 -0,145304 3,371792 0,379055 1,281569 3,319143 -0,539984 -0,052776 3,130426 0,012964 0,590840 3,366612
0,012353 -0,134953 3,366874 0,381358 1,276943 3,311888 -0,543079 -0,061236 3,102355 0,016917 0,603548 3,379267
0,012752 -0,141784 3,370929 0,380846 1,277028 3,305485 -0,547245 -0,040289 3,089659 0,016902 0,596419 3,379178
0,012131 -0,151760 3,366089 0,380970 1,278387 3,309600 -0,554035 -0,039276 3,097405 0,012611 0,583340 3,341885
0,014113 -0,135994 3,376070 0,379946 1,284531 3,298178 -0,556555 -0,015441 3,093885 0,013551 0,594454 3,366847
0,013378 -0,137981 3,376388 0,382609 1,289098 3,315523 -0,581765 0,088363 2,905063 0,027832 0,609110 3,391607
0,018738 -0,143329 3,361216 0,380917 1,291526 3,312026 -0,562267 0,366844 2,729918 0,035151 0,590472 3,342423
0,023826 -0,154808 3,364364 0,374514 1,287533 3,304085 -0,563868 0,559514 2,684566 0,043232 0,587659 3,391432
0,034581 -0,145541 3,383466 0,367269 1,287643 3,302918 -0,527254 0,982048 2,896922 0,039566 0,600429 3,404194
0,032094 -0,148186 3,380686 0,374134 1,286748 3,303321 -0,489929 1,148480 2,971656 0,038842 0,589254 3,379051
0,030289 -0,135484 3,382938 0,370664 1,284208 3,301245 -0,459352 1,235391 3,086873 0,035441 0,594418 3,366890
0,027388 -0,138353 3,364596 0,378620 1,286480 3,322843 -0,399995 1,346040 3,328726 0,039588 0,607607 3,404288
