24 12
-0,006163 -0,138961 3,334500 0,331716 1,289671 3,292335 -0,319491 1,183807 3,231902 0,002633 0,589323 3,378996
-0,008070 -0,157962 3,333773 0,329938 1,290044 3,285996 -0,273061 1,044841 3,039179 0,010131 0,564151 3,353917
-0,014625 -0,147679 3,337565 0,326193 1,301907 3,277736 -0,258924 0,911960 2,915528 0,007420 0,555089 3,363833
-0,019984 -0,149766 3,324215 0,324167 1,291556 3,282182 -0,276598 0,630533 2,805663 -0,003921 0,578838 3,402663
-0,027744 -0,146257 3,342421 0,323183 1,290362 3,302198 -0,240768 0,482528 2,715580 0,017232 0,575073 3,378962
-0,028464 -0,151081 3,338993 0,320339 1,281195 3,287735 -0,223787 0,483486 2,710929 0,017596 0,567642 3,353772
-0,026878 -0,158499 3,355917 0,323141 1,286723 3,306699 -0,191955 0,603653 2,683664 0,018289 0,568329 3,428078
-0,025463 -0,167842 3,349548 0,326793 1,283825 3,295406 -0,173165 0,802398 2,638252 0,025911 0,546357 3,401090
-0,022555 -0,147156 3,366308 0,325225 1,286481 3,306448 -0,155411 0,862789 2,676918 0,026101 0,549824 3,400452
-0,019950 -0,152184 3,349011 0,326825 1,285012 3,310309 -0,162217 0,769963 2,686755 0,027160 0,530853 3,393082
-0,032612 -0,158066 3,371920 0,330049 1,281186 3,317762 -0,184250 0,576922 2,731786 0,010034 0,571791 3,403760
-0,034229 -0,162114 3,365551 0,326955 1,278712 3,311545 -0,191013 0,517596 2,736708 0,017037 0,571507 3,378933
-0,027393 -0,156564 3,386131 0,330175 1,280355 3,316870 -0,185686 0,519622 2,757370 0,017581 0,567923 3,378594
-0,030323 -0,153714 3,381594 0,323018 1,287424 3,310183 -0,180752 0,698849 2,650558 0,019165 0,531435 3,371804
-0,027851 -0,159290 3,381436 0,322649 1,281820 3,308279 -0,172091 0,830636 2,704546 0,018247 0,553468 3,376866
-0,027857 -0,145581 3,383017 0,317346 1,307336 3,308904 -0,175601 1,022848 2,745960 0,017387 0,564388 3,378731
-0,026582 -0,145803 3,383890 0,322840 1,273059 3,289217 -0,180575 0,941737 2,768088 0,015031 0,562577 3,413722
-0,026900 -0,170137 3,373440 0,320957 1,274039 3,291980 -0,193747 0,874933 2,767627 0,007834 0,541022 3,437915
-0,030098 -0,158704 3,383069 0,323989 1,278474 3,301491 -0,229976 0,807630 2,778887 0,011077 0,557205 3,401662
-0,028720 -0,143384 3,384908 0,325774 1,284333 3,311653 -0,316837 0,965023 2,934889 0,002405 0,571511 3,378798
-0,021164 -0,153381 3,391701 0,326079 1,282374 3,302466 -0,348110 1,051654 3,014468 -0,001272 0,576696 3,366485
-0,015207 -0,140367 3,402417 0,329352 1,286663 3,306084 -0,346013 1,185973 3,170250 0,002524 0,589708 3,403940
-0,018700 -0,158013 3,393566 0,328355 1,282798 3,293988 -0,350315 1,198903 3,277156 -0,001454 0,580222 3,366477
-0,013085 -0,149192 3,396948 0,326570 1,286434 3,304816 -0,342814 1,210968 3,326074 0,002238 0,582169 3,378878
