29 12
0,010245 -0,134164 3,365130 0,365404 1,272579 3,245814 -0,345859 1,300088 3,236270 0,039362 0,596838 3,404145
0,006588 -0,137594 3,315017 0,359051 1,271202 3,237310 -0,402734 1,198402 3,010910 0,028124 0,587333 3,366819
-0,012466 -0,140407 3,323664 0,357656 1,271410 3,237612 -0,438338 1,080045 2,959139 0,043237 0,576567 3,366164
-0,022714 -0,138976 3,317134 0,354676 1,279756 3,241658 -0,442591 0,937108 2,815183 0,047064 0,578485 3,378487
-0,046353 -0,129503 3,303426 0,355579 1,261713 3,228493 -0,457359 0,618674 2,743066 0,038911 0,585351 3,354516
-0,056479 -0,129568 3,310549 0,356446 1,275707 3,232927 -0,455959 0,379345 2,771299 0,049255 0,579526 3,318101
-0,057408 -0,134434 3,305219 0,359318 1,266452 3,227996 -0,473927 0,333894 2,798970 0,045648 0,584968 3,330193
-0,047329 -0,135529 3,302192 0,364699 1,271212 3,239433 -0,496755 0,367140 2,782048 0,042892 0,583733 3,366645
-0,038161 -0,131809 3,281185 0,363627 1,270092 3,241096 -0,533167 0,564550 2,784231 0,028057 0,579898 3,342230
-0,036504 -0,133974 3,288628 0,361560 1,275644 3,253256 -0,544259 0,647950 2,734480 0,046543 0,589252 3,379084
-0,027734 -0,142907 3,296052 0,357911 1,275734 3,242675 -0,525036 0,723596 2,715357 0,028454 0,573102 3,366391
-0,031811 -0,139140 3,311250 0,357609 1,266483 3,224739 -0,460995 0,558458 2,656350 0,035892 0,587681 3,391469
-0,031962 -0,133375 3,299855 0,355106 1,262163 3,228167 -0,437858 0,461942 2,656655 0,039604 0,589235 3,378900
-0,032500 -0,144898 3,335911 0,356847 1,267491 3,239852 -0,451562 0,339707 2,706307 0,032086 0,585721 3,379041
-0,017418 -0,130709 3,300598 0,354894 1,267099 3,238233 -0,501341 0,406318 2,751137 0,031928 0,596421 3,379259
-0,012783 -0,141987 3,310366 0,351841 1,277078 3,252142 -0,522607 0,468217 2,732692 0,028124 0,587333 3,366819
0,000135 -0,136994 3,351137 0,351675 1,274301 3,253974 -0,531628 0,595035 2,675569 0,039225 0,589275 3,379141
0,004153 -0,142816 3,346645 0,351451 1,268149 3,247214 -0,473658 0,570277 2,594682 0,039342 0,589664 3,404051
-0,000548 -0,142591 3,350173 0,347234 1,273300 3,242639 -0,447817 0,503648 2,581218 0,031907 0,589294 3,379170
-0,004537 -0,146489 3,328403 0,337554 1,264525 3,223053 -0,426747 0,301169 2,648553 0,045246 0,577892 3,329858
0,000218 -0,133960 3,317017 0,338788 1,274390 3,246926 -0,454566 0,156806 2,710516 0,044885 0,591844 3,329433
-0,000601 -0,128139 3,308259 0,338810 1,267132 3,230580 -0,465169 0,148473 2,755911 0,052114 0,588035 3,305934
0,013481 -0,142397 3,328112 0,339598 1,273984 3,243742 -0,466069 0,230936 2,765308 0,056313 0,586822 3,341875
0,021577 -0,138253 3,332730 0,339564 1,279289 3,245657 -0,453843 0,459065 2,680825 0,035420 0,587316 3,366805
0,023045 -0,143162 3,326549 0,339836 1,272621 3,236435 -0,455242 0,611713 2,652997 0,039262 0,578238 3,354198
0,027207 -0,142712 3,347589 0,340081 1,278491 3,234878 -0,415843 0,979994 2,852439 0,039262 0,578238 3,354198
0,024594 -0,139337 3,352987 0,344569 1,266389 3,226467 -0,379399 1,146557 2,905391 0,038911 0,585351 3,354516
0,025908 -0,133340 3,350044 0,342566 1,262575 3,215106 -0,341692 1,212278 3,002596 0,035239 0,590864 3,366847
0,017182 -0,141954 3,334040 0,344373 1,264317 3,210366 -0,279974 1,290031 3,240952 0,038911 0,585351 3,354516
