32 12
-0,038799 -0,145858 3,436968 0,340671 1,286317 3,332302 -0,544444 1,395038 3,608952 -0,000623 0,592532 3,467533
-0,043378 -0,135963 3,435071 0,339103 1,290622 3,341784 -0,646238 1,385234 3,640476 -0,004522 0,598240 3,480695
-0,043908 -0,140341 3,436179 0,336737 1,285028 3,327140 -0,786816 1,030345 3,090419 -0,000353 0,600276 3,493551
-0,044986 -0,138195 3,451966 0,338838 1,289019 3,322780 -0,898969 0,668333 3,089479 -0,000333 0,607626 3,493668
-0,046627 -0,133969 3,445415 0,336329 1,288395 3,315175 -0,877410 0,451839 2,922058 0,003275 0,606073 3,507115
-0,052532 -0,135125 3,447016 0,329403 1,285190 3,314730 -0,810017 0,123138 3,145975 -0,008284 0,596182 3,467577
-0,055716 -0,134916 3,452300 0,327219 1,292315 3,322644 -0,493685 0,013642 2,830285 -0,023240 0,596155 3,467219
-0,050297 -0,130905 3,429449 0,325451 1,291171 3,319065 -0,422806 0,016467 2,941359 -0,023302 0,607627 3,493517
-0,044475 -0,127190 3,453712 0,325571 1,287012 3,319335 -0,419444 0,021878 3,049223 -0,027015 0,605522 3,480271
-0,026515 -0,134618 3,430196 0,325481 1,300310 3,337587 -0,704015 -0,066521 3,437742 -0,015736 0,592105 3,441591
-0,016723 -0,144008 3,433184 0,323140 1,298606 3,333065 -0,788717 -0,070017 3,336772 -0,026941 0,598656 3,506303
-0,010940 -0,137861 3,446879 0,320290 1,287357 3,330099 -0,779179 -0,071636 3,187685 -0,015736 0,592105 3,441591
-0,025912 -0,136940 3,462551 0,321989 1,291127 3,341136 -0,516459 -0,043844 2,879441 -0,004522 0,598240 3,480695
-0,030281 -0,141804 3,453072 0,325316 1,280007 3,337518 -0,445198 -0,011840 2,931948 -0,016173 0,600260 3,493603
-0,034987 -0,132882 3,444667 0,318623 1,281253 3,328825 -0,407584 0,016784 3,103319 -0,019765 0,606048 3,506844
-0,031771 -0,134456 3,432613 0,317587 1,289767 3,341301 -0,643211 -0,071874 3,399808 -0,015789 0,600293 3,493595
-0,030227 -0,138376 3,429158 0,316567 1,283808 3,323766 -0,690089 -0,095652 3,255410 -0,008242 0,604485 3,520312
-0,033745 -0,141746 3,423454 0,318115 1,288936 3,329427 -0,640160 -0,105340 3,206620 -0,023437 0,592497 3,467217
-0,039997 -0,137731 3,426967 0,315301 1,285498 3,334899 -0,423970 -0,032339 2,968120 -0,031092 0,603395 3,467143
-0,043004 -0,133206 3,415466 0,316072 1,289509 3,335630 -0,380541 0,008136 3,046847 -0,031085 0,610697 3,467257
-0,046728 -0,135513 3,415776 0,315558 1,282681 3,317340 -0,381754 0,022696 3,135739 -0,030904 0,599772 3,467113
-0,042820 -0,144931 3,417655 0,313393 1,287534 3,321813 -0,592894 -0,067999 3,457275 -0,023623 0,596119 3,467240
-0,041482 -0,136853 3,407954 0,313866 1,287140 3,314036 -0,720126 -0,086946 3,464253 -0,019513 0,605541 3,480480
-0,031391 -0,141059 3,422311 0,312517 1,292776 3,323815 -0,829151 -0,065685 3,099703 -0,019724 0,594547 3,480359
-0,026577 -0,147004 3,402611 0,312935 1,291408 3,319108 -0,827055 0,060850 3,054973 -0,008481 0,592526 3,467562
-0,026717 -0,138056 3,415149 0,307703 1,295947 3,326714 -0,785189 0,152286 2,955467 -0,016118 0,592071 3,441597
-0,027457 -0,136355 3,418015 0,304115 1,296496 3,318871 -0,745438 0,429131 2,992940 -0,004663 0,606073 3,507162
-0,026998 -0,135538 3,424046 0,303136 1,293357 3,312746 -0,623070 0,730946 2,857728 -0,000720 0,607662 3,494012
-0,028508 -0,136497 3,422187 0,305664 1,288558 3,317147 -0,588244 0,871452 2,897768 0,010644 0,609772 3,507389
-0,031539 -0,137545 3,418676 0,305364 1,293968 3,323499 -0,508260 1,181969 3,233158 -0,007860 0,607620 3,493518
-0,039011 -0,140772 3,423421 0,309403 1,286552 3,317366 -0,445232 1,231240 3,244011 -0,000333 0,607626 3,493668
-0,041641 -0,130630 3,410039 0,305189 1,292542 3,322558 -0,412662 1,260277 3,303035 -0,008045 0,611322 3,493802
