24 12
-0,108391 -0,142851 3,365290 0,222498 1,299920 3,236090 -0,463119 1,173827 3,170293 -0,077979 0,588540 3,351619
-0,112965 -0,137934 3,360333 0,223289 1,297734 3,227097 -0,501957 0,963723 2,954667 -0,081245 0,587026 3,363575
-0,114063 -0,143668 3,370199 0,224653 1,295699 3,227401 -0,491527 0,714892 2,853031 -0,074541 0,594584 3,388907
-0,115381 -0,147395 3,377915 0,227287 1,300531 3,233120 -0,509048 0,635357 2,875796 -0,081245 0,587026 3,363575
-0,113304 -0,146041 3,390780 0,230219 1,297300 3,236192 -0,534517 0,481655 2,776743 -0,070889 0,589024 3,376635
-0,118787 -0,135085 3,397892 0,225045 1,294019 3,224501 -0,526676 0,433453 2,710130 -0,070886 0,596148 3,376731
-0,118116 -0,150143 3,400746 0,223588 1,293637 3,237638 -0,531365 0,421087 2,653512 -0,073584 0,583182 3,339554
-0,120719 -0,144697 3,402372 0,220675 1,294707 3,227313 -0,548398 0,425171 2,517055 -0,073780 0,579642 3,339602
-0,119046 -0,143526 3,385125 0,220303 1,286861 3,221375 -0,531863 0,396660 2,508992 -0,077789 0,585050 3,351639
-0,114199 -0,140798 3,389768 0,221344 1,291400 3,236089 -0,520288 0,391377 2,563210 -0,074159 0,586613 3,339633
-0,109919 -0,139727 3,399321 0,227219 1,298587 3,257285 -0,487838 0,391151 2,755522 -0,059775 0,594225 3,364914
-0,109500 -0,135547 3,402350 0,231910 1,300048 3,260594 -0,483137 0,385319 2,778187 -0,063645 0,599197 3,352330
-0,112826 -0,145440 3,392356 0,231386 1,296966 3,261940 -0,488148 0,376150 2,767204 -0,063455 0,588641 3,352353
-0,116376 -0,142199 3,392715 0,229075 1,292263 3,247990 -0,517741 0,354289 2,600579 -0,059484 0,590280 3,340459
-0,129639 -0,148046 3,416375 0,227492 1,298641 3,264661 -0,531232 0,385112 2,523993 -0,066871 0,590660 3,364514
-0,128118 -0,150591 3,417261 0,223883 1,288298 3,225821 -0,543336 0,406362 2,460527 -0,073780 0,579642 3,339602
-0,124637 -0,153165 3,414548 0,224824 1,288264 3,232633 -0,549705 0,463713 2,427466 -0,077791 0,577978 3,351547
-0,112510 -0,141641 3,392982 0,223907 1,292125 3,235945 -0,522098 0,566131 2,415077 -0,078219 0,592995 3,401064
-0,114007 -0,146177 3,385360 0,225484 1,290907 3,247910 -0,521104 0,655163 2,464538 -0,070312 0,585512 3,376312
-0,103934 -0,143598 3,380782 0,227494 1,304148 3,247791 -0,479448 0,907737 2,651885 -0,070122 0,581939 3,376007
-0,103102 -0,133028 3,383977 0,227296 1,294793 3,246696 -0,499579 1,078668 2,779576 -0,081435 0,597656 3,363816
-0,108145 -0,135331 3,379097 0,227219 1,295987 3,247686 -0,491165 1,163287 2,909277 -0,081824 0,597577 3,363772
-0,113156 -0,139587 3,361833 0,230999 1,300432 3,254452 -0,445231 1,293685 3,162497 -0,095994 0,597533 3,362909
-0,118686 -0,134690 3,364582 0,227372 1,300827 3,250755 -0,437586 1,319294 3,266127 -0,096191 0,601049 3,362988
