29 12
-0,128808 -0,126067 3,355806 0,229292 1,298392 3,269357 -0,480229 1,427417 3,423392 -0,070303 0,592632 3,376407
-0,134553 -0,134421 3,363660 0,225953 1,284051 3,258684 -0,571581 1,434444 3,481853 -0,070503 0,589071 3,376534
-0,132989 -0,127930 3,346935 0,232824 1,280820 3,239037 -0,777966 1,083804 2,902796 -0,070303 0,592632 3,376406
-0,136233 -0,125566 3,356148 0,238582 1,277303 3,249068 -1,054767 0,756688 3,046293 -0,071061 0,596617 3,401619
-0,140273 -0,131827 3,359902 0,238902 1,288219 3,261720 -1,039746 0,477446 2,804191 -0,074149 0,594601 3,388631
-0,147409 -0,129060 3,339093 0,247148 1,284390 3,266710 -1,030154 0,056622 3,012589 -0,084661 0,585044 3,351098
-0,153549 -0,138178 3,342643 0,249705 1,277200 3,246645 -0,737169 -0,143325 2,768117 -0,093109 0,589277 3,400220
-0,153296 -0,138775 3,331533 0,245859 1,287937 3,270843 -0,640330 -0,180455 2,834116 -0,089194 0,594471 3,388048
-0,149354 -0,143184 3,343101 0,240191 1,280902 3,250107 -0,523601 -0,183924 3,139445 -0,104030 0,590732 3,387060
-0,133950 -0,142732 3,322016 0,231551 1,287971 3,249613 -0,583795 -0,203945 3,254096 -0,096189 0,586854 3,362797
-0,121375 -0,139547 3,310574 0,226389 1,294235 3,252507 -0,685259 -0,234224 3,348153 -0,096189 0,586854 3,362797
-0,107567 -0,157288 3,356701 0,224559 1,291862 3,243217 -0,830122 -0,257259 3,020968 -0,093301 0,585660 3,400197
-0,102713 -0,147755 3,366528 0,226400 1,296034 3,251526 -0,914488 -0,265319 3,035100 -0,093109 0,589277 3,400220
-0,105837 -0,147402 3,384618 0,226654 1,297201 3,240997 -0,844015 -0,251435 2,922955 -0,089388 0,590866 3,388024
-0,124747 -0,144105 3,345602 0,224066 1,302247 3,247343 -0,729275 -0,257123 3,149420 -0,092799 0,588853 3,375371
-0,140907 -0,137375 3,377471 0,222363 1,287882 3,233513 -0,540755 -0,181139 2,957427 -0,111154 0,594265 3,386541
-0,141272 -0,145811 3,363315 0,217311 1,298046 3,248360 -0,514219 -0,167670 3,060477 -0,106808 0,584797 3,349800
-0,140538 -0,140422 3,357260 0,218542 1,289262 3,231840 -0,541451 -0,186966 3,102966 -0,110957 0,590715 3,386362
-0,127817 -0,145013 3,337999 0,220626 1,296976 3,258135 -0,881240 -0,310974 3,540990 -0,110542 0,590295 3,361792
-0,119700 -0,148708 3,327356 0,219385 1,294540 3,236036 -1,052005 -0,316077 3,534921 -0,102905 0,582892 3,337884
-0,105743 -0,145259 3,378938 0,227476 1,297920 3,243850 -1,158123 -0,198981 2,975158 -0,096189 0,586854 3,362797
-0,089487 -0,143452 3,350170 0,227507 1,303253 3,247881 -1,227707 -0,026728 2,985404 -0,095996 0,583341 3,362719
-0,083435 -0,136492 3,358780 0,227762 1,307869 3,253625 -1,184786 0,087830 2,864068 -0,096189 0,586854 3,362797
-0,083113 -0,142382 3,367626 0,219915 1,305197 3,240191 -1,137852 0,410547 2,903838 -0,085498 0,588915 3,375822
-0,086734 -0,133408 3,387525 0,218241 1,307984 3,247490 -0,915136 0,719644 2,658215 -0,081823 0,590478 3,363678
-0,090449 -0,128926 3,387126 0,216868 1,302640 3,245821 -0,814999 0,864715 2,669882 -0,085498 0,596037 3,375919
-0,108113 -0,130063 3,385739 0,221657 1,301424 3,247086 -0,674812 1,271130 3,205709 -0,096712 0,597946 3,387657
-0,126686 -0,142453 3,398382 0,227284 1,290657 3,241807 -0,430932 1,267993 3,004036 -0,081632 0,586977 3,363694
-0,138994 -0,140199 3,384511 0,228714 1,280339 3,231209 -0,408725 1,368469 3,264935 -0,078412 0,596565 3,401216
