29 12
-0,031298 -0,132370 3,441308 0,369807 1,302652 3,355857 -0,378322 1,359559 3,367671 0,003270 0,594116 3,454484
-0,027923 -0,137258 3,436990 0,384473 1,300045 3,340393 -0,501266 1,437535 3,551087 -0,000423 0,596155 3,467374
-0,024586 -0,137680 3,418667 0,385602 1,304824 3,337322 -0,601934 1,418782 3,569181 0,014155 0,596188 3,467887
-0,014297 -0,137903 3,434974 0,387052 1,299507 3,331537 -0,757257 1,124483 3,043346 0,010545 0,597776 3,454839
-0,011810 -0,135150 3,437093 0,385894 1,301048 3,317969 -1,052735 0,888347 3,265303 0,010545 0,597776 3,454839
-0,014459 -0,135950 3,435940 0,380495 1,308801 3,320945 -1,047574 0,629457 3,079789 0,010626 0,602395 3,507268
-0,014316 -0,154211 3,440840 0,372205 1,299730 3,303801 -1,033202 0,266990 3,176417 0,002965 0,590923 3,480700
-0,023281 -0,138487 3,448331 0,354096 1,306606 3,311757 -0,688443 0,041536 2,775829 -0,004522 0,598240 3,480695
-0,022288 -0,139992 3,446415 0,352677 1,305639 3,311380 -0,578316 -0,013331 2,770884 -0,000736 0,600312 3,493896
-0,026491 -0,144591 3,434289 0,341803 1,295655 3,292412 -0,429303 0,005869 3,132576 -0,023437 0,592497 3,467217
-0,023421 -0,141581 3,429126 0,331749 1,307486 3,318264 -0,450646 -0,011389 3,233037 -0,023437 0,592497 3,467217
-0,016695 -0,143624 3,414109 0,328789 1,303624 3,321376 -0,547351 -0,065770 3,367899 -0,023437 0,592497 3,467217
-0,002526 -0,135706 3,437876 0,326378 1,302418 3,327640 -0,730314 -0,144706 3,043741 -0,012022 0,594137 3,454543
0,000472 -0,147998 3,452428 0,324858 1,299694 3,314765 -0,852077 -0,142514 3,098199 -0,004676 0,598697 3,507040
-0,008382 -0,149335 3,457816 0,329378 1,299582 3,325921 -0,769521 -0,139415 2,932105 -0,001120 0,600282 3,493875
-0,024825 -0,137557 3,421987 0,330645 1,299608 3,311829 -0,630881 -0,138328 3,142388 -0,019476 0,594123 3,454365
-0,030049 -0,143352 3,423728 0,330321 1,290403 3,311165 -0,405644 -0,045714 2,904234 -0,027411 0,598163 3,480183
-0,030385 -0,134864 3,413905 0,326480 1,297734 3,313100 -0,366355 -0,011240 3,010903 -0,030884 0,614374 3,467340
-0,033798 -0,132104 3,402375 0,318795 1,292424 3,311342 -0,347815 -0,017193 3,162048 -0,027395 0,612815 3,480417
-0,034229 -0,133028 3,418375 0,320376 1,294651 3,321622 -0,553454 -0,124303 3,442521 -0,030397 0,595686 3,441081
-0,032635 -0,135076 3,422338 0,321431 1,292742 3,324416 -0,660745 -0,155613 3,419580 -0,023426 0,599794 3,467331
-0,024205 -0,141847 3,431980 0,324436 1,301696 3,330731 -0,752152 -0,123198 3,081014 -0,023426 0,599794 3,467331
-0,019245 -0,137815 3,437701 0,324246 1,302580 3,339796 -0,749064 0,032573 3,018257 -0,008666 0,596150 3,467570
-0,020114 -0,131565 3,430940 0,321938 1,309216 3,339113 -0,731632 0,144193 2,933205 -0,004522 0,598240 3,480695
-0,012706 -0,137107 3,448339 0,320764 1,307046 3,335567 -0,705770 0,458284 2,977723 -0,004522 0,598240 3,480695
-0,012640 -0,141180 3,446455 0,319980 1,306961 3,328441 -0,633461 0,795246 2,861425 0,006607 0,603982 3,494086
-0,014566 -0,140382 3,444225 0,317425 1,307232 3,331632 -0,590978 0,943805 2,925593 0,014319 0,600310 3,494072
-0,019403 -0,135017 3,430097 0,323148 1,299780 3,331175 -0,509838 1,266367 3,273650 0,003089 0,597777 3,454745
-0,028747 -0,144622 3,462102 0,329068 1,291459 3,312378 -0,426527 1,291086 3,279310 0,003163 0,594574 3,480635
