27 12
-0,050407 -0,140454 3,329171 0,288396 1,289497 3,270616 -0,423618 1,267489 3,164602 -0,015311 0,595263 3,415872
-0,054840 -0,142216 3,336103 0,286265 1,286766 3,267916 -0,401790 1,148810 3,002192 -0,015512 0,591686 3,416039
-0,060115 -0,144039 3,344041 0,290119 1,286127 3,272650 -0,400915 1,051541 2,894150 -0,015149 0,584433 3,415420
-0,064734 -0,148935 3,324303 0,282879 1,284901 3,265487 -0,435878 0,779477 2,700486 -0,018837 0,575290 3,402626
-0,072696 -0,149390 3,337236 0,289959 1,282738 3,263920 -0,383686 0,480791 2,630452 -0,012396 0,582153 3,378642
-0,068857 -0,140867 3,334305 0,290765 1,286761 3,261459 -0,390670 0,393168 2,694057 -0,008333 0,591297 3,391250
-0,065942 -0,148913 3,347235 0,297104 1,300390 3,282886 -0,407554 0,340840 2,719378 -0,008348 0,584149 3,391156
-0,058761 -0,151731 3,346133 0,294444 1,296332 3,270341 -0,457183 0,514053 2,737735 -0,008145 0,584501 3,416108
-0,051655 -0,144743 3,335659 0,298267 1,300351 3,285491 -0,463353 0,589785 2,704983 -0,008326 0,588106 3,416283
-0,044830 -0,149811 3,363426 0,297681 1,299348 3,285886 -0,455211 0,677686 2,709760 -0,008341 0,580911 3,416182
-0,047046 -0,155311 3,369597 0,298494 1,296981 3,276642 -0,383351 0,519212 2,645194 0,002798 0,590112 3,429162
-0,048816 -0,146863 3,362470 0,296995 1,299187 3,264436 -0,377053 0,444931 2,674958 -0,004457 0,589703 3,403674
-0,046417 -0,150193 3,354059 0,296115 1,294448 3,275122 -0,393074 0,372149 2,704858 -0,008311 0,595303 3,416382
-0,033308 -0,142494 3,330873 0,296753 1,308923 3,281842 -0,454304 0,497504 2,748580 -0,004457 0,589703 3,403674
-0,032611 -0,147460 3,336090 0,298916 1,305883 3,277098 -0,457360 0,556834 2,724138 0,003178 0,590079 3,428842
-0,039447 -0,142780 3,309699 0,291908 1,304961 3,270643 -0,459916 0,620425 2,704992 0,006445 0,588114 3,416517
-0,054208 -0,148896 3,334651 0,291855 1,306672 3,266657 -0,408975 0,473964 2,653260 0,009888 0,589708 3,404021
-0,063382 -0,138992 3,324017 0,292624 1,301798 3,265679 -0,404161 0,375782 2,656997 0,009904 0,596883 3,404116
-0,070997 -0,130404 3,315971 0,290053 1,302307 3,271898 -0,403333 0,241238 2,726150 0,009214 0,610595 3,378943
-0,071854 -0,135500 3,299106 0,296500 1,306046 3,273757 -0,410458 0,297027 2,726463 0,006570 0,602024 3,391512
-0,066315 -0,137386 3,302067 0,294566 1,305617 3,271619 -0,412819 0,377035 2,720657 0,003016 0,600938 3,429198
-0,061748 -0,135519 3,306670 0,297179 1,303251 3,266370 -0,401308 0,613369 2,723816 -0,000540 0,595277 3,416191
-0,063348 -0,141900 3,307475 0,298148 1,301135 3,254389 -0,402035 0,856581 2,718773 0,002798 0,590112 3,429162
-0,063371 -0,131201 3,312535 0,299412 1,304684 3,269581 -0,395342 0,996756 2,792728 0,003199 0,597301 3,428944
-0,066867 -0,136461 3,293712 0,305205 1,302887 3,260335 -0,353272 1,224668 3,047509 -0,000723 0,598901 3,416444
-0,073971 -0,138105 3,295054 0,304191 1,308814 3,274563 -0,340745 1,276733 3,103406 -0,000857 0,599370 3,441991
-0,073689 -0,129051 3,293521 0,307604 1,310881 3,277817 -0,323865 1,306955 3,177591 -0,004624 0,600473 3,403939
