29 12
-0,056095 -0,137603 3,368720 0,306155 1,272056 3,253007 -0,510963 1,061471 2,950420 -0,038064 0,598335 3,390577
-0,058429 -0,146022 3,381204 0,304469 1,257690 3,233112 -0,658721 0,817317 3,010430 -0,048351 0,585271 3,352960
-0,060185 -0,149119 3,385549 0,305060 1,250465 3,229276 -0,697808 0,577371 2,874852 -0,048734 0,585229 3,353021
-0,067446 -0,144755 3,364185 0,309659 1,249409 3,231622 -0,740090 0,229441 2,839402 -0,041281 0,588419 3,329086
-0,072995 -0,139978 3,383950 0,311978 1,252069 3,240131 -0,632947 0,035696 2,769048 -0,034307 0,584484 3,305073
-0,072562 -0,141404 3,381434 0,313547 1,254766 3,246775 -0,554706 -0,011096 2,774865 -0,037592 0,586494 3,317183
-0,075130 -0,137894 3,357880 0,312366 1,257207 3,254574 -0,418904 -0,007414 3,045653 -0,048858 0,587838 3,304384
-0,066604 -0,132393 3,351403 0,309130 1,257398 3,246029 -0,416255 0,015436 3,078978 -0,048667 0,591402 3,304667
-0,063359 -0,139076 3,350366 0,312224 1,260119 3,266508 -0,503968 -0,008058 3,156421 -0,027405 0,584794 3,328941
-0,051521 -0,149478 3,363500 0,307164 1,260216 3,268305 -0,644210 -0,035017 2,844076 -0,030694 0,586847 3,341402
-0,058821 -0,139202 3,368414 0,308729 1,259950 3,264999 -0,611010 -0,038927 2,779088 -0,027213 0,588378 3,329249
-0,064129 -0,137131 3,375038 0,305829 1,252551 3,254061 -0,513561 -0,025389 2,746809 -0,023566 0,586449 3,317312
-0,063960 -0,134817 3,330659 0,300340 1,246438 3,241949 -0,360954 0,048787 3,050412 -0,049109 0,606366 3,353028
-0,065059 -0,131297 3,331865 0,303474 1,250841 3,225212 -0,394316 0,070556 3,115255 -0,045375 0,597312 3,340882
-0,067993 -0,134671 3,358889 0,302259 1,254255 3,244808 -0,493137 0,025402 3,184392 -0,034574 0,592271 3,353342
-0,059810 -0,150757 3,361134 0,299776 1,249836 3,239412 -0,670713 -0,029362 2,796738 -0,041476 0,584863 3,328949
-0,068173 -0,139454 3,378228 0,300225 1,253213 3,238008 -0,618061 -0,050838 2,728296 -0,048923 0,588724 3,352975
-0,077540 -0,138823 3,381401 0,298022 1,252975 3,221504 -0,515153 -0,039853 2,704421 -0,038355 0,586241 3,316319
-0,074809 -0,147939 3,311941 0,296587 1,245313 3,229405 -0,355026 0,042388 3,020334 -0,045952 0,600577 3,339925
-0,081761 -0,137761 3,331983 0,293452 1,249998 3,219634 -0,407244 0,043596 3,122408 -0,049303 0,595671 3,352639
-0,082812 -0,146695 3,350332 0,294438 1,248524 3,227614 -0,517368 -0,000636 3,207820 -0,063025 0,577355 3,303910
-0,074465 -0,142852 3,356622 0,296753 1,253092 3,234750 -0,711712 -0,032647 2,765737 -0,048729 0,592306 3,353111
-0,062031 -0,148852 3,344667 0,296019 1,261902 3,240439 -0,838867 0,057950 2,845506 -0,041476 0,584863 3,328949
-0,058220 -0,153300 3,351985 0,296339 1,261283 3,240545 -0,815668 0,126257 2,764570 -0,052002 0,579422 3,316561
-0,053051 -0,135347 3,364635 0,297181 1,252765 3,235381 -0,773565 0,361017 2,843830 -0,048531 0,595873 3,353165
-0,049881 -0,151811 3,365608 0,290029 1,259850 3,243201 -0,641081 0,688478 2,672257 -0,055546 0,577836 3,328393
-0,052487 -0,152719 3,358897 0,291912 1,260527 3,236861 -0,593436 0,844140 2,707321 -0,048923 0,588724 3,352975
-0,056143 -0,133699 3,334594 0,289756 1,258187 3,233119 -0,496829 1,210817 3,155368 -0,048729 0,592306 3,353111
-0,066009 -0,145961 3,351070 0,294406 1,251627 3,232471 -0,412870 1,235619 3,152946 -0,048734 0,585229 3,353021
