33 12
-0,097955 -0,138156 3,379362 0,320441 1,303788 3,314917 -0,470776 1,412553 3,350787 -0,063516 0,593093 3,401855
-0,086024 -0,144033 3,391209 0,331899 1,282250 3,294961 -0,555402 1,328475 3,174310 -0,063712 0,589494 3,401892
-0,074669 -0,136082 3,384470 0,349265 1,224219 3,203621 -0,941083 1,258916 3,571557 -0,041469 0,578533 3,377792
-0,067990 -0,145777 3,398740 0,359802 1,204606 3,199034 -1,020172 0,901248 3,235692 -0,037720 0,569792 3,390147
-0,064652 -0,147917 3,415638 0,355200 1,182075 3,195648 -1,192787 0,197365 2,777790 -0,034510 0,557363 3,402626
-0,092135 -0,154744 3,455089 0,338009 1,179121 3,272228 -0,864282 -0,330057 2,345167 -0,044734 0,541220 3,389100
-0,104714 -0,148589 3,446975 0,318694 1,162565 3,278255 -0,727177 -0,503682 2,400892 -0,044547 0,530535 3,364273
-0,132486 -0,139849 3,382846 0,272765 1,152552 3,242063 -0,457254 -0,811071 3,096047 -0,049641 0,535832 3,426883
-0,113775 -0,136564 3,338209 0,249634 1,159126 3,243453 -0,240688 -0,761362 3,016920 -0,044920 0,537669 3,389286
-0,090359 -0,139483 3,292226 0,245156 1,137098 3,194911 -0,265154 -0,843325 3,318454 -0,041531 0,535917 3,402028
-0,022087 -0,144537 3,408373 0,268738 1,053021 3,145791 -0,435385 -0,839102 3,126844 -0,027475 0,539676 3,479252
0,019321 -0,147758 3,368488 0,325854 0,980028 3,034184 -0,622300 -0,906982 3,324006 0,017117 0,532400 3,428450
0,025695 -0,147939 3,419471 0,337959 0,984594 3,091318 -0,571148 -0,869328 3,114944 0,013641 0,537885 3,492877
-0,001877 -0,150406 3,401137 0,317725 1,006673 3,089502 -0,408444 -0,914508 3,233860 -0,005131 0,539740 3,505876
-0,050156 -0,150453 3,473450 0,269413 1,016390 3,188737 -0,150878 -0,780621 2,902503 0,009841 0,528791 3,453894
-0,057677 -0,142300 3,436092 0,238779 0,993505 3,138002 -0,108054 -0,805895 3,046336 0,024683 0,528813 3,428499
-0,042703 -0,145795 3,406432 0,250317 0,972463 3,137357 -0,174468 -0,845767 3,127848 0,031721 0,521554 3,428145
0,008691 -0,150656 3,304272 0,283781 0,976142 3,115514 -0,504163 -1,014207 3,660189 0,021100 0,523325 3,466779
0,021986 -0,140617 3,322867 0,300594 0,984959 3,135035 -0,583868 -0,973580 3,545282 0,039459 0,532342 3,453789
0,026848 -0,148189 3,367713 0,318581 1,000187 3,164383 -0,584121 -0,920333 3,353474 0,036072 0,537843 3,466976
-0,018883 -0,153516 3,447466 0,295420 1,007919 3,205122 -0,309909 -0,804926 2,903372 0,035933 0,530591 3,441238
-0,042405 -0,147809 3,450163 0,272769 0,996542 3,198849 -0,208653 -0,771374 2,858199 0,039276 0,528674 3,453470
-0,076810 -0,150091 3,385419 0,225887 0,957709 3,122259 -0,064427 -0,785784 3,093519 0,031721 0,521554 3,428145
-0,053516 -0,132412 3,323846 0,223177 0,934744 3,072455 -0,223129 -0,926357 3,459116 0,027730 0,523336 3,415290
-0,042154 -0,147552 3,290767 0,238033 0,942840 3,069726 -0,391619 -0,994714 3,626682 0,031542 0,517911 3,427839
0,005257 -0,151686 3,373802 0,288541 0,989751 3,161857 -0,642461 -0,819075 3,075993 0,028585 0,530584 3,466892
0,046343 -0,160509 3,311967 0,300358 1,026145 3,168190 -0,866683 -0,623888 3,215073 0,046924 0,535875 3,479006
0,062122 -0,161881 3,344686 0,304694 1,058842 3,194375 -0,867619 -0,396969 2,997456 0,053591 0,535787 3,427482
0,083308 -0,167073 3,398058 0,306311 1,102733 3,211714 -0,925388 0,122329 2,947100 0,042541 0,541250 3,390829
0,071588 -0,164693 3,454205 0,289161 1,130565 3,222788 -0,691873 0,597916 2,462243 0,020206 0,555474 3,390687
0,058900 -0,170413 3,463957 0,285709 1,144588 3,222034 -0,621848 0,812439 2,571851 0,016828 0,560813 3,378732
0,010572 -0,155448 3,395414 0,302175 1,159074 3,229743 -0,481692 1,217085 3,151978 0,021178 0,573717 3,416439
-0,036700 -0,161115 3,455956 0,298917 1,160634 3,257072 -0,370902 1,237764 3,122083 0,006542 0,584879 3,441885
