23 12
-0,042534 -0,149648 3,304665 0,342088 1,291148 3,250005 -0,324107 1,148760 3,133618 -0,019557 0,584624 3,305749
-0,043165 -0,144476 3,302373 0,331111 1,280775 3,228101 -0,346286 1,068704 2,985881 -0,022811 0,579572 3,317516
-0,043143 -0,154913 3,322113 0,329530 1,282754 3,227629 -0,332796 0,852897 2,862142 -0,030211 0,576039 3,317317
-0,046616 -0,157614 3,343136 0,333476 1,284484 3,232023 -0,362053 0,707921 2,800203 -0,019106 0,574756 3,353679
-0,050159 -0,156149 3,319301 0,331302 1,283275 3,228706 -0,415237 0,438057 2,744685 -0,019567 0,577641 3,305673
-0,052486 -0,129446 3,347597 0,334093 1,279908 3,231600 -0,425208 0,288374 2,745705 0,001748 0,598154 3,282517
-0,055853 -0,125721 3,339549 0,335554 1,283430 3,246700 -0,422324 0,235643 2,711556 -0,002449 0,592547 3,269894
-0,062269 -0,138207 3,324055 0,341139 1,279272 3,249040 -0,454809 0,196693 2,535570 0,001347 0,591096 3,281964
-0,065005 -0,134874 3,322958 0,338741 1,281569 3,242373 -0,464105 0,203448 2,477280 0,004972 0,593035 3,293787
-0,064633 -0,121539 3,327896 0,338478 1,277626 3,240297 -0,462557 0,207651 2,480136 0,001719 0,602505 3,329937
-0,061343 -0,136801 3,330623 0,339048 1,278600 3,262954 -0,414846 0,223431 2,665387 -0,002129 0,596941 3,317539
-0,063524 -0,143093 3,335337 0,339644 1,278791 3,286584 -0,384475 0,216946 2,663654 -0,005910 0,595312 3,329118
-0,070334 -0,138732 3,341614 0,344314 1,280685 3,294171 -0,371547 0,211016 2,673349 0,001812 0,588112 3,306046
-0,079406 -0,143651 3,324762 0,345819 1,281318 3,294966 -0,392388 0,179776 2,549006 0,001518 0,598920 3,329606
-0,085542 -0,143391 3,324416 0,338667 1,276626 3,270036 -0,412464 0,192942 2,477096 -0,005754 0,594973 3,305545
-0,077140 -0,139484 3,313398 0,332192 1,273891 3,254861 -0,424498 0,200556 2,443331 -0,006147 0,587811 3,304676
-0,072843 -0,144860 3,343313 0,327418 1,282960 3,248542 -0,401423 0,237242 2,522525 0,001125 0,598742 3,328784
-0,056413 -0,149289 3,320864 0,324125 1,284174 3,262501 -0,378273 0,381406 2,527858 -0,012385 0,589277 3,378733
-0,046738 -0,142633 3,332805 0,324491 1,292899 3,261369 -0,350661 0,486827 2,553643 -0,007995 0,583420 3,341681
-0,037196 -0,144777 3,360396 0,324631 1,295946 3,266585 -0,299648 0,795597 2,692689 -0,014927 0,573033 3,365128
-0,028147 -0,133631 3,358371 0,325069 1,303613 3,275977 -0,361226 1,051232 2,876589 -0,015812 0,586952 3,341921
-0,028293 -0,138567 3,353108 0,322774 1,293597 3,255769 -0,363388 1,120668 2,975716 -0,008361 0,590500 3,342077
-0,031881 -0,141339 3,362772 0,325393 1,297832 3,259011 -0,334575 1,209253 3,175432 -0,022984 0,590071 3,317681
