34 12
-0,119180 -0,136313 3,385692 0,306662 1,309785 3,290654 -0,452522 1,358249 3,257589 -0,067944 0,598587 3,414339
-0,109550 -0,130821 3,368039 0,299043 1,304979 3,278672 -0,644988 1,449939 3,528013 -0,063707 0,596665 3,401992
-0,103478 -0,139257 3,373170 0,296522 1,303962 3,276635 -0,784639 1,385793 3,513445 -0,063902 0,593049 3,401945
-0,095547 -0,146628 3,389347 0,290685 1,302820 3,275220 -0,962028 1,016139 2,949638 -0,064094 0,589418 3,401813
-0,094421 -0,136186 3,398258 0,293828 1,297564 3,258357 -1,183873 0,673919 3,052187 -0,063516 0,593093 3,401855
-0,095064 -0,144734 3,401112 0,290953 1,293828 3,263070 -1,151340 0,423310 2,869593 -0,063712 0,589494 3,401892
-0,103360 -0,137226 3,389687 0,294153 1,291315 3,266117 -1,135690 0,033199 3,051671 -0,070868 0,593047 3,401473
-0,114772 -0,152319 3,391913 0,294515 1,293347 3,271722 -0,831703 -0,174901 2,773139 -0,077814 0,581901 3,376034
-0,115629 -0,139731 3,396806 0,292713 1,287672 3,261744 -0,738374 -0,228891 2,817275 -0,081676 0,590974 3,388340
-0,117379 -0,146630 3,371828 0,290049 1,285663 3,244839 -0,613832 -0,273522 3,146137 -0,092304 0,584932 3,350776
-0,110883 -0,147728 3,373997 0,276005 1,310664 3,306323 -0,465601 -0,205522 2,986198 -0,081681 0,583831 3,388242
-0,112157 -0,154694 3,372260 0,276441 1,291477 3,267977 -0,457885 -0,187969 3,061793 -0,088251 0,579532 3,338758
-0,104246 -0,151926 3,385245 0,271925 1,302734 3,285783 -0,496010 -0,199858 3,024994 -0,092493 0,581349 3,350676
-0,093194 -0,155304 3,370192 0,270234 1,296315 3,267226 -0,692240 -0,287083 3,247908 -0,088912 0,579823 3,363165
-0,091924 -0,152998 3,361691 0,276112 1,300280 3,270746 -0,763384 -0,314005 3,219277 -0,088720 0,583403 3,363188
-0,089029 -0,153439 3,369778 0,276636 1,300067 3,275151 -0,814183 -0,314701 3,005965 -0,088529 0,579875 3,363035
-0,094945 -0,152261 3,382321 0,276132 1,303119 3,277991 -0,724841 -0,299096 2,902427 -0,088912 0,579823 3,363165
-0,098102 -0,149752 3,379980 0,278808 1,294679 3,270697 -0,662143 -0,284727 2,883616 -0,088529 0,579875 3,363035
-0,107587 -0,154358 3,361475 0,276807 1,295618 3,267399 -0,567032 -0,249085 3,106785 -0,078607 0,592948 3,401181
-0,114222 -0,149488 3,361888 0,276701 1,286899 3,249490 -0,468120 -0,183744 3,024299 -0,088720 0,583403 3,363188
-0,116010 -0,151057 3,355017 0,276352 1,284627 3,252550 -0,468212 -0,180245 3,108397 -0,088529 0,579875 3,363035
-0,114625 -0,150042 3,365038 0,278834 1,294382 3,267310 -0,528042 -0,227837 3,058111 -0,092304 0,584932 3,350776
-0,102847 -0,143180 3,353046 0,277835 1,299518 3,262732 -0,815977 -0,333618 3,415604 -0,085047 0,584993 3,351221
-0,098864 -0,155983 3,354897 0,282250 1,295016 3,263594 -0,954652 -0,343670 3,417164 -0,084859 0,574422 3,351064
-0,080633 -0,156654 3,392459 0,276858 1,321232 3,281190 -1,078348 -0,235343 2,960686 -0,085237 0,581410 3,351116
-0,059407 -0,149826 3,349566 0,279965 1,302434 3,269778 -1,270276 -0,043995 3,073167 -0,077603 0,574476 3,351488
-0,049750 -0,150512 3,361943 0,276570 1,311624 3,275925 -1,264240 0,079421 2,968348 -0,070704 0,578376 3,376483
-0,032587 -0,147198 3,406878 0,277052 1,323579 3,282306 -1,244917 0,360199 2,925375 -0,063906 0,585879 3,401843
-0,032715 -0,136219 3,401431 0,269067 1,319589 3,272854 -1,036614 0,606191 2,684108 -0,060265 0,594605 3,389567
-0,032023 -0,143603 3,411479 0,265574 1,317748 3,271628 -0,943835 0,722129 2,664159 -0,063902 0,593049 3,401945
-0,052987 -0,122382 3,386294 0,262625 1,305700 3,250860 -0,827163 1,072291 3,126135 -0,067207 0,601784 3,389392
-0,077426 -0,124406 3,423758 0,263733 1,309305 3,268214 -0,557345 1,105181 2,869770 -0,063899 0,600222 3,402047
-0,087605 -0,127715 3,401914 0,268573 1,300156 3,251924 -0,483290 1,184662 2,973424 -0,063896 0,607398 3,402149
-0,117823 -0,115580 3,364678 0,266793 1,298445 3,244715 -0,396942 1,333378 3,237453 -0,074337 0,605323 3,388958
