25 12
-0,036789 -0,146136 3,330315 0,337586 1,301422 3,296710 -0,416432 1,228931 3,184423 0,002539 0,596882 3,404035
-0,037499 -0,151439 3,343165 0,333382 1,301427 3,290143 -0,636334 1,153818 3,362820 0,010133 0,585752 3,378933
-0,046257 -0,146115 3,357184 0,335420 1,302324 3,284615 -0,720675 0,864736 3,097578 0,010269 0,589705 3,403891
-0,053353 -0,137131 3,348710 0,332628 1,300635 3,274601 -0,816735 0,204289 2,811653 0,009768 0,592879 3,379149
-0,075294 -0,150332 3,373768 0,333306 1,299532 3,274127 -0,704158 -0,217369 2,670359 -0,005036 0,586093 3,403731
-0,081533 -0,127711 3,374617 0,333344 1,301712 3,277613 -0,597386 -0,340358 2,683788 -0,008705 0,598417 3,391337
-0,103961 -0,124368 3,343003 0,335505 1,300597 3,286796 -0,378045 -0,484670 3,111835 -0,022930 0,594419 3,366199
-0,097662 -0,128473 3,342137 0,328497 1,300862 3,285476 -0,242888 -0,421173 2,987908 -0,019119 0,592853 3,378477
-0,085990 -0,131017 3,307811 0,319334 1,301767 3,271378 -0,309894 -0,470645 3,184055 -0,022876 0,583419 3,341650
-0,056551 -0,150179 3,367570 0,312138 1,305051 3,281807 -0,510163 -0,530744 2,924925 -0,004853 0,582531 3,403733
-0,041274 -0,149521 3,346653 0,312323 1,315604 3,290997 -0,701851 -0,578382 3,086584 -0,008922 0,580505 3,390971
-0,051461 -0,146388 3,370456 0,311818 1,319510 3,290586 -0,631957 -0,548553 2,887638 -0,005317 0,574712 3,353981
-0,070341 -0,135406 3,341532 0,312814 1,308906 3,293783 -0,469185 -0,554682 3,143262 -0,012572 0,592800 3,378654
-0,095697 -0,122197 3,367364 0,310414 1,311335 3,284275 -0,245931 -0,399598 2,879814 -0,033950 0,589255 3,378127
-0,098885 -0,122221 3,363804 0,306124 1,308253 3,298552 -0,254502 -0,413727 3,039576 -0,026527 0,596838 3,403226
-0,084910 -0,131020 3,369739 0,303448 1,307272 3,287183 -0,411518 -0,483777 2,903307 -0,030236 0,587298 3,365893
-0,067518 -0,144009 3,329609 0,304088 1,307999 3,289664 -0,784836 -0,552284 3,305775 -0,012200 0,585738 3,378729
-0,055207 -0,153345 3,331687 0,305502 1,313798 3,293777 -0,817075 -0,469182 3,092457 -0,008544 0,580567 3,391146
-0,035481 -0,161416 3,363998 0,310778 1,314512 3,297457 -0,816930 -0,213198 2,862880 -0,008718 0,580878 3,416175
-0,025820 -0,165673 3,355148 0,309157 1,320742 3,307498 -0,716668 0,245879 2,603191 -0,012409 0,578912 3,403501
-0,023230 -0,152029 3,371124 0,307558 1,322238 3,309547 -0,688007 0,481110 2,565931 0,002238 0,582169 3,378878
-0,023593 -0,145353 3,368699 0,302411 1,320060 3,313781 -0,615561 1,039309 3,042057 0,006462 0,595312 3,416615
-0,043849 -0,138283 3,396620 0,307183 1,300629 3,302838 -0,493113 1,162453 3,004006 -0,004394 0,600934 3,429074
-0,051037 -0,146807 3,390806 0,309605 1,295387 3,299415 -0,439741 1,225973 3,098740 -0,000857 0,599371 3,441991
-0,071007 -0,142005 3,359520 0,313171 1,296701 3,311952 -0,377611 1,308097 3,326970 -0,015895 0,591684 3,416216
