19 12
-0,025250 -0,141968 3,423282 0,361884 1,324829 3,370121 -0,313709 1,280350 3,076380 -0,000778 0,577314 3,416147
-0,024335 -0,152230 3,430500 0,358929 1,315775 3,354370 -0,245813 1,123926 2,820332 0,014119 0,559318 3,415904
-0,031323 -0,145908 3,461898 0,350129 1,327020 3,383896 -0,019173 0,663818 2,319753 -0,004329 0,583955 3,506629
-0,034122 -0,131368 3,454180 0,307111 1,270610 3,291630 0,019356 0,485553 2,265905 -0,000915 0,613002 3,574662
-0,041453 -0,130526 3,446127 0,351148 1,314247 3,373677 0,080458 0,165393 2,400974 0,010930 0,618358 3,561257
-0,047958 -0,129152 3,484205 0,351364 1,317625 3,389267 0,119368 0,001905 2,355039 0,027422 0,658351 3,491012
-0,046462 -0,126472 3,497632 0,357247 1,320903 3,389300 0,138706 -0,027427 2,342542 0,012204 0,661153 3,465073
-0,045250 -0,134443 3,511077 0,354112 1,290332 3,399148 0,161468 -0,035519 2,382135 0,008344 0,646546 3,401922
-0,048281 -0,140875 3,526312 0,367313 1,313793 3,378824 0,166074 -0,036057 2,377858 0,007847 0,646799 3,424642
-0,044658 -0,125467 3,513140 0,369496 1,311051 3,391731 0,164350 -0,041646 2,390611 0,018599 0,663725 3,459820
-0,049403 -0,123184 3,498493 0,367708 1,313574 3,384594 0,143704 -0,048217 2,389745 0,004393 0,654962 3,388813
-0,042127 -0,113285 3,477520 0,365705 1,312273 3,377886 0,111899 -0,004994 2,449752 -0,017101 0,650571 3,466731
-0,039734 -0,133457 3,448812 0,363158 1,301668 3,433659 0,086763 0,051900 2,481501 0,000079 0,642217 3,547273
-0,038551 -0,134053 3,427804 0,364671 1,317411 3,375640 0,031312 0,238754 2,504175 0,007454 0,623607 3,547390
-0,019794 -0,144905 3,388749 0,361986 1,322115 3,371166 -0,121402 0,574217 2,722661 0,011508 0,583757 3,505463
-0,016059 -0,147697 3,399910 0,367795 1,322672 3,378344 -0,193245 0,761258 2,794946 0,018564 0,546168 3,375507
-0,014334 -0,140404 3,393645 0,373879 1,323619 3,382442 -0,275547 1,048747 2,848890 0,003171 0,578572 3,378279
-0,015920 -0,132894 3,379643 0,372073 1,322227 3,376904 -0,416142 1,229112 3,182545 -0,012187 0,592864 3,378822
-0,017979 -0,143543 3,372620 0,374331 1,325351 3,382390 -0,420635 1,251091 3,236862 -0,004640 0,593297 3,403842
