23 12
-0,046978 -0,122207 3,524235 0,272495 1,264118 3,315724 -0,318589 1,323985 3,236350 -0,008544 0,580567 3,391146
-0,048192 -0,126270 3,519507 0,270459 1,267685 3,315450 -0,383338 1,138250 2,893256 -0,012428 0,583558 3,480315
-0,055734 -0,141669 3,528823 0,262903 1,273003 3,325915 -0,390121 0,957321 2,770448 -0,004244 0,572315 3,454028
-0,061358 -0,144413 3,552435 0,265808 1,267163 3,319440 -0,380481 0,786955 2,631289 -0,004346 0,576590 3,506508
-0,064772 -0,142543 3,528581 0,261088 1,271080 3,315468 -0,356400 0,470391 2,655558 0,002754 0,579938 3,480560
-0,067417 -0,132361 3,527780 0,264343 1,251309 3,303282 -0,318606 0,241382 2,775344 -0,001570 0,596065 3,467314
-0,060804 -0,131508 3,518214 0,270422 1,259890 3,319916 -0,304465 0,200396 2,917061 0,009589 0,601305 3,454571
-0,057296 -0,120929 3,533398 0,277170 1,264949 3,342534 -0,301729 0,186155 3,015829 0,005823 0,613758 3,441887
-0,052310 -0,112679 3,530572 0,275421 1,263898 3,341917 -0,336866 0,209870 2,961848 0,005734 0,614251 3,467338
-0,058372 -0,129286 3,549970 0,271753 1,258232 3,334161 -0,363359 0,234506 2,843494 0,009950 0,586851 3,454750
-0,063387 -0,140936 3,563523 0,268396 1,259034 3,326528 -0,398849 0,257092 2,665882 -0,001278 0,577605 3,441656
-0,058587 -0,129218 3,543901 0,267755 1,261460 3,329095 -0,359067 0,198146 2,727543 0,009206 0,608424 3,453931
-0,059238 -0,142094 3,534878 0,271596 1,255533 3,326946 -0,335446 0,178790 2,865197 0,009201 0,601149 3,453824
-0,063429 -0,121207 3,518512 0,273714 1,258575 3,342588 -0,306345 0,138999 3,068495 0,024514 0,608572 3,454706
-0,068485 -0,123072 3,514476 0,274002 1,258246 3,337116 -0,336359 0,125289 3,089205 0,009875 0,617031 3,507056
-0,066768 -0,130666 3,516755 0,277602 1,259308 3,341543 -0,334304 0,142078 3,019118 0,017050 0,593655 3,429148
-0,063345 -0,118985 3,537604 0,267763 1,260624 3,328798 -0,352805 0,266474 2,831913 -0,004707 0,601895 3,480791
-0,055278 -0,141184 3,535889 0,264915 1,264657 3,322665 -0,343529 0,556443 2,722168 -0,011524 0,580544 3,532495
-0,051131 -0,135052 3,529189 0,263768 1,268250 3,323724 -0,365537 0,707674 2,747365 -0,007936 0,578242 3,493051
-0,043935 -0,128506 3,541767 0,265320 1,274284 3,326159 -0,349904 1,039590 2,935538 -0,019604 0,587625 3,506486
-0,044709 -0,118164 3,536829 0,271958 1,271253 3,321249 -0,407624 1,239676 3,145629 -0,012408 0,598199 3,480545
-0,042370 -0,122357 3,535697 0,274292 1,266729 3,322517 -0,391380 1,288032 3,203950 -0,012414 0,586834 3,454433
-0,051792 -0,119502 3,528630 0,274769 1,266345 3,311206 -0,336592 1,330036 3,333584 -0,012408 0,598199 3,480545
