19 12
-0,034972 -0,135359 3,353394 0,331479 1,353211 3,262491 -0,401658 1,230011 3,222459 -0,000723 0,598901 3,416444
-0,028561 -0,135059 3,357879 0,320233 1,343135 3,231868 -0,437400 1,089108 2,969582 -0,000924 0,595310 3,416512
-0,036148 -0,135745 3,384268 0,322418 1,339132 3,228416 -0,426425 0,849859 2,832497 0,010269 0,589705 3,403891
-0,039402 -0,137308 3,390664 0,323785 1,338833 3,227636 -0,436492 0,694801 2,716989 0,013690 0,591303 3,391554
-0,039512 -0,135014 3,389493 0,330236 1,341019 3,242297 -0,480353 0,424875 2,564986 0,013164 0,594427 3,366801
-0,046323 -0,131094 3,397762 0,336306 1,330361 3,249668 -0,459813 0,266951 2,466093 0,024260 0,603992 3,404048
-0,045402 -0,133431 3,396901 0,332114 1,327858 3,239055 -0,460847 0,218155 2,421195 0,002044 0,623698 3,480469
-0,053753 -0,122098 3,381549 0,340930 1,333494 3,267509 -0,469012 0,166838 2,323962 0,002727 0,624508 3,507514
-0,052534 -0,126184 3,385915 0,339403 1,330561 3,265644 -0,473064 0,156370 2,315910 0,013992 0,629706 3,494489
-0,054351 -0,127022 3,384683 0,341641 1,334993 3,281913 -0,475773 0,143674 2,282805 0,006174 0,634001 3,520602
-0,054009 -0,136001 3,374992 0,345773 1,328650 3,285104 -0,473026 0,137021 2,298486 0,006254 0,625988 3,494220
-0,050012 -0,125679 3,371180 0,344878 1,330628 3,278482 -0,467124 0,129404 2,326667 0,032121 0,618969 3,429652
-0,047391 -0,125454 3,367365 0,348017 1,333705 3,288463 -0,471958 0,146105 2,376056 0,031929 0,622550 3,429531
-0,038059 -0,135257 3,368419 0,341706 1,331221 3,270095 -0,449655 0,240142 2,565405 0,031899 0,608087 3,429334
-0,026383 -0,136575 3,340176 0,341300 1,339289 3,276701 -0,476265 0,458392 2,635509 0,014051 0,598899 3,416631
-0,023255 -0,142529 3,345212 0,339475 1,345135 3,284845 -0,480923 0,605827 2,680666 0,014031 0,591700 3,416534
-0,015613 -0,138347 3,334225 0,339025 1,341731 3,280410 -0,470023 0,953924 2,951831 0,013690 0,591303 3,391554
-0,018679 -0,134882 3,345805 0,338533 1,341243 3,273125 -0,472934 1,103382 3,069727 0,002629 0,600941 3,429344
-0,018235 -0,137272 3,329891 0,339458 1,341543 3,271937 -0,457437 1,164834 3,151204 0,009784 0,600008 3,379239
