27 12
-0,147841 -0,140517 3,410987 0,250993 1,288205 3,298854 -0,593138 1,418078 3,140441 -0,096860 0,566108 3,412080
-0,141978 -0,140771 3,411597 0,246886 1,291759 3,289828 -0,663700 1,286063 2,887303 -0,103647 0,562242 3,386501
-0,147663 -0,138403 3,435607 0,248173 1,292072 3,296084 -0,744210 1,131781 2,883031 -0,107223 0,556952 3,398121
-0,147167 -0,139624 3,428938 0,247212 1,289863 3,287872 -0,753126 0,953542 2,737498 -0,107788 0,560504 3,398794
-0,150140 -0,140116 3,413460 0,245151 1,286441 3,291210 -0,784339 0,605398 2,599378 -0,100818 0,567998 3,424487
-0,154701 -0,135251 3,404441 0,245442 1,289500 3,299539 -0,718414 0,296940 2,523102 -0,114863 0,570806 3,373562
-0,154753 -0,140334 3,406339 0,244317 1,293477 3,300171 -0,688000 0,183134 2,527974 -0,106801 0,563602 3,349520
-0,157352 -0,132287 3,392615 0,247603 1,282073 3,288853 -0,626233 0,032578 2,794447 -0,099207 0,563402 3,325773
-0,155619 -0,128008 3,392657 0,245935 1,286440 3,296673 -0,521055 0,029367 2,782007 -0,091888 0,566599 3,302046
-0,156370 -0,131952 3,385088 0,244929 1,292811 3,296912 -0,489708 0,057069 2,881389 -0,099949 0,577098 3,324965
-0,156253 -0,131878 3,397908 0,245369 1,286018 3,291002 -0,469481 0,100011 2,976340 -0,081116 0,568221 3,290561
-0,152691 -0,131294 3,391796 0,242835 1,289902 3,295647 -0,525693 0,099058 3,001031 -0,088353 0,572071 3,314443
-0,155521 -0,137267 3,406423 0,237178 1,294713 3,298508 -0,564307 0,100068 2,931181 -0,088350 0,565075 3,314358
-0,149753 -0,136114 3,396193 0,235109 1,300134 3,299239 -0,625126 0,106781 2,681673 -0,091335 0,563299 3,302399
-0,150784 -0,122923 3,403707 0,235519 1,302004 3,296635 -0,600075 0,079719 2,652304 -0,087334 0,571943 3,290867
-0,149712 -0,134052 3,388820 0,234979 1,297018 3,283092 -0,571711 0,062544 2,675475 -0,091708 0,570161 3,302296
-0,154453 -0,131803 3,388387 0,238303 1,285420 3,271656 -0,508316 0,065200 2,941960 -0,091708 0,570161 3,302296
-0,147923 -0,139103 3,360651 0,236285 1,290606 3,287287 -0,464856 0,091130 2,946448 -0,092258 0,573377 3,301480
-0,145648 -0,137178 3,362064 0,235540 1,298638 3,293036 -0,458739 0,116333 2,941379 -0,094735 0,567944 3,266596
-0,147264 -0,126652 3,373461 0,233953 1,290059 3,259513 -0,490365 0,229855 2,800106 -0,092089 0,583946 3,301970
-0,133201 -0,142087 3,348482 0,232056 1,302619 3,275229 -0,530225 0,482729 2,722939 -0,103270 0,562011 3,361937
-0,133832 -0,144513 3,362031 0,229285 1,294259 3,263221 -0,550328 0,621240 2,654988 -0,110768 0,565747 3,385802
-0,123397 -0,141282 3,392782 0,224474 1,302892 3,259076 -0,578563 0,934261 2,736238 -0,114486 0,563787 3,373456
-0,119112 -0,139062 3,379334 0,226241 1,297500 3,248081 -0,573670 1,091052 2,771982 -0,106614 0,567169 3,349529
-0,114756 -0,140693 3,375847 0,224162 1,310955 3,266484 -0,554051 1,169125 2,844889 -0,106801 0,563602 3,349520
-0,119488 -0,134516 3,379888 0,231355 1,304480 3,247528 -0,499306 1,356385 3,145733 -0,099905 0,571035 3,374614
-0,118384 -0,135784 3,376154 0,231277 1,312842 3,260244 -0,466451 1,371188 3,194228 -0,099905 0,571035 3,374614
