32 12
-0,004845 -0,129464 3,343383 0,494866 1,280030 3,241426 -0,376594 1,113231 3,184253 0,016731 0,585029 3,330266
-0,001689 -0,131342 3,338787 0,493236 1,276919 3,235584 -0,355931 1,065688 3,064191 0,023741 0,581175 3,306310
-0,003699 -0,155915 3,343225 0,491234 1,277331 3,225501 -0,322486 0,983297 2,950333 0,024078 0,567211 3,306071
-0,009813 -0,144649 3,346993 0,496613 1,265690 3,215861 -0,272655 0,827717 2,791188 0,028495 0,561899 3,316826
-0,013492 -0,156086 3,346846 0,495358 1,258538 3,203060 -0,206169 0,666967 2,687073 0,028133 0,562014 3,317545
-0,016178 -0,160780 3,360573 0,502051 1,257620 3,198433 -0,149020 0,490900 2,605350 0,031329 0,567445 3,330090
-0,016252 -0,144042 3,366990 0,507221 1,243573 3,188321 -0,083277 0,325458 2,550147 0,020246 0,583420 3,342283
-0,033257 -0,129098 3,379350 0,521523 1,245741 3,202483 -0,015528 0,179611 2,470203 0,053657 0,588825 3,354351
-0,039529 -0,127246 3,370631 0,523226 1,238361 3,187595 0,056074 0,071571 2,419460 0,032311 0,615372 3,429686
-0,041285 -0,142164 3,409712 0,529970 1,232030 3,186962 0,121403 -0,008631 2,392368 0,029843 0,657437 3,423577
-0,028851 -0,132076 3,490188 0,532814 1,235519 3,191128 0,178018 -0,065043 2,370314 0,036925 0,667367 3,398422
-0,029689 -0,122452 3,515744 0,537938 1,231947 3,194939 0,224957 -0,086886 2,346129 0,019080 0,662136 3,388873
-0,046687 -0,143942 3,456469 0,542253 1,233754 3,194428 0,259336 -0,090039 2,338590 0,037282 0,652744 3,376154
-0,038586 -0,144129 3,470454 0,539771 1,222678 3,199585 0,281586 -0,085515 2,341098 0,042010 0,667665 3,439902
-0,050040 -0,158525 3,444449 0,539386 1,230070 3,202603 0,289830 -0,087394 2,335184 0,037596 0,664347 3,401178
-0,054960 -0,176702 3,418017 0,536007 1,226749 3,211524 0,300216 -0,086913 2,352109 0,037465 0,668493 3,424634
-0,064977 -0,174613 3,408947 0,538187 1,226816 3,218548 0,301023 -0,089552 2,369498 0,041111 0,662101 3,388604
-0,056802 -0,151783 3,407513 0,534092 1,228896 3,215725 0,304441 -0,089511 2,422300 0,044513 0,663962 3,399245
-0,046376 -0,130782 3,423130 0,532438 1,237998 3,228867 0,279013 -0,089478 2,443468 0,048611 0,670001 3,412734
-0,043147 -0,121458 3,448005 0,534701 1,239906 3,232739 0,238314 -0,081308 2,506635 0,040998 0,673438 3,411993
-0,051885 -0,128878 3,396784 0,534249 1,251770 3,249744 0,190189 -0,053913 2,557022 0,030328 0,673082 3,450348
-0,029347 -0,162097 3,416117 0,528549 1,255815 3,244621 0,118843 0,002304 2,606038 0,040069 0,626851 3,455416
-0,022017 -0,151124 3,398051 0,529309 1,262142 3,250309 0,034088 0,084157 2,663562 0,054705 0,607508 3,403917
-0,014030 -0,119153 3,371888 0,527741 1,270849 3,258463 -0,049269 0,196854 2,708537 0,046976 0,603464 3,379029
-0,007744 -0,140961 3,362266 0,524921 1,267922 3,250817 -0,118241 0,339663 2,734950 0,043077 0,598397 3,391643
-0,001193 -0,152622 3,369059 0,517839 1,270304 3,253316 -0,199693 0,521749 2,767229 0,028875 0,573344 3,390865
0,003229 -0,147216 3,362835 0,516472 1,269385 3,267536 -0,279570 0,722209 2,813325 0,036442 0,565747 3,364832
0,004559 -0,149696 3,353553 0,517434 1,274632 3,271652 -0,355254 0,888724 2,902695 0,027353 0,561880 3,294261
0,003727 -0,132981 3,363891 0,516263 1,272674 3,276595 -0,401956 1,003860 2,985939 0,038911 0,585351 3,354516
0,003538 -0,145846 3,347155 0,512676 1,281220 3,290204 -0,421724 1,092597 3,107359 0,023542 0,577665 3,306204
-0,001748 -0,138563 3,344961 0,511489 1,276725 3,294575 -0,414774 1,121372 3,195076 0,009370 0,581187 3,306233
-0,004551 -0,124318 3,318753 0,506987 1,275725 3,300864 -0,396670 1,127551 3,251096 0,020247 0,583096 3,318252
