27 12
-0,009266 -0,139074 3,423756 0,454500 1,173925 3,144244 -0,499747 1,426202 3,654030 0,029772 0,585963 3,520273
-0,009692 -0,140122 3,416571 0,528309 1,120753 3,039500 -0,624836 1,396094 3,716334 0,029508 0,581914 3,493741
-0,010539 -0,136227 3,438108 0,794430 1,095460 3,341990 -0,812212 1,057219 3,234651 0,033704 0,588000 3,533677
-0,009993 -0,152272 3,436147 0,921146 0,668223 2,805960 -1,197520 0,818271 3,575375 0,018832 0,573462 3,560197
-0,010917 -0,149174 3,447928 1,049993 0,515364 2,900766 -1,248038 0,565935 3,422949 0,019051 0,585041 3,587799
-0,020440 -0,154199 3,426318 1,276870 0,198439 3,260201 -1,315618 0,107387 3,351900 -0,000693 0,564059 3,546595
-0,034652 -0,155812 3,445351 1,323984 -0,066039 3,343657 -1,254647 -0,210102 3,276580 0,006858 0,552600 3,493124
-0,042216 -0,158744 3,440240 1,372389 -0,145647 3,619618 -1,221695 -0,318304 3,290166 0,010855 0,550811 3,506109
-0,055395 -0,153972 3,420151 1,265759 -0,160954 3,362290 -1,214106 -0,443086 3,440621 0,010502 0,550842 3,506435
-0,057568 -0,140866 3,439724 1,250345 0,033080 3,241477 -1,308633 -0,315875 3,542603 0,010445 0,566012 3,560289
-0,052642 -0,138921 3,436012 1,271563 0,147124 3,174440 -1,328634 -0,162445 3,457865 -0,008316 0,567517 3,519693
-0,043448 -0,150184 3,474921 1,194178 0,374155 3,088911 -1,335143 0,120677 3,273390 -0,004335 0,565787 3,532967
-0,039469 -0,140037 3,472843 1,193462 0,391915 3,205052 -1,300012 0,255621 3,241785 0,010872 0,573200 3,533323
-0,039179 -0,148857 3,488607 1,150734 0,327838 3,088827 -1,305142 0,240930 3,306687 0,003449 0,573797 3,587640
-0,043525 -0,154043 3,461729 1,295749 0,121170 3,238024 -1,326005 0,079151 3,358884 -0,008517 0,556432 3,519549
-0,059357 -0,162202 3,467966 1,273729 -0,119383 3,245991 -1,299072 -0,183087 3,311137 -0,007867 0,537891 3,492096
-0,066628 -0,158902 3,443681 1,320731 -0,225445 3,393914 -1,242498 -0,291917 3,247251 -0,008050 0,534264 3,492351
-0,080106 -0,156363 3,428714 1,267060 -0,312138 3,612712 -1,224649 -0,489192 3,426408 -0,008193 0,541680 3,519125
-0,083675 -0,150087 3,430996 1,257180 -0,180066 3,262057 -1,235036 -0,456410 3,483281 -0,012320 0,536084 3,479615
-0,086685 -0,155395 3,417865 1,252822 -0,074960 3,172446 -1,270281 -0,378803 3,468998 -0,016054 0,534242 3,466510
-0,083159 -0,157419 3,451687 1,267578 0,195985 3,213446 -1,297697 -0,092653 3,245917 -0,008551 0,545263 3,492920
-0,070527 -0,143319 3,439159 1,188073 0,537599 3,247842 -1,245576 0,274468 3,053730 0,002817 0,569230 3,506673
-0,063705 -0,145996 3,420922 1,128390 0,731441 3,325923 -1,178495 0,459520 2,953482 0,002910 0,573203 3,533383
-0,045604 -0,147036 3,453779 0,885117 0,974572 3,095114 -1,131073 0,913223 3,263443 -0,000715 0,582301 3,520077
-0,036945 -0,143833 3,436296 0,726315 1,326463 3,629499 -0,773501 1,041564 2,896427 0,010768 0,583956 3,506853
-0,037337 -0,145782 3,452302 0,594672 1,351695 3,627825 -0,662490 1,144293 2,984142 0,010573 0,580283 3,506912
-0,034069 -0,143703 3,453568 0,381549 1,236039 3,368758 -0,485739 1,390734 3,491374 0,014264 0,578276 3,493725
