21 12
-0,021638 -0,142304 3,372729 0,360726 1,315331 3,322235 -0,374801 1,251746 3,258188 0,002997 0,593714 3,429096
-0,020927 -0,142084 3,356863 0,361710 1,310079 3,327071 -0,392417 1,195620 3,195555 -0,004412 0,593711 3,428972
-0,023760 -0,138253 3,371338 0,360561 1,313151 3,320944 -0,414964 1,104839 3,082741 -0,004457 0,589703 3,403674
-0,027684 -0,148535 3,373564 0,356654 1,303344 3,308829 -0,493325 0,771998 2,720359 -0,004493 0,575364 3,403481
-0,031525 -0,138908 3,382975 0,361524 1,295012 3,300328 -0,495306 0,438333 2,605367 0,017071 0,585750 3,379112
-0,027672 -0,145094 3,382392 0,363042 1,306002 3,309349 -0,519452 0,289035 2,560812 0,006078 0,595283 3,416582
-0,028650 -0,131741 3,381883 0,362023 1,305643 3,314629 -0,572958 0,037292 2,438150 -0,004636 0,620833 3,507403
-0,031677 -0,125850 3,391672 0,363034 1,296988 3,323667 -0,594895 -0,126330 2,408871 0,002615 0,625118 3,534054
-0,030533 -0,124538 3,396715 0,362579 1,301650 3,316053 -0,604513 -0,175396 2,393294 -0,004636 0,620833 3,507403
-0,030878 -0,122410 3,388153 0,361968 1,302056 3,325654 -0,615858 -0,218645 2,366511 0,002727 0,624508 3,507514
-0,027896 -0,116035 3,386335 0,362038 1,306463 3,330608 -0,598622 -0,219157 2,359008 -0,004636 0,620833 3,507403
-0,025083 -0,123458 3,384778 0,363829 1,304731 3,335368 -0,596935 -0,219811 2,349436 -0,000688 0,622373 3,494247
-0,024999 -0,128206 3,381164 0,362837 1,304723 3,326847 -0,585360 -0,214854 2,371056 -0,004839 0,617118 3,507290
-0,013964 -0,130013 3,367527 0,361148 1,308257 3,324255 -0,546956 -0,153945 2,358243 -0,001028 0,619272 3,520674
-0,006722 -0,129920 3,351080 0,364179 1,312174 3,330740 -0,526843 -0,079264 2,395270 -0,001287 0,618625 3,494023
0,013387 -0,133828 3,371560 0,357641 1,319089 3,310883 -0,471255 0,127561 2,584166 0,028395 0,625269 3,467869
0,021127 -0,143375 3,359493 0,355213 1,323306 3,322329 -0,421063 0,444072 2,525325 0,032359 0,589673 3,403996
0,021777 -0,141981 3,354756 0,352342 1,333047 3,320848 -0,417041 0,636449 2,579667 0,029154 0,584414 3,416066
0,017425 -0,133714 3,349988 0,351982 1,321991 3,311863 -0,359489 1,018364 2,909918 0,021619 0,595264 3,416449
0,012084 -0,136940 3,342035 0,349856 1,321710 3,297517 -0,375623 1,195773 3,053992 0,013850 0,595309 3,416688
0,005334 -0,131596 3,334689 0,354180 1,318676 3,304862 -0,363902 1,260273 3,144486 0,010124 0,607656 3,404236
