20 12
-0,045265 -0,150209 3,398453 0,307351 1,289203 3,269210 -0,364905 1,003545 2,962026 -0,011853 0,571501 3,378384
-0,046148 -0,149395 3,405490 0,301222 1,284667 3,272404 -0,257778 0,759695 2,701935 -0,022569 0,570042 3,415010
-0,050711 -0,159634 3,406825 0,301916 1,289063 3,275343 -0,233331 0,628814 2,606324 -0,011870 0,564386 3,378293
-0,057777 -0,152988 3,405417 0,299206 1,282064 3,268234 -0,192772 0,366555 2,585196 0,002238 0,582169 3,378878
-0,074985 -0,152186 3,447713 0,304612 1,279380 3,266710 -0,088883 0,112473 2,403370 -0,009996 0,618019 3,491162
-0,075912 -0,171359 3,444695 0,303124 1,278409 3,276322 -0,055618 0,025110 2,392880 -0,009782 0,611360 3,518179
-0,082548 -0,170550 3,426669 0,305321 1,275850 3,286237 0,001761 -0,101755 2,455239 -0,009406 0,622071 3,493006
-0,080760 -0,169598 3,450665 0,307272 1,273332 3,281162 0,039167 -0,145309 2,400772 -0,020475 0,616326 3,480017
-0,080217 -0,169645 3,451216 0,312659 1,278058 3,298763 0,058670 -0,154482 2,399155 -0,016545 0,614865 3,493485
-0,071951 -0,169599 3,464211 0,310342 1,270367 3,287542 0,073428 -0,158585 2,433235 -0,020671 0,612570 3,479560
-0,065123 -0,163096 3,456458 0,311872 1,276903 3,285751 0,069687 -0,148149 2,437827 -0,005224 0,624404 3,507030
-0,063286 -0,162077 3,440429 0,311936 1,273218 3,286172 0,054418 -0,139510 2,460132 -0,009210 0,618484 3,493359
-0,061440 -0,179650 3,432443 0,315612 1,274095 3,283697 0,019547 -0,095312 2,445328 -0,006217 0,627549 3,504528
-0,042806 -0,152250 3,401876 0,315416 1,280763 3,287637 -0,079933 0,026300 2,629524 -0,001440 0,595677 3,441777
-0,035057 -0,143988 3,407273 0,318629 1,279456 3,286781 -0,129229 0,126263 2,688324 0,021044 0,592089 3,442046
-0,015894 -0,160249 3,402069 0,324180 1,287274 3,301196 -0,192452 0,401994 2,641847 0,002420 0,578631 3,378888
-0,012137 -0,153082 3,425464 0,329216 1,284948 3,291403 -0,335156 0,783242 2,861045 0,003481 0,568343 3,427876
-0,013607 -0,153651 3,397353 0,329721 1,285669 3,292374 -0,374188 0,932659 2,948642 -0,001152 0,577313 3,416297
-0,017782 -0,141459 3,384653 0,332831 1,282640 3,281188 -0,385911 1,136531 3,099886 -0,012018 0,586116 3,403600
-0,027227 -0,145033 3,375126 0,336632 1,279524 3,284373 -0,412632 1,201412 3,236502 -0,015847 0,583775 3,366296
