24 12
-0,045913 -0,142206 3,356215 0,340678 1,327229 3,247086 -0,421606 1,418202 3,413105 -0,030342 0,565767 3,341279
-0,044616 -0,146057 3,349501 0,341039 1,326648 3,239348 -0,458757 1,439963 3,450043 -0,023163 0,569566 3,365936
-0,044692 -0,139411 3,364639 0,341523 1,321563 3,244633 -0,537014 1,212148 3,046775 -0,030454 0,569545 3,365724
-0,045226 -0,148420 3,372442 0,340676 1,321394 3,256754 -0,527076 0,935156 2,860777 -0,037573 0,558898 3,365287
-0,049582 -0,152606 3,381346 0,341999 1,319191 3,245527 -0,516334 0,749464 2,717884 -0,033863 0,557051 3,353156
-0,047628 -0,149884 3,377855 0,344730 1,317333 3,252638 -0,507319 0,458384 2,608582 -0,026318 0,560785 3,377636
-0,047274 -0,147744 3,397861 0,342221 1,319265 3,246212 -0,387716 0,267029 2,403638 -0,009197 0,561771 3,293566
-0,051824 -0,142689 3,411340 0,343005 1,315666 3,251352 -0,353794 0,212449 2,361876 -0,005404 0,567161 3,305725
-0,049608 -0,144023 3,411315 0,337695 1,312696 3,255949 -0,316407 0,151554 2,349688 0,002053 0,585694 3,378786
-0,053645 -0,139516 3,407016 0,329474 1,318774 3,280635 -0,255811 0,140428 2,250820 -0,028754 0,615834 3,477740
-0,050184 -0,137459 3,399510 0,335037 1,317131 3,266382 -0,235299 0,144826 2,242920 -0,036216 0,623909 3,504616
-0,049796 -0,148149 3,403740 0,334444 1,309897 3,278170 -0,221561 0,154697 2,260761 -0,027805 0,610195 3,533220
-0,046982 -0,139869 3,399540 0,334863 1,309121 3,275230 -0,206593 0,153007 2,243333 -0,035245 0,613311 3,506388
-0,053018 -0,134181 3,422962 0,331405 1,316037 3,280438 -0,204398 0,151035 2,256630 -0,024576 0,690509 3,510554
-0,048358 -0,147118 3,400532 0,333107 1,310805 3,275264 -0,199313 0,139080 2,273399 -0,020255 0,621997 3,560664
-0,040718 -0,152376 3,382959 0,332818 1,332871 3,275039 -0,255512 0,151064 2,395478 0,024034 0,586004 3,403569
-0,033112 -0,145894 3,374106 0,329488 1,327319 3,274026 -0,280144 0,190936 2,449136 0,013292 0,584128 3,391416
-0,019478 -0,144923 3,400984 0,329035 1,329038 3,268887 -0,307965 0,337968 2,477968 -0,001704 0,579859 3,341931
-0,010879 -0,145509 3,390354 0,330944 1,330656 3,264730 -0,368688 0,626596 2,531211 -0,010988 0,553486 3,376302
-0,011024 -0,148914 3,390902 0,329207 1,322261 3,252608 -0,390579 0,784169 2,605850 -0,011501 0,564333 3,377798
-0,006771 -0,145463 3,394293 0,336064 1,335065 3,262737 -0,385830 1,081248 2,839723 -0,015872 0,569582 3,366118
-0,010714 -0,145412 3,395963 0,336135 1,329345 3,258520 -0,442834 1,247768 3,043437 -0,023163 0,569566 3,365936
-0,014872 -0,140592 3,390274 0,340379 1,330262 3,253963 -0,429939 1,291314 3,124634 -0,019858 0,574685 3,353700
-0,024041 -0,142400 3,360395 0,334323 1,335400 3,262819 -0,381744 1,358421 3,297984 -0,023152 0,576661 3,366025
