20 12
-0,003102 -0,137304 3,396150 0,383112 1,299588 3,354155 -0,437418 1,309878 3,341346 0,014155 0,596188 3,467887
-0,004690 -0,142605 3,402679 0,377962 1,300607 3,352774 -0,483801 1,231024 3,242501 0,014172 0,588489 3,441904
-0,003831 -0,147066 3,416464 0,376505 1,298600 3,343666 -0,587501 0,857722 2,790250 0,010367 0,579274 3,428989
-0,001434 -0,142429 3,414411 0,373725 1,296645 3,338423 -0,601706 0,458463 2,649177 0,027956 0,576967 3,391359
-0,001228 -0,136248 3,420136 0,372995 1,300965 3,348180 -0,621075 0,282266 2,585226 0,024432 0,593263 3,404067
-0,008577 -0,127034 3,416891 0,381958 1,296479 3,354418 -0,651942 -0,000222 2,509958 0,014337 0,607661 3,494189
-0,014276 -0,132199 3,427084 0,374804 1,297031 3,353551 -0,650504 -0,140799 2,456515 0,007110 0,608184 3,520490
-0,014737 -0,130331 3,429731 0,379719 1,295974 3,355922 -0,653129 -0,182332 2,438654 0,018168 0,602881 3,534022
-0,015197 -0,131353 3,428231 0,369592 1,293474 3,334108 -0,652605 -0,223063 2,428151 0,026213 0,610858 3,561207
-0,011828 -0,127276 3,419187 0,364774 1,297775 3,344332 -0,646826 -0,239809 2,409677 0,006537 0,611869 3,520639
-0,014994 -0,134574 3,428697 0,368655 1,297865 3,351255 -0,641935 -0,241188 2,429206 0,010539 0,618331 3,561215
-0,010868 -0,137379 3,415172 0,367485 1,293932 3,336387 -0,622981 -0,229603 2,458280 0,014468 0,612453 3,547638
-0,001114 -0,130439 3,397670 0,364783 1,305187 3,337225 -0,582586 -0,118287 2,465062 0,018191 0,618327 3,561257
0,002868 -0,134448 3,389204 0,359634 1,314750 3,335181 -0,562985 -0,028020 2,514261 0,024891 0,601384 3,455021
0,012695 -0,135895 3,414204 0,358279 1,317643 3,332547 -0,514863 0,228802 2,693770 0,032273 0,600914 3,429488
0,014244 -0,145060 3,396717 0,353166 1,317730 3,324418 -0,477252 0,580589 2,616057 0,017597 0,582886 3,429208
0,011808 -0,149104 3,403336 0,357044 1,312713 3,318883 -0,472885 0,766680 2,705477 0,017597 0,582886 3,429208
0,006708 -0,147639 3,386672 0,353841 1,309602 3,307038 -0,418058 1,138546 3,120306 0,002417 0,590082 3,429134
-0,008995 -0,134752 3,409589 0,356901 1,315635 3,313304 -0,383863 1,214838 3,182747 0,002814 0,597335 3,429263
-0,012646 -0,143243 3,396192 0,360967 1,310013 3,313857 -0,368277 1,259474 3,283750 -0,000673 0,595738 3,441818
