24 12
-0,123211 -0,127111 3,280708 0,297880 1,255567 3,185815 -0,460201 1,369642 3,300145 -0,084229 0,567134 3,326660
-0,118368 -0,140581 3,323105 0,288919 1,163284 3,081809 -0,519644 1,197526 3,007543 -0,088256 0,565446 3,338582
-0,110486 -0,139768 3,321979 0,311717 0,971361 2,905695 -0,512329 0,972570 2,879721 -0,084239 0,553104 3,326489
-0,109466 -0,142073 3,317847 0,299745 0,865569 2,881545 -0,515755 0,814052 2,794229 -0,092301 0,549613 3,350315
-0,103654 -0,146662 3,346399 0,221289 0,673625 2,784228 -0,514503 0,562918 2,770273 -0,092659 0,549500 3,350118
-0,104622 -0,153674 3,350407 0,167336 0,573601 2,844679 -0,420756 0,435492 2,668668 -0,108331 0,556773 3,398602
-0,101489 -0,156792 3,365152 0,106782 0,570056 2,876523 -0,348608 0,403432 2,612168 -0,122447 0,553208 3,397558
-0,102665 -0,156604 3,367162 -0,025859 0,516122 2,763175 -0,122645 0,484862 2,948668 -0,132207 0,568147 3,473737
-0,108931 -0,148288 3,388646 -0,009838 0,556640 2,789356 -0,089688 0,497970 2,932482 -0,115579 0,560658 3,423281
-0,108949 -0,158124 3,382134 0,032366 0,535500 2,766111 -0,104100 0,500027 2,964250 -0,119604 0,562529 3,435726
-0,112450 -0,157820 3,360852 0,086671 0,545905 2,820477 -0,190656 0,432599 2,830246 -0,123139 0,556959 3,422771
-0,110375 -0,152435 3,371775 0,102119 0,510375 2,863162 -0,252605 0,431619 2,853212 -0,117636 0,568187 3,474783
-0,109431 -0,154679 3,364043 0,039769 0,580777 3,032736 -0,176500 0,410276 2,604594 -0,130510 0,556880 3,422154
-0,109649 -0,153452 3,365632 -0,045770 0,558105 2,819773 -0,018346 0,463020 2,836411 -0,123841 0,560763 3,448331
-0,112620 -0,156777 3,369341 -0,027362 0,569604 2,860659 -0,036182 0,472111 2,870939 -0,119971 0,555242 3,435797
-0,109870 -0,151815 3,353615 -0,035500 0,564168 2,829594 -0,048145 0,472601 2,896092 -0,124022 0,557099 3,448324
-0,109502 -0,149802 3,360361 -0,005448 0,582796 2,896688 -0,081058 0,485975 2,872998 -0,124367 0,568292 3,474160
-0,105657 -0,159435 3,371360 0,033886 0,662365 2,744041 -0,114038 0,625510 2,870634 -0,109177 0,557248 3,449471
-0,107529 -0,147888 3,380977 0,057718 0,727636 2,758480 -0,138235 0,718393 2,831943 -0,083357 0,498587 3,412655
-0,109117 -0,141567 3,377440 0,128780 0,975461 2,892934 -0,184112 0,939639 2,809687 -0,102198 0,498628 3,336217
-0,108198 -0,147701 3,368614 0,165922 1,107921 2,931674 -0,333108 1,206714 3,052302 -0,095849 0,544196 3,337821
-0,107391 -0,142687 3,362071 0,186453 1,204592 3,052508 -0,377097 1,301432 3,119468 -0,098837 0,549463 3,325618
-0,105380 -0,132869 3,335248 0,236020 1,337019 3,306604 -0,371399 1,414831 3,278177 -0,092538 0,571383 3,399374
-0,101612 -0,141935 3,297879 0,248286 1,333656 3,299171 -0,384624 1,416935 3,287758 -0,081261 0,565752 3,363296
