20 12
-0,040590 -0,141013 3,300510 0,357836 1,297107 3,258977 -0,408947 1,191721 3,238196 -0,012569 0,584954 3,329728
-0,045775 -0,128442 3,326761 0,355108 1,302816 3,259671 -0,370651 1,091831 3,057246 -0,011972 0,595573 3,329972
-0,041412 -0,133109 3,318169 0,353847 1,288232 3,252112 -0,339309 1,005593 2,925054 -0,011803 0,585020 3,329731
-0,043856 -0,160816 3,319765 0,347112 1,290653 3,259678 -0,339724 0,733909 2,705316 -0,007685 0,562199 3,340800
-0,056408 -0,134033 3,358436 0,346701 1,285778 3,269912 -0,247232 0,413763 2,495887 -0,004987 0,588165 3,306119
-0,061265 -0,135932 3,372123 0,349964 1,283545 3,274826 -0,238510 0,285673 2,434782 0,008810 0,591558 3,305937
-0,069233 -0,129172 3,353737 0,351104 1,280161 3,282773 -0,250327 0,112090 2,320973 0,019896 0,604506 3,342147
-0,076312 -0,143310 3,359577 0,344424 1,292291 3,297310 -0,210299 0,050465 2,227531 0,004718 0,634308 3,414319
-0,078673 -0,149844 3,345294 0,344462 1,285319 3,285834 -0,212957 0,031844 2,227734 -0,003295 0,644595 3,411971
-0,076535 -0,139763 3,335614 0,346851 1,285797 3,305291 -0,214100 0,019370 2,207145 -0,002466 0,645259 3,415082
-0,075463 -0,144019 3,334695 0,345979 1,281230 3,303760 -0,219147 0,015004 2,197110 -0,006180 0,635882 3,402344
-0,072789 -0,143486 3,327873 0,345516 1,277410 3,304833 -0,225229 0,018502 2,191727 0,012160 0,640924 3,390010
-0,070077 -0,135234 3,351810 0,346815 1,293802 3,296638 -0,206569 0,043257 2,240415 0,001065 0,643698 3,427089
-0,055404 -0,120745 3,325060 0,346963 1,283647 3,291800 -0,235350 0,157736 2,356602 0,016917 0,603548 3,379267
-0,044718 -0,129444 3,329503 0,348573 1,293229 3,294585 -0,246223 0,257434 2,421728 0,023811 0,595943 3,354449
-0,028548 -0,152516 3,361036 0,351234 1,293828 3,295759 -0,222864 0,550993 2,611281 0,024165 0,581840 3,354510
-0,022953 -0,132338 3,361471 0,354452 1,289724 3,277076 -0,351131 0,929790 2,863003 0,002074 0,581495 3,330041
-0,022794 -0,131248 3,365125 0,362322 1,285721 3,288466 -0,378692 1,064168 2,992715 -0,001110 0,590507 3,342205
-0,033990 -0,125002 3,335598 0,370959 1,280487 3,293554 -0,358716 1,178918 3,192376 -0,000975 0,590109 3,317993
-0,038850 -0,131242 3,329485 0,368969 1,284875 3,291850 -0,357210 1,198965 3,270062 -0,008368 0,593614 3,318012
