33 12
-0,095803 -0,127308 3,335855 0,288195 1,270409 3,345239 -0,484631 1,344386 3,370203 -0,057011 0,605398 3,479126
-0,090224 -0,120046 3,343847 0,370155 1,103011 3,027659 -0,717191 1,393407 3,744797 -0,057011 0,605398 3,479126
-0,083965 -0,122243 3,346980 0,465385 1,013140 2,915377 -0,888474 1,375632 3,885025 -0,045253 0,595631 3,440533
-0,072345 -0,137724 3,373280 0,786126 0,980702 3,202297 -1,074745 0,931604 3,265609 -0,045870 0,585125 3,466358
-0,064685 -0,144515 3,351249 0,938990 0,576012 2,739567 -1,336481 0,601867 3,401714 -0,056664 0,576111 3,478214
-0,065674 -0,154622 3,353989 1,049110 0,453265 2,841829 -1,335416 0,382570 3,244586 -0,053707 0,574771 3,518337
-0,072469 -0,149232 3,345173 1,256359 0,189399 3,153682 -1,381533 0,039870 3,250114 -0,075987 0,548689 3,490314
-0,069102 -0,143907 3,345184 1,269361 -0,018204 3,251443 -1,284843 -0,220629 3,106502 -0,064049 0,539515 3,451646
-0,075045 -0,151848 3,341485 1,280794 -0,109280 3,317144 -1,263462 -0,334347 3,134048 -0,063885 0,528641 3,451217
-0,083339 -0,147899 3,319901 1,243860 -0,234482 3,327791 -1,262821 -0,527808 3,313168 -0,056916 0,528672 3,477719
-0,081895 -0,147025 3,329211 1,239276 -0,247549 3,354285 -1,189722 -0,556036 3,263225 -0,057087 0,532314 3,477950
-0,077647 -0,139778 3,296408 1,222935 -0,205527 3,298560 -1,206658 -0,541698 3,320543 -0,060846 0,534090 3,464901
-0,070628 -0,142485 3,322894 1,250386 -0,083661 3,324163 -1,236849 -0,415834 3,215310 -0,057080 0,539609 3,478066
-0,079069 -0,137305 3,346948 1,246097 0,124200 3,199865 -1,359948 -0,197011 3,303434 -0,064580 0,543085 3,451963
-0,078015 -0,138386 3,346051 1,237924 0,244929 3,194262 -1,359879 -0,069483 3,198146 -0,064578 0,550335 3,452077
-0,077618 -0,128873 3,361223 1,208281 0,463026 3,215279 -1,364187 0,190432 3,065282 -0,046331 0,571098 3,518676
-0,076834 -0,129793 3,358086 1,129150 0,472029 3,238226 -1,324942 0,322493 3,029673 -0,038766 0,571128 3,518962
-0,075271 -0,144026 3,361840 1,096505 0,406557 3,121568 -1,328586 0,333777 3,089609 -0,049997 0,561744 3,505095
-0,081004 -0,140022 3,326631 1,212654 0,245329 3,300409 -1,365543 0,221098 3,233438 -0,068298 0,548593 3,464759
-0,080920 -0,137812 3,354009 1,197746 -0,000988 3,308667 -1,296742 -0,047005 3,132557 -0,068304 0,545076 3,490482
-0,096166 -0,142842 3,345061 1,214440 -0,131196 3,393138 -1,279060 -0,165117 3,133202 -0,068305 0,534050 3,464528
-0,111540 -0,144795 3,294007 1,191640 -0,339789 3,410732 -1,315094 -0,411246 3,361152 -0,075594 0,523128 3,463854
-0,121358 -0,142661 3,310261 1,158409 -0,389854 3,648669 -1,199357 -0,503695 3,225317 -0,072401 0,532183 3,477284
-0,123837 -0,135725 3,318722 1,134596 -0,316196 3,299022 -1,203450 -0,525396 3,308990 -0,080141 0,539524 3,503205
-0,127288 -0,141908 3,333157 1,185239 -0,173036 3,322686 -1,213661 -0,439453 3,268970 -0,094313 0,535638 3,450152
-0,130398 -0,130918 3,355045 1,167981 0,097597 3,153858 -1,269278 -0,228911 3,287976 -0,096638 0,561802 3,556170
-0,127502 -0,136467 3,373182 1,168719 0,246173 3,163396 -1,275760 -0,065482 3,238215 -0,087543 0,557572 3,476777
-0,119769 -0,140981 3,375856 1,109517 0,589349 3,193019 -1,260777 0,286720 3,096084 -0,083854 0,577903 3,490488
-0,124286 -0,131956 3,379106 0,981962 1,008487 3,603393 -1,025330 0,617367 2,704837 -0,080696 0,594551 3,503927
-0,126345 -0,131923 3,390275 0,850645 1,182230 3,689683 -0,922281 0,771575 2,684491 -0,088349 0,606180 3,530556
-0,135276 -0,124322 3,377761 0,463992 1,206771 3,259883 -0,790183 1,191646 3,215523 -0,098681 0,603501 3,489940
-0,142907 -0,124685 3,392335 0,292225 1,343124 3,547172 -0,531116 1,196372 3,005589 -0,106799 0,615027 3,516052
-0,151868 -0,124906 3,393065 0,236836 1,256457 3,313061 -0,470936 1,262917 3,133260 -0,106797 0,607630 3,515922
