21 12
-0,031849 -0,138410 3,357930 0,372686 1,315615 3,362189 -0,405722 1,232348 3,215309 -0,005024 0,593266 3,403829
-0,029860 -0,146835 3,371552 0,371451 1,320977 3,362736 -0,308368 0,997607 2,899001 -0,003773 0,568028 3,402062
-0,033351 -0,153100 3,388247 0,370926 1,320900 3,356587 -0,256846 0,803418 2,695120 -0,010928 0,575401 3,426623
-0,038070 -0,153616 3,378682 0,372592 1,327589 3,373055 -0,212827 0,478962 2,681206 -0,011676 0,567924 3,378132
-0,048378 -0,131200 3,416540 0,370354 1,319157 3,370640 -0,054914 0,161220 2,393482 0,006522 0,614438 3,468119
-0,055703 -0,124700 3,419213 0,366837 1,317248 3,352239 -0,003868 0,075345 2,373799 0,013563 0,645050 3,520477
-0,049379 -0,112933 3,472757 0,364318 1,314521 3,344472 0,098999 -0,041134 2,454416 0,001232 0,674613 3,479056
-0,054049 -0,127018 3,524823 0,363588 1,302829 3,354636 0,174332 -0,061886 2,336733 0,019483 0,656639 3,439239
-0,058038 -0,129291 3,494719 0,369236 1,309838 3,364880 0,199758 -0,059234 2,343246 0,019267 0,660094 3,438431
-0,099208 -0,185223 3,349666 0,372176 1,284675 3,389219 0,237233 -0,049047 2,396345 0,008213 0,656496 3,377155
-0,108959 -0,188390 3,304030 0,372601 1,300518 3,398833 0,251599 -0,052842 2,403835 0,011303 0,661770 3,387187
-0,104859 -0,178313 3,298009 0,369947 1,278911 3,410403 0,252244 -0,060199 2,419706 0,007264 0,663562 3,397632
-0,089365 -0,135806 3,356543 0,376748 1,305531 3,369442 0,234617 -0,079292 2,440779 0,007054 0,659724 3,396426
-0,063687 -0,150120 3,350131 0,371708 1,304207 3,375731 0,134399 -0,012652 2,659719 0,004462 0,643438 3,532369
-0,057419 -0,172445 3,341022 0,377218 1,305335 3,376495 0,083368 0,062273 2,691754 -0,007819 0,619257 3,520191
-0,035137 -0,143059 3,380575 0,376037 1,307915 3,371899 -0,011021 0,299619 2,660374 0,028552 0,587698 3,391477
-0,022134 -0,144940 3,374949 0,379142 1,322784 3,381646 -0,151678 0,679582 2,838673 0,012054 0,542150 3,396537
-0,015612 -0,156652 3,357859 0,379837 1,322635 3,369974 -0,213884 0,878047 2,949456 0,002910 0,553707 3,378241
-0,012458 -0,133033 3,380405 0,374142 1,326123 3,375990 -0,277494 1,104786 3,024524 0,006437 0,590896 3,366625
-0,011905 -0,138053 3,358543 0,376350 1,325337 3,364249 -0,391919 1,222953 3,279128 -0,000791 0,594871 3,391312
-0,013631 -0,134613 3,353705 0,374763 1,323634 3,355641 -0,399573 1,211041 3,294893 -0,000791 0,594871 3,391312
