41 12
-0,044734 -0,130144 3,304859 0,388301 1,138025 3,099731 -0,417126 1,156325 3,086870 -0,018706 0,577052 3,258411
-0,040009 -0,132004 3,310596 0,396393 1,093641 2,987417 -0,408269 1,063140 2,946170 -0,033353 0,581124 3,305145
-0,035817 -0,137643 3,321600 0,395419 1,035838 2,864666 -0,389643 0,939747 2,831129 -0,022383 0,568801 3,293303
-0,038875 -0,143810 3,338523 0,383690 0,937095 2,778475 -0,352491 0,802368 2,727923 -0,018121 0,556527 3,303545
-0,034106 -0,157357 3,350579 0,368264 0,842473 2,720036 -0,306831 0,684160 2,648545 -0,030053 0,558553 3,317065
-0,031618 -0,156013 3,345598 0,342201 0,762281 2,660503 -0,256934 0,585088 2,597049 -0,031012 0,565876 3,365352
-0,030179 -0,166649 3,369120 0,320681 0,665843 2,637267 -0,201307 0,517900 2,601456 -0,020240 0,560425 3,353048
-0,031104 -0,155844 3,380910 0,281416 0,604663 2,599971 -0,147317 0,473044 2,599267 -0,034678 0,575228 3,402765
-0,027699 -0,168923 3,382838 0,234539 0,557503 2,602061 -0,089561 0,451633 2,606056 -0,019961 0,575273 3,403167
-0,031902 -0,138231 3,385452 0,185122 0,540629 2,624100 -0,047115 0,461924 2,599861 -0,019858 0,574685 3,353700
-0,031082 -0,149799 3,400433 0,166375 0,495554 2,509499 -0,000592 0,496024 2,615503 -0,016451 0,576865 3,390575
-0,028092 -0,157384 3,388769 0,150940 0,493143 2,423832 0,018554 0,514048 2,656815 -0,027040 0,579229 3,428413
-0,031118 -0,128417 3,408102 0,172259 0,550951 2,532542 0,006454 0,518612 2,645575 -0,026925 0,589659 3,403323
-0,034988 -0,158396 3,408503 0,183967 0,571871 2,594100 -0,010825 0,506037 2,664382 -0,016294 0,577229 3,415849
-0,033378 -0,146745 3,396031 0,202655 0,582952 2,607278 -0,041742 0,484410 2,674751 -0,012787 0,582751 3,428446
-0,028383 -0,154565 3,372446 0,223372 0,570758 2,576422 -0,063648 0,474937 2,661458 -0,016286 0,584423 3,415950
-0,032693 -0,155208 3,395375 0,213923 0,577021 2,627013 -0,064768 0,472267 2,619519 -0,045862 0,592417 3,466472
-0,029701 -0,166090 3,388125 0,192636 0,581818 2,622339 -0,032156 0,495115 2,592994 -0,008558 0,573424 3,391053
-0,032436 -0,168229 3,398624 0,198798 0,545023 2,515714 0,014343 0,533746 2,609458 -0,015895 0,573412 3,390898
-0,032341 -0,169985 3,395994 0,173772 0,555517 2,476049 0,026693 0,549683 2,649800 -0,023494 0,573656 3,415746
-0,028720 -0,173422 3,388069 0,186983 0,585128 2,546040 0,016754 0,548746 2,650551 -0,016087 0,569816 3,390811
-0,032613 -0,161271 3,398715 0,201970 0,587691 2,571333 -0,007429 0,526684 2,672323 -0,008708 0,577597 3,441535
-0,032024 -0,166898 3,386903 0,218577 0,595066 2,571847 -0,040119 0,506850 2,648346 -0,019291 0,564826 3,428223
-0,028070 -0,159502 3,378980 0,224773 0,591439 2,578360 -0,049959 0,503056 2,638791 -0,012229 0,579261 3,428786
-0,030464 -0,162015 3,396543 0,199738 0,594639 2,629145 -0,027618 0,501958 2,606057 -0,005059 0,571755 3,403538
-0,030038 -0,148034 3,394001 0,203849 0,562962 2,517563 0,016218 0,535461 2,585466 -0,009094 0,580785 3,415825
-0,026167 -0,165970 3,382487 0,166451 0,577176 2,455313 0,047625 0,557799 2,627234 -0,008750 0,569829 3,390959
-0,026536 -0,173627 3,382474 0,172483 0,589437 2,439877 0,051517 0,571522 2,649641 0,002570 0,572060 3,428937
-0,026353 -0,168481 3,382834 0,185288 0,634406 2,540714 0,032436 0,576112 2,656613 -0,000622 0,566508 3,415796
-0,027359 -0,169522 3,380099 0,201630 0,631342 2,574786 0,002983 0,579479 2,657998 -0,001290 0,570365 3,441551
-0,024828 -0,171887 3,380592 0,214706 0,667041 2,595961 -0,035838 0,590618 2,671104 -0,008152 0,570654 3,467058
-0,020012 -0,165229 3,375135 0,258521 0,694279 2,605799 -0,077630 0,627312 2,680305 0,006682 0,566772 3,441511
-0,023541 -0,172962 3,387224 0,289288 0,761402 2,640595 -0,115272 0,682534 2,698799 -0,004908 0,553873 3,403347
-0,021286 -0,163581 3,382237 0,326694 0,845836 2,700952 -0,155160 0,752629 2,751397 -0,003499 0,521432 3,350316
-0,019110 -0,169302 3,359652 0,359443 0,931161 2,767687 -0,203874 0,846526 2,780861 0,010120 0,528803 3,304807
-0,017224 -0,148699 3,351560 0,382579 1,025948 2,863772 -0,246612 0,942435 2,853994 0,003306 0,556775 3,328467
-0,012189 -0,145679 3,350544 0,404123 1,099155 2,969206 -0,281062 1,020487 2,947441 0,002813 0,574470 3,329697
-0,016711 -0,137148 3,336357 0,410935 1,163871 3,077325 -0,315633 1,099975 3,046471 -0,001457 0,572322 3,294158
-0,009761 -0,141100 3,322785 0,406369 1,208585 3,198925 -0,342033 1,165993 3,127898 0,002472 0,588555 3,330148
-0,007032 -0,129158 3,312640 0,385885 1,258280 3,314690 -0,341686 1,198009 3,201710 0,002112 0,584329 3,282556
-0,013192 -0,129343 3,314893 0,363239 1,244000 3,333692 -0,323233 1,206786 3,261739 0,009449 0,592448 3,354500
