24 12
-0,092838 -0,145252 3,352033 0,289144 1,328116 3,265806 -0,447213 1,382300 3,221472 -0,055378 0,560298 3,328110
-0,092645 -0,148385 3,353410 0,290966 1,333449 3,278972 -0,433410 1,323479 3,096681 -0,069810 0,560217 3,327399
-0,093127 -0,142342 3,363746 0,288903 1,326828 3,277734 -0,439526 1,123914 2,762503 -0,055730 0,564249 3,376767
-0,101159 -0,150774 3,391509 0,287197 1,331344 3,279475 -0,261777 0,770424 2,394819 -0,089529 0,562886 3,461679
-0,108831 -0,153096 3,392534 0,287056 1,326464 3,276605 -0,205558 0,609775 2,278835 -0,093761 0,568319 3,450322
-0,128012 -0,140645 3,348230 0,286984 1,324021 3,282653 -0,112909 0,324535 2,345342 -0,080319 0,587297 3,504040
-0,141562 -0,140171 3,357114 0,291849 1,310007 3,280728 0,001878 0,092512 2,210074 -0,044947 0,633592 3,391768
-0,148378 -0,140747 3,356802 0,296131 1,308091 3,281465 0,037839 0,019684 2,239105 -0,044194 0,633731 3,370820
-0,140040 -0,147495 3,401260 0,302115 1,305486 3,306720 0,087762 -0,055665 2,301750 -0,065588 0,626062 3,346672
-0,136076 -0,155611 3,400345 0,301853 1,303862 3,319262 0,108278 -0,060708 2,276567 -0,058076 0,629014 3,322817
-0,137029 -0,156605 3,404461 0,302620 1,302267 3,323797 0,116946 -0,059618 2,287408 -0,061831 0,631072 3,334756
-0,143093 -0,178210 3,386829 0,302681 1,303843 3,327922 0,121238 -0,050220 2,283773 -0,065272 0,621926 3,322480
-0,143674 -0,175141 3,375214 0,301738 1,301785 3,324729 0,121301 -0,050165 2,272279 -0,061631 0,627761 3,335669
-0,143251 -0,179346 3,369430 0,297656 1,308712 3,333290 0,121826 -0,052256 2,291815 -0,073037 0,633982 3,371940
-0,142074 -0,165049 3,376815 0,293339 1,305708 3,312348 0,114513 -0,059791 2,287865 -0,064981 0,624830 3,298692
-0,129697 -0,142417 3,357051 0,293161 1,304586 3,299918 0,071658 -0,050617 2,363276 -0,065211 0,626484 3,348523
-0,125079 -0,143899 3,341720 0,289644 1,312392 3,308193 0,036153 -0,017930 2,407790 -0,094136 0,604609 3,451215
-0,110135 -0,139505 3,363590 0,288204 1,313852 3,300682 -0,039245 0,114820 2,362221 -0,073189 0,610607 3,558398
-0,091963 -0,146352 3,352877 0,289858 1,320858 3,293729 -0,177300 0,422649 2,499492 -0,061392 0,589917 3,544874
-0,086495 -0,154647 3,371692 0,288450 1,333236 3,303748 -0,233268 0,607112 2,518157 -0,049271 0,501571 3,306467
-0,082161 -0,154614 3,382046 0,295324 1,334242 3,299979 -0,291601 0,985510 2,645592 -0,055030 0,546261 3,327559
-0,081101 -0,155189 3,392533 0,293150 1,334371 3,285296 -0,437774 1,258089 2,971576 -0,062897 0,571053 3,352123
-0,084454 -0,146974 3,385211 0,299085 1,337363 3,293058 -0,451734 1,334240 3,091986 -0,062897 0,571053 3,352123
-0,086439 -0,145323 3,369266 0,292559 1,336899 3,271002 -0,430591 1,415150 3,312229 -0,062587 0,567278 3,327852
