34 12
-0,035635 -0,034596 3,235259 0,288430 1,434630 3,245146 -0,413140 1,455756 3,162296 -0,033492 0,770244 3,355795
-0,028375 -0,033359 3,241879 0,277132 1,423962 3,225340 -0,447248 1,415096 3,066383 -0,033239 0,773801 3,355693
-0,026381 -0,029239 3,251472 0,270391 1,433523 3,225733 -0,493388 1,335685 2,949808 -0,011833 0,786324 3,381310
-0,019362 -0,035848 3,262614 0,265482 1,433706 3,210554 -0,550092 1,195011 2,803869 -0,019189 0,779101 3,381066
-0,023063 -0,032964 3,265354 0,267473 1,446501 3,216154 -0,617685 1,021258 2,683607 -0,012075 0,789906 3,381318
-0,019932 -0,034728 3,262387 0,264428 1,434654 3,201055 -0,689532 0,798338 2,558465 -0,005196 0,787935 3,406109
-0,021564 -0,038888 3,274253 0,269877 1,438022 3,207012 -0,736758 0,505951 2,499204 -0,005687 0,795002 3,405521
-0,019883 -0,026045 3,270196 0,267892 1,445832 3,204172 -0,750335 0,236589 2,433208 -0,008892 0,792487 3,393560
-0,022444 -0,029682 3,278280 0,268203 1,431331 3,181963 -0,752150 0,017543 2,497080 -0,027015 0,786215 3,380849
-0,025352 -0,031504 3,274374 0,267662 1,439156 3,190711 -0,752792 -0,178417 2,540015 -0,030634 0,776375 3,368235
-0,023337 -0,030496 3,273989 0,268657 1,422713 3,194831 -0,728352 -0,327546 2,630022 -0,033707 0,760026 3,307298
-0,023095 -0,037201 3,274064 0,273022 1,435208 3,207953 -0,701990 -0,429778 2,734404 -0,045517 0,765476 3,367479
-0,023016 -0,032360 3,246799 0,269145 1,441420 3,210569 -0,662213 -0,500672 2,846319 -0,037565 0,753383 3,343301
-0,023150 -0,023767 3,246165 0,272578 1,438016 3,202696 -0,628967 -0,545063 2,966684 -0,033505 0,763096 3,355706
-0,021508 -0,023469 3,256773 0,272090 1,451922 3,209316 -0,598423 -0,565126 3,071389 -0,026366 0,754494 3,331507
-0,020726 -0,033377 3,252437 0,273668 1,443045 3,215965 -0,582895 -0,564987 3,134761 -0,033764 0,752377 3,355638
-0,021037 -0,032937 3,251949 0,274743 1,431669 3,206985 -0,560512 -0,578516 3,206218 -0,037648 0,744807 3,318908
-0,025412 -0,026766 3,249629 0,272142 1,438754 3,198754 -0,555854 -0,580846 3,231439 -0,044598 0,749806 3,343018
-0,023726 -0,037022 3,244081 0,269876 1,446553 3,205638 -0,544606 -0,575270 3,196974 -0,030071 0,742764 3,343408
-0,023961 -0,038086 3,251618 0,269780 1,442085 3,200420 -0,546102 -0,575882 3,181636 -0,037501 0,747724 3,367764
-0,022359 -0,025912 3,244887 0,259931 1,434404 3,182208 -0,556394 -0,556610 3,115574 -0,037654 0,737739 3,318826
-0,020983 -0,028297 3,246493 0,255461 1,433097 3,180221 -0,569268 -0,529268 3,050827 -0,037727 0,758451 3,367890
-0,019459 -0,032578 3,257149 0,247012 1,429000 3,173718 -0,599180 -0,455394 2,935894 -0,048820 0,759375 3,355137
-0,019303 -0,025713 3,269298 0,241062 1,427971 3,171661 -0,618320 -0,352952 2,826185 -0,048820 0,759375 3,355137
-0,019513 -0,030213 3,277136 0,237644 1,429192 3,179430 -0,636870 -0,189994 2,707706 -0,045306 0,767484 3,342979
-0,020472 -0,030147 3,266354 0,239102 1,427595 3,181637 -0,639031 0,015445 2,581301 -0,045726 0,777883 3,392500
-0,023187 -0,028066 3,266958 0,233736 1,426597 3,178258 -0,639784 0,256752 2,518437 -0,038529 0,790508 3,418109
-0,015916 -0,024657 3,274005 0,246483 1,417658 3,191943 -0,611644 0,531530 2,482189 -0,015986 0,783606 3,368656
-0,015104 -0,032810 3,272667 0,252282 1,426343 3,201863 -0,587205 0,795127 2,481038 -0,008417 0,778135 3,393706
-0,017061 -0,037708 3,262834 0,261515 1,430425 3,201769 -0,548521 1,020939 2,614319 -0,012091 0,788024 3,406341
-0,018800 -0,033671 3,271928 0,268574 1,409046 3,188041 -0,503268 1,207567 2,758664 -0,011592 0,782723 3,381219
-0,020701 -0,031892 3,266704 0,279978 1,419578 3,209066 -0,451577 1,344684 2,924264 -0,022643 0,785343 3,393484
-0,025510 -0,030064 3,273543 0,287662 1,429914 3,236319 -0,403220 1,437533 3,092816 -0,033378 0,779026 3,380458
-0,031089 -0,038566 3,254401 0,293189 1,429083 3,250451 -0,361499 1,453732 3,188127 -0,040960 0,782606 3,380409
