16 12
-0,069835 -0,023875 3,259648 0,255139 1,440528 3,246658 -0,440147 1,346273 3,130214 -0,033984 0,806106 3,406084
-0,067935 -0,026513 3,268872 0,252691 1,432918 3,247042 -0,422033 1,106784 2,997203 -0,026960 0,800679 3,431587
-0,069702 -0,032307 3,275920 0,249393 1,422361 3,232496 -0,423617 0,956315 2,889979 -0,037783 0,794275 3,418452
-0,068311 -0,025338 3,299508 0,260544 1,420231 3,250248 -0,463674 0,656013 2,699884 -0,030104 0,805234 3,418769
-0,069422 -0,022713 3,314250 0,257949 1,418845 3,248793 -0,483401 0,492994 2,641521 -0,023614 0,806912 3,393497
-0,070473 -0,027439 3,327686 0,262668 1,430219 3,265347 -0,516707 0,439003 2,549548 -0,019647 0,807867 3,381295
-0,066837 -0,025193 3,341595 0,266691 1,435034 3,280345 -0,557664 0,388125 2,353858 -0,035349 0,824800 3,509737
-0,059538 -0,028093 3,338913 0,270626 1,421169 3,281772 -0,553152 0,383960 2,352534 -0,020072 0,813481 3,457363
-0,056423 -0,030185 3,334919 0,267605 1,427361 3,271646 -0,550477 0,401972 2,347550 -0,009111 0,816023 3,418800
-0,052996 -0,032212 3,351419 0,277389 1,448084 3,296799 -0,523717 0,512630 2,437613 -0,012076 0,808035 3,432010
-0,047539 -0,031339 3,341307 0,279095 1,451902 3,299868 -0,476597 0,705670 2,420743 -0,019091 0,798893 3,457446
-0,046730 -0,033208 3,337448 0,275303 1,449019 3,302848 -0,460503 0,847853 2,494848 -0,018116 0,791327 3,456230
-0,049008 -0,032747 3,327694 0,267931 1,429159 3,276626 -0,374846 1,237928 2,903417 -0,015350 0,809051 3,470685
-0,049912 -0,025638 3,326523 0,263874 1,429762 3,275161 -0,384571 1,370197 3,108326 -0,019322 0,809930 3,457668
-0,058838 -0,030541 3,323281 0,260054 1,443375 3,265268 -0,373397 1,424781 3,242000 -0,034280 0,817230 3,457383
-0,070816 -0,031350 3,291845 0,253448 1,426328 3,249689 -0,375095 1,403311 3,299929 -0,042077 0,804216 3,431105
