34 12
-0,097895 -0,007721 3,262576 0,235431 1,133898 3,231170 -0,367445 1,353520 3,173864 -0,041731 0,742975 3,379858
-0,101922 -0,019465 3,260713 0,220449 1,116525 3,247678 -0,375794 1,275447 3,108698 -0,041507 0,732241 3,379809
-0,104957 -0,018654 3,262712 0,209979 1,099686 3,258626 -0,391417 1,177307 3,048452 -0,034268 0,723766 3,355167
-0,102537 -0,023058 3,260742 0,203230 1,120352 3,270177 -0,406444 1,064651 2,982491 -0,030115 0,714326 3,343065
-0,106647 -0,020391 3,250236 0,204201 1,099857 3,265035 -0,421593 0,945549 2,952574 -0,041522 0,717884 3,379618
-0,107322 -0,016190 3,253464 0,208029 1,121698 3,272113 -0,435450 0,802674 2,929567 -0,062784 0,714025 3,305632
-0,111853 -0,016002 3,250286 0,206191 1,121744 3,264468 -0,446273 0,679966 2,935844 -0,034776 0,744379 3,404928
-0,105397 -0,010670 3,263433 0,205592 1,127542 3,279268 -0,464909 0,592074 2,949186 -0,059216 0,713875 3,269992
-0,109215 -0,019819 3,246986 0,204935 1,116659 3,275636 -0,471743 0,557969 2,960515 -0,034776 0,744379 3,404928
-0,102931 -0,018438 3,247986 0,209836 1,108773 3,262424 -0,471916 0,572007 2,973465 -0,034776 0,744379 3,404928
-0,103412 -0,024014 3,257288 0,210516 1,116898 3,263311 -0,475266 0,596175 2,957171 -0,038383 0,741842 3,392242
-0,101815 -0,022745 3,249073 0,208096 1,126433 3,274566 -0,471897 0,656147 2,932704 -0,034496 0,727272 3,355032
-0,101861 -0,015113 3,255853 0,201780 1,119613 3,276825 -0,457968 0,739594 2,927840 -0,027297 0,739390 3,380048
-0,100404 -0,010240 3,257103 0,199800 1,126248 3,265220 -0,468755 0,824436 2,962542 -0,034492 0,734406 3,355122
-0,101168 -0,017284 3,246342 0,207236 1,107564 3,249718 -0,455416 0,858173 2,950974 -0,045299 0,733297 3,367230
-0,098895 -0,016226 3,239791 0,205053 1,106298 3,262782 -0,454117 0,851004 2,968183 -0,038152 0,738299 3,392374
-0,100358 -0,017872 3,245834 0,201297 1,128044 3,268556 -0,456717 0,788362 2,924859 -0,027067 0,735859 3,380191
-0,096605 -0,012001 3,259701 0,206232 1,129274 3,276607 -0,455357 0,712406 2,934452 -0,027529 0,742903 3,379823
-0,101677 -0,016618 3,244254 0,203461 1,135833 3,280426 -0,462419 0,617421 2,929226 -0,042201 0,735649 3,379329
-0,100808 -0,012449 3,244195 0,203512 1,123110 3,260602 -0,468639 0,526773 2,962855 -0,042893 0,738885 3,378106
-0,100548 -0,001943 3,247905 0,201136 1,130720 3,262980 -0,461887 0,452918 3,000266 -0,031252 0,738908 3,342462
-0,097677 -0,015652 3,244574 0,202495 1,126820 3,263481 -0,455279 0,405397 3,039891 -0,045814 0,737349 3,317465
-0,097496 -0,013663 3,239972 0,205805 1,131369 3,261056 -0,448062 0,397060 3,084370 -0,035425 0,748249 3,353776
-0,099477 -0,002948 3,233541 0,207713 1,116357 3,252868 -0,440636 0,411464 3,085114 0,002359 0,789309 3,536262
-0,097300 -0,015384 3,231446 0,204794 1,120317 3,261039 -0,435582 0,462175 3,076137 -0,028368 0,744559 3,353300
-0,096427 -0,006630 3,233063 0,204725 1,122463 3,255563 -0,431077 0,542638 3,037684 -0,035050 0,739862 3,329842
-0,096250 -0,012753 3,231711 0,204518 1,125253 3,268154 -0,437754 0,654832 3,007445 -0,027297 0,739390 3,380048
-0,096897 -0,018553 3,230354 0,204440 1,128796 3,266719 -0,443973 0,802303 2,976503 -0,049540 0,729835 3,404249
-0,091793 -0,013129 3,245281 0,202032 1,126277 3,271744 -0,456715 0,967046 2,969381 -0,040913 0,718981 3,330644
-0,091768 -0,004311 3,235200 0,202824 1,116330 3,256608 -0,458979 1,105613 3,002112 -0,026115 0,743094 3,380215
-0,092476 -0,012008 3,229478 0,207355 1,123223 3,275680 -0,445681 1,246512 3,067600 -0,019680 0,730955 3,355624
-0,096956 -0,015325 3,242968 0,205992 1,120890 3,253035 -0,437571 1,319615 3,118257 -0,037988 0,733337 3,367473
-0,094766 -0,012721 3,237661 0,211071 1,104657 3,261255 -0,419492 1,379966 3,180906 -0,026641 0,729651 3,331194
-0,091516 -0,015260 3,231637 0,206673 1,127306 3,263172 -0,400538 1,434997 3,227327 -0,030788 0,731971 3,342978
