35 12
-0,112401 -0,023627 3,254935 0,415924 1,175331 3,311945 -0,399633 1,433985 3,213048 -0,026631 0,736739 3,331276
-0,115057 -0,029199 3,254731 0,423656 1,218446 3,342048 -0,415699 1,398934 3,164408 -0,033543 0,741670 3,355440
-0,111235 -0,032268 3,255409 0,435134 1,235804 3,333357 -0,434153 1,338725 3,092932 -0,026401 0,733217 3,331259
-0,114160 -0,030437 3,258492 0,448099 1,247803 3,339684 -0,456383 1,250545 3,013296 -0,034016 0,741644 3,355488
-0,114221 -0,033149 3,255774 0,449938 1,240951 3,330241 -0,482671 1,137261 2,941219 -0,037751 0,736958 3,367614
-0,114794 -0,031491 3,262724 0,456699 1,242394 3,360797 -0,504860 1,010379 2,872704 -0,041132 0,729584 3,330760
-0,118857 -0,029434 3,250298 0,466970 1,239287 3,348015 -0,524482 0,863542 2,826783 -0,033785 0,738098 3,355460
-0,120209 -0,030772 3,253475 0,471833 1,234235 3,368358 -0,536129 0,737428 2,848544 -0,041964 0,746507 3,379731
-0,124155 -0,029443 3,250324 0,477983 1,234262 3,351892 -0,535085 0,621884 2,854816 -0,041250 0,750227 3,380055
-0,119775 -0,031339 3,242227 0,468027 1,228591 3,351535 -0,534280 0,546941 2,876474 -0,030545 0,742700 3,343287
-0,122631 -0,028914 3,246732 0,472318 1,242955 3,384787 -0,531441 0,514789 2,916292 -0,026863 0,740244 3,331215
-0,121056 -0,018736 3,262420 0,471317 1,252861 3,388192 -0,513992 0,517409 2,926817 -0,027484 0,764077 3,430750
-0,118946 -0,027317 3,257519 0,452021 1,235924 3,360215 -0,498290 0,548482 2,907698 -0,034008 0,748784 3,355577
-0,117056 -0,027154 3,256418 0,452369 1,252431 3,372819 -0,472676 0,618250 2,899377 -0,040937 0,738844 3,306835
-0,113490 -0,022967 3,252600 0,443000 1,255026 3,356942 -0,472586 0,684424 2,876435 -0,030545 0,742700 3,343287
-0,110225 -0,033741 3,263170 0,432428 1,252594 3,376384 -0,474465 0,744048 2,894580 -0,030312 0,739184 3,343345
-0,110686 -0,030119 3,255401 0,426887 1,249027 3,362716 -0,463848 0,752628 2,871513 -0,037665 0,752786 3,392680
-0,106466 -0,025455 3,253337 0,430892 1,262126 3,369665 -0,467732 0,738078 2,873797 -0,058982 0,731372 3,270395
-0,107986 -0,028757 3,257037 0,419228 1,248941 3,350689 -0,466614 0,685203 2,866973 -0,019714 0,750257 3,380547
-0,104176 -0,027468 3,253307 0,419952 1,255385 3,374886 -0,473967 0,613123 2,878726 -0,030545 0,742700 3,343287
-0,103867 -0,024283 3,263645 0,423577 1,265506 3,371375 -0,479163 0,532781 2,882109 -0,026622 0,743830 3,331359
-0,104207 -0,034859 3,255755 0,422311 1,268727 3,364017 -0,483618 0,462148 2,910618 -0,069271 0,732433 3,258405
-0,103762 -0,020930 3,257994 0,420481 1,270152 3,362971 -0,483948 0,413043 2,913818 -0,042197 0,757209 3,379617
-0,101741 -0,023348 3,248774 0,415613 1,260745 3,353938 -0,479772 0,402195 2,949306 -0,030774 0,759971 3,392880
-0,101892 -0,030463 3,256417 0,413822 1,272271 3,362518 -0,469209 0,417189 2,952567 -0,038372 0,763483 3,392536
-0,098003 -0,023362 3,262055 0,415243 1,270425 3,367075 -0,459986 0,456885 2,939865 -0,055044 0,739497 3,259102
-0,094254 -0,022188 3,265048 0,403930 1,248606 3,352398 -0,446547 0,544069 2,932896 -0,023168 0,763651 3,393223
-0,097843 -0,028688 3,256411 0,406266 1,268861 3,356480 -0,439879 0,646084 2,935623 -0,038210 0,751181 3,367526
-0,097650 -0,031545 3,255607 0,409957 1,274852 3,373712 -0,448337 0,782314 2,889762 -0,062003 0,723383 3,282093
-0,092011 -0,026237 3,254936 0,402045 1,253329 3,399205 -0,437871 0,921257 2,905387 -0,014921 0,747056 3,417981
-0,091970 -0,030035 3,269739 0,407019 1,261484 3,384080 -0,438362 1,051215 2,963476 -0,033836 0,744508 3,405165
-0,094362 -0,026398 3,257980 0,409064 1,257327 3,392503 -0,441737 1,169282 3,010699 -0,045237 0,757876 3,417677
-0,096414 -0,024264 3,249185 0,409449 1,260047 3,391010 -0,437190 1,248141 3,081587 -0,037976 0,747659 3,367656
-0,092266 -0,016791 3,256222 0,409420 1,255073 3,385623 -0,426428 1,310239 3,128984 -0,033626 0,747368 3,331215
-0,098212 -0,018326 3,254199 0,404706 1,247284 3,365520 -0,409042 1,356221 3,177752 -0,026863 0,740244 3,331215
