34 12
-0,036928 -0,069313 3,283754 0,277636 1,416241 3,232722 -0,333513 1,442214 3,255357 0,010358 0,701244 3,405482
-0,037157 -0,071824 3,280804 0,286683 1,414773 3,230501 -0,367156 1,260870 3,041603 0,002675 0,700102 3,380431
-0,038751 -0,075948 3,303996 0,291471 1,406389 3,246948 -0,368518 1,049353 2,974926 0,007243 0,687992 3,392158
-0,039683 -0,077123 3,297986 0,293880 1,411644 3,243186 -0,373380 0,920407 2,882131 0,010322 0,686814 3,405290
-0,037285 -0,075309 3,307938 0,289120 1,409328 3,260805 -0,414623 0,725011 2,698624 0,003292 0,682145 3,379865
-0,043896 -0,073429 3,317179 0,287521 1,408678 3,253722 -0,435377 0,671257 2,640603 0,010487 0,677586 3,355266
-0,041884 -0,075442 3,321268 0,286374 1,407787 3,256851 -0,447704 0,640317 2,584272 0,010758 0,686766 3,404990
-0,038521 -0,078324 3,332362 0,277464 1,398179 3,233205 -0,439530 0,621565 2,613419 0,010550 0,690405 3,405231
-0,025225 -0,077771 3,305470 0,278985 1,411349 3,254815 -0,427352 0,651671 2,673914 0,025077 0,686798 3,405360
-0,020933 -0,082309 3,315943 0,278352 1,405944 3,244850 -0,410030 0,680953 2,736061 0,017928 0,690400 3,405287
-0,022677 -0,079692 3,335532 0,282853 1,415042 3,251831 -0,399173 0,700598 2,736476 0,010550 0,690405 3,405231
-0,026092 -0,074026 3,336462 0,283180 1,402155 3,245834 -0,413533 0,709262 2,654563 0,014209 0,679856 3,367607
-0,025061 -0,080802 3,325859 0,286297 1,421256 3,268748 -0,427242 0,700221 2,590138 0,018358 0,674864 3,379323
-0,020388 -0,079427 3,338446 0,278955 1,407320 3,228652 -0,434603 0,674586 2,579230 0,014413 0,676239 3,367299
-0,008240 -0,079673 3,327341 0,266499 1,399597 3,204349 -0,413704 0,651832 2,631808 0,017747 0,685753 3,380250
-0,005993 -0,076798 3,333168 0,269378 1,404720 3,226633 -0,393701 0,655233 2,670716 0,014319 0,692750 3,417909
-0,007832 -0,077423 3,340026 0,274417 1,400987 3,236190 -0,387573 0,661672 2,648988 0,021720 0,692742 3,417951
-0,010922 -0,078194 3,345491 0,282818 1,403856 3,248577 -0,403327 0,678733 2,579502 0,021721 0,684437 3,392518
-0,010085 -0,083345 3,338091 0,288137 1,412790 3,260656 -0,421630 0,656551 2,510391 0,018295 0,684184 3,430326
-0,012708 -0,077354 3,335065 0,291504 1,415787 3,264534 -0,403363 0,624257 2,564009 0,018319 0,691444 3,430427
-0,006355 -0,081836 3,324781 0,287924 1,421306 3,271746 -0,385140 0,618112 2,632690 0,025306 0,690389 3,405314
-0,009917 -0,081677 3,334615 0,285925 1,415981 3,246575 -0,371560 0,641438 2,699321 0,021720 0,692742 3,417951
-0,009642 -0,080895 3,322566 0,290391 1,406218 3,259472 -0,379735 0,658696 2,652649 0,018319 0,691444 3,430427
-0,014864 -0,079385 3,337847 0,296990 1,418833 3,271029 -0,412139 0,668911 2,602194 0,025715 0,683092 3,404778
-0,018137 -0,081376 3,333676 0,290601 1,417329 3,262794 -0,422725 0,636425 2,554151 0,017499 0,675026 3,380214
-0,021586 -0,084734 3,314747 0,279359 1,416640 3,243528 -0,404079 0,590961 2,629709 0,021083 0,679895 3,367927
-0,018888 -0,074182 3,311511 0,279823 1,398674 3,252919 -0,393313 0,602854 2,690833 0,010281 0,681174 3,355492
-0,016293 -0,073833 3,301882 0,280428 1,406002 3,228002 -0,382709 0,638858 2,736805 0,017928 0,690400 3,405287
-0,018242 -0,074558 3,303865 0,297288 1,418500 3,282333 -0,368575 0,775809 2,818638 0,021514 0,688064 3,392743
-0,017295 -0,080479 3,304480 0,293097 1,416465 3,267920 -0,399434 1,008405 2,829569 0,021514 0,688064 3,392743
-0,018071 -0,075747 3,295110 0,292342 1,421293 3,279181 -0,415379 1,118711 2,857277 0,021305 0,691674 3,392885
-0,020573 -0,072614 3,298149 0,288107 1,412547 3,258102 -0,380347 1,350958 3,058785 0,013896 0,700004 3,418133
-0,025412 -0,071474 3,308753 0,291401 1,420366 3,275123 -0,327777 1,400549 3,128177 0,017538 0,689351 3,380394
-0,026520 -0,072605 3,305043 0,285005 1,428776 3,262237 -0,305882 1,456267 3,289768 0,010127 0,697632 3,405457
