37 12
-0,031156 -0,032096 3,208712 0,263424 1,439995 3,185016 -0,476311 1,479364 3,240867 -0,015491 0,764174 3,344025
-0,027392 -0,033958 3,209264 0,265653 1,438801 3,189868 -0,557238 1,439193 3,162910 -0,026366 0,754494 3,331507
-0,026715 -0,026183 3,218974 0,268077 1,443376 3,201708 -0,645906 1,372765 3,071566 -0,004475 0,777183 3,406356
-0,023301 -0,034515 3,213271 0,271211 1,447764 3,203872 -0,723964 1,269330 2,962672 -0,004572 0,759611 3,356392
-0,019912 -0,033974 3,211285 0,268446 1,447960 3,207415 -0,772892 1,148461 2,862225 0,006428 0,762175 3,368863
-0,021101 -0,033223 3,226454 0,265364 1,456091 3,195946 -0,782367 1,006817 2,770895 -0,004339 0,756040 3,356313
-0,019611 -0,033892 3,221895 0,270828 1,454584 3,211443 -0,757773 0,873469 2,680742 0,006428 0,762175 3,368863
-0,018234 -0,034476 3,229316 0,270423 1,448637 3,200464 -0,684258 0,745132 2,626957 0,010272 0,763195 3,356574
-0,016954 -0,030115 3,224361 0,267935 1,445770 3,203506 -0,591318 0,640126 2,576399 0,006459 0,755596 3,320012
-0,018958 -0,032863 3,227881 0,269876 1,446399 3,195221 -0,475152 0,580247 2,589164 -0,000956 0,757078 3,344186
-0,017905 -0,032941 3,224062 0,268401 1,455617 3,204201 -0,358422 0,550399 2,572628 -0,004795 0,770313 3,356477
-0,017382 -0,031535 3,230799 0,262052 1,453197 3,197155 -0,257998 0,554025 2,597223 0,003314 0,771925 3,381201
-0,017827 -0,033093 3,226695 0,268134 1,444351 3,200881 -0,196807 0,580740 2,644615 -0,001178 0,767743 3,344263
-0,014561 -0,033389 3,226493 0,264097 1,447790 3,182641 -0,193186 0,601997 2,663782 0,002811 0,764746 3,381251
-0,010019 -0,032146 3,233742 0,267249 1,445667 3,191299 -0,240591 0,615598 2,674384 0,002887 0,758111 3,332067
-0,006798 -0,024872 3,231381 0,270490 1,454601 3,195004 -0,321281 0,631322 2,659478 0,003295 0,764728 3,381109
-0,003177 -0,029069 3,231882 0,271713 1,440216 3,183331 -0,404070 0,655935 2,642920 0,010272 0,763195 3,356574
0,004809 -0,034212 3,234250 0,274968 1,443421 3,182803 -0,491091 0,675268 2,663714 0,010290 0,770343 3,356659
0,000435 -0,037787 3,230043 0,280596 1,432654 3,189460 -0,535061 0,665731 2,642679 0,006428 0,762175 3,368863
0,000149 -0,029889 3,226590 0,285416 1,442490 3,199996 -0,531249 0,639423 2,627832 0,003062 0,768345 3,381267
-0,005365 -0,024296 3,242444 0,286241 1,456435 3,219658 -0,483591 0,614167 2,614878 -0,000941 0,764201 3,344270
-0,005109 -0,029740 3,230909 0,279402 1,463506 3,210731 -0,407460 0,599074 2,598874 0,006568 0,760645 3,344283
-0,008599 -0,034658 3,231793 0,275840 1,443962 3,185144 -0,307277 0,585949 2,598121 0,013979 0,758590 3,368853
-0,013450 -0,031452 3,231031 0,267596 1,443312 3,186411 -0,212126 0,580749 2,597232 0,010253 0,756049 3,356488
-0,015230 -0,035919 3,230570 0,269846 1,444213 3,193670 -0,128427 0,592656 2,629730 -0,000892 0,762171 3,368783
-0,020993 -0,039418 3,216580 0,255523 1,443936 3,172614 -0,085001 0,622201 2,668633 0,006771 0,763729 3,393723
-0,020406 -0,037213 3,228101 0,265590 1,445965 3,190077 -0,080640 0,649837 2,682099 -0,003879 0,748844 3,355912
-0,013567 -0,036040 3,219738 0,270728 1,441640 3,194690 -0,117859 0,689086 2,679895 -0,000067 0,761606 3,418481
-0,016207 -0,038971 3,226410 0,274055 1,446397 3,204319 -0,183172 0,749013 2,663543 -0,010701 0,764054 3,430329
-0,010034 -0,038269 3,221304 0,274141 1,447502 3,195504 -0,264927 0,831158 2,650280 -0,010697 0,753750 3,379845
-0,012970 -0,035608 3,220577 0,277431 1,450408 3,201540 -0,346317 0,909429 2,661956 -0,003427 0,741577 3,355186
-0,010301 -0,028874 3,230826 0,279894 1,452359 3,199394 -0,417913 1,018217 2,701016 -0,000244 0,753465 3,343808
-0,015285 -0,039703 3,217642 0,275316 1,459008 3,203400 -0,455525 1,117095 2,739705 0,002811 0,764746 3,381251
-0,010654 -0,032934 3,214770 0,274824 1,450153 3,208774 -0,469839 1,221611 2,818900 -0,007981 0,760630 3,344080
-0,011794 -0,024876 3,225358 0,274378 1,451076 3,196289 -0,460279 1,320677 2,914431 -0,011623 0,768324 3,381035
-0,017265 -0,032441 3,218569 0,272638 1,457754 3,209046 -0,434562 1,386737 3,012472 -0,008192 0,767322 3,393605
-0,015992 -0,033574 3,218610 0,271452 1,442057 3,196389 -0,390832 1,445165 3,136730 -0,011619 0,763173 3,356270
