31 12
-0,061854 -0,044679 3,266096 0,295614 1,436795 3,256675 -0,419938 1,477763 3,163103 -0,052109 0,761970 3,367410
-0,059160 -0,043931 3,266895 0,290505 1,426680 3,250308 -0,466219 1,416098 3,030727 -0,048330 0,760972 3,379845
-0,058536 -0,045277 3,278583 0,280428 1,423492 3,218014 -0,522588 1,299952 2,870683 -0,037899 0,756370 3,392716
-0,056144 -0,046465 3,283424 0,269343 1,444284 3,225294 -0,589242 1,126089 2,707181 -0,026318 0,761084 3,380591
-0,057254 -0,046135 3,282160 0,272506 1,425926 3,224026 -0,644895 0,917664 2,563234 -0,030539 0,756405 3,392936
-0,055308 -0,054627 3,286783 0,276626 1,426774 3,220437 -0,691039 0,670205 2,480736 -0,027484 0,764077 3,430750
-0,057465 -0,038802 3,291243 0,276579 1,439045 3,231869 -0,681719 0,390383 2,430956 -0,049768 0,778548 3,430298
-0,058497 -0,026059 3,299209 0,279946 1,438917 3,222843 -0,698008 0,151802 2,452246 -0,061551 0,788273 3,442239
-0,062300 -0,041135 3,295100 0,283155 1,436429 3,221081 -0,685240 -0,056023 2,514783 -0,064722 0,772849 3,455477
-0,060311 -0,048695 3,289004 0,277870 1,441062 3,220657 -0,665410 -0,225994 2,606264 -0,068642 0,768121 3,468208
-0,063111 -0,043450 3,275976 0,277922 1,436082 3,231395 -0,644286 -0,357401 2,709928 -0,064054 0,755107 3,404171
-0,063167 -0,048740 3,273455 0,281156 1,435431 3,233216 -0,611541 -0,442485 2,814918 -0,071810 0,752922 3,429131
-0,058443 -0,042845 3,271953 0,277173 1,435913 3,222212 -0,588137 -0,494592 2,929346 -0,062943 0,730784 3,354236
-0,058766 -0,049333 3,261674 0,282572 1,454051 3,241452 -0,567659 -0,517841 3,007253 -0,070592 0,735651 3,378602
-0,055582 -0,034867 3,260299 0,281981 1,459940 3,248149 -0,561698 -0,535400 3,078462 -0,078095 0,744199 3,403209
-0,055300 -0,039750 3,270346 0,275492 1,459578 3,241302 -0,554063 -0,536586 3,102866 -0,067223 0,733143 3,366331
-0,053936 -0,054642 3,263558 0,282725 1,447087 3,233492 -0,559619 -0,540228 3,111122 -0,081363 0,733080 3,365610
-0,053652 -0,048929 3,270345 0,280050 1,445501 3,228007 -0,559497 -0,529844 3,095506 -0,074920 0,738039 3,390861
-0,054495 -0,042482 3,267088 0,274158 1,449760 3,229908 -0,560596 -0,520294 3,064120 -0,063963 0,739173 3,378798
-0,051571 -0,041318 3,267462 0,274558 1,451166 3,217619 -0,576415 -0,483583 3,007271 -0,074685 0,741686 3,390971
-0,050140 -0,054681 3,274882 0,269808 1,439983 3,210838 -0,600381 -0,439770 2,929367 -0,068045 0,751926 3,442161
-0,046653 -0,047620 3,280438 0,262260 1,443504 3,210071 -0,624330 -0,359114 2,823906 -0,064056 0,747871 3,404069
-0,044398 -0,041405 3,279716 0,260607 1,445415 3,205735 -0,645648 -0,223682 2,705237 -0,060212 0,752580 3,391753
-0,043457 -0,044352 3,297562 0,263278 1,450855 3,212130 -0,662001 -0,037770 2,615305 -0,041720 0,757352 3,380049
-0,036068 -0,039652 3,289285 0,265285 1,432683 3,200019 -0,671638 0,191396 2,542940 -0,041622 0,767780 3,430675
-0,032840 -0,036666 3,293610 0,269336 1,434372 3,204175 -0,659634 0,446593 2,516234 -0,034274 0,773445 3,405617
-0,025526 -0,039883 3,290311 0,270722 1,447727 3,216631 -0,647704 0,728872 2,543096 -0,018930 0,756008 3,356023
-0,027944 -0,050087 3,299300 0,280655 1,441215 3,240181 -0,609965 0,980379 2,610217 -0,022699 0,756458 3,393099
-0,026584 -0,047786 3,275318 0,277818 1,437133 3,229936 -0,554570 1,199581 2,759747 -0,030180 0,761586 3,418153
-0,027806 -0,044192 3,283879 0,287669 1,438450 3,237709 -0,488290 1,357248 2,925360 -0,022509 0,772498 3,418371
-0,033938 -0,049548 3,279673 0,289845 1,442758 3,259104 -0,428676 1,467759 3,091318 -0,036775 0,751258 3,367357
