22 12
-0,031943 -0,053266 3,220875 0,256445 1,410862 3,232635 -0,483126 1,501337 3,472572 0,010143 0,704850 3,405553
-0,027927 -0,054047 3,242835 0,262873 1,410820 3,218231 -0,550614 1,381994 3,134839 0,006509 0,707249 3,418175
-0,023908 -0,057430 3,251371 0,264072 1,406595 3,237091 -0,510867 1,198666 2,880027 0,021536 0,695253 3,392835
-0,022638 -0,056015 3,251754 0,271716 1,414347 3,233948 -0,453936 1,030343 2,646878 0,014231 0,686994 3,367694
-0,024719 -0,064805 3,257400 0,261963 1,411004 3,259248 -0,357657 0,797095 2,579271 0,015781 0,665788 3,388587
-0,029121 -0,063728 3,264901 0,265233 1,408618 3,244920 -0,123102 0,575296 2,368288 0,000025 0,697406 3,442783
-0,027036 -0,059794 3,264766 0,262573 1,411848 3,246917 -0,048202 0,567041 2,490046 0,007494 0,710840 3,495420
-0,029183 -0,066971 3,265875 0,262589 1,404123 3,249464 0,123452 0,649908 2,927469 0,010717 0,693702 3,482377
-0,025521 -0,075492 3,257234 0,263940 1,417886 3,260926 0,125526 0,746199 3,063359 0,007634 0,684927 3,494707
-0,027047 -0,076295 3,269860 0,270286 1,408866 3,257940 0,131214 0,773612 3,087475 0,007430 0,688672 3,495069
-0,027379 -0,071057 3,256988 0,274508 1,413865 3,272872 0,144533 0,779044 3,092961 0,007657 0,692311 3,494824
-0,033269 -0,075126 3,276778 0,270649 1,415791 3,288824 0,153208 0,742439 3,055516 0,003614 0,686292 3,481845
-0,032023 -0,078229 3,268064 0,266296 1,407287 3,266056 0,134409 0,738435 3,040030 0,007205 0,685015 3,495221
-0,037946 -0,080079 3,272482 0,259581 1,412096 3,240143 0,043663 0,684058 2,818486 -0,000403 0,680293 3,468864
-0,036382 -0,071901 3,263674 0,259445 1,414014 3,241996 -0,145334 0,811184 3,019700 0,003656 0,680512 3,429825
-0,036841 -0,067257 3,263509 0,263730 1,405288 3,229711 -0,289042 0,859866 2,991549 0,014747 0,669964 3,391657
-0,035500 -0,059768 3,266207 0,262966 1,403523 3,240187 -0,493801 0,903485 2,687546 0,014319 0,692750 3,417909
-0,031784 -0,056206 3,255790 0,264561 1,410392 3,252381 -0,689705 1,116860 2,930535 0,002890 0,696521 3,380356
-0,030267 -0,055397 3,253073 0,270810 1,420158 3,238372 -0,702556 1,180238 2,944011 0,010279 0,709663 3,430948
-0,029999 -0,052318 3,249724 0,259635 1,422315 3,235214 -0,641334 1,392853 3,243152 -0,004630 0,697624 3,405283
-0,032489 -0,054430 3,247255 0,254214 1,422289 3,247086 -0,490709 1,348583 3,162187 0,010279 0,709663 3,430948
-0,036076 -0,051856 3,249162 0,251433 1,416122 3,226028 -0,433625 1,378715 3,247915 0,002890 0,696521 3,380356
