43 12
-0,018188 -0,009008 3,202828 0,314540 1,373951 3,236313 -0,377654 1,455381 3,209237 -0,055927 0,780582 3,404827
-0,016980 -0,008458 3,206731 0,309397 1,385920 3,240324 -0,442668 1,413962 3,139138 -0,044746 0,778012 3,392686
-0,017884 -0,009745 3,191599 0,305499 1,392302 3,233704 -0,527827 1,320007 3,025848 -0,044266 0,770734 3,392179
-0,014634 -0,007377 3,209681 0,308527 1,393491 3,234668 -0,625769 1,190671 2,916709 -0,044505 0,774382 3,392475
-0,017857 -0,005613 3,205848 0,310198 1,380972 3,225921 -0,743221 1,020899 2,851274 -0,048068 0,771746 3,379824
-0,020296 -0,017055 3,206173 0,307483 1,395220 3,231047 -0,830799 0,797637 2,767936 -0,048329 0,766586 3,355311
-0,018619 -0,016479 3,203051 0,310686 1,393148 3,231074 -0,919746 0,565115 2,774650 -0,052102 0,753296 3,342783
-0,023009 -0,006133 3,216346 0,309077 1,385202 3,218820 -0,949390 0,356962 2,829048 -0,044827 0,760463 3,343143
-0,022685 -0,014749 3,211548 0,317708 1,387462 3,235776 -0,955147 0,204234 2,900050 -0,040863 0,754426 3,331063
-0,022613 -0,009916 3,213799 0,312240 1,393142 3,231842 -0,927956 0,100097 2,960350 -0,033725 0,745926 3,307141
-0,022777 -0,013914 3,211956 0,314970 1,385464 3,227993 -0,863452 0,026973 2,974624 -0,044138 0,755441 3,318811
-0,024431 -0,017883 3,207316 0,316147 1,393171 3,241080 -0,774889 -0,020758 2,986943 -0,059606 0,756761 3,342454
-0,017572 -0,014369 3,206911 0,316728 1,386709 3,246975 -0,671799 -0,034432 2,962264 -0,052091 0,751791 3,318491
-0,020440 -0,011567 3,212191 0,316112 1,393337 3,239093 -0,578014 -0,007913 2,933297 -0,047896 0,742347 3,306621
-0,017877 -0,016764 3,206584 0,317029 1,402910 3,250326 -0,522148 0,039417 2,909787 -0,062531 0,745743 3,306063
-0,012662 -0,015259 3,219988 0,313453 1,405213 3,255286 -0,518769 0,051185 2,927539 -0,063160 0,755740 3,354568
-0,014110 -0,024141 3,206702 0,310357 1,399752 3,237329 -0,566055 0,018247 2,955519 -0,059610 0,749643 3,342365
-0,002250 -0,015398 3,206425 0,308601 1,401392 3,239773 -0,647551 -0,013876 2,975163 -0,055600 0,750763 3,330468
-0,003150 -0,025693 3,204709 0,308502 1,394168 3,238388 -0,737140 -0,018643 2,987406 -0,051861 0,741229 3,318444
-0,000222 -0,013877 3,210071 0,305137 1,402417 3,245544 -0,798300 0,003037 3,007636 -0,047886 0,749392 3,306700
-0,000912 -0,014931 3,216715 0,305469 1,398227 3,249205 -0,805737 0,020103 2,980932 -0,033725 0,745926 3,307141
-0,001952 -0,014163 3,226650 0,303017 1,402709 3,242306 -0,764486 0,026159 2,955218 -0,041108 0,750855 3,331012
0,003880 -0,021663 3,210684 0,304867 1,403308 3,244414 -0,700348 0,038884 2,911215 -0,052354 0,758363 3,367367
0,001343 -0,017448 3,225155 0,307831 1,388657 3,225183 -0,628561 0,069526 2,875234 -0,055600 0,750763 3,330468
-0,006110 -0,017210 3,217203 0,310589 1,392368 3,240136 -0,576343 0,094512 2,870388 -0,055600 0,750763 3,330468
-0,002880 -0,014731 3,218420 0,306361 1,384079 3,230949 -0,571414 0,106704 2,891693 -0,059124 0,756826 3,342515
-0,004687 -0,010035 3,218671 0,308884 1,398435 3,239032 -0,612397 0,076691 2,916841 -0,055594 0,757858 3,330552
-0,009987 -0,012314 3,219572 0,307262 1,403718 3,244581 -0,678493 0,047896 2,944186 -0,059369 0,753244 3,342481
-0,004676 -0,006721 3,230861 0,312933 1,398366 3,249010 -0,749601 0,056843 2,955150 -0,052091 0,751791 3,318491
-0,004982 -0,014037 3,219247 0,308177 1,382395 3,234385 -0,795110 0,074571 2,967570 -0,040853 0,761523 3,331147
-0,005573 -0,015880 3,220171 0,303310 1,407276 3,257759 -0,783373 0,092427 2,952091 -0,044341 0,760489 3,343074
-0,004873 -0,018407 3,222584 0,308823 1,403915 3,250747 -0,732912 0,104471 2,921751 -0,037161 0,751941 3,319093
-0,008808 -0,010485 3,220037 0,308189 1,394859 3,252675 -0,663215 0,151518 2,870801 -0,041101 0,757952 3,331096
-0,012045 0,000492 3,223668 0,305482 1,398025 3,241496 -0,611066 0,227183 2,816682 -0,048815 0,766521 3,355227
-0,010507 -0,005504 3,216999 0,305721 1,393750 3,243448 -0,589822 0,344107 2,788978 -0,044819 0,767586 3,343230
-0,009469 -0,012292 3,220901 0,303825 1,397183 3,244475 -0,580900 0,488107 2,744861 -0,037471 0,769229 3,368040
-0,013320 -0,007781 3,218258 0,306090 1,395324 3,249344 -0,568941 0,659040 2,712404 -0,051864 0,774335 3,392174
-0,006440 -0,010971 3,212019 0,299821 1,403322 3,244670 -0,560517 0,870778 2,736593 -0,045251 0,763546 3,392564
-0,005735 -0,014275 3,204186 0,300947 1,404069 3,257670 -0,538407 1,045976 2,791132 -0,037645 0,767219 3,392874
-0,007971 -0,013090 3,216697 0,300231 1,394485 3,250563 -0,509526 1,216450 2,882965 -0,048795 0,777007 3,405170
-0,002766 -0,010195 3,228843 0,298751 1,394236 3,243809 -0,473526 1,347664 2,991400 -0,040731 0,771790 3,380109
-0,006663 -0,002925 3,218311 0,299221 1,405005 3,251753 -0,422413 1,434568 3,115521 -0,037635 0,774440 3,392972
-0,010682 -0,014111 3,209003 0,297853 1,401457 3,241865 -0,361318 1,481449 3,214520 -0,044970 0,776047 3,417855
