22 12
0,029932 -0,018312 3,241537 0,337032 1,435757 3,223729 -0,260055 1,386659 3,219621 0,047549 0,795234 3,406644
0,031901 -0,019271 3,250290 0,334445 1,431907 3,215632 -0,294359 1,325500 3,105711 0,051834 0,803412 3,444916
0,035264 -0,020227 3,242992 0,336364 1,425412 3,215293 -0,383241 1,306708 3,212627 0,062790 0,800598 3,431856
0,038840 -0,017723 3,248944 0,330997 1,425864 3,215887 -0,472863 1,254329 3,230440 0,062790 0,800598 3,431856
0,041548 -0,017881 3,263665 0,344619 1,420873 3,239266 -0,617009 1,033727 2,948622 0,059555 0,807015 3,444784
0,047788 -0,021538 3,249102 0,340908 1,431027 3,217528 -0,892940 0,969825 3,275595 0,066987 0,799636 3,444535
0,048851 -0,023617 3,254377 0,341318 1,428455 3,220664 -0,973796 0,869282 3,203862 0,066468 0,792331 3,444447
0,057467 -0,019488 3,270542 0,350759 1,436354 3,245419 -1,072853 0,700102 3,081590 0,073648 0,790511 3,418728
0,061802 -0,026177 3,253591 0,343582 1,439863 3,223076 -1,207114 0,639790 3,223995 0,058368 0,778029 3,393694
0,063494 -0,026923 3,250347 0,344497 1,433157 3,220279 -1,210221 0,607332 3,196416 0,069664 0,780602 3,406051
0,069832 -0,023572 3,264392 0,337998 1,445201 3,215183 -1,211357 0,577164 3,179797 0,066214 0,783289 3,418815
0,071306 -0,028263 3,251220 0,336351 1,432538 3,209663 -1,192505 0,592485 3,207199 0,069407 0,776980 3,405966
0,073839 -0,033857 3,248855 0,345590 1,455843 3,243047 -1,183303 0,599311 3,184529 0,061566 0,771783 3,381042
0,074212 -0,023016 3,261806 0,331367 1,455952 3,220733 -1,175557 0,634723 3,204313 0,065511 0,776316 3,368612
0,073767 -0,027432 3,257244 0,341998 1,453778 3,237774 -1,038798 0,657803 2,988282 0,077371 0,789538 3,431294
0,074399 -0,020596 3,260694 0,343511 1,441450 3,226156 -0,971188 0,710232 2,948202 0,073648 0,790511 3,418728
0,068486 -0,015092 3,255873 0,336177 1,446519 3,221378 -0,875407 0,919535 3,149375 0,077919 0,804121 3,431499
0,064090 -0,019875 3,267639 0,336728 1,441050 3,217426 -0,592533 0,975262 2,805942 0,066026 0,801483 3,419014
0,060707 -0,020106 3,261331 0,334058 1,451249 3,224478 -0,509362 1,057600 2,846201 0,074444 0,799582 3,444357
0,050704 -0,015860 3,256501 0,328098 1,429826 3,194251 -0,367462 1,315568 3,194178 0,070238 0,802295 3,406154
0,047226 -0,017264 3,273315 0,338169 1,436930 3,222206 -0,265976 1,311635 3,093046 0,063520 0,809774 3,457664
0,046045 -0,018662 3,268919 0,338446 1,437053 3,226033 -0,243589 1,365002 3,184396 0,067014 0,806967 3,444636
