20 12
-0,049322 -0,027838 3,196065 0,269411 1,396144 3,192652 -0,347067 1,449831 3,246408 -0,012047 0,798923 3,356711
-0,047126 -0,026662 3,194705 0,278650 1,406943 3,223302 -0,371181 1,421768 3,180302 -0,004472 0,809703 3,356998
-0,041388 -0,022049 3,193859 0,271491 1,404712 3,225854 -0,582080 1,461539 3,421444 -0,000803 0,805247 3,369317
-0,040929 -0,018462 3,198646 0,266179 1,411196 3,211897 -0,720234 1,325495 3,359005 -0,004486 0,802539 3,356911
-0,039246 -0,017002 3,197573 0,270250 1,416480 3,242525 -0,898954 0,731223 2,867336 -0,004486 0,802539 3,356911
-0,044105 -0,018288 3,203944 0,280424 1,396305 3,207304 -0,790683 0,320401 2,772562 -0,012300 0,789998 3,332092
-0,042893 -0,021183 3,189501 0,283665 1,395335 3,212999 -0,696033 0,219100 2,779383 -0,015914 0,787364 3,319923
-0,037356 -0,019864 3,202633 0,292914 1,416233 3,232225 -0,612299 0,168125 3,024347 -0,008160 0,792710 3,344498
-0,032255 -0,016724 3,184953 0,285429 1,406193 3,231209 -0,763517 0,131787 3,255840 -0,012043 0,793594 3,332249
-0,031458 -0,023089 3,189259 0,275885 1,420391 3,226135 -0,798423 0,119760 3,212746 -0,008160 0,792710 3,344498
-0,025635 -0,020892 3,204114 0,278144 1,416544 3,220262 -0,750186 0,133432 3,147658 -0,011539 0,793616 3,332245
-0,026247 -0,018104 3,197597 0,279087 1,420661 3,221299 -0,642311 0,170125 3,026870 -0,038026 0,829476 3,496660
-0,026315 -0,015083 3,192745 0,284794 1,420894 3,238803 -0,671943 0,176754 3,117988 -0,004746 0,798937 3,356823
-0,024750 -0,017725 3,194665 0,284566 1,409636 3,229916 -0,738256 0,144020 3,090563 -0,004501 0,795377 3,356825
-0,020523 -0,017883 3,188120 0,289599 1,405042 3,242882 -0,826447 0,253113 3,149163 0,010231 0,793639 3,332539
-0,021317 -0,019892 3,187318 0,286033 1,417879 3,243410 -0,819769 0,363745 3,029624 0,002730 0,797194 3,332537
-0,015461 -0,021338 3,181147 0,289371 1,401157 3,233333 -0,782321 0,750135 2,963695 0,002801 0,795385 3,356916
-0,016416 -0,021188 3,198685 0,287702 1,409124 3,247781 -0,576942 1,047304 2,726071 0,017421 0,802543 3,357096
-0,014208 -0,023056 3,205946 0,283146 1,414052 3,235703 -0,509245 1,209210 2,863652 0,013847 0,805250 3,369440
-0,021909 -0,020421 3,201742 0,287440 1,403656 3,237832 -0,374777 1,479899 3,300187 0,010118 0,802548 3,357064
