18 12
0,039755 -0,020231 3,253365 0,335609 1,418664 3,225528 -0,328785 1,436143 3,238777 0,051440 0,797930 3,419280
0,042328 -0,019139 3,247774 0,328286 1,417122 3,204673 -0,390608 1,387074 3,214657 0,044134 0,807114 3,445049
0,046183 -0,026620 3,266233 0,335758 1,437769 3,233186 -0,526838 1,144624 2,885906 0,066026 0,801483 3,419014
0,050376 -0,024426 3,253461 0,330030 1,412887 3,185302 -0,802692 1,071016 3,194385 0,069715 0,795104 3,406234
0,050924 -0,026776 3,246245 0,329825 1,426057 3,201409 -0,920494 0,967431 3,201573 0,069690 0,787852 3,406143
0,056808 -0,024018 3,260411 0,337727 1,412737 3,201271 -1,016788 0,696079 2,953973 0,062105 0,786161 3,381195
0,059701 -0,020722 3,254632 0,346816 1,439363 3,233394 -1,197763 0,608332 3,166043 0,069690 0,787852 3,406143
0,061233 -0,032701 3,248996 0,345452 1,415458 3,193720 -1,218664 0,571353 3,181973 0,065988 0,781574 3,393542
0,067400 -0,028085 3,258569 0,342374 1,433703 3,205999 -1,225725 0,547694 3,226465 0,065511 0,776316 3,368612
0,073124 -0,022880 3,239538 0,343068 1,428875 3,209908 -1,216094 0,558777 3,235200 0,062078 0,778960 3,381108
0,072328 -0,025919 3,244460 0,339257 1,442222 3,212177 -1,204342 0,560139 3,189296 0,070179 0,787788 3,405968
0,070549 -0,031927 3,234600 0,334667 1,444144 3,199016 -1,180210 0,606351 3,172123 0,069407 0,776980 3,405966
0,074017 -0,026062 3,246504 0,331786 1,432898 3,194996 -1,007413 0,703207 2,930645 0,077862 0,789515 3,431305
0,071535 -0,021780 3,256493 0,334705 1,432978 3,193488 -0,922074 0,771944 2,849570 0,081056 0,790452 3,418516
0,071073 -0,017639 3,238501 0,335652 1,446598 3,213821 -0,799183 1,047871 3,094845 0,073667 0,799549 3,393471
0,064210 -0,024105 3,260692 0,340171 1,418854 3,192802 -0,528172 1,093429 2,795546 0,069478 0,798732 3,406239
0,058748 -0,023772 3,263158 0,339864 1,443662 3,211297 -0,447656 1,172314 2,847872 0,077420 0,804144 3,431486
0,055741 -0,015501 3,242656 0,342025 1,426944 3,217742 -0,320249 1,384044 3,191703 0,073935 0,801407 3,418829
