44 12
-0,048933 -0,017893 3,245317 0,290076 1,424914 3,239384 -0,397852 1,432035 3,138036 -0,037210 0,796006 3,443545
-0,048605 -0,019572 3,264846 0,298389 1,429986 3,266556 -0,407718 1,358634 3,057476 -0,033521 0,784322 3,405561
-0,048330 -0,015331 3,250624 0,299298 1,437423 3,269087 -0,414539 1,281977 2,988514 -0,030129 0,790673 3,418564
-0,044073 -0,017939 3,253889 0,285548 1,445799 3,244070 -0,431387 1,195213 2,923490 -0,033280 0,780658 3,405274
-0,045033 -0,019687 3,256731 0,295718 1,435374 3,246508 -0,441830 1,081333 2,861551 -0,032784 0,780518 3,404546
-0,045234 -0,021768 3,250404 0,287383 1,433193 3,227291 -0,454453 0,955440 2,817138 -0,033023 0,784222 3,405002
-0,040740 -0,021425 3,259925 0,291447 1,434016 3,243394 -0,466063 0,849000 2,783371 -0,041097 0,789652 3,430751
-0,040129 -0,017444 3,260844 0,291851 1,443844 3,251934 -0,468536 0,739213 2,793599 -0,022897 0,781729 3,393492
-0,040685 -0,020170 3,262445 0,293585 1,440004 3,254010 -0,473239 0,627001 2,760977 -0,026979 0,786071 3,431376
-0,036045 -0,021831 3,268076 0,299467 1,427841 3,249965 -0,480614 0,528053 2,755371 -0,027015 0,786215 3,380849
-0,037466 -0,021689 3,260391 0,307044 1,440670 3,281313 -0,465869 0,472026 2,836157 -0,027213 0,796983 3,431423
-0,033292 -0,015635 3,254638 0,304713 1,455798 3,279729 -0,472090 0,419443 2,811629 -0,005513 0,788015 3,356071
-0,031128 -0,015913 3,270838 0,299200 1,439845 3,259420 -0,456353 0,397212 2,828096 -0,009194 0,773075 3,319411
-0,027186 -0,016373 3,267338 0,297734 1,430924 3,251998 -0,430245 0,407091 2,845297 -0,005348 0,774130 3,307754
-0,029421 -0,016142 3,271949 0,295522 1,445323 3,261068 -0,421017 0,437962 2,864467 -0,019969 0,795154 3,405979
-0,028222 -0,010726 3,266167 0,306537 1,442347 3,292006 -0,408151 0,484600 2,848760 -0,019724 0,791589 3,406130
-0,027276 -0,016686 3,252465 0,300188 1,427614 3,262430 -0,395148 0,560528 2,829927 -0,023128 0,792550 3,393610
-0,024367 -0,022933 3,258662 0,292234 1,435267 3,252557 -0,386293 0,628120 2,810354 -0,026970 0,793374 3,431481
-0,023167 -0,014955 3,269481 0,303489 1,444250 3,280518 -0,384514 0,684896 2,819669 -0,012098 0,793421 3,431802
-0,022823 -0,018689 3,265266 0,297848 1,434524 3,276101 -0,385179 0,707154 2,816633 -0,026870 0,787977 3,406022
-0,025460 -0,022028 3,258190 0,292508 1,435660 3,249849 -0,381357 0,688641 2,843075 -0,026531 0,779075 3,380885
-0,022904 -0,022180 3,261342 0,297642 1,426525 3,248382 -0,392358 0,651672 2,822872 -0,034310 0,795155 3,457046
-0,023847 -0,018678 3,258098 0,311155 1,430725 3,285007 -0,394081 0,635339 2,868550 -0,012091 0,788024 3,406341
-0,029424 -0,013448 3,251210 0,305590 1,447475 3,277230 -0,402555 0,606997 2,839586 -0,012098 0,793421 3,431802
-0,028637 -0,017698 3,257691 0,298350 1,441286 3,269186 -0,403819 0,607367 2,834542 -0,019724 0,791589 3,406130
-0,028639 -0,016328 3,246404 0,298204 1,434617 3,249373 -0,401881 0,645606 2,838909 -0,019228 0,791652 3,406277
-0,027946 -0,016912 3,246615 0,302333 1,435872 3,263258 -0,401494 0,705353 2,820187 -0,015801 0,790704 3,418959
-0,028679 -0,013233 3,247559 0,308688 1,440913 3,290226 -0,392826 0,794229 2,824152 -0,018798 0,789750 3,431441
-0,028018 -0,013159 3,245614 0,296367 1,438697 3,245732 -0,392615 0,902211 2,836476 -0,022001 0,779669 3,417929
-0,028198 -0,011865 3,254184 0,302239 1,436866 3,262614 -0,384623 1,022258 2,841312 -0,018322 0,782348 3,430795
-0,029193 -0,008907 3,242347 0,302702 1,442470 3,276591 -0,374505 1,118208 2,864120 -0,022477 0,787044 3,418574
-0,032661 -0,008361 3,248204 0,298763 1,443980 3,268698 -0,358746 1,178196 2,920057 -0,026388 0,780749 3,405885
-0,032307 -0,006966 3,252750 0,301649 1,422601 3,265841 -0,345972 1,203537 2,970056 -0,014578 0,799696 3,443957
-0,033366 -0,019695 3,242625 0,296039 1,438851 3,276723 -0,349417 1,196345 2,956138 -0,026486 0,786094 3,431337
-0,038643 -0,009504 3,245647 0,295823 1,442350 3,264489 -0,344403 1,193426 2,979264 -0,037397 0,794134 3,469407
-0,040407 -0,007807 3,242141 0,302675 1,437863 3,272276 -0,366023 1,199897 2,963984 -0,030265 0,788778 3,444087
-0,045345 -0,013714 3,246507 0,303272 1,443259 3,268816 -0,382415 1,228049 2,976974 -0,030265 0,788778 3,444087
-0,042252 -0,008863 3,246009 0,303686 1,434826 3,259124 -0,392880 1,265570 2,986102 -0,030010 0,792420 3,443986
-0,042501 -0,003790 3,245657 0,300238 1,446536 3,277239 -0,406569 1,307601 3,043679 -0,026134 0,784354 3,405790
-0,044777 -0,007274 3,240323 0,302233 1,443758 3,272584 -0,415950 1,334074 3,054925 -0,022462 0,794321 3,418677
-0,045325 -0,007518 3,241742 0,301467 1,435676 3,267421 -0,422200 1,368142 3,081079 -0,030506 0,792441 3,444209
-0,043672 -0,015464 3,233396 0,294779 1,431149 3,249144 -0,419401 1,414256 3,122610 -0,030506 0,792441 3,444209
-0,048331 -0,010702 3,240114 0,301340 1,448396 3,280281 -0,409426 1,445890 3,151244 -0,030749 0,796084 3,444243
-0,049633 -0,011176 3,244601 0,301603 1,436615 3,277019 -0,390429 1,462419 3,186850 -0,030252 0,796105 3,444195
