24 12
-0,034540 -0,034795 3,260743 0,321373 1,436085 3,257058 -0,474063 1,500266 3,287701 -0,011388 0,764708 3,380862
-0,034817 -0,037878 3,264788 0,308664 1,435593 3,240836 -0,610954 1,175222 2,764107 0,002811 0,764746 3,381251
-0,036040 -0,032153 3,261986 0,299063 1,447253 3,246066 -0,835574 0,933991 2,892089 -0,004355 0,748897 3,356227
-0,032821 -0,031448 3,276325 0,297257 1,448557 3,239449 -0,882984 0,650944 2,771526 -0,011406 0,757515 3,380769
-0,034559 -0,040035 3,270680 0,297554 1,460404 3,252653 -0,930698 0,146073 2,673031 -0,019289 0,755417 3,405782
-0,032325 -0,027768 3,267227 0,292582 1,460147 3,241266 -0,852168 -0,210066 2,673702 -0,044779 0,756355 3,392393
-0,035039 -0,042127 3,254332 0,293142 1,448249 3,248572 -0,788522 -0,309049 2,739766 -0,037511 0,740561 3,367672
-0,034677 -0,036577 3,260448 0,277198 1,448506 3,210225 -0,663725 -0,440052 3,127986 -0,031257 0,745402 3,392227
-0,025410 -0,039031 3,267462 0,278467 1,474677 3,250524 -0,489531 -0,402008 2,951603 -0,034307 0,744483 3,405216
-0,019003 -0,037667 3,267883 0,277384 1,463605 3,233293 -0,492980 -0,406764 3,012563 -0,037976 0,747659 3,367656
-0,011762 -0,035578 3,287914 0,272079 1,470413 3,234223 -0,565305 -0,422569 2,929583 -0,035006 0,755152 3,404809
-0,007309 -0,033533 3,275107 0,273752 1,464248 3,224071 -0,685948 -0,412227 3,060245 -0,030788 0,745543 3,392686
-0,010243 -0,046126 3,268909 0,269091 1,460530 3,216735 -0,652516 -0,389587 2,954321 -0,026925 0,744514 3,405424
-0,009094 -0,031237 3,281511 0,282194 1,472067 3,252683 -0,600966 -0,340533 2,971550 -0,030316 0,745607 3,392811
-0,012547 -0,035221 3,285822 0,291399 1,453747 3,244164 -0,641207 -0,342918 3,016072 -0,041017 0,746636 3,379934
-0,012656 -0,037682 3,284216 0,287632 1,455205 3,234302 -0,702498 -0,348559 3,037942 -0,023124 0,737020 3,368025
-0,017735 -0,029565 3,271014 0,293442 1,456911 3,232902 -0,759561 -0,317760 2,912635 -0,022640 0,744207 3,368088
-0,013585 -0,042831 3,263166 0,292605 1,459471 3,233310 -0,762850 -0,247073 2,891999 -0,030316 0,745607 3,392811
-0,010897 -0,042040 3,251368 0,291667 1,453543 3,221946 -0,763721 -0,153866 2,834011 -0,023420 0,752785 3,392967
-0,002448 -0,031961 3,288627 0,285109 1,461794 3,226468 -0,782339 0,183861 2,670910 -0,019276 0,762659 3,405881
0,004581 -0,034968 3,272157 0,285679 1,475501 3,253011 -0,760297 0,614456 2,575398 -0,004339 0,756040 3,356313
0,007681 -0,028938 3,260177 0,285297 1,469097 3,236079 -0,721696 0,817252 2,585651 -0,000594 0,763724 3,393635
0,007422 -0,030236 3,265193 0,286856 1,453829 3,239182 -0,599304 1,301985 3,052170 -0,004489 0,769936 3,406258
-0,000259 -0,027875 3,266795 0,293334 1,453136 3,249516 -0,415954 1,367414 2,969868 -0,019252 0,777150 3,406080
