37 12
-0,058632 -0,007109 3,296035 0,323218 1,401237 3,327880 -0,402813 1,465376 3,326055 0,002479 0,760563 3,431399
-0,052311 -0,018701 3,308015 0,353127 1,384529 3,321271 -0,438839 1,462197 3,314131 -0,015864 0,747086 3,418349
-0,053819 -0,013279 3,303229 0,398575 1,374134 3,299250 -0,487386 1,454921 3,321961 -0,011921 0,753315 3,431268
-0,055730 -0,008953 3,300020 0,449389 1,351791 3,273385 -0,540963 1,442464 3,300117 -0,008670 0,755844 3,444006
-0,052945 -0,019628 3,301373 0,505574 1,322064 3,240305 -0,608266 1,414374 3,284755 -0,012164 0,749650 3,431177
-0,054079 -0,012381 3,316973 0,582333 1,295517 3,248893 -0,673802 1,368441 3,242398 -0,008670 0,755844 3,444006
-0,054068 -0,015280 3,314235 0,647423 1,262285 3,213123 -0,754944 1,337502 3,227928 0,002468 0,753273 3,431295
-0,048404 -0,025180 3,325403 0,714821 1,222388 3,207744 -0,832731 1,288966 3,213532 -0,012175 0,742365 3,431073
-0,047492 -0,020675 3,319437 0,779724 1,174276 3,179453 -0,900737 1,220432 3,192909 0,002699 0,749671 3,431386
-0,048147 -0,017219 3,329958 0,842000 1,127661 3,178833 -0,972052 1,158425 3,173926 -0,004691 0,754825 3,457075
-0,047782 -0,009134 3,324878 0,896851 1,067540 3,157444 -1,038166 1,091858 3,158238 -0,012409 0,763697 3,483019
-0,048418 -0,016527 3,326379 0,957743 1,025275 3,159035 -1,091552 1,013671 3,144463 -0,008179 0,761130 3,470144
-0,049507 -0,016688 3,335204 0,991534 0,947573 3,139246 -1,145440 0,938962 3,108574 -0,011946 0,756372 3,483075
-0,049637 -0,019847 3,334357 1,032946 0,900536 3,128180 -1,186245 0,859809 3,104357 -0,012175 0,742365 3,431073
-0,051329 -0,025667 3,325902 1,073627 0,844083 3,154669 -1,222426 0,789552 3,104876 -0,015894 0,752212 3,443950
-0,050327 -0,020647 3,328202 1,101256 0,799837 3,180934 -1,255364 0,727824 3,119707 -0,016196 0,758929 3,496037
-0,048041 -0,020629 3,327336 1,105205 0,740792 3,116331 -1,263624 0,668594 3,110911 -0,026995 0,756327 3,482725
-0,049422 -0,025767 3,338668 1,143178 0,714097 3,153848 -1,289847 0,619221 3,117520 -0,034369 0,751088 3,456374
-0,051518 -0,015700 3,332835 1,154992 0,676928 3,141339 -1,298983 0,585553 3,112312 -0,030684 0,761062 3,469623
-0,054408 -0,020718 3,330825 1,162045 0,654103 3,131926 -1,313367 0,563049 3,136526 -0,034839 0,751023 3,456251
-0,051821 -0,027879 3,327025 1,166113 0,641137 3,154173 -1,311909 0,554138 3,139205 -0,030808 0,744851 3,443481
-0,050102 -0,015715 3,330893 1,170104 0,643339 3,169791 -1,311996 0,554351 3,118504 -0,027256 0,753206 3,430789
-0,052433 -0,017933 3,328854 1,162743 0,649497 3,140270 -1,301468 0,572118 3,110840 -0,034839 0,751023 3,456251
-0,049050 -0,022713 3,322133 1,152342 0,681311 3,145871 -1,280067 0,607492 3,118539 -0,034608 0,747398 3,456301
-0,050939 -0,020779 3,326669 1,113699 0,717412 3,127486 -1,275041 0,663573 3,100368 -0,019887 0,751081 3,456628
-0,050773 -0,018571 3,339098 1,113754 0,779552 3,178863 -1,242701 0,727075 3,098354 -0,019887 0,751081 3,456628
-0,052084 -0,016705 3,329606 1,081526 0,838912 3,147305 -1,199229 0,789649 3,065329 -0,015945 0,770097 3,496346
-0,051305 -0,022263 3,322719 1,045538 0,909876 3,151458 -1,165243 0,882479 3,114812 -0,011703 0,760068 3,483085
-0,053210 -0,021387 3,321227 0,997567 0,976112 3,166529 -1,101174 0,947476 3,095312 -0,015864 0,747086 3,418349
-0,052062 -0,013745 3,318173 0,946002 1,036399 3,187135 -1,042323 1,028615 3,094377 -0,004546 0,740976 3,405868
-0,053605 -0,014145 3,331187 0,885978 1,109720 3,203016 -0,980003 1,108450 3,143920 -0,019826 0,753231 3,430961
-0,056393 -0,021583 3,331586 0,813812 1,151606 3,224582 -0,909907 1,185424 3,148394 -0,019364 0,746009 3,431007
-0,056347 -0,017577 3,313151 0,748294 1,217367 3,244715 -0,838631 1,247142 3,177289 0,002468 0,753273 3,431295
-0,058456 -0,016005 3,308111 0,684805 1,290233 3,286027 -0,767236 1,311712 3,217600 -0,001280 0,750703 3,418501
-0,060632 -0,014302 3,319198 0,603890 1,299294 3,291552 -0,690693 1,352087 3,249335 -0,015854 0,754349 3,418452
-0,060498 -0,017931 3,311701 0,537061 1,337155 3,324635 -0,627684 1,396579 3,272403 -0,016095 0,750676 3,418279
-0,063338 -0,016214 3,310071 0,472941 1,366558 3,346023 -0,565075 1,428135 3,313098 -0,019532 0,751776 3,405701
