24 12
-0,058282 -0,045484 3,272370 0,244984 1,435729 3,217201 -0,340270 1,471126 3,121055 -0,029803 0,774073 3,443475
-0,060260 -0,039260 3,278080 0,247963 1,441473 3,231426 -0,340336 1,433429 3,015653 -0,015055 0,774510 3,393382
-0,056291 -0,041772 3,289764 0,243151 1,439100 3,230737 -0,336273 1,356512 2,892016 -0,026464 0,785883 3,482975
-0,055026 -0,051475 3,281508 0,237073 1,413759 3,197261 -0,329658 1,226434 2,722089 -0,007496 0,756441 3,393089
-0,059635 -0,038483 3,299448 0,231589 1,430263 3,210064 -0,334456 1,052553 2,560374 -0,025972 0,785777 3,482393
-0,059575 -0,048254 3,304433 0,226284 1,429431 3,217978 -0,339925 0,828091 2,411572 -0,002948 0,780235 3,455945
-0,061576 -0,037541 3,303443 0,227452 1,442005 3,214526 -0,347899 0,576489 2,302091 -0,012850 0,815359 3,483301
-0,064630 -0,025889 3,307792 0,227380 1,441578 3,222183 -0,353393 0,336218 2,262715 -0,019431 0,850688 3,461543
-0,069952 -0,085065 3,317273 0,231531 1,435743 3,216178 -0,362987 0,145386 2,277572 -0,021194 0,824368 3,508299
-0,044363 0,009283 3,234109 0,229873 1,435800 3,213683 -0,367297 0,007446 2,307924 -0,020825 0,816836 3,456264
-0,035026 0,023810 3,207902 0,232173 1,447579 3,238161 -0,364934 -0,060474 2,325383 -0,031864 0,816056 3,469492
-0,036426 0,030144 3,204839 0,236566 1,443242 3,219747 -0,361284 -0,076130 2,325254 -0,040042 0,813980 3,494501
-0,032555 0,031026 3,193496 0,235093 1,442806 3,233242 -0,365998 -0,051884 2,324604 -0,028698 0,803587 3,429056
-0,066070 -0,091944 3,296165 0,233827 1,429094 3,211248 -0,368400 0,027250 2,314629 -0,020516 0,815026 3,430982
-0,061533 -0,052996 3,296828 0,236744 1,431044 3,222095 -0,375985 0,144960 2,291048 -0,018308 0,825729 3,414423
-0,063578 -0,028114 3,304632 0,233860 1,438834 3,229756 -0,381018 0,304743 2,265218 -0,025285 0,824497 3,441507
-0,059858 -0,034467 3,309640 0,236268 1,452741 3,236040 -0,389142 0,502449 2,288786 -0,020383 0,815338 3,483180
-0,058902 -0,051395 3,304181 0,234528 1,422757 3,213274 -0,397256 0,707515 2,338835 -0,014435 0,779329 3,469130
-0,058139 -0,043847 3,297593 0,233519 1,434874 3,227120 -0,400298 0,921318 2,443871 0,004921 0,774642 3,429137
-0,060312 -0,041438 3,303291 0,247441 1,431863 3,219772 -0,391015 1,121328 2,582600 0,004210 0,778657 3,430835
-0,063222 -0,040034 3,300312 0,238878 1,432046 3,223406 -0,380085 1,288527 2,767306 -0,014358 0,775975 3,417688
-0,062866 -0,046162 3,296722 0,230023 1,440837 3,224070 -0,362809 1,403274 2,947716 -0,018882 0,780494 3,457025
-0,065229 -0,045935 3,293367 0,239905 1,430472 3,227583 -0,344838 1,453205 3,094101 -0,030527 0,777791 3,443991
-0,065103 -0,047487 3,284578 0,237128 1,417950 3,215828 -0,326279 1,496849 3,223144 -0,034329 0,780454 3,456821
