19 12
-0,100018 -0,013486 3,211831 0,162154 1,419037 3,194966 -0,308271 1,469477 3,167829 -0,045193 0,794232 3,418196
-0,100004 -0,010336 3,210604 0,156211 1,397839 3,160453 -0,318423 1,376448 3,106708 -0,049018 0,796928 3,430828
-0,098783 -0,008385 3,205037 0,154096 1,326021 3,102991 -0,298749 1,298716 3,045050 -0,044463 0,783260 3,417541
-0,095885 -0,012374 3,215858 0,145178 1,259777 3,060910 -0,290702 1,225346 2,990707 -0,051638 0,763471 3,391774
-0,092736 -0,022906 3,223735 0,078952 1,117475 2,914716 -0,278376 1,114167 2,901424 -0,040058 0,746458 3,378812
-0,092425 -0,015133 3,230630 0,045600 0,986903 2,881250 -0,190469 0,969759 2,703810 -0,034310 0,795155 3,457046
-0,089272 -0,025795 3,227490 0,022505 0,916399 2,832991 -0,175204 0,921118 2,650284 -0,037894 0,794198 3,469830
-0,081311 -0,024579 3,261014 -0,038628 0,788571 2,698396 -0,206692 0,807198 2,505405 -0,023291 0,796114 3,444434
-0,081375 -0,025079 3,255345 0,048527 0,667842 2,491794 -0,280817 0,744913 2,581465 -0,038305 0,810880 3,496436
-0,079558 -0,017796 3,257288 0,092343 0,604956 2,427625 -0,364648 0,698220 2,585464 -0,042220 0,819138 3,483255
-0,074110 -0,015243 3,277678 0,233591 0,548720 2,582459 -0,521753 0,556706 2,337580 -0,048284 0,802358 3,355761
-0,069000 -0,018953 3,267648 0,386694 0,464652 2,403469 -0,774419 0,582493 2,618419 -0,040415 0,804161 3,380295
-0,065484 -0,023797 3,270976 0,476515 0,484160 2,466223 -0,861529 0,588371 2,639336 -0,054561 0,786237 3,330393
-0,069998 -0,014041 3,262505 0,662645 0,613026 2,664227 -0,926618 0,654988 2,603462 -0,055569 0,786268 3,330894
-0,068685 -0,014286 3,242742 0,659533 0,841055 2,804210 -0,940349 0,808715 2,651911 -0,044338 0,787294 3,319252
-0,068810 -0,014051 3,243866 0,651679 0,983446 2,910923 -0,896822 0,900940 2,648370 -0,048293 0,795198 3,355671
-0,073185 -0,013262 3,212435 0,543375 1,151979 2,870011 -0,803347 1,206425 3,087766 -0,048284 0,802358 3,355761
-0,079815 -0,014835 3,203367 0,404300 1,387932 3,303640 -0,568839 1,211145 2,908832 -0,044577 0,797905 3,319371
-0,080361 -0,007310 3,195824 0,340125 1,418250 3,343359 -0,481521 1,263641 2,999939 -0,051797 0,806786 3,343437
