28 12
-0,072752 -0,075038 3,346223 0,240783 1,393697 3,245055 -0,454572 1,443796 3,301674 -0,045528 0,697364 3,442293
-0,069649 -0,079168 3,345972 0,233382 1,383708 3,247275 -0,384317 1,348845 3,033535 -0,041883 0,700944 3,481285
-0,067963 -0,079997 3,365971 0,232243 1,379055 3,237187 -0,320609 1,243943 2,845494 -0,044881 0,686401 3,441629
-0,062224 -0,089597 3,396840 0,232197 1,370874 3,247015 -0,231215 1,081746 2,710968 -0,040870 0,666757 3,453575
-0,071709 -0,082283 3,433351 0,244998 1,345075 3,233158 -0,012110 0,685832 2,309944 -0,078274 0,711749 3,601489
-0,075045 -0,083989 3,438278 0,266873 1,348847 3,264071 0,038692 0,545277 2,288725 -0,071348 0,729841 3,658798
-0,075794 -0,084563 3,435022 0,290513 1,372822 3,285616 0,115282 0,304425 2,417235 -0,096376 0,762598 3,593311
-0,078959 -0,074499 3,446414 0,307805 1,353291 3,340975 0,162743 0,099951 2,358251 -0,079258 0,769726 3,514934
-0,073460 -0,092504 3,466512 0,318357 1,364974 3,378263 0,180056 0,028353 2,379915 -0,075131 0,760197 3,363749
-0,056968 -0,033599 3,539357 0,331768 1,388598 3,422595 0,218670 -0,063176 2,432119 -0,068724 0,773780 3,412188
-0,079211 -0,043179 3,498153 0,328341 1,378834 3,446460 0,265942 -0,042806 2,327722 -0,085434 0,756920 3,381298
-0,109483 -0,125221 3,388789 0,327956 1,398990 3,453215 0,280140 -0,017116 2,320208 -0,086110 0,765332 3,405077
-0,098779 -0,112026 3,430324 0,329521 1,340353 3,455605 0,305856 0,039221 2,349106 -0,081128 0,767916 3,398464
-0,102601 -0,110221 3,428941 0,330223 1,377691 3,449023 0,314695 0,074044 2,344808 -0,082630 0,762042 3,389786
-0,102022 -0,101625 3,439516 0,330424 1,381840 3,448236 0,319839 0,079580 2,363271 -0,082207 0,762785 3,392665
-0,105955 -0,091648 3,433553 0,326644 1,367443 3,430034 0,318896 0,077129 2,363632 -0,082045 0,768066 3,366601
-0,110400 -0,099901 3,423606 0,328781 1,379135 3,434095 0,306142 0,058222 2,387630 -0,078161 0,758390 3,354333
-0,111504 -0,105350 3,402646 0,328224 1,382854 3,433108 0,296151 0,054436 2,399272 -0,083741 0,802240 3,389341
-0,099283 -0,119740 3,433857 0,322928 1,391254 3,418997 0,253352 0,059526 2,357481 -0,074935 0,764175 3,365341
-0,086519 -0,129094 3,469457 0,322117 1,405774 3,423120 0,178171 0,114700 2,510747 -0,116237 0,765469 3,458326
-0,079731 -0,121676 3,449797 0,315830 1,386981 3,404144 0,130394 0,184678 2,563988 -0,116676 0,767372 3,485499
-0,081481 -0,087567 3,462393 0,314991 1,388252 3,400167 0,057123 0,386504 2,537371 -0,094620 0,733531 3,657618
-0,077548 -0,095924 3,443135 0,311432 1,386976 3,381432 -0,116335 0,756332 2,776604 -0,062039 0,645780 3,544794
-0,077289 -0,096794 3,443619 0,304526 1,393112 3,362048 -0,201077 0,950865 2,858586 -0,059980 0,673585 3,491874
-0,084778 -0,081206 3,425128 0,287253 1,381762 3,337988 -0,315927 1,219780 2,902481 -0,067994 0,691029 3,466924
-0,092371 -0,078943 3,417814 0,274596 1,402890 3,330184 -0,467233 1,400997 3,212829 -0,076105 0,706837 3,493062
-0,097753 -0,080076 3,405516 0,266227 1,385311 3,297180 -0,451427 1,399241 3,218653 -0,076105 0,706837 3,493062
-0,110799 -0,074693 3,379269 0,253751 1,396265 3,301630 -0,432159 1,417826 3,407573 -0,087377 0,700582 3,479215
