24 12
-0,078424 -0,039779 3,213571 0,233217 1,414607 3,145336 -0,450088 1,527081 3,221185 -0,069585 0,764866 3,329863
-0,072582 -0,035035 3,231188 0,243757 1,417153 3,154845 -0,447167 1,494888 3,097042 -0,069585 0,764866 3,329863
-0,070964 -0,032367 3,239545 0,252699 1,412183 3,166508 -0,421824 1,438203 2,955121 -0,076488 0,766247 3,353035
-0,070607 -0,035769 3,249941 0,262343 1,422497 3,181319 -0,381719 1,375333 2,820407 -0,077155 0,767876 3,378071
-0,066152 -0,038868 3,264844 0,277477 1,427543 3,217066 -0,316116 1,282412 2,658140 -0,079870 0,754296 3,363989
-0,064192 -0,047985 3,268434 0,279974 1,440797 3,231206 -0,238299 1,160435 2,521026 -0,079837 0,744745 3,387335
-0,064537 -0,045773 3,271389 0,285928 1,416450 3,215011 -0,161117 1,020672 2,425432 -0,073754 0,769874 3,440048
-0,068727 -0,051123 3,277417 0,285498 1,418868 3,231988 -0,062309 0,857670 2,326519 -0,077688 0,772486 3,452728
-0,067847 -0,032824 3,291882 0,284064 1,432689 3,242144 0,015636 0,687484 2,260616 -0,076388 0,830703 3,468704
-0,066016 -0,038490 3,284868 0,289230 1,418269 3,233823 0,088216 0,517757 2,238418 -0,066818 0,840240 3,479630
-0,067387 -0,041203 3,281873 0,290547 1,415128 3,241149 0,156021 0,366318 2,251626 -0,095928 0,818974 3,365876
-0,068860 -0,048597 3,283368 0,294662 1,428870 3,245164 0,208102 0,233792 2,297685 -0,095184 0,879171 3,349874
-0,079634 -0,063510 3,276014 0,299737 1,409112 3,248703 0,241286 0,133695 2,331664 -0,106044 0,880016 3,310121
-0,087677 -0,075907 3,218612 0,298546 1,413498 3,251940 0,272959 0,038729 2,352178 -0,101949 0,888642 3,273756
-0,088001 -0,081991 3,216573 0,301077 1,415235 3,261549 0,292651 0,020439 2,386684 -0,096812 0,899132 3,289636
-0,080214 -0,074194 3,244963 0,300267 1,417814 3,259182 0,319131 0,037116 2,413673 -0,095641 0,919064 3,296917
-0,072308 -0,073634 3,253617 0,301412 1,420534 3,278298 0,291857 0,169569 2,411333 -0,105946 0,847646 3,304807
-0,067625 -0,058755 3,260301 0,296058 1,409993 3,250696 0,253718 0,262250 2,402748 -0,102921 0,859838 3,341449
-0,061319 -0,043560 3,288688 0,292421 1,425170 3,249793 0,107804 0,528326 2,196727 -0,078609 0,832797 3,463439
-0,058850 -0,054855 3,288192 0,285550 1,465044 3,243099 -0,098662 0,916171 2,483306 -0,077894 0,766637 3,477971
-0,056304 -0,043097 3,281580 0,291173 1,430683 3,239830 -0,192637 1,086328 2,566334 -0,072360 0,756795 3,411394
-0,059516 -0,044532 3,269457 0,287486 1,427317 3,209264 -0,284820 1,283414 2,672401 -0,079776 0,766352 3,387627
-0,062021 -0,052510 3,251368 0,286894 1,434288 3,224357 -0,440048 1,482926 3,054895 -0,066231 0,769014 3,366571
-0,065244 -0,042347 3,234355 0,285449 1,436263 3,214917 -0,441523 1,488117 3,148833 -0,066133 0,767453 3,342215
