24 12
-0,040872 -0,018875 3,293676 0,323712 1,405444 3,251101 -0,385671 1,495576 3,113407 -0,026531 0,779075 3,380885
-0,040843 -0,027333 3,305120 0,322742 1,423044 3,287340 -0,398074 1,450178 3,029628 -0,022657 0,778118 3,393388
-0,040312 -0,020080 3,297685 0,329201 1,408096 3,283210 -0,406509 1,381071 2,924218 -0,029782 0,774458 3,392988
-0,035281 -0,024687 3,306159 0,329309 1,412355 3,275913 -0,459265 1,104331 2,648491 -0,022112 0,765653 3,368005
-0,034839 -0,024556 3,307938 0,329320 1,417127 3,282733 -0,446880 0,826080 2,607165 -0,022585 0,772881 3,368451
-0,034112 -0,028209 3,303110 0,324090 1,422458 3,258798 -0,448393 0,688753 2,571697 -0,011592 0,782723 3,381219
-0,028527 -0,026951 3,305019 0,330903 1,421026 3,289093 -0,430216 0,500187 2,717804 -0,023545 0,794292 3,368451
-0,027072 -0,014922 3,302864 0,326688 1,416965 3,277381 -0,405075 0,395124 2,789782 0,000790 0,782648 3,282594
-0,022381 -0,016498 3,295135 0,327557 1,430883 3,285814 -0,385425 0,378634 2,868202 0,000790 0,782648 3,282594
-0,022367 -0,022508 3,283312 0,322383 1,431009 3,288082 -0,330328 0,382982 3,105326 0,023191 0,802104 3,355433
-0,022762 -0,014070 3,302408 0,318481 1,433718 3,261528 -0,307512 0,409209 3,154159 0,009645 0,839220 3,457742
-0,023403 -0,013002 3,288991 0,320664 1,426376 3,276660 -0,291790 0,426599 3,205424 0,036165 0,819827 3,419632
-0,027045 -0,005318 3,285872 0,316148 1,420232 3,255739 -0,289819 0,433716 3,233196 0,032610 0,829966 3,432546
-0,033185 -0,011106 3,292348 0,316385 1,428084 3,255239 -0,289054 0,427973 3,236889 0,021249 0,845904 3,471176
-0,035184 -0,007720 3,300158 0,323616 1,424572 3,282495 -0,298270 0,440006 3,238543 0,017317 0,845047 3,483930
-0,033574 -0,014769 3,280349 0,320129 1,422297 3,286757 -0,309192 0,454709 3,134749 0,005729 0,823328 3,419018
-0,041122 -0,018225 3,282712 0,320621 1,426388 3,276392 -0,339789 0,609740 3,036952 -0,015534 0,801646 3,419147
-0,038245 -0,020543 3,285855 0,312046 1,413954 3,256627 -0,370651 0,718255 2,932921 -0,022238 0,783366 3,418294
-0,032871 -0,023562 3,288628 0,321636 1,411519 3,280461 -0,446644 0,976512 2,758577 -0,021948 0,767170 3,392573
-0,034281 -0,021181 3,286415 0,318444 1,410692 3,270088 -0,488148 1,206307 2,800776 -0,023138 0,785321 3,393512
-0,036594 -0,020145 3,283997 0,319068 1,406276 3,270151 -0,487406 1,305470 2,863319 -0,018986 0,788026 3,406174
-0,039269 -0,023582 3,282417 0,322638 1,418831 3,284805 -0,443683 1,480421 3,105591 -0,026531 0,779075 3,380885
-0,042647 -0,022422 3,286032 0,325992 1,419944 3,269337 -0,389069 1,475626 3,130260 -0,034114 0,782622 3,380706
-0,043544 -0,015931 3,281482 0,325099 1,418669 3,292292 -0,354774 1,477451 3,182242 -0,022630 0,792572 3,393580
