22 12
-0,038123 -0,018263 3,240678 0,289556 1,330588 3,210436 -0,329514 1,340184 3,122000 -0,060022 0,779578 3,417382
-0,035281 -0,035106 3,258702 0,200684 1,233642 3,045041 -0,286480 1,267273 3,079610 -0,067096 0,745378 3,391374
-0,034374 -0,035381 3,252118 0,156235 1,145671 3,050905 -0,161021 1,100290 2,860238 -0,067236 0,725073 3,416143
-0,032059 -0,035280 3,269204 0,120909 1,077886 2,977951 -0,125265 1,033879 2,823958 -0,071890 0,725976 3,403027
-0,032314 -0,036189 3,295021 0,054486 0,932684 2,810738 -0,104143 0,943869 2,791778 -0,056491 0,753107 3,429877
-0,035093 -0,035541 3,304559 0,073267 0,820622 2,673783 -0,055400 0,851900 2,636467 -0,057311 0,767222 3,481842
-0,032687 -0,040501 3,298645 0,072651 0,779718 2,610898 -0,054476 0,814930 2,572463 -0,064251 0,758236 3,455307
-0,028518 -0,038889 3,329866 0,052483 0,716260 2,506357 -0,084121 0,735402 2,446253 -0,059880 0,755650 3,442270
-0,025905 -0,025908 3,341008 0,113260 0,635763 2,377141 -0,120681 0,714974 2,472935 -0,064476 0,783910 3,455723
-0,027709 -0,020712 3,331145 0,142187 0,598167 2,363372 -0,177327 0,705561 2,496421 -0,063977 0,791283 3,455717
-0,028511 -0,027097 3,334062 0,247277 0,579804 2,468741 -0,317675 0,621757 2,289709 -0,063961 0,805988 3,455945
-0,025413 -0,027186 3,338320 0,375822 0,531122 2,316754 -0,511707 0,661636 2,518443 -0,051850 0,772729 3,367466
-0,024917 -0,029756 3,325127 0,441921 0,542421 2,323282 -0,603167 0,663506 2,518555 -0,051849 0,764000 3,342912
-0,026307 -0,019501 3,326662 0,673442 0,634204 2,588665 -0,708077 0,664852 2,391616 -0,062525 0,752790 3,306143
-0,026475 -0,024534 3,324135 0,737374 0,676034 2,551474 -0,890006 0,777436 2,592875 -0,055355 0,754333 3,330504
-0,027645 -0,032180 3,312499 0,796885 0,729539 2,626581 -0,922574 0,821172 2,612873 -0,048089 0,763015 3,355186
-0,031503 -0,029467 3,286595 0,887844 0,855533 2,780052 -0,943270 0,956675 2,753026 -0,045034 0,765579 3,367735
-0,030947 -0,023614 3,280910 0,844776 1,080477 3,091207 -0,889775 1,042774 2,755497 -0,062909 0,766479 3,354691
-0,033893 -0,024657 3,278303 0,815435 1,205627 3,250102 -0,845388 1,106964 2,808813 -0,056143 0,768090 3,379730
-0,041543 -0,022090 3,271445 0,598559 1,255632 3,073014 -0,764511 1,313718 3,152487 -0,062895 0,780778 3,354873
-0,046650 -0,026993 3,262175 0,457244 1,435286 3,472128 -0,580912 1,251371 3,012922 -0,070558 0,778788 3,379185
-0,047121 -0,023202 3,254697 0,389012 1,396101 3,441129 -0,521614 1,258167 3,066344 -0,066466 0,779789 3,366894
