14 12
-0,064122 -0,030161 3,220707 0,302571 1,388489 3,168800 -0,431230 1,529435 3,392543 -0,045193 0,794232 3,418196
-0,060328 -0,028996 3,208689 0,346446 1,310194 3,037694 -0,500884 1,572371 3,478092 -0,041585 0,796974 3,431100
-0,062914 -0,029148 3,217097 0,617742 1,363390 3,282769 -0,689636 1,285545 3,055375 -0,041585 0,796974 3,431100
-0,064248 -0,029689 3,227298 0,837501 0,893662 2,689161 -1,201011 1,187773 3,536167 -0,051869 0,783212 3,417230
-0,063606 -0,037462 3,224854 0,982069 0,739801 2,740542 -1,307981 0,877359 3,324238 -0,051877 0,767116 3,392076
-0,066224 -0,048224 3,205310 1,296889 0,398016 3,204348 -1,378035 0,327458 3,087139 -0,060218 0,738161 3,391554
-0,064172 -0,045884 3,194641 1,313272 0,122563 3,260178 -1,334995 0,016819 3,060171 -0,062932 0,708159 3,403026
-0,066963 -0,067622 3,181239 1,299631 0,059568 3,256464 -1,327004 -0,055957 3,082439 -0,066917 0,691402 3,390532
-0,067530 -0,050263 3,195925 1,268270 0,072507 3,182983 -1,347140 -0,045110 3,109377 -0,059563 0,698643 3,390987
-0,067831 -0,043722 3,210254 1,269576 0,319132 3,124026 -1,351372 0,207447 3,027627 -0,067572 0,730898 3,391122
-0,064891 -0,039215 3,229454 1,231232 0,502998 3,141340 -1,261386 0,369805 2,844103 -0,067802 0,748853 3,391222
-0,060951 -0,029010 3,228094 1,002680 0,886354 2,963588 -1,218301 0,906997 3,108677 -0,059154 0,779849 3,367241
-0,071661 -0,020020 3,239544 0,776210 1,543070 3,803585 -0,725512 1,083515 2,652003 -0,052333 0,796029 3,392727
-0,070766 -0,024308 3,239064 0,534479 1,635097 3,834110 -0,570796 1,210826 2,770503 -0,056441 0,804180 3,430633
