27 12
-0,056388 -0,067127 3,300861 0,334266 1,385454 3,265625 -0,401015 1,412974 3,251896 -0,026617 0,713239 3,430286
-0,053862 -0,066335 3,294068 0,514096 1,098824 2,748336 -0,719057 1,506923 3,725436 -0,011334 0,705963 3,430196
-0,050569 -0,074985 3,284227 0,635827 0,997102 2,670213 -0,931429 1,447738 3,849382 -0,007652 0,696328 3,417442
-0,050121 -0,083437 3,284040 1,048367 0,881515 3,131292 -1,119172 0,883470 3,127414 0,003244 0,687853 3,430422
-0,054713 -0,088868 3,291175 1,130057 0,426345 2,895880 -1,300598 0,429312 3,113939 -0,011429 0,669665 3,429681
-0,057907 -0,086934 3,296439 1,204197 0,250561 3,066992 -1,291229 0,217075 3,044915 -0,003785 0,663271 3,455075
-0,068218 -0,095133 3,281608 1,214097 -0,061994 3,255232 -1,316954 -0,128199 3,293996 -0,019296 0,629179 3,404010
-0,068833 -0,094805 3,278903 1,192035 -0,131588 3,285306 -1,309700 -0,177967 3,387575 -0,019517 0,618392 3,403913
-0,065402 -0,087891 3,279297 1,163014 -0,089079 3,175225 -1,339810 -0,120861 3,383574 -0,015784 0,637809 3,391751
-0,056451 -0,088654 3,303558 1,220603 0,126938 3,203745 -1,306536 0,192367 3,098443 -0,008390 0,656594 3,417271
-0,046871 -0,091691 3,312037 1,176118 0,572519 3,122926 -1,069847 0,582680 2,729662 -0,012272 0,693657 3,482048
-0,044665 -0,082994 3,328074 1,152577 0,840420 3,362565 -0,991224 0,753200 2,714041 -0,004559 0,699897 3,456305
-0,038497 -0,082234 3,335591 0,855423 1,047146 3,098165 -0,952932 1,134701 3,179957 -0,011801 0,703546 3,456180
-0,035673 -0,081948 3,324747 0,877475 0,871586 2,859257 -1,140757 1,089345 3,484791 -0,011584 0,695098 3,430260
-0,034802 -0,097569 3,332098 0,947634 0,745214 2,803650 -1,237309 0,906584 3,463108 -0,011391 0,684175 3,429886
-0,036736 -0,089911 3,314362 1,232528 0,470424 3,183774 -1,323777 0,402380 3,197133 0,002778 0,673348 3,430365
-0,040732 -0,092214 3,307982 1,273733 0,090232 3,311393 -1,235483 -0,013642 3,010266 -0,010876 0,644116 3,428149
-0,044290 -0,097581 3,297727 1,288401 -0,054608 3,443245 -1,205403 -0,150596 3,095643 -0,011353 0,622546 3,428709
-0,047935 -0,099110 3,289241 1,198795 -0,189251 3,356574 -1,212023 -0,309879 3,331985 -0,008476 0,602981 3,441952
-0,041655 -0,094882 3,280042 1,204864 -0,060439 3,175349 -1,295607 -0,178027 3,428784 -0,012369 0,611744 3,429207
-0,036829 -0,096433 3,294180 1,213732 0,066302 3,118276 -1,305087 -0,046547 3,345698 -0,012348 0,626210 3,429414
-0,031931 -0,095681 3,310313 1,261215 0,429545 3,174085 -1,319977 0,307349 3,151411 -0,015390 0,661064 3,442464
-0,033548 -0,085182 3,326217 1,147361 0,964520 3,484480 -1,052878 0,663738 2,768541 -0,012261 0,701022 3,482165
-0,035113 -0,082477 3,331149 1,061182 1,251944 3,706111 -0,945184 0,824795 2,734979 -0,008290 0,704786 3,443437
-0,033797 -0,073828 3,333063 0,570985 1,330871 3,232899 -0,800218 1,306696 3,271097 -0,015536 0,713308 3,469213
-0,034276 -0,079080 3,319706 0,373782 1,493642 3,516707 -0,453726 1,260354 2,918648 -0,011575 0,712083 3,482193
-0,035783 -0,076333 3,324211 0,298875 1,422924 3,329934 -0,405692 1,379049 3,149623 -0,018826 0,703481 3,455636
