37 12
-0,052347 -0,022227 3,281466 0,285982 1,413728 3,296011 -0,297604 1,410733 3,194166 -0,001140 0,758565 3,368689
-0,051546 -0,024394 3,280953 0,280438 1,402601 3,287301 -0,272564 1,403589 3,163799 -0,011653 0,753937 3,380850
-0,053674 -0,026523 3,276986 0,260642 1,382560 3,239666 -0,257157 1,367796 3,126441 -0,008239 0,747824 3,368495
-0,056759 -0,023452 3,279779 0,241409 1,338300 3,176259 -0,232645 1,331072 3,089247 -0,004372 0,741757 3,356140
-0,053472 -0,026031 3,269926 0,210283 1,284706 3,152239 -0,212467 1,267919 3,041487 -0,004249 0,721375 3,307405
-0,051732 -0,035574 3,280749 0,179591 1,206743 3,090743 -0,175967 1,224957 2,989371 -0,004480 0,708483 3,331399
-0,056917 -0,035217 3,282443 0,149110 1,143261 3,043893 -0,146027 1,169951 2,947287 -0,011559 0,683702 3,330861
-0,054666 -0,038742 3,284932 0,120706 1,058512 2,991407 -0,128387 1,093789 2,897766 -0,005198 0,659784 3,355013
-0,051448 -0,038930 3,290313 0,105638 0,982958 2,937286 -0,103276 1,028949 2,829898 -0,015726 0,618146 3,318173
-0,052919 -0,043392 3,284646 0,084284 0,935174 2,900201 -0,095354 0,973598 2,793661 -0,009429 0,712956 3,391841
-0,052334 -0,045701 3,298976 0,077698 0,880657 2,867111 -0,091250 0,920659 2,749266 -0,005309 0,717908 3,380171
-0,053397 -0,044204 3,297564 0,074735 0,843868 2,844422 -0,094164 0,875084 2,713263 -0,012411 0,721542 3,380316
-0,055064 -0,038968 3,289190 0,076496 0,810282 2,826063 -0,106080 0,841570 2,685342 -0,023451 0,723951 3,392582
-0,048714 -0,043184 3,312019 0,095229 0,770598 2,769673 -0,119710 0,791852 2,646197 -0,019797 0,726419 3,405238
-0,052768 -0,049470 3,315078 0,105225 0,747091 2,809870 -0,145251 0,750768 2,617518 -0,004840 0,725185 3,380605
-0,049264 -0,039451 3,326813 0,153073 0,713178 2,735375 -0,170770 0,715880 2,605710 -0,001139 0,727642 3,393147
-0,052500 -0,045771 3,318593 0,202815 0,699081 2,691235 -0,199901 0,693362 2,606032 -0,008753 0,719126 3,367971
-0,049622 -0,041539 3,328380 0,245496 0,672797 2,681455 -0,245902 0,673484 2,583889 -0,004798 0,730107 3,405675
-0,049384 -0,038607 3,321851 0,293891 0,669268 2,690729 -0,298597 0,654753 2,560496 -0,005014 0,740914 3,405689
-0,049448 -0,038992 3,320759 0,354323 0,660953 2,689467 -0,350669 0,642384 2,544361 -0,001242 0,732149 3,343846
-0,047881 -0,032183 3,335557 0,410254 0,652252 2,683948 -0,401056 0,634835 2,551549 -0,005127 0,733213 3,331549
-0,047744 -0,037786 3,320493 0,452948 0,664577 2,741735 -0,459493 0,638769 2,553941 -0,001482 0,728554 3,343675
-0,048041 -0,038749 3,324981 0,506625 0,673684 2,718002 -0,516514 0,650807 2,570665 -0,001471 0,735665 3,343759
-0,048505 -0,036991 3,324647 0,548876 0,690778 2,749840 -0,571635 0,679031 2,612389 0,002219 0,745272 3,356129
-0,051833 -0,026177 3,329195 0,603862 0,724761 2,785392 -0,626029 0,705836 2,644289 -0,001460 0,742780 3,343842
-0,048651 -0,020519 3,325833 0,636078 0,760584 2,839149 -0,679154 0,747836 2,678455 -0,005076 0,745263 3,356048
-0,050884 -0,032034 3,316328 0,682089 0,825144 2,924098 -0,721565 0,796395 2,716988 0,005921 0,747779 3,368492
-0,048860 -0,027015 3,322653 0,677902 0,862754 2,907863 -0,754150 0,857015 2,744734 -0,000921 0,747835 3,368606
-0,046972 -0,023643 3,310736 0,698599 0,947001 2,981806 -0,762784 0,916657 2,776386 -0,001217 0,746378 3,344012
-0,048325 -0,020816 3,303140 0,675903 1,008124 3,024585 -0,766864 0,988464 2,837826 0,002316 0,757490 3,380969
-0,049408 -0,025159 3,303417 0,657565 1,078393 3,059404 -0,747527 1,052807 2,905002 -0,004791 0,753927 3,380973
-0,044474 -0,020272 3,292505 0,627717 1,153588 3,116195 -0,718426 1,116539 2,936009 -0,050899 0,730252 3,247630
-0,046545 -0,017648 3,295950 0,579490 1,198554 3,184262 -0,677440 1,172110 2,986513 -0,008459 0,758554 3,368587
-0,046594 -0,023265 3,286990 0,533309 1,260963 3,217961 -0,636032 1,227386 3,044935 0,002072 0,753835 3,380706
-0,046456 -0,018336 3,274364 0,482186 1,292209 3,270967 -0,587493 1,259188 3,105778 -0,000842 0,760114 3,393621
-0,042904 -0,016779 3,276602 0,420320 1,312572 3,297617 -0,539584 1,284498 3,142905 -0,001140 0,758565 3,368689
-0,041340 -0,016917 3,274452 0,370297 1,322870 3,322434 -0,488780 1,314630 3,185783 -0,019411 0,755984 3,356043
