23 12
-0,035052 -0,032171 3,221259 0,294811 1,401932 3,242876 -0,413615 1,536587 3,345860 -0,048101 0,761479 3,330882
-0,031898 -0,027807 3,220994 0,340616 1,431631 3,282241 -0,506533 1,423372 3,136793 -0,058921 0,769073 3,366926
-0,028820 -0,036306 3,219850 0,443688 1,318211 3,010135 -0,711112 1,463157 3,344688 -0,051861 0,765558 3,367373
-0,027421 -0,034206 3,225598 0,515586 1,245380 2,934302 -0,811086 1,395149 3,327527 -0,040983 0,768210 3,380219
-0,024622 -0,033864 3,236325 0,767647 1,263388 3,190872 -0,933295 1,083845 2,887873 -0,045006 0,767178 3,392618
-0,018269 -0,049336 3,238175 0,888249 0,935722 2,791001 -1,195152 0,943357 3,144458 -0,040393 0,747320 3,330759
-0,022225 -0,040446 3,232110 0,963664 0,814196 2,756132 -1,258699 0,789282 3,138072 -0,037108 0,739177 3,343074
-0,022175 -0,044613 3,241582 1,175782 0,613999 3,013073 -1,278207 0,459463 2,951966 -0,033312 0,738087 3,355250
-0,019837 -0,049997 3,235842 1,171223 0,296277 2,901123 -1,307216 0,192231 2,972926 -0,018763 0,723874 3,355499
-0,020800 -0,054537 3,217066 1,193026 0,184503 3,009353 -1,272787 0,076971 2,955676 -0,022169 0,710761 3,342823
-0,026536 -0,050700 3,216345 1,074319 0,005641 2,949646 -1,263840 -0,092862 3,119614 -0,025993 0,704879 3,330738
-0,034853 -0,055783 3,205087 1,062305 -0,095458 3,020949 -1,188440 -0,160681 3,061491 -0,026241 0,694280 3,330750
-0,032289 -0,046281 3,215412 1,043375 -0,098472 3,007779 -1,188623 -0,168924 3,097034 -0,026412 0,710803 3,379936
-0,033430 -0,042993 3,206000 1,037980 -0,093380 2,999236 -1,192459 -0,142444 3,063397 -0,018577 0,706025 3,355068
-0,032693 -0,047924 3,219993 1,060264 -0,047251 2,918124 -1,234823 -0,042687 3,083156 -0,022931 0,711999 3,367735
-0,034703 -0,047888 3,223630 1,061514 0,024344 2,888670 -1,248402 0,038197 3,042925 -0,018540 0,720276 3,355243
-0,034578 -0,047604 3,227721 1,112051 0,206986 2,898700 -1,241223 0,279598 2,936154 -0,015113 0,733472 3,368000
-0,029222 -0,043658 3,233926 1,082040 0,505630 2,884601 -1,144126 0,579678 2,798360 -0,018264 0,757403 3,380083
-0,028400 -0,035089 3,233858 1,051140 0,673157 2,935063 -1,058367 0,737673 2,751559 -0,033904 0,757454 3,380391
-0,029861 -0,034126 3,233653 0,868402 0,930524 2,778497 -0,969649 1,182433 3,156241 -0,044341 0,760489 3,343074
-0,029942 -0,031384 3,237839 0,739435 1,338046 3,289579 -0,655696 1,246738 2,887909 -0,058867 0,767511 3,342558
-0,028894 -0,023189 3,242541 0,613733 1,419335 3,371829 -0,552098 1,319311 2,947747 -0,051599 0,767564 3,342873
-0,035010 -0,032677 3,223919 0,356976 1,358180 3,093065 -0,392361 1,546663 3,370406 -0,047825 0,773719 3,355160
