24 12
-0,014043 0,030271 3,332865 0,277059 1,474667 3,280334 -0,363149 1,360765 3,132204 0,021443 0,839679 3,394796
-0,021230 0,042441 3,320171 0,270367 1,476093 3,276165 -0,379898 1,140767 2,924221 0,014414 0,826804 3,369589
-0,030221 0,030954 3,358533 0,270789 1,484646 3,298216 -0,308545 0,812266 2,805719 0,013543 0,839625 3,394563
-0,034439 0,035911 3,360379 0,264792 1,485462 3,299828 -0,292169 0,677144 2,799555 0,002181 0,840333 3,381800
-0,042342 0,034100 3,358161 0,262523 1,477214 3,293708 -0,271463 0,481335 2,850692 0,013711 0,852666 3,419989
-0,039297 0,039325 3,368539 0,262175 1,480679 3,303064 -0,216980 0,428045 2,767341 0,006561 0,856364 3,420158
-0,046115 0,030397 3,370094 0,263015 1,475521 3,298501 -0,186192 0,429644 2,686816 0,006672 0,862262 3,445849
-0,043701 0,040245 3,380722 0,254093 1,471715 3,282615 -0,196758 0,466181 2,555795 0,003167 0,862989 3,433039
-0,039717 0,029530 3,358812 0,255421 1,470580 3,281973 -0,208543 0,424270 2,611395 0,002893 0,859302 3,432930
-0,033265 0,026745 3,360319 0,257731 1,465360 3,278062 -0,197250 0,413456 2,630040 0,002352 0,851863 3,432456
-0,041390 0,036554 3,335785 0,270527 1,469618 3,296993 -0,196543 0,426435 2,548681 0,002893 0,859302 3,432930
-0,038177 0,034967 3,331990 0,265374 1,469825 3,297863 -0,187814 0,455982 2,441458 0,002633 0,862924 3,432839
-0,036562 0,030187 3,332400 0,265180 1,463654 3,274521 -0,203730 0,446221 2,456760 0,006561 0,856364 3,420158
-0,029354 0,026041 3,330296 0,276185 1,471191 3,310579 -0,179296 0,410744 2,577546 0,002893 0,859302 3,432930
-0,031957 0,034621 3,324472 0,280159 1,466776 3,290710 -0,135010 0,405231 2,461668 0,002893 0,859302 3,432930
-0,033085 0,032560 3,307039 0,281094 1,469420 3,306919 -0,129364 0,413151 2,376060 0,002447 0,865129 3,458420
-0,031147 0,032582 3,335475 0,274073 1,469971 3,296988 -0,159178 0,400582 2,295423 -0,008514 0,871887 3,471661
-0,018742 0,024396 3,323640 0,274153 1,469659 3,301205 -0,191387 0,423397 2,356568 0,013598 0,854793 3,445376
-0,014650 0,027539 3,323864 0,278733 1,474029 3,307157 -0,207005 0,480328 2,356749 0,014142 0,862259 3,445883
-0,004683 0,028696 3,348595 0,287980 1,477256 3,310759 -0,210704 0,700586 2,382109 0,017786 0,859297 3,432999
-0,002482 0,034299 3,319394 0,281327 1,470831 3,280999 -0,311184 1,039068 2,559656 0,036910 0,826652 3,369202
0,004744 0,031398 3,321659 0,287303 1,468252 3,270302 -0,348942 1,192264 2,723896 0,032913 0,844015 3,382239
0,004352 0,035067 3,330341 0,287745 1,468498 3,280869 -0,358189 1,404785 3,000904 0,028588 0,841202 3,369880
0,001526 0,031593 3,314513 0,286231 1,474051 3,296788 -0,374019 1,436398 3,187986 0,018209 0,844045 3,382238
