20 12
-0,041236 0,020690 3,186535 0,284135 1,423056 3,199773 -0,381433 1,308829 3,031135 -0,025543 0,814705 3,284157
-0,035463 0,024466 3,202064 0,287486 1,436670 3,230566 -0,375028 1,170053 2,928364 -0,011218 0,802443 3,260911
-0,035124 0,018750 3,214250 0,297279 1,431308 3,241216 -0,412611 0,816389 2,744916 -0,021510 0,803215 3,295494
-0,042114 0,021501 3,239686 0,287375 1,425846 3,222472 -0,397137 0,566581 2,701588 -0,004845 0,812927 3,261235
-0,044704 0,022127 3,243811 0,291539 1,431295 3,238210 -0,385143 0,505145 2,653701 -0,005100 0,816379 3,261151
-0,051689 0,024533 3,242449 0,288292 1,438906 3,250686 -0,408486 0,466394 2,473639 0,002368 0,818290 3,284842
-0,039459 0,018970 3,246252 0,284496 1,440317 3,238997 -0,363891 0,389257 2,472144 -0,012749 0,810919 3,237393
-0,045752 0,022278 3,236470 0,287527 1,430486 3,239990 -0,340665 0,364158 2,563154 -0,005357 0,819812 3,260992
-0,040759 0,016651 3,234901 0,287762 1,434023 3,259112 -0,318998 0,393097 2,586492 -0,005060 0,821757 3,284679
-0,051280 0,022679 3,259665 0,285901 1,426873 3,251857 -0,313159 0,453364 2,423551 -0,001187 0,820991 3,296688
-0,049116 0,017943 3,233054 0,287337 1,431906 3,255875 -0,316009 0,444598 2,407176 -0,001454 0,817424 3,296528
-0,049623 0,012374 3,217769 0,288447 1,427994 3,261784 -0,279581 0,390627 2,539315 -0,008400 0,815589 3,272910
-0,061619 0,015998 3,240527 0,290871 1,436755 3,281139 -0,272952 0,391788 2,470264 -0,016072 0,815471 3,272497
-0,066168 0,019057 3,237715 0,285686 1,435885 3,264377 -0,313638 0,419809 2,370119 -0,026762 0,832667 3,332296
-0,062568 0,020927 3,221297 0,275233 1,422895 3,231436 -0,350515 0,432478 2,292318 -0,019719 0,823571 3,308068
-0,056779 0,018107 3,202600 0,280934 1,429130 3,243149 -0,365973 0,498943 2,391600 -0,009186 0,811907 3,272305
-0,053528 0,020448 3,194178 0,282863 1,424424 3,226620 -0,367844 0,581352 2,456251 -0,011455 0,818287 3,284652
-0,049733 0,011815 3,199722 0,282399 1,432129 3,233624 -0,338246 0,860862 2,548916 -0,021627 0,796280 3,248794
-0,043358 0,026349 3,196145 0,285400 1,437124 3,233136 -0,450565 1,215822 2,788095 -0,018581 0,812912 3,260975
-0,047263 0,022790 3,187626 0,287980 1,428277 3,228809 -0,463085 1,335250 2,916426 -0,026143 0,807579 3,237611
