21 12
-0,069093 0,034415 3,333501 0,285140 1,454506 3,347786 -0,451781 1,455644 3,352197 -0,023126 0,856305 3,419722
-0,071710 0,038403 3,354274 0,292120 1,449044 3,339384 -0,580994 1,143602 2,901489 -0,022944 0,858545 3,445384
-0,067145 0,034637 3,342650 0,291336 1,444075 3,329190 -0,686180 0,816887 2,958550 -0,018872 0,846141 3,406968
-0,063810 0,037054 3,366286 0,290703 1,439309 3,328290 -0,716804 0,583379 2,913062 -0,015446 0,852699 3,419860
-0,072968 0,037061 3,366375 0,292089 1,449487 3,343151 -0,724626 0,232763 2,954053 -0,023214 0,854847 3,445302
-0,068426 0,037326 3,360501 0,291868 1,440903 3,325473 -0,694190 0,059515 2,927742 -0,030546 0,856273 3,419538
-0,072950 0,039923 3,377506 0,287579 1,444764 3,330942 -0,624205 0,011914 2,849078 -0,023126 0,856305 3,419722
-0,083221 0,022188 3,379622 0,291998 1,443471 3,337135 -0,509178 0,000920 2,968029 -0,034191 0,846058 3,406621
-0,078762 0,018030 3,384657 0,292098 1,444346 3,340057 -0,513037 -0,016746 2,942207 -0,027156 0,855521 3,432271
-0,072136 0,023940 3,375203 0,295512 1,449396 3,351878 -0,588143 -0,067538 3,017274 -0,034191 0,846058 3,406621
-0,062950 0,032978 3,363436 0,286859 1,449878 3,336936 -0,631253 -0,071524 2,984783 -0,019389 0,853400 3,407090
-0,058467 0,027085 3,364546 0,288122 1,440033 3,319777 -0,462540 -0,006774 2,808169 -0,030297 0,845339 3,419402
-0,058849 0,030746 3,343551 0,289025 1,446014 3,336483 -0,442612 0,040042 2,899314 -0,038407 0,858410 3,444857
-0,066185 0,033249 3,388740 0,295586 1,439435 3,330548 -0,525930 0,000232 2,810703 -0,037877 0,858473 3,444966
-0,056563 0,026130 3,355317 0,288694 1,447639 3,325082 -0,742737 0,032454 3,014199 -0,004604 0,846158 3,407239
-0,054685 0,034784 3,362744 0,288458 1,442655 3,325765 -0,737558 0,095861 2,947427 -0,008042 0,846925 3,394655
-0,050015 0,031566 3,373748 0,295511 1,445372 3,328485 -0,704052 0,341652 2,912992 -0,004254 0,861562 3,458714
-0,044877 0,027963 3,364824 0,294121 1,454007 3,342350 -0,665540 0,752204 2,824004 -0,004254 0,861562 3,458714
-0,046226 0,031537 3,358047 0,289314 1,460180 3,335903 -0,618553 0,939386 2,817319 -0,015477 0,858570 3,445548
-0,050845 0,023973 3,355812 0,293395 1,445945 3,329659 -0,512192 1,414212 3,345229 -0,015433 0,860004 3,419963
-0,056231 0,026443 3,363439 0,296403 1,451644 3,347447 -0,395693 1,450766 3,351221 -0,015675 0,850513 3,394536
