20 12
-0,043429 0,026454 3,221087 0,292314 1,428952 3,224475 -0,398418 1,347925 2,988834 -0,014793 0,805066 3,272556
-0,051133 0,028037 3,216496 0,294692 1,426507 3,232456 -0,392304 1,212906 2,874765 -0,014834 0,803337 3,296154
-0,053292 0,020524 3,212561 0,289412 1,430870 3,224723 -0,422046 0,838398 2,723702 -0,014564 0,794529 3,272258
-0,061418 0,026697 3,205624 0,289449 1,433934 3,236456 -0,402659 0,616994 2,730591 -0,015310 0,805085 3,272717
-0,055096 0,020584 3,212583 0,288955 1,428590 3,231752 -0,408164 0,624941 2,738705 -0,004316 0,804247 3,284632
-0,048246 0,028310 3,218122 0,285450 1,431620 3,225974 -0,398295 0,762949 2,736166 -0,004049 0,807740 3,284559
-0,049579 0,018926 3,217436 0,288146 1,425709 3,232945 -0,367789 0,693036 2,705882 -0,011734 0,802460 3,261063
-0,048272 0,026446 3,225470 0,285821 1,426145 3,222763 -0,356164 0,602791 2,719396 -0,000948 0,810433 3,296626
-0,047231 0,020972 3,222812 0,288564 1,426647 3,219707 -0,374765 0,538625 2,697486 0,002606 0,807768 3,284789
-0,037691 0,019801 3,227521 0,289211 1,428881 3,219386 -0,371434 0,688583 2,682152 -0,000514 0,798094 3,272747
-0,035341 0,008397 3,225776 0,292657 1,437031 3,241768 -0,362802 0,706235 2,669389 -0,004110 0,795480 3,260974
-0,038056 0,022397 3,225163 0,289125 1,429557 3,229440 -0,355154 0,553295 2,695637 0,002439 0,797268 3,238052
-0,041495 0,017670 3,206874 0,295711 1,427000 3,234044 -0,362591 0,462327 2,705225 0,001912 0,790278 3,237822
-0,036892 0,024454 3,223312 0,293101 1,430219 3,228561 -0,369254 0,527841 2,705960 -0,001073 0,799864 3,249581
-0,029722 0,020539 3,219535 0,299078 1,432914 3,244862 -0,388852 0,737937 2,721669 -0,004357 0,798987 3,261114
-0,023860 0,019822 3,202088 0,298751 1,429985 3,236375 -0,452542 0,992288 2,793514 -0,000514 0,798094 3,272747
-0,023259 0,019717 3,201297 0,305593 1,423812 3,239888 -0,465786 1,116003 2,799959 -0,004357 0,798987 3,261114
-0,018483 0,024334 3,204952 0,302961 1,433390 3,237558 -0,436553 1,363806 3,033915 -0,004357 0,798987 3,261114
-0,023813 0,021859 3,213412 0,301172 1,429427 3,233547 -0,373379 1,409957 3,069120 -0,004565 0,807759 3,284700
-0,032799 0,023282 3,195374 0,300513 1,432783 3,241051 -0,351006 1,466031 3,218986 -0,004299 0,811273 3,284703
