32 12
-0,030333 0,043213 3,302446 0,308258 1,440250 3,354310 -0,485418 1,478409 3,315790 0,007197 0,832418 3,394508
-0,025893 0,040711 3,319871 0,299747 1,465256 3,371810 -0,565186 1,430894 3,245408 0,007197 0,832418 3,394508
-0,023714 0,034388 3,311114 0,302322 1,444587 3,350983 -0,665016 1,359962 3,173125 0,003216 0,833234 3,382092
-0,012031 0,039896 3,330462 0,306289 1,440104 3,345738 -0,785058 1,240953 3,096916 -0,000380 0,834477 3,419811
-0,009580 0,043341 3,342696 0,302372 1,449304 3,362829 -0,907312 1,079818 3,065961 0,010682 0,831640 3,407218
-0,003302 0,039169 3,334829 0,307594 1,440425 3,348340 -0,994194 0,857739 2,961278 0,010951 0,835252 3,407161
0,002601 0,032239 3,333584 0,305321 1,450756 3,353451 -1,069752 0,613491 2,927169 0,003892 0,837272 3,432328
0,002335 0,034051 3,346547 0,308424 1,438703 3,344161 -1,086874 0,357585 2,878398 0,003624 0,833658 3,432480
-0,003093 0,030982 3,356261 0,307525 1,440820 3,344491 -1,085039 0,122465 2,905033 -0,007299 0,827104 3,419256
-0,006119 0,034730 3,340509 0,306633 1,440079 3,347818 -1,033376 -0,103861 2,907728 -0,018399 0,824259 3,406310
-0,015999 0,033274 3,360539 0,298104 1,460837 3,368678 -0,732383 -0,350428 2,549228 -0,011778 0,833659 3,432416
-0,021787 0,036652 3,362062 0,297739 1,452720 3,360660 -0,611699 -0,434962 2,566455 -0,003842 0,835243 3,406981
-0,028976 0,036127 3,354388 0,285553 1,445084 3,349696 -0,402643 -0,624944 3,084174 -0,004012 0,850491 3,458510
-0,037245 0,033407 3,373978 0,275183 1,452204 3,330310 -0,229197 -0,589522 2,856957 0,003391 0,844665 3,432750
-0,034269 0,039790 3,368652 0,279860 1,447107 3,334920 -0,244851 -0,643123 3,006727 0,003408 0,851991 3,432854
-0,025230 0,034214 3,387475 0,283086 1,453079 3,342016 -0,330705 -0,671195 2,951260 0,018123 0,856390 3,484868
-0,032696 0,030853 3,391795 0,288304 1,440576 3,332250 -0,227986 -0,599069 2,739982 0,018377 0,852697 3,484886
-0,032529 0,032841 3,386073 0,291420 1,444834 3,345948 -0,179157 -0,589858 2,747388 0,026226 0,854146 3,458677
-0,030615 0,035473 3,380309 0,295744 1,448834 3,346785 -0,170300 -0,640364 2,885328 0,022313 0,853436 3,471781
-0,025843 0,039587 3,360277 0,294300 1,444523 3,343541 -0,199663 -0,635851 2,842401 0,032897 0,840968 3,432785
-0,032366 0,030318 3,377885 0,289021 1,464816 3,361440 -0,164357 -0,600432 2,793440 0,036244 0,843784 3,445363
-0,025143 0,037013 3,390440 0,294429 1,444247 3,334192 -0,173464 -0,623327 2,861864 0,029809 0,846019 3,471662
-0,019040 0,041420 3,367196 0,293698 1,435684 3,328170 -0,319949 -0,682977 3,016623 0,037312 0,851175 3,445670
-0,007445 0,038497 3,350950 0,299536 1,434615 3,330045 -0,303632 -0,620670 2,886959 0,040937 0,850436 3,458638
0,002533 0,044207 3,381509 0,306813 1,451965 3,365325 -0,334107 -0,470736 2,852693 0,044859 0,853367 3,471660
0,009254 0,036209 3,360909 0,308064 1,456110 3,366751 -0,539879 -0,137065 2,968827 0,045953 0,847999 3,497385
0,021713 0,033860 3,351254 0,303001 1,453442 3,344546 -0,596321 0,078135 2,826123 0,045193 0,851868 3,497941
0,028256 0,037215 3,375528 0,309714 1,447345 3,342991 -0,681825 0,735019 2,866653 0,037570 0,842272 3,471485
0,011958 0,032724 3,386692 0,311181 1,452881 3,378547 -0,603575 1,091076 2,812805 0,037840 0,845924 3,471368
0,004418 0,027750 3,386406 0,309681 1,462454 3,376924 -0,533333 1,198526 2,871195 0,026183 0,839396 3,458462
-0,030535 0,034780 3,342084 0,303378 1,454299 3,367684 -0,362724 1,466718 3,375730 0,003448 0,822381 3,381842
-0,042685 0,031810 3,357303 0,309480 1,440794 3,365289 -0,382657 1,473648 3,406138 -0,004376 0,827996 3,407041
