26 12
-0,051210 0,019209 3,252861 0,267844 1,432411 3,246574 -0,474756 1,467603 3,353514 -0,029592 0,805097 3,319859
-0,050534 0,016355 3,239673 0,269794 1,432926 3,254058 -0,524751 1,443848 3,308133 -0,029343 0,801532 3,319681
-0,047574 0,009387 3,245809 0,274691 1,434643 3,261224 -0,609059 1,242310 2,965775 -0,026035 0,800683 3,331989
-0,051292 0,014764 3,270278 0,277768 1,426056 3,255888 -0,563473 1,078066 2,811944 -0,025788 0,797106 3,331811
-0,055173 0,017428 3,280249 0,274789 1,427133 3,269161 -0,474752 0,958866 2,648476 -0,022143 0,787384 3,319723
-0,054551 0,006006 3,288060 0,267601 1,430626 3,255469 -0,286826 0,912758 2,865137 -0,007177 0,785460 3,343776
-0,059927 0,007732 3,281553 0,264390 1,417817 3,238843 -0,088638 0,770531 2,650507 -0,003281 0,784443 3,355706
-0,046792 0,005159 3,273696 0,266405 1,411253 3,235156 -0,111475 0,788000 2,736455 -0,003540 0,780946 3,356023
-0,042300 0,005017 3,296106 0,295875 1,430708 3,312841 -0,256170 0,750389 2,537958 0,007610 0,781830 3,343632
-0,032312 0,014559 3,281934 0,298221 1,429377 3,312212 -0,233448 0,758627 2,516566 0,000164 0,790756 3,368517
-0,030203 0,006872 3,280275 0,298243 1,433811 3,331217 -0,131818 0,728718 2,455087 0,000934 0,784968 3,391963
-0,031820 0,009674 3,288268 0,285202 1,419554 3,288847 -0,004485 0,752191 2,646969 0,000016 0,790691 3,418881
-0,016326 0,013210 3,273567 0,291368 1,414752 3,283319 -0,121113 0,799100 2,749430 0,003610 0,789888 3,381235
-0,011233 0,011182 3,274020 0,294856 1,421100 3,296750 -0,180111 0,796097 2,687556 0,022161 0,781819 3,343775
-0,006735 0,017728 3,277133 0,301337 1,423734 3,309162 -0,101696 0,796143 2,779767 -0,003607 0,806218 3,457507
-0,009988 0,012441 3,278830 0,289704 1,435528 3,311558 0,140395 0,672633 2,509262 0,003047 0,804424 3,432213
-0,016324 0,007416 3,264488 0,272227 1,439007 3,279380 0,229175 0,693440 2,669122 0,002790 0,800749 3,432106
-0,008641 0,010544 3,263702 0,285140 1,440963 3,289558 0,236439 0,719836 2,734554 0,003289 0,800769 3,432131
0,002660 0,007755 3,252830 0,299697 1,430687 3,279033 0,106944 0,889544 2,877213 0,011301 0,784320 3,406015
0,006400 0,011734 3,248153 0,300039 1,454148 3,297051 -0,005342 0,990600 2,868173 0,019342 0,765900 3,404527
0,014182 0,019517 3,243723 0,309243 1,447058 3,306316 -0,220267 1,075810 2,611358 0,019375 0,771615 3,329380
0,012003 0,023977 3,235835 0,309891 1,434400 3,280896 -0,482530 1,345513 2,987625 0,024741 0,809697 3,357184
0,013787 0,020134 3,242119 0,314104 1,434458 3,284921 -0,532490 1,372643 3,005788 0,020842 0,792813 3,296578
0,012581 0,014731 3,234659 0,304530 1,436109 3,269495 -0,513364 1,470544 3,195228 0,021105 0,796315 3,296529
0,001806 0,019811 3,236562 0,297548 1,442157 3,272227 -0,384178 1,416256 3,123443 0,003255 0,804290 3,332484
-0,004723 0,023125 3,245089 0,294008 1,435077 3,264518 -0,370146 1,490507 3,279714 -0,000837 0,814141 3,344854
