26 12
-0,124890 0,031823 3,219378 0,255249 1,435504 3,259541 -0,397997 1,522084 3,236650 -0,076873 0,837427 3,306420
-0,114120 0,032087 3,251000 0,257201 1,434295 3,259434 -0,445601 1,385674 2,945924 -0,053928 0,821305 3,236739
-0,113446 0,025184 3,256439 0,250524 1,435740 3,254892 -0,416817 1,082839 2,703870 -0,059497 0,801656 3,256703
-0,115743 0,038161 3,258375 0,250898 1,446843 3,266464 -0,418606 0,800913 2,501972 -0,051297 0,827433 3,248499
-0,118812 0,042312 3,243759 0,250186 1,440692 3,263910 -0,452873 0,277254 2,369430 -0,067024 0,857910 3,318787
-0,123519 0,069796 3,235022 0,246512 1,434605 3,268866 -0,382154 -0,187685 2,277120 -0,056303 0,851510 3,306834
-0,126775 0,064401 3,200436 0,240422 1,456950 3,291891 -0,364443 -0,344464 2,360471 -0,051515 0,860939 3,272166
-0,137111 0,061491 3,191977 0,232670 1,469724 3,283597 -0,260183 -0,563658 2,693354 -0,045256 0,867506 3,344209
-0,122388 0,055567 3,167042 0,241362 1,433127 3,234364 -0,198896 -0,608107 2,719124 -0,041058 0,869592 3,308214
-0,120743 0,058852 3,176720 0,232201 1,468628 3,279403 -0,187990 -0,622586 2,763319 -0,041333 0,865982 3,308012
-0,115167 0,066952 3,197531 0,242893 1,429944 3,232626 -0,180727 -0,624556 2,775435 -0,045523 0,878170 3,344098
-0,111607 0,053738 3,201738 0,245968 1,429547 3,239025 -0,172071 -0,610511 2,781391 -0,033839 0,869634 3,308422
-0,108161 0,058990 3,209408 0,240115 1,438133 3,224710 -0,168286 -0,606034 2,768032 -0,041787 0,875258 3,331994
-0,108904 0,056659 3,202370 0,241187 1,441953 3,233904 -0,174481 -0,610652 2,763214 -0,037529 0,872512 3,320376
-0,103434 0,055629 3,210979 0,241675 1,435820 3,223843 -0,186027 -0,614930 2,773108 -0,034389 0,862393 3,307927
-0,103884 0,060646 3,213835 0,242819 1,432989 3,228225 -0,195261 -0,599039 2,760980 -0,026714 0,875485 3,332796
-0,110883 0,061069 3,223376 0,251857 1,437232 3,259736 -0,212679 -0,600514 2,732651 -0,034389 0,862393 3,307927
-0,113882 0,060100 3,242000 0,257328 1,428420 3,241101 -0,234557 -0,545401 2,758062 -0,037578 0,887951 3,369552
-0,115165 0,044801 3,271414 0,256311 1,437967 3,249964 -0,249752 -0,469807 2,717102 -0,030570 0,861811 3,320275
-0,101382 0,050488 3,271695 0,257724 1,431582 3,236482 -0,298275 -0,196373 2,589924 -0,027270 0,861053 3,332189
-0,079560 0,051327 3,252905 0,260168 1,444600 3,255192 -0,377250 0,265439 2,558328 -0,030555 0,855485 3,369245
-0,075456 0,021670 3,265126 0,265241 1,439002 3,264652 -0,421794 0,519229 2,549758 -0,025709 0,832705 3,332226
-0,069491 0,020790 3,259799 0,266562 1,443981 3,257027 -0,449119 1,067656 2,783195 -0,035751 0,819047 3,318744
-0,077859 0,034507 3,275246 0,265728 1,446508 3,272024 -0,493162 1,358817 2,934605 -0,036749 0,847668 3,320122
-0,079191 0,018957 3,253473 0,262493 1,448965 3,274707 -0,432143 1,399008 2,989910 -0,043997 0,840515 3,319791
-0,094340 0,027537 3,238904 0,259801 1,438529 3,263459 -0,394652 1,455856 3,226938 -0,050743 0,829423 3,271828
