19 12
-0,072233 0,020408 3,268378 0,260599 1,434479 3,288056 -0,386477 1,448143 3,234718 -0,051019 0,813746 3,295282
-0,070005 0,022347 3,274436 0,261115 1,431607 3,284989 -0,388206 1,403314 3,159214 -0,047537 0,816469 3,307376
-0,076324 0,024044 3,281306 0,262737 1,429919 3,286528 -0,419488 1,128955 2,877640 -0,051009 0,815590 3,319064
-0,078510 0,027073 3,304492 0,258614 1,436094 3,290025 -0,353641 0,752471 2,708771 -0,048058 0,816448 3,307454
-0,077496 0,025992 3,291419 0,255775 1,427449 3,272078 -0,337637 0,577147 2,686449 -0,041801 0,832446 3,331483
-0,077750 0,025842 3,290900 0,252015 1,425842 3,276384 -0,310628 0,312880 2,769839 -0,034402 0,834046 3,307612
-0,061992 -0,007192 3,229126 0,255402 1,432133 3,277331 -0,282869 0,180235 2,785323 -0,031378 0,836611 3,318995
-0,061921 -0,014705 3,234411 0,262773 1,423713 3,288135 -0,266733 0,152103 2,807537 -0,030998 0,834733 3,295455
-0,053608 -0,018972 3,234889 0,258898 1,429062 3,286071 -0,260604 0,144779 2,824266 -0,053852 0,851210 3,366896
-0,058166 -0,012761 3,239460 0,258053 1,430583 3,277254 -0,262036 0,155244 2,818166 -0,027712 0,833853 3,307038
-0,057330 -0,010350 3,249412 0,254000 1,432367 3,269747 -0,265248 0,150131 2,806715 -0,042061 0,843035 3,331288
-0,057431 -0,010625 3,235400 0,258357 1,426842 3,277159 -0,274125 0,161893 2,803006 -0,031496 0,842214 3,343299
-0,065162 -0,000645 3,271523 0,260912 1,424804 3,281875 -0,285416 0,198512 2,818428 -0,031261 0,831082 3,295014
-0,075280 0,008816 3,300010 0,254447 1,426749 3,276896 -0,292736 0,247640 2,799261 -0,027546 0,835981 3,331557
-0,067304 0,023021 3,297755 0,262948 1,434219 3,288479 -0,322462 0,475347 2,736712 -0,034280 0,836134 3,331979
-0,062350 0,020840 3,282438 0,262453 1,432822 3,287717 -0,383871 0,819879 2,771547 -0,042793 0,794092 3,317712
-0,060635 0,015531 3,280228 0,269780 1,422451 3,290619 -0,428143 1,033810 2,831948 -0,039747 0,811163 3,330973
-0,063587 0,022796 3,266236 0,265339 1,430498 3,295361 -0,420491 1,367666 3,111961 -0,040773 0,818404 3,331819
-0,065683 0,026395 3,273681 0,265982 1,420105 3,279691 -0,390303 1,446375 3,270949 -0,051521 0,822708 3,319389
