32 12
-0,049594 0,030537 3,245823 0,297590 1,445450 3,287666 -0,378817 1,457337 3,172848 0,006399 0,837136 3,320928
-0,046442 0,042475 3,260197 0,295782 1,455879 3,306477 -0,370172 1,337205 3,000093 0,006928 0,837113 3,320804
-0,048028 0,038827 3,291328 0,293004 1,480838 3,329754 -0,430139 0,889246 2,604302 0,004055 0,814782 3,331811
-0,035749 0,034863 3,228928 0,292213 1,450873 3,302453 -0,390682 0,313252 2,378157 -0,012225 0,865683 3,382172
-0,060371 0,064992 3,281785 0,291388 1,443797 3,277762 -0,424776 0,038834 2,349836 -0,004931 0,845507 3,357260
-0,070004 0,065166 3,273566 0,291610 1,429404 3,272783 -0,421395 -0,464410 2,595493 0,002326 0,861274 3,333079
-0,073736 0,070109 3,246651 0,277023 1,451311 3,267323 -0,418997 -0,653565 2,792064 0,005861 0,880756 3,369902
-0,076431 0,059906 3,262053 0,271976 1,453557 3,258067 -0,353321 -0,691924 2,817171 0,006397 0,873648 3,370176
-0,074210 0,062971 3,280370 0,275154 1,468850 3,295750 -0,157151 -0,689195 3,020462 -0,000671 0,870056 3,370120
-0,073203 0,053130 3,287807 0,280382 1,437275 3,247731 -0,102704 -0,613545 2,984315 -0,008563 0,864147 3,345177
-0,072760 0,063917 3,259938 0,281505 1,426013 3,242890 -0,198241 -0,664490 3,078049 0,006959 0,880883 3,370301
-0,055040 0,057644 3,310412 0,275524 1,445947 3,254884 -0,387300 -0,649001 2,945647 0,009443 0,863412 3,357363
-0,050813 0,060797 3,317002 0,276560 1,445567 3,264917 -0,301729 -0,617893 2,778062 0,002760 0,869367 3,382524
-0,046083 0,060352 3,303464 0,283723 1,435464 3,260809 -0,206709 -0,556224 2,670905 0,009720 0,867070 3,357629
-0,053770 0,055314 3,293205 0,288270 1,447004 3,277620 -0,154219 -0,507788 2,796098 0,010247 0,859946 3,357748
-0,049261 0,057694 3,286896 0,288459 1,438084 3,278253 -0,306466 -0,656579 3,117285 0,013451 0,869995 3,370018
-0,046241 0,045160 3,290834 0,277637 1,447622 3,255735 -0,326698 -0,646488 2,970017 0,016928 0,869253 3,382201
-0,051061 0,054214 3,311894 0,286785 1,448328 3,281358 -0,247011 -0,651905 3,030599 0,017734 0,865765 3,382617
-0,050975 0,046321 3,304805 0,287842 1,458196 3,282565 -0,113511 -0,544135 2,914196 0,002868 0,861336 3,333263
-0,057893 0,063062 3,281222 0,286454 1,438771 3,257056 -0,164516 -0,563595 2,912347 0,009999 0,870708 3,357814
-0,055864 0,056452 3,297311 0,286998 1,446921 3,276031 -0,328975 -0,612005 2,906100 0,025368 0,869369 3,382656
-0,059518 0,059352 3,307229 0,289088 1,446241 3,273353 -0,222909 -0,550881 2,733174 0,021390 0,860632 3,345518
-0,064444 0,057744 3,294064 0,288915 1,445619 3,276404 -0,166828 -0,506001 2,746051 0,013731 0,873645 3,370210
-0,064033 0,070658 3,294163 0,297458 1,440959 3,273982 -0,170447 -0,474414 2,739037 0,016855 0,861270 3,333131
-0,066388 0,064985 3,298296 0,294372 1,444874 3,280981 -0,341595 -0,481313 2,913316 0,021129 0,864215 3,345566
-0,057882 0,069562 3,279045 0,293420 1,430082 3,248893 -0,342577 -0,380194 2,742016 0,021147 0,871381 3,345648
-0,043589 0,065567 3,275361 0,299136 1,457759 3,277977 -0,326153 -0,061952 2,686072 0,009999 0,870708 3,357814
-0,028989 0,052999 3,271313 0,302160 1,431383 3,252328 -0,332925 0,430401 2,559514 0,018551 0,869311 3,382379
-0,031637 0,036113 3,291788 0,302311 1,441303 3,261544 -0,372177 0,713984 2,604193 0,027834 0,822642 3,351960
-0,027227 0,041893 3,276247 0,304820 1,439770 3,265695 -0,385791 1,195171 2,825905 0,014751 0,851964 3,369720
-0,026643 0,036012 3,271307 0,297939 1,363664 3,320385 -0,423625 1,406754 3,011995 0,017364 0,847059 3,333189
-0,033476 0,042762 3,263395 0,307775 1,451343 3,285408 -0,383862 1,430332 3,103627 0,014257 0,866451 3,370173
