27 12
-0,037188 0,039696 3,185863 0,303276 1,436788 3,256909 -0,558325 1,509941 3,424819 -0,011681 0,835871 3,284870
-0,038707 0,047307 3,205555 0,306442 1,441164 3,261640 -0,711668 1,363451 3,394502 -0,003657 0,844910 3,308545
-0,032668 0,047234 3,246436 0,310877 1,439252 3,252644 -0,895081 0,752531 2,731220 -0,003657 0,844910 3,308545
-0,036194 0,051075 3,256023 0,307476 1,434424 3,251397 -0,869632 0,147593 2,478580 -0,011430 0,843471 3,332818
-0,047467 0,076098 3,281042 0,309683 1,439443 3,266532 -0,823094 -0,092833 2,484993 -0,019164 0,844919 3,308592
-0,066282 0,067815 3,216367 0,302138 1,445636 3,259215 -0,705881 -0,497452 2,991050 -0,004714 0,852044 3,308910
-0,082964 0,053384 3,243309 0,296599 1,436201 3,266501 -0,260745 -0,463640 2,523367 -0,012470 0,864758 3,332756
-0,092172 0,054991 3,260719 0,286129 1,447704 3,269291 -0,153128 -0,436165 2,606541 -0,012194 0,868392 3,332993
-0,085165 0,058627 3,270831 0,276827 1,436699 3,232264 -0,075004 -0,472188 2,817219 0,006023 0,871328 3,345398
-0,069085 0,067550 3,221168 0,270885 1,446913 3,234238 -0,341531 -0,725985 3,231345 0,006023 0,871328 3,345398
-0,065367 0,067410 3,233146 0,275679 1,429872 3,233737 -0,438611 -0,693378 3,054216 0,009732 0,874260 3,357714
-0,047746 0,065491 3,272831 0,284523 1,463606 3,281718 -0,455670 -0,622867 2,877608 0,021628 0,880872 3,370369
-0,041633 0,074130 3,281664 0,289262 1,446119 3,263747 -0,269810 -0,498345 2,662374 0,024340 0,867052 3,357623
-0,046286 0,063949 3,272062 0,295263 1,434112 3,250776 -0,227763 -0,470795 2,799540 0,017206 0,872938 3,382483
-0,045234 0,068393 3,257088 0,296228 1,434662 3,257261 -0,317680 -0,502793 2,768027 0,024620 0,870689 3,357824
-0,041728 0,066428 3,257094 0,299908 1,426764 3,249805 -0,718419 -0,684559 3,389081 0,025144 0,863520 3,357813
-0,038148 0,087864 3,254759 0,294763 1,465985 3,288872 -0,768431 -0,592097 3,121952 0,025164 0,870709 3,357897
-0,035536 0,073123 3,271198 0,305795 1,449691 3,267887 -0,749728 -0,545442 3,089850 0,031384 0,861238 3,333071
-0,032269 0,072706 3,242141 0,312216 1,437824 3,256487 -0,675799 -0,344053 3,025328 0,028398 0,857037 3,345469
-0,032545 0,073669 3,243980 0,309740 1,440889 3,265966 -0,777748 -0,240513 3,119905 0,018012 0,869382 3,382651
-0,010324 0,054570 3,240562 0,311771 1,438954 3,263976 -0,882183 0,055265 2,784800 0,021095 0,849893 3,345402
-0,003552 0,052524 3,238325 0,311014 1,452219 3,274826 -0,906778 0,471596 2,731852 0,003078 0,836364 3,332954
-0,000714 0,047005 3,245679 0,315195 1,438887 3,274945 -0,860870 0,665640 2,650218 -0,004159 0,834801 3,357267
-0,009272 0,047656 3,241019 0,310683 1,445848 3,287968 -0,768402 1,152207 3,091685 -0,018386 0,834291 3,308331
-0,023856 0,043162 3,243634 0,306744 1,456837 3,300520 -0,509429 1,244932 2,850997 -0,021703 0,827950 3,296038
-0,025872 0,050073 3,242691 0,304300 1,452796 3,291106 -0,409340 1,317176 2,952934 -0,026381 0,844891 3,308430
-0,039866 0,041077 3,242226 0,305195 1,437830 3,281886 -0,362303 1,451653 3,259999 -0,033876 0,834190 3,308029
