38 12
-0,024427 0,028409 3,224066 0,415424 1,311410 3,141107 -0,480799 1,386783 3,211970 -0,025825 0,804185 3,284178
-0,025384 0,017506 3,202366 0,532725 1,217136 3,048630 -0,591494 1,305323 3,170419 -0,029479 0,799780 3,295878
-0,025601 0,027092 3,208841 0,693524 1,086126 2,995468 -0,741244 1,194984 3,107135 -0,039909 0,800584 3,283556
-0,024916 0,025717 3,217096 0,868206 0,937398 2,974512 -0,916606 1,063658 3,061980 -0,043792 0,808545 3,319270
-0,026995 0,020869 3,218081 1,020632 0,753268 2,975966 -1,084898 0,892800 3,068256 -0,036310 0,805002 3,319264
-0,025923 0,025708 3,211056 1,125758 0,550382 2,983294 -1,203419 0,684471 3,025907 -0,026035 0,800683 3,331989
-0,020524 0,029517 3,205193 1,178400 0,351065 3,017881 -1,264503 0,484696 3,052376 -0,011278 0,797153 3,332165
-0,025873 0,026749 3,197398 1,193831 0,173718 3,079325 -1,299264 0,304886 3,044087 -0,014869 0,789250 3,296006
-0,027168 0,025207 3,201092 1,155480 0,034199 3,123337 -1,279018 0,165886 3,074920 -0,022645 0,787402 3,319907
-0,030221 0,026644 3,182127 1,097259 -0,048216 3,125212 -1,256360 0,068541 3,111280 -0,019261 0,781255 3,307898
-0,021601 0,028792 3,194142 1,080118 -0,039513 3,111450 -1,225148 0,042783 3,109705 -0,022058 0,789227 3,295831
-0,025967 0,023359 3,171001 1,105358 0,038985 3,064083 -1,267215 0,093767 3,130905 -0,022645 0,787402 3,319907
-0,026311 0,027340 3,186040 1,163469 0,145144 3,087209 -1,257568 0,219221 3,032070 -0,022126 0,794472 3,319804
-0,027920 0,023693 3,192088 1,140935 0,239489 3,085058 -1,225795 0,328761 3,036007 -0,018747 0,788339 3,307956
-0,030055 0,024071 3,199132 1,134362 0,268014 3,061716 -1,218128 0,353491 3,065913 -0,022126 0,794472 3,319804
-0,030713 0,026840 3,203607 1,171229 0,244594 3,064886 -1,228590 0,297774 3,034982 -0,025868 0,783126 3,283961
-0,031431 0,027153 3,198342 1,138562 0,146483 3,007885 -1,220828 0,206240 2,984560 -0,022564 0,789243 3,296010
-0,029333 0,016956 3,184716 1,125633 0,037047 3,046552 -1,223885 0,098254 3,018991 -0,018198 0,783097 3,283819
-0,025556 0,028079 3,179144 1,101555 -0,043585 3,091087 -1,204367 -0,006205 3,059002 -0,029619 0,790917 3,319697
-0,024735 0,022320 3,180848 1,097852 -0,055006 3,091923 -1,185172 -0,053234 3,085682 -0,022058 0,789227 3,295831
-0,025964 0,015485 3,175103 1,132736 -0,016238 3,074790 -1,233366 -0,021855 3,125592 -0,025624 0,779601 3,283795
-0,022289 0,021628 3,157459 1,171829 0,069629 3,130958 -1,232348 0,086618 3,032251 -0,025608 0,786616 3,283867
-0,023397 0,027062 3,171004 1,162767 0,149953 3,112751 -1,225161 0,191894 3,044996 -0,029520 0,778658 3,295652
-0,032736 0,036867 3,174606 1,145915 0,177412 3,058689 -1,219863 0,224330 3,080278 -0,021795 0,792709 3,295664
-0,028192 0,036488 3,160553 1,148063 0,145182 3,058361 -1,217409 0,183866 3,022527 -0,015106 0,780595 3,272432
-0,030741 0,039063 3,159774 1,132619 0,077612 3,040234 -1,225326 0,126101 2,993502 -0,014852 0,796292 3,296080
-0,026411 0,030995 3,161089 1,105012 0,010914 3,068516 -1,240284 0,059284 3,039150 -0,025854 0,790143 3,284034
-0,026599 0,027774 3,154267 1,078311 -0,001413 3,099566 -1,209406 0,041243 3,059647 -0,025608 0,786616 3,283867
-0,022088 0,031155 3,149758 1,091467 0,015385 3,098729 -1,222059 0,079233 3,066078 -0,018487 0,791853 3,307869
-0,020002 0,028907 3,130547 1,134161 0,085929 3,089145 -1,234951 0,184647 3,020258 -0,022318 0,785725 3,295922
-0,019406 0,020569 3,127300 1,181374 0,202464 3,121589 -1,226002 0,330348 2,970279 -0,025868 0,783126 3,283961
-0,023305 0,031790 3,138306 1,165751 0,352684 3,090737 -1,225405 0,501207 3,042282 -0,018380 0,788472 3,260620
-0,026559 0,027419 3,124759 1,128914 0,524796 3,099488 -1,192470 0,665761 3,091458 -0,025938 0,776415 3,237352
-0,028384 0,018842 3,120210 1,058042 0,714181 3,114670 -1,146664 0,841917 3,091700 -0,025926 0,783340 3,237413
-0,028988 0,023447 3,121295 0,970933 0,905130 3,150776 -1,056397 1,007935 3,093748 -0,025418 0,783325 3,237238
-0,031845 0,024662 3,106395 0,850944 1,076799 3,182766 -0,917810 1,180660 3,172197 -0,032868 0,785134 3,214375
-0,035331 0,031480 3,111968 0,714930 1,220403 3,235133 -0,748218 1,321216 3,199961 -0,036713 0,791090 3,225701
-0,036176 0,018981 3,119732 0,568202 1,343942 3,284534 -0,558034 1,416913 3,249109 -0,032612 0,795387 3,260291
