36 12
-0,082273 0,048705 3,335479 0,298424 1,441522 3,221069 -0,471198 1,515968 3,376896 -0,084549 0,786001 3,329477
-0,084637 0,045355 3,302557 0,478924 1,486877 3,433498 -0,580983 1,355596 3,109677 -0,080379 0,792240 3,341561
-0,079816 0,045530 3,310111 0,674241 1,139614 2,938328 -0,939615 1,377187 3,532609 -0,076951 0,794935 3,354023
-0,082997 0,048979 3,302836 0,806112 1,020575 2,918327 -1,113611 1,244209 3,536571 -0,076960 0,787782 3,353932
-0,081508 0,059365 3,299714 1,148545 0,788830 3,321454 -1,218516 0,732752 3,056040 -0,078649 0,809504 3,455013
-0,078611 0,048372 3,292980 1,185812 0,356568 3,232421 -1,323418 0,362952 3,141689 -0,070050 0,785971 3,378990
-0,081967 0,053405 3,297203 1,186494 0,209466 3,303138 -1,296782 0,206588 3,144939 -0,078057 0,787638 3,403826
-0,080368 0,053752 3,290450 1,176896 0,068709 3,339031 -1,297320 0,068017 3,313674 -0,077225 0,777073 3,353986
-0,079071 0,057930 3,282264 1,168249 0,236782 3,259219 -1,331812 0,192660 3,328285 -0,084961 0,789443 3,378413
-0,079468 0,047241 3,279619 1,161011 0,380409 3,305615 -1,281389 0,313806 3,193777 -0,081267 0,788526 3,390880
-0,077287 0,047296 3,293606 1,135152 0,569303 3,297952 -1,263647 0,536592 3,234516 -0,067158 0,797705 3,417193
-0,085628 0,053264 3,309885 1,149807 0,431201 3,181108 -1,285196 0,423747 3,214026 -0,073391 0,795724 3,390758
-0,084264 0,049267 3,316593 1,143839 0,292973 3,216067 -1,284775 0,305160 3,174178 -0,069803 0,782333 3,378671
-0,080311 0,044378 3,316607 1,130470 0,118098 3,291065 -1,280876 0,116590 3,320662 -0,077551 0,787580 3,403343
-0,086192 0,042164 3,319724 1,157285 0,263208 3,290472 -1,298054 0,220859 3,279974 -0,081267 0,788526 3,390880
-0,089105 0,048928 3,320366 1,145767 0,349137 3,320529 -1,263504 0,316529 3,157115 -0,081007 0,792098 3,390645
-0,088638 0,045096 3,324665 1,138139 0,342527 3,249663 -1,258479 0,348057 3,185283 -0,077801 0,791243 3,403678
-0,086839 0,040951 3,320166 1,122737 0,147243 3,297614 -1,256281 0,171192 3,159248 -0,077809 0,783995 3,403576
-0,083909 0,044661 3,321733 1,090994 0,107601 3,224790 -1,242837 0,125151 3,202545 -0,073913 0,788599 3,391296
-0,086555 0,034649 3,322367 1,124323 0,323314 3,265739 -1,264267 0,285820 3,149625 -0,073923 0,781376 3,391196
-0,085930 0,045284 3,333434 1,087765 0,561517 3,237813 -1,211487 0,534155 3,105233 -0,074416 0,788616 3,391600
-0,085258 0,040657 3,314791 1,078157 0,541494 3,116248 -1,259419 0,577295 3,257127 -0,081200 0,793802 3,415469
-0,084046 0,045232 3,333982 1,115527 0,325107 3,170351 -1,263544 0,364449 3,127307 -0,085387 0,800190 3,428428
-0,075808 0,038792 3,311388 1,086109 0,077899 3,383665 -1,234367 0,121344 3,153134 -0,073665 0,784948 3,390969
-0,073588 0,042991 3,306663 1,057558 0,059719 3,225213 -1,251774 0,085342 3,248259 -0,069556 0,778677 3,378271
-0,079249 0,038527 3,294201 1,109852 0,274232 3,274414 -1,241055 0,265715 3,181256 -0,077391 0,778703 3,378494
-0,079491 0,048263 3,299731 1,077080 0,462264 3,257750 -1,200656 0,469422 3,186074 -0,084916 0,794751 3,403004
-0,075746 0,040874 3,290910 1,085682 0,431473 3,206440 -1,230423 0,493114 3,251837 -0,077801 0,791243 3,403678
-0,071537 0,048100 3,309601 1,101377 0,275682 3,227319 -1,255019 0,342438 3,173154 -0,073913 0,788599 3,391296
-0,073242 0,045662 3,318138 1,067261 0,220431 3,266968 -1,259347 0,257296 3,244028 -0,069803 0,782333 3,378671
-0,073408 0,045829 3,300995 1,067348 0,290896 3,232433 -1,295225 0,321613 3,324469 -0,073665 0,784948 3,390970
-0,078506 0,042100 3,287154 1,069321 0,595243 3,175485 -1,298125 0,611473 3,278408 -0,077218 0,784223 3,354077
-0,073929 0,049711 3,287521 0,989002 1,089379 3,520760 -1,049154 0,903827 3,000754 -0,081078 0,786825 3,366208
-0,074859 0,051230 3,297216 0,861686 1,271591 3,602142 -0,922052 1,041140 3,001296 -0,070040 0,793172 3,379086
-0,073865 0,052509 3,307086 0,492318 1,326011 3,187786 -0,759951 1,480291 3,603740 -0,076960 0,787782 3,353932
-0,073773 0,045636 3,311131 0,273600 1,310361 3,490464 -0,433454 1,399920 3,206366 -0,077203 0,798532 3,354261
