19 12
-0,077047 0,003063 3,258234 0,285823 1,427910 3,244334 -0,387410 1,462045 3,181575 -0,022304 0,792766 3,295997
-0,068117 0,004105 3,277288 0,291435 1,434721 3,268906 -0,416120 1,231614 2,858757 -0,012043 0,793594 3,332249
-0,067921 0,002778 3,286147 0,287337 1,429760 3,252910 -0,309373 0,848331 2,583772 -0,014145 0,778523 3,295070
-0,070714 0,001929 3,286293 0,287233 1,431452 3,258638 -0,282048 0,655399 2,464045 -0,005073 0,791844 3,308142
-0,079988 0,009255 3,285182 0,287921 1,421126 3,242294 -0,284794 0,367082 2,381277 -0,027243 0,811383 3,380990
-0,096136 -0,009914 3,339551 0,291082 1,423133 3,247628 -0,225508 0,180166 2,263782 -0,031514 0,806263 3,294268
-0,100802 -0,011408 3,334532 0,292812 1,425122 3,265075 -0,220274 0,127768 2,248083 -0,031870 0,822554 3,367100
-0,099814 -0,011607 3,337843 0,292624 1,428955 3,267974 -0,191453 0,071548 2,268268 -0,035205 0,823505 3,355223
-0,096298 -0,005323 3,329689 0,295345 1,420651 3,272931 -0,169969 0,080859 2,254995 -0,017030 0,844939 3,418265
-0,097850 -0,004664 3,341512 0,294740 1,429488 3,272401 -0,163567 0,082753 2,274164 -0,031376 0,815311 3,318751
-0,093618 -0,011694 3,312212 0,296189 1,430519 3,288779 -0,174431 0,096088 2,274168 -0,035459 0,819775 3,354678
-0,085239 0,002947 3,307363 0,294194 1,428681 3,264221 -0,199209 0,138932 2,326782 -0,024143 0,822439 3,318975
-0,076773 -0,002714 3,301476 0,297386 1,421676 3,253708 -0,204477 0,191979 2,376241 -0,021121 0,830422 3,354487
-0,064389 0,004678 3,309509 0,301916 1,435920 3,271172 -0,222314 0,381202 2,493488 -0,012291 0,815102 3,381522
-0,051332 -0,005247 3,284531 0,306705 1,437260 3,275810 -0,340549 0,718557 2,675909 -0,006937 0,783708 3,319188
-0,051289 0,000769 3,287093 0,303214 1,439201 3,265153 -0,396654 0,918920 2,753179 -0,007176 0,787327 3,319580
-0,057346 0,004612 3,251570 0,306103 1,434005 3,268764 -0,425827 1,240341 2,939681 -0,008165 0,794530 3,320281
-0,068928 0,006720 3,278180 0,303744 1,444025 3,276107 -0,447936 1,425965 3,085757 -0,018732 0,795404 3,308033
-0,075903 0,005713 3,267765 0,301302 1,435105 3,262530 -0,394432 1,460689 3,183861 -0,018901 0,781516 3,260720
