35 12
-0,031373 0,036224 3,352924 0,306926 1,471254 3,355344 -0,331995 1,470607 3,275196 0,003374 0,837341 3,432648
-0,031448 0,035916 3,363214 0,316780 1,459276 3,365562 -0,339530 1,374350 3,088927 0,013844 0,843833 3,445463
-0,033270 0,037185 3,379280 0,315479 1,473361 3,381317 -0,247075 1,122922 2,821738 0,019681 0,807621 3,430445
-0,038316 0,037160 3,374321 0,308088 1,456661 3,354310 -0,239471 0,973886 2,732967 0,012149 0,817001 3,456748
-0,045670 0,028409 3,375190 0,304937 1,461539 3,368175 -0,289746 0,698842 2,567044 0,018732 0,822632 3,432261
-0,050262 0,024801 3,381278 0,311443 1,457018 3,368953 -0,268603 0,575161 2,487575 0,009911 0,842995 3,458127
-0,049607 0,038951 3,382993 0,305941 1,456701 3,358497 -0,255074 0,519976 2,423547 0,014113 0,847551 3,445672
-0,045069 0,024639 3,403980 0,301799 1,458801 3,356829 -0,167162 0,439211 2,643500 0,029033 0,849654 3,471453
-0,043707 0,039023 3,370426 0,299527 1,498557 3,399768 -0,129553 0,435561 2,702525 0,025719 0,861552 3,458883
-0,040544 0,039852 3,380928 0,302050 1,466703 3,358162 -0,112618 0,454219 2,672315 0,030101 0,857097 3,471736
-0,041225 0,036667 3,393452 0,296037 1,459729 3,342003 -0,155191 0,516349 2,525497 0,021852 0,851239 3,445807
-0,038883 0,024738 3,360074 0,302295 1,473147 3,363150 -0,148515 0,463278 2,624683 0,025430 0,850462 3,458640
-0,040467 0,033879 3,382032 0,301214 1,462593 3,355892 -0,125474 0,459935 2,674039 0,033475 0,860093 3,484961
-0,039458 0,037823 3,378384 0,305813 1,454530 3,350428 -0,171069 0,508041 2,512095 0,025174 0,854106 3,458522
-0,039874 0,031249 3,364688 0,303273 1,465200 3,355020 -0,187491 0,494057 2,555365 0,025414 0,843086 3,458533
-0,037222 0,030543 3,379172 0,303662 1,461893 3,351523 -0,174612 0,475526 2,665609 0,024903 0,850350 3,458210
-0,040391 0,038921 3,366233 0,311420 1,467094 3,371308 -0,168940 0,486198 2,690327 0,032673 0,856243 3,484356
-0,044011 0,037294 3,372387 0,311233 1,456577 3,358240 -0,186626 0,531887 2,585716 0,029048 0,847526 3,445652
-0,040813 0,028629 3,366387 0,308281 1,463695 3,361457 -0,200078 0,520767 2,597566 0,021311 0,843823 3,445460
-0,041463 0,029402 3,366466 0,310303 1,459795 3,363459 -0,174582 0,498538 2,782252 0,029320 0,860804 3,471794
-0,042135 0,032801 3,368302 0,306147 1,477138 3,379031 -0,186916 0,540904 2,739462 0,029320 0,860804 3,471794
-0,042391 0,034666 3,366640 0,308622 1,454565 3,368194 -0,215609 0,560132 2,651416 0,025160 0,846730 3,458416
-0,042595 0,029143 3,364680 0,299370 1,452059 3,344936 -0,215697 0,524297 2,703922 0,021311 0,843823 3,445460
-0,041712 0,035790 3,359370 0,302604 1,447052 3,349458 -0,248842 0,540642 2,841870 0,032104 0,837177 3,432209
-0,038983 0,030752 3,365808 0,309992 1,458747 3,365283 -0,279440 0,603151 2,845609 0,021360 0,834451 3,419901
-0,036148 0,033058 3,359283 0,311498 1,460429 3,370463 -0,333151 0,787171 2,719708 0,018242 0,830017 3,432651
-0,029724 0,036385 3,362741 0,306221 1,453306 3,333468 -0,429787 1,070193 2,857426 0,017993 0,833678 3,432715
-0,029807 0,028787 3,356126 0,307788 1,467660 3,356291 -0,445582 1,179398 2,925709 0,010685 0,839440 3,458534
-0,031879 0,034214 3,344909 0,309024 1,465607 3,356709 -0,434132 1,410718 3,141413 0,007057 0,841779 3,419992
-0,035436 0,025906 3,363881 0,308902 1,471776 3,359440 -0,369276 1,420071 3,177576 0,003122 0,841004 3,432729
-0,036646 0,033525 3,360777 0,301343 1,467579 3,355603 -0,346157 1,484243 3,370549 0,006632 0,840204 3,445531
-0,043771 0,033081 3,350166 0,300895 1,471548 3,359974 -0,353491 1,480794 3,380359 0,003122 0,841004 3,432729
-0,038567 0,029817 3,347070 0,299445 1,459169 3,344298 -0,339919 1,471656 3,346456 -0,000632 0,838127 3,419894
-0,037032 0,032632 3,341871 0,294648 1,471645 3,356178 -0,342044 1,474672 3,333130 0,002854 0,837322 3,432621
-0,038406 0,031217 3,348181 0,300665 1,468984 3,370253 -0,348833 1,474399 3,292291 0,006632 0,840204 3,445531
