20 12
-0,034399 0,032877 3,265842 0,314134 1,461403 3,248728 -0,372745 1,437240 3,042448 0,009698 0,837881 3,308887
-0,025986 0,024175 3,259719 0,310256 1,458785 3,232348 -0,390833 1,283116 2,897919 0,017256 0,825339 3,285043
-0,024050 0,022941 3,281801 0,313821 1,465008 3,251809 -0,407847 1,128212 2,741824 0,021463 0,828000 3,296691
-0,026215 0,034044 3,293760 0,313575 1,458804 3,247396 -0,490167 0,745084 2,428907 0,031350 0,828827 3,285066
-0,025533 0,038723 3,284686 0,314781 1,453679 3,243656 -0,452466 0,426621 2,331461 -0,005911 0,878486 3,406176
-0,031465 0,032471 3,294064 0,318080 1,444983 3,231875 -0,466983 0,311342 2,319993 -0,005641 0,874978 3,406596
-0,023057 0,061266 3,278800 0,318390 1,457017 3,252813 -0,486433 0,153287 2,291249 -0,001265 0,871324 3,345345
-0,012475 0,062392 3,238835 0,318668 1,461975 3,251973 -0,455820 0,097427 2,273528 0,008912 0,877594 3,356843
-0,008119 0,056804 3,237137 0,318996 1,453200 3,259111 -0,449453 0,085005 2,288883 0,012754 0,864011 3,344812
0,005176 0,062945 3,265001 0,321573 1,457942 3,266100 -0,450549 0,079066 2,299885 0,013043 0,874845 3,345240
0,003418 0,059147 3,253816 0,322267 1,457786 3,258988 -0,455244 0,086501 2,299315 0,027141 0,863241 3,296821
0,000221 0,049520 3,264679 0,323236 1,450317 3,255231 -0,456975 0,094217 2,287498 0,017309 0,870702 3,357833
-0,001242 0,046336 3,271786 0,319324 1,448566 3,240755 -0,449694 0,151917 2,324612 0,017219 0,880178 3,382573
0,002996 0,040195 3,302955 0,321973 1,456780 3,252756 -0,408061 0,313340 2,291300 0,014150 0,875973 3,395249
0,004827 0,017623 3,296865 0,321485 1,468183 3,265521 -0,404434 0,437721 2,315048 0,017381 0,854194 3,333268
0,007896 0,012786 3,303676 0,328923 1,460104 3,268825 -0,385584 0,782207 2,499355 0,037189 0,835223 3,344025
0,006023 0,020716 3,282174 0,325852 1,470973 3,270093 -0,457927 1,094463 2,637144 0,025611 0,841905 3,357309
0,007193 0,021355 3,293443 0,327809 1,464310 3,264088 -0,451982 1,223771 2,736620 0,024919 0,834321 3,308856
-0,007240 0,026655 3,264263 0,319397 1,462023 3,254445 -0,384916 1,470580 3,068418 0,011034 0,841314 3,308444
-0,018763 0,019744 3,272243 0,323219 1,467588 3,227223 -0,339052 1,503197 3,210872 0,010483 0,834337 3,308793
