45 12
-0,020833 0,032087 3,203420 0,310573 1,425746 3,248545 -0,361638 1,508909 3,226463 0,010174 0,816662 3,308703
-0,023238 0,033590 3,208541 0,311352 1,437025 3,261357 -0,346324 1,464597 3,108134 0,010174 0,816662 3,308703
-0,019266 0,035095 3,209593 0,306582 1,433681 3,254757 -0,306210 1,353568 2,942460 0,010174 0,816662 3,308703
-0,011241 0,033487 3,235483 0,317946 1,420187 3,254073 -0,256535 1,224776 2,794717 0,006849 0,808711 3,320492
-0,013979 0,036974 3,228384 0,307603 1,437972 3,247050 -0,221408 1,098758 2,734815 0,019127 0,782503 3,281793
-0,016109 0,020317 3,231574 0,316059 1,442614 3,274780 -0,215541 0,934688 2,656408 0,008743 0,779502 3,316539
-0,015528 0,020469 3,245426 0,315559 1,432584 3,263976 -0,217023 0,796154 2,554127 0,011867 0,798539 3,355175
-0,020493 0,026450 3,253486 0,317031 1,437644 3,273642 -0,235947 0,712030 2,478113 0,025050 0,795373 3,308288
-0,023829 0,025034 3,254460 0,311499 1,441505 3,253472 -0,240643 0,688824 2,473850 0,010931 0,827982 3,407064
-0,022627 0,030707 3,257614 0,315106 1,424959 3,255414 -0,221811 0,650910 2,463608 0,010682 0,831640 3,407218
-0,019874 0,030528 3,266118 0,314328 1,425446 3,253493 -0,201329 0,584085 2,503835 0,010312 0,844647 3,432775
-0,020067 0,026020 3,254990 0,315427 1,437218 3,256139 -0,192857 0,544872 2,597742 0,017756 0,844641 3,432795
-0,016145 0,017704 3,267044 0,320293 1,427553 3,260479 -0,181377 0,552787 2,692782 0,021918 0,849069 3,420166
-0,016228 0,018389 3,262165 0,323713 1,434348 3,277643 -0,172110 0,572604 2,694623 0,031553 0,813092 3,308696
-0,015974 0,016597 3,271047 0,312990 1,434509 3,256430 -0,167410 0,586661 2,648083 0,035879 0,826782 3,369665
-0,016297 0,017560 3,276653 0,318622 1,426555 3,253742 -0,170657 0,591266 2,546408 0,017575 0,838887 3,407294
-0,012135 0,023818 3,282562 0,316840 1,433534 3,265539 -0,217668 0,621051 2,452525 0,014321 0,836062 3,394717
-0,018858 0,017768 3,283979 0,316804 1,435569 3,270136 -0,216745 0,617590 2,456124 0,014367 0,843897 3,445689
-0,021025 0,018831 3,268403 0,311693 1,435902 3,261168 -0,179786 0,558490 2,495116 0,006534 0,841760 3,419959
-0,020404 0,016231 3,275394 0,317406 1,435616 3,276048 -0,165535 0,503152 2,583104 0,021376 0,841748 3,420000
-0,020720 0,019416 3,264277 0,315501 1,435862 3,264013 -0,170571 0,505813 2,687501 0,046626 0,829148 3,332845
-0,022897 0,015572 3,262336 0,313882 1,431307 3,265382 -0,176615 0,524696 2,716014 0,043411 0,828344 3,344981
-0,024953 0,015967 3,267326 0,315408 1,431732 3,265949 -0,176340 0,517948 2,646508 0,039448 0,833155 3,382031
-0,024196 0,029252 3,267269 0,312246 1,442069 3,282630 -0,181251 0,528886 2,545288 0,039075 0,818493 3,332793
-0,025063 0,027563 3,276562 0,311113 1,438525 3,262075 -0,213730 0,577472 2,476755 0,002963 0,836847 3,382166
-0,031169 0,020941 3,278601 0,312472 1,437705 3,269664 -0,206327 0,573374 2,481494 0,002781 0,838891 3,407222
-0,027952 0,021369 3,260489 0,310159 1,433331 3,256012 -0,185994 0,529370 2,565816 0,009527 0,811263 3,284826
-0,028278 0,024627 3,250633 0,313980 1,437751 3,266996 -0,193348 0,524064 2,689830 0,028821 0,830401 3,369750
-0,030169 0,023523 3,257211 0,310136 1,440225 3,268682 -0,207141 0,553850 2,761857 0,032351 0,827602 3,357371
-0,032235 0,025024 3,256228 0,311167 1,442078 3,283221 -0,208429 0,569836 2,755439 0,032641 0,840424 3,382274
-0,032160 0,030237 3,253899 0,310024 1,442122 3,283157 -0,203523 0,563731 2,672473 0,028552 0,826804 3,369707
-0,037145 0,029901 3,252182 0,307957 1,447391 3,278209 -0,220275 0,592296 2,584557 0,017029 0,814965 3,332763
-0,041241 0,035134 3,257897 0,302391 1,441054 3,262556 -0,243288 0,618311 2,552517 0,016856 0,809563 3,308613
-0,044116 0,033334 3,246592 0,297955 1,436368 3,250356 -0,223893 0,564750 2,581305 0,020115 0,810369 3,296550
-0,043413 0,036905 3,237729 0,298469 1,432509 3,248433 -0,227589 0,530545 2,713619 0,017044 0,822087 3,332843
-0,041604 0,035807 3,243739 0,300021 1,442221 3,266845 -0,243456 0,554904 2,789699 0,021563 0,828408 3,345059
-0,041542 0,035567 3,253194 0,297740 1,438159 3,260545 -0,253324 0,593911 2,800047 0,010174 0,816662 3,308703
-0,042169 0,032742 3,236876 0,300723 1,438812 3,254315 -0,277274 0,676324 2,762922 -0,000886 0,815823 3,320620
-0,041898 0,027750 3,242383 0,301585 1,452117 3,259918 -0,315467 0,812231 2,738666 -0,014365 0,801486 3,319575
-0,041379 0,036502 3,234076 0,301681 1,449882 3,270764 -0,393500 0,995089 2,797768 0,003786 0,811305 3,332114
-0,036560 0,035931 3,244689 0,305765 1,439624 3,251391 -0,440892 1,144015 2,846471 -0,000368 0,815803 3,320481
-0,034406 0,030961 3,232396 0,304118 1,440222 3,256742 -0,476132 1,268041 2,906092 -0,000635 0,812275 3,320550
-0,038703 0,035603 3,232181 0,305675 1,436932 3,253165 -0,493382 1,370876 3,002887 -0,008142 0,810422 3,296524
-0,037732 0,037023 3,237290 0,308079 1,444972 3,263779 -0,482271 1,441416 3,101623 -0,011473 0,816637 3,308416
-0,042546 0,030365 3,228799 0,303813 1,441617 3,256457 -0,423908 1,469915 3,186915 -0,007586 0,821254 3,344677
