20 12
-0,049569 0,015860 3,383202 0,289031 1,479394 3,321044 -0,428519 1,428154 3,207569 0,006647 0,817953 3,394453
-0,045494 0,017018 3,408583 0,292575 1,488345 3,347873 -0,486053 1,132185 2,785920 0,006631 0,810714 3,394359
-0,051678 0,009611 3,407715 0,293937 1,469260 3,334293 -0,422828 0,783997 2,570627 0,017337 0,804342 3,381779
-0,056365 0,010194 3,420417 0,294239 1,488640 3,359200 -0,420949 0,618015 2,527771 0,013409 0,827058 3,419404
-0,056433 0,012798 3,410506 0,294033 1,478019 3,356865 -0,444963 0,341402 2,420402 0,002421 0,842994 3,458093
-0,051230 0,026736 3,376796 0,298621 1,469692 3,350956 -0,448623 0,173394 2,398572 0,020322 0,841443 3,418842
-0,045497 0,028161 3,367841 0,296704 1,468557 3,330295 -0,449274 0,126383 2,393879 0,020525 0,847231 3,444493
-0,027954 0,031954 3,368149 0,297217 1,473543 3,355536 -0,443763 0,078284 2,388724 0,016262 0,842089 3,405718
-0,028479 0,039513 3,366315 0,296651 1,462958 3,340728 -0,442107 0,077581 2,394600 0,020322 0,841443 3,418842
-0,031179 0,036211 3,374563 0,299526 1,479985 3,352112 -0,444259 0,076819 2,380872 0,005286 0,866217 3,495899
-0,028752 0,032787 3,375829 0,299906 1,468817 3,342342 -0,449955 0,078866 2,372185 0,016703 0,844333 3,431642
-0,037327 0,024663 3,375851 0,300923 1,467105 3,344110 -0,444179 0,086019 2,379138 0,016441 0,847861 3,431188
-0,038943 0,018463 3,400866 0,301123 1,470870 3,352307 -0,449170 0,101019 2,393664 0,027462 0,854271 3,443408
-0,046009 0,015583 3,412122 0,296712 1,469341 3,330783 -0,435706 0,184131 2,438627 0,024152 0,851644 3,431699
-0,047730 0,029678 3,424240 0,298106 1,480665 3,345634 -0,406223 0,375741 2,421971 0,024903 0,850350 3,458210
-0,037878 0,017697 3,417957 0,295844 1,482171 3,344609 -0,403731 0,513970 2,470783 0,016953 0,833461 3,431907
-0,041180 0,012352 3,427663 0,302004 1,486276 3,353056 -0,394659 0,872104 2,632302 0,021637 0,814323 3,394461
-0,042315 0,014488 3,410790 0,298784 1,480879 3,335985 -0,506264 1,198081 2,873355 0,024676 0,820658 3,406885
-0,041843 0,016434 3,418784 0,295022 1,481305 3,326847 -0,525127 1,311016 2,968367 0,009886 0,820675 3,406883
-0,052364 0,014841 3,386563 0,297121 1,469977 3,320819 -0,463432 1,525298 3,350161 0,002417 0,822341 3,381792
