26 12
-0,006776 0,048382 3,200870 0,389232 1,392683 3,061955 -0,359169 1,449890 3,166307 0,017826 0,839347 3,284933
-0,005693 0,044857 3,199398 0,420295 1,326051 2,957743 -0,338762 1,388790 3,079094 0,013887 0,833128 3,273233
-0,005896 0,045309 3,212222 0,417828 1,218598 2,846402 -0,333743 1,216501 2,863553 0,007095 0,835066 3,296657
-0,009843 0,042355 3,221973 0,394013 1,083402 2,760144 -0,241448 0,938254 2,664395 0,000664 0,815516 3,319261
-0,012183 0,039776 3,229962 0,341741 1,017213 2,753046 -0,203871 0,838979 2,622726 0,000084 0,810313 3,296046
-0,008531 0,028587 3,222679 0,195958 0,845374 2,659069 -0,098447 0,820110 2,766440 0,006938 0,806982 3,344717
-0,009834 0,029833 3,236788 0,098327 0,751903 2,619330 -0,027833 0,823794 2,783885 -0,000259 0,819607 3,369349
-0,014701 0,024362 3,236503 0,109312 0,810130 2,612561 -0,046851 0,811158 2,803724 -0,004192 0,820455 3,357092
-0,017705 0,041235 3,238847 0,177242 0,861756 2,698213 -0,115330 0,742043 2,749003 -0,004176 0,827627 3,357180
-0,015042 0,034215 3,245776 0,169331 0,897761 2,668409 -0,059234 0,757510 2,640228 -0,000195 0,825168 3,394323
-0,017247 0,034538 3,231830 0,115255 0,798464 2,686270 -0,025497 0,809849 2,732472 0,002933 0,822404 3,381982
-0,015374 0,031320 3,219797 0,133633 0,868027 2,687917 -0,027887 0,802242 2,738538 -0,000525 0,816032 3,369418
-0,014817 0,038581 3,212731 0,138711 0,879101 2,725419 -0,070514 0,763250 2,740975 -0,004192 0,820455 3,357092
-0,010034 0,037748 3,228454 0,141366 0,846022 2,776484 -0,041935 0,758622 2,651726 -0,003406 0,823913 3,356545
-0,012075 0,036414 3,237294 0,103650 0,838795 2,692292 0,002760 0,834766 2,763722 -0,007851 0,816021 3,369307
-0,005272 0,031565 3,228135 0,154373 0,848327 2,670376 -0,046632 0,813503 2,856470 -0,000508 0,823225 3,369507
-0,008693 0,040497 3,225607 0,170840 0,816611 2,647623 -0,089343 0,779766 2,823398 -0,008105 0,821275 3,344834
-0,007982 0,042703 3,230450 0,147762 0,854577 2,695077 -0,031712 0,822082 2,793706 0,003112 0,820463 3,357189
-0,006018 0,037156 3,229684 0,104081 0,847605 2,587944 0,010184 0,851337 2,802863 -0,000725 0,817949 3,394378
-0,004055 0,036078 3,223982 0,124334 0,869909 2,616560 -0,015017 0,870364 2,810429 -0,003943 0,816849 3,356933
-0,003565 0,033865 3,226489 0,196670 0,924065 2,721828 -0,101393 0,883477 2,700439 0,006911 0,821574 3,394476
-0,007063 0,038208 3,212733 0,274849 1,029865 2,622892 -0,299904 1,119232 2,942864 -0,009426 0,797774 3,319332
-0,004158 0,045290 3,217617 0,333882 1,113124 2,686913 -0,397765 1,210446 2,979306 -0,011973 0,836322 3,332741
-0,002459 0,049540 3,216266 0,484842 1,364880 2,964828 -0,499876 1,300369 2,921839 -0,007515 0,851314 3,320760
0,001215 0,049535 3,209796 0,466334 1,465809 3,256306 -0,567765 1,385935 3,066668 0,003219 0,842911 3,285014
0,000014 0,051109 3,199963 0,435521 1,522235 3,384038 -0,515536 1,385521 3,025793 -0,003915 0,848496 3,308772
