38 12
-0,035874 0,049548 3,220536 0,344845 1,363230 3,092828 -0,405285 1,400096 3,085031 -0,040743 0,839781 3,332072
-0,038020 0,051048 3,228174 0,332744 1,302862 2,992116 -0,384041 1,311802 2,982175 -0,025797 0,818239 3,284324
-0,029643 0,046071 3,246809 0,298294 1,228445 2,925019 -0,347141 1,204108 2,888174 -0,025901 0,797198 3,237539
-0,034649 0,039250 3,263950 0,259327 1,104980 2,845014 -0,299954 1,071694 2,814666 -0,032643 0,781443 3,260154
-0,034396 0,034249 3,258901 0,202029 0,989817 2,750248 -0,254360 0,956702 2,747714 -0,026701 0,765914 3,236972
-0,030067 0,035367 3,277820 0,157310 0,846048 2,638537 -0,208325 0,845102 2,673789 -0,015621 0,792767 3,296175
-0,034457 0,051588 3,295680 0,132527 0,730670 2,510368 -0,194526 0,722212 2,568761 -0,023883 0,826112 3,319433
-0,026743 0,078766 3,298195 0,142717 0,620009 2,409131 -0,204270 0,639452 2,493418 0,007016 0,865081 3,395043
-0,034063 0,086409 3,297752 0,217808 0,505434 2,335065 -0,272863 0,552944 2,443286 0,007295 0,868686 3,394982
-0,041051 0,075505 3,293339 0,360711 0,394808 2,293422 -0,410500 0,470793 2,396379 -0,000686 0,862843 3,370031
-0,032958 0,100940 3,271177 0,545808 0,360321 2,378242 -0,566524 0,423798 2,370192 -0,011363 0,891087 3,382616
-0,030544 0,092560 3,292677 0,692815 0,363898 2,538067 -0,761534 0,426759 2,462303 -0,007742 0,867790 3,345345
-0,031019 0,082097 3,272008 0,882526 0,360847 2,658900 -0,914867 0,453344 2,576510 -0,011689 0,847039 3,332901
-0,033922 0,059770 3,250696 0,987833 0,386842 2,757522 -1,032292 0,503805 2,682681 -0,015646 0,844775 3,369541
-0,040047 0,056855 3,246365 1,026119 0,447400 2,830630 -1,092857 0,590114 2,789431 -0,033347 0,834251 3,308135
-0,034128 0,054826 3,217354 1,028134 0,523692 2,896618 -1,062809 0,693974 2,872618 -0,033075 0,837791 3,308112
-0,041487 0,063950 3,222875 0,985884 0,612128 2,926067 -0,964242 0,769137 2,858118 -0,026225 0,839857 3,332503
-0,038768 0,062913 3,240288 0,892234 0,702546 2,915009 -0,807199 0,816665 2,787299 -0,033885 0,849040 3,356825
-0,044216 0,066113 3,227101 0,730789 0,762375 2,842779 -0,603136 0,814173 2,725982 -0,029785 0,844153 3,320364
-0,045798 0,056461 3,238925 0,536513 0,744535 2,752431 -0,423834 0,739830 2,685388 -0,032821 0,812687 3,214608
-0,049271 0,067440 3,261045 0,364368 0,621301 2,707335 -0,296763 0,660836 2,709064 -0,037612 0,859092 3,369181
-0,045620 0,060098 3,264402 0,245290 0,544314 2,608292 -0,222464 0,587782 2,663389 -0,022343 0,853421 3,344874
-0,043998 0,080118 3,279418 0,202090 0,485743 2,504550 -0,201793 0,524316 2,540195 -0,022402 0,866391 3,369633
-0,045177 0,070827 3,284607 0,207989 0,453427 2,411262 -0,215894 0,486840 2,457625 -0,025924 0,857691 3,332654
-0,043028 0,101171 3,293820 0,300386 0,438322 2,355319 -0,308620 0,456903 2,427341 -0,026465 0,857673 3,332689
-0,033645 0,109272 3,275518 0,479844 0,424712 2,353605 -0,486340 0,416694 2,370323 -0,019337 0,889834 3,407587
-0,038005 0,087590 3,266942 0,667371 0,440200 2,545248 -0,699000 0,406612 2,431734 -0,015879 0,869963 3,369741
-0,037914 0,092307 3,266542 0,861003 0,419530 2,639374 -0,888016 0,414167 2,552537 -0,029511 0,847706 3,320343
-0,044071 0,071589 3,258251 0,981338 0,413230 2,713877 -1,041952 0,446678 2,671386 -0,018915 0,834313 3,308506
-0,043651 0,060873 3,231607 1,069623 0,436741 2,835876 -1,159034 0,501382 2,798603 -0,033088 0,830710 3,308033
-0,039856 0,054579 3,223655 1,131752 0,510420 2,972093 -1,215340 0,597785 2,926949 -0,029281 0,829919 3,320003
-0,040059 0,046390 3,199602 1,149015 0,645286 3,107790 -1,220068 0,723189 3,032415 -0,026504 0,829144 3,332356
-0,035553 0,047163 3,178673 1,121044 0,790441 3,206524 -1,189695 0,854554 3,113812 -0,033088 0,830710 3,308033
-0,030136 0,054168 3,175097 1,054355 0,960405 3,284704 -1,122331 0,995040 3,174804 -0,022301 0,833523 3,320375
-0,030203 0,054592 3,177378 0,956134 1,114489 3,317655 -1,023455 1,139155 3,226719 -0,026225 0,839857 3,332503
-0,034913 0,054244 3,168893 0,824472 1,242685 3,370916 -0,889347 1,282840 3,287916 -0,050766 0,827493 3,248566
-0,035952 0,050836 3,167009 0,652644 1,350490 3,388653 -0,712078 1,379569 3,320589 -0,033067 0,830315 3,260825
-0,035016 0,051292 3,174877 0,476827 1,414994 3,385066 -0,534868 1,420008 3,332726 -0,033075 0,837791 3,308112
