32 12
-0,077753 0,027081 3,244250 0,292661 1,451561 3,292446 -0,373382 1,428887 3,017530 -0,050986 0,834907 3,295512
-0,081199 0,027352 3,264602 0,288342 1,450936 3,280129 -0,335900 1,330775 2,869472 -0,047241 0,834140 3,307419
-0,077797 0,035556 3,274340 0,285726 1,476403 3,297002 -0,293874 1,181170 2,687560 -0,042333 0,804664 3,270367
-0,073489 0,028281 3,268729 0,285317 1,469823 3,302322 -0,246200 1,009176 2,559696 -0,036921 0,770850 3,275614
-0,082772 0,023730 3,279368 0,285309 1,467842 3,302488 -0,187654 0,839341 2,463373 -0,065063 0,833353 3,365865
-0,083976 0,036585 3,277883 0,282276 1,465320 3,304753 -0,131946 0,669226 2,404449 -0,044613 0,864901 3,393866
-0,092151 0,033629 3,276386 0,283878 1,459888 3,309282 -0,090967 0,493119 2,304575 -0,064282 0,860299 3,405519
-0,097946 0,055631 3,289259 0,280778 1,458637 3,302742 -0,046712 0,373074 2,269753 -0,045256 0,867506 3,344209
-0,100109 0,044838 3,306475 0,285080 1,463594 3,314582 0,001994 0,264566 2,257047 -0,059897 0,921370 3,347530
-0,099200 0,033277 3,277769 0,280416 1,474281 3,317377 0,041671 0,204137 2,258886 -0,062031 0,916268 3,340277
-0,099920 0,033480 3,271095 0,283212 1,466569 3,318816 0,063661 0,142348 2,257443 -0,065508 0,913174 3,327975
-0,095722 0,036489 3,287689 0,280295 1,467007 3,306296 0,065933 0,110253 2,228317 -0,060901 0,907267 3,318007
-0,096576 0,029880 3,290921 0,283568 1,461589 3,308636 0,079899 0,089634 2,233176 -0,053972 0,907986 3,293016
-0,082404 0,053142 3,296758 0,277895 1,444141 3,331806 0,094175 0,075349 2,216836 -0,017487 0,913606 3,343299
-0,089274 0,035313 3,328116 0,284934 1,461319 3,321262 0,097631 0,075006 2,248164 -0,025544 0,910388 3,316730
-0,087529 0,051999 3,318083 0,270302 1,415454 3,342501 0,104483 0,073141 2,238429 -0,031543 0,905171 3,295338
-0,090459 0,043832 3,309322 0,279910 1,466243 3,302282 0,097607 0,073488 2,227809 -0,035633 0,901796 3,282207
-0,086545 0,044723 3,332030 0,275459 1,442712 3,332932 0,103929 0,078671 2,263899 -0,035355 0,905522 3,282863
-0,092274 0,040247 3,321254 0,286367 1,470967 3,305588 0,089306 0,085829 2,256413 -0,050993 0,913292 3,328388
-0,094037 0,041868 3,299446 0,261905 1,321347 3,335371 0,087117 0,086599 2,257227 -0,043568 0,921492 3,304581
-0,090763 0,044603 3,300855 0,287197 1,482727 3,339354 0,072003 0,104018 2,248724 -0,032388 0,908120 3,293486
-0,088465 0,047803 3,298607 0,268750 1,353676 3,403558 0,062827 0,137093 2,277418 -0,037169 0,910004 3,301775
-0,092977 0,047618 3,298535 0,294350 1,456855 3,322669 0,051257 0,205308 2,322295 -0,040052 0,931717 3,316766
-0,097319 0,082003 3,294634 0,289649 1,472116 3,314177 0,024653 0,299539 2,396945 -0,033476 0,923064 3,339152
-0,083841 0,031269 3,273565 0,286531 1,479767 3,307436 -0,014470 0,425684 2,470032 -0,033068 0,875127 3,406578
-0,078815 0,032543 3,263194 0,290815 1,468799 3,299763 -0,051599 0,579645 2,521562 -0,022272 0,847738 3,320536
-0,068368 0,020584 3,266096 0,294863 1,453260 3,295218 -0,113034 0,755196 2,582227 -0,032612 0,823815 3,355778
-0,067295 0,025323 3,259575 0,283262 1,400784 3,370175 -0,186234 0,947053 2,644506 -0,038999 0,800192 3,329444
-0,075351 0,026608 3,260099 0,257757 1,248724 3,321184 -0,285244 1,140793 2,745116 -0,031451 0,810755 3,329235
-0,069924 0,018517 3,249447 0,290789 1,479020 3,313961 -0,379891 1,291188 2,843190 -0,029168 0,824433 3,296005
-0,077889 0,021256 3,249032 0,293945 1,469402 3,309975 -0,442266 1,400207 2,946845 -0,035554 0,827739 3,294928
-0,067912 0,020628 3,241358 0,293927 1,469702 3,300283 -0,471249 1,450349 3,046546 -0,043062 0,829412 3,271733
