36 12
-0,088810 0,034706 3,232337 0,275912 1,479766 3,301253 -0,382745 1,485587 3,108506 -0,057107 0,818737 3,270712
-0,085627 0,037426 3,242340 0,274074 1,469800 3,283450 -0,359710 1,413770 2,974976 -0,064248 0,818675 3,270362
-0,083695 0,035579 3,240092 0,273359 1,413897 3,339796 -0,308323 1,300088 2,816356 -0,049948 0,820595 3,294269
-0,082681 0,022638 3,242667 0,277894 1,474058 3,329268 -0,248171 1,163002 2,662488 -0,048143 0,801881 3,289224
-0,085391 0,026452 3,246634 0,273122 1,500532 3,324615 -0,202436 1,007582 2,554269 -0,060469 0,819404 3,351598
-0,093604 0,031241 3,271963 0,270690 1,460406 3,322290 -0,138631 0,827958 2,445796 -0,050458 0,824433 3,342436
-0,098294 0,032111 3,287650 0,279928 1,465793 3,313530 -0,098201 0,649439 2,364105 -0,081821 0,847868 3,367126
-0,102070 0,035668 3,283545 0,280138 1,459410 3,311558 -0,052244 0,490060 2,308995 -0,079392 0,879533 3,456484
-0,109403 0,045046 3,279721 0,274921 1,469159 3,311904 -0,007050 0,364559 2,281394 -0,064617 0,888213 3,431351
-0,108483 0,049445 3,287750 0,275300 1,461805 3,305489 0,020296 0,260306 2,260513 -0,037746 0,925475 3,349161
-0,111372 0,037273 3,275453 0,278567 1,463129 3,311358 0,047862 0,189243 2,256109 -0,058818 0,925605 3,377444
-0,106827 0,035741 3,290963 0,280148 1,466568 3,315362 0,063403 0,140095 2,249185 -0,071583 0,911258 3,305649
-0,107457 0,024890 3,305333 0,278460 1,469226 3,318122 0,071979 0,108408 2,233850 -0,066067 0,919762 3,326289
-0,100476 0,041159 3,303974 0,282892 1,469390 3,325784 0,099785 0,097304 2,267453 -0,046489 0,897636 3,293774
-0,101130 0,034880 3,327141 0,278931 1,463040 3,298908 0,090500 0,091466 2,252640 -0,036768 0,925749 3,377935
-0,100061 0,038146 3,329745 0,276440 1,483606 3,321691 0,099697 0,084823 2,267101 -0,043461 0,917165 3,329389
-0,102814 0,039219 3,312325 0,274939 1,457044 3,355623 0,091403 0,084666 2,250111 -0,040188 0,916422 3,340811
-0,091062 0,049021 3,310240 0,287386 1,463538 3,327957 0,098646 0,090338 2,261890 -0,039019 0,901417 3,294601
-0,100063 0,025737 3,324491 0,281703 1,461869 3,312828 0,088890 0,091299 2,244191 -0,069019 0,905686 3,340677
-0,103769 0,040486 3,314463 0,282358 1,478876 3,324430 0,082855 0,089985 2,254145 -0,051289 0,923751 3,327656
-0,096996 0,039681 3,296856 0,277696 1,488747 3,314472 0,078895 0,096006 2,244292 -0,046634 0,913468 3,342775
-0,100564 0,036634 3,307103 0,287900 1,461946 3,324192 0,080342 0,100953 2,272144 -0,050165 0,917544 3,330556
-0,105555 0,033889 3,280238 0,275513 1,469518 3,311921 0,071929 0,122545 2,269711 -0,062337 0,922451 3,364900
-0,107368 0,036682 3,286055 0,284098 1,474437 3,319767 0,060956 0,168430 2,296529 -0,036614 0,910605 3,303730
-0,111787 0,052227 3,295947 0,283406 1,482844 3,317458 0,058466 0,235775 2,339672 -0,058829 0,926977 3,326583
-0,103671 0,056904 3,280105 0,291666 1,467260 3,347173 0,051172 0,326007 2,435327 -0,055763 0,884831 3,356525
-0,101412 0,042516 3,281233 0,288016 1,452025 3,291294 -0,000539 0,447118 2,508509 -0,048170 0,869181 3,381282
-0,095015 0,034306 3,259773 0,293469 1,456210 3,303224 -0,035871 0,598726 2,562524 -0,022416 0,859181 3,369542
-0,097231 0,024019 3,267269 0,293183 1,456294 3,292101 -0,101868 0,778828 2,614963 -0,043429 0,815658 3,367179
-0,097831 0,025704 3,284528 0,292552 1,471328 3,310509 -0,182697 0,966614 2,678805 -0,041731 0,782233 3,361649
-0,093572 0,031743 3,267313 0,291362 1,453211 3,272044 -0,271922 1,159064 2,770109 -0,046209 0,819701 3,305864
-0,095397 0,028688 3,275306 0,294307 1,458012 3,284129 -0,352312 1,326724 2,884367 -0,051008 0,820797 3,295358
-0,101649 0,035209 3,250684 0,291989 1,465533 3,290683 -0,416554 1,431032 3,005507 -0,050449 0,834843 3,295121
-0,097632 0,026014 3,243934 0,297716 1,456702 3,293107 -0,428602 1,478565 3,098942 -0,065381 0,820678 3,294721
-0,100391 0,030551 3,243017 0,284980 1,464957 3,277693 -0,390420 1,483934 3,183607 -0,057615 0,832851 3,271405
-0,106846 0,035877 3,242325 0,284075 1,457446 3,284164 -0,381215 1,507546 3,284723 -0,073081 0,834696 3,294647
