177 12
-0,008723 0,014201 3,251847 0,323797 1,425429 3,289078 -0,374675 1,457884 3,287670 -0,007901 0,796279 3,344501
-0,009906 0,021025 3,262174 0,334890 1,410894 3,282735 -0,381699 1,457410 3,273982 -0,003980 0,802519 3,356760
-0,013988 0,016105 3,254289 0,339102 1,389897 3,247529 -0,402564 1,430511 3,243572 0,002974 0,793638 3,332469
-0,013500 0,020501 3,248668 0,352807 1,354452 3,201131 -0,413059 1,383544 3,163501 -0,007901 0,796279 3,344501
-0,014421 0,011409 3,245662 0,367843 1,294093 3,109451 -0,430557 1,282086 3,064113 -0,011554 0,786505 3,332162
-0,017707 0,014069 3,264984 0,372452 1,223453 3,041299 -0,441838 1,151200 2,962070 -0,007936 0,783900 3,320124
-0,015445 0,016726 3,265331 0,362317 1,111887 2,967339 -0,456344 1,027230 2,871301 -0,012078 0,772269 3,332005
-0,009797 0,020268 3,276470 0,307471 0,993244 2,943298 -0,462870 0,930298 2,834606 -0,008484 0,755558 3,319807
-0,012971 0,016895 3,266890 0,251224 0,814376 2,917044 -0,446045 0,871134 2,766631 -0,011852 0,761637 3,331918
-0,012205 0,018744 3,267433 0,178730 0,661469 2,951306 -0,366158 0,864043 2,711509 -0,014214 0,769533 3,318859
-0,014223 0,013421 3,276614 0,106785 0,520851 2,911621 -0,269604 0,883904 2,763634 -0,010080 0,773842 3,306078
-0,008866 0,018861 3,304624 0,113175 0,447459 2,800591 -0,181406 0,835005 2,858523 -0,014869 0,789250 3,296006
-0,010473 0,023289 3,296602 0,095221 0,457813 2,740707 -0,107237 0,729557 2,937642 -0,011278 0,797153 3,332165
-0,013213 0,018956 3,291231 0,061288 0,550533 2,681838 -0,201592 0,554767 2,657636 -0,018533 0,797133 3,332002
-0,014431 0,015215 3,286094 0,000632 0,663366 2,696787 -0,093632 0,456790 2,932139 -0,000558 0,801653 3,369240
-0,016002 0,021481 3,297745 -0,019772 0,768032 2,895250 -0,158949 0,378892 2,850352 -0,010506 0,800530 3,331365
-0,007011 0,022664 3,288289 -0,018269 0,690358 2,948028 -0,203825 0,395345 2,752260 -0,007377 0,803356 3,344266
-0,009531 0,020379 3,290685 0,065186 0,509788 2,811702 -0,213586 0,510582 2,748647 -0,004063 0,791887 3,308162
-0,007660 0,024642 3,285865 -0,065594 0,426915 2,944270 -0,171437 0,656153 2,689170 -0,018224 0,795346 3,307703
-0,011944 0,026768 3,290455 0,006485 0,367250 2,824197 -0,153968 0,707061 2,822517 -0,021845 0,805068 3,319714
-0,011686 0,021774 3,274617 0,016629 0,393674 2,721034 -0,121155 0,642584 2,911067 -0,007318 0,821492 3,393947
-0,006505 0,022987 3,290642 -0,001722 0,516575 2,719912 -0,058652 0,506306 3,215676 -0,029246 0,789197 3,295630
-0,013071 0,019499 3,299376 -0,034791 0,654579 2,781963 -0,135076 0,391473 2,885170 -0,003451 0,809579 3,356369
-0,013273 0,014693 3,287145 -0,026853 0,705333 2,903023 -0,212516 0,352304 2,786848 -0,014584 0,787534 3,272189
-0,008093 0,021411 3,286037 -0,020684 0,630237 2,962157 -0,247270 0,413089 2,690517 -0,014584 0,787534 3,272189
-0,009640 0,013111 3,291798 -0,010058 0,492456 2,946291 -0,231987 0,551821 2,641989 -0,007659 0,794512 3,320127
-0,014778 0,029311 3,284382 -0,066890 0,374622 2,917959 -0,199094 0,678624 2,692219 -0,021729 0,787511 3,272009
-0,012522 0,022711 3,283546 0,030813 0,348297 2,799744 -0,161063 0,698152 2,821232 -0,029579 0,812192 3,319939
-0,009865 0,033119 3,279723 0,020828 0,383427 2,739165 -0,123200 0,617945 2,892460 -0,032626 0,802354 3,307361
-0,011258 0,020702 3,283670 -0,018725 0,522035 2,726401 -0,239859 0,475958 2,613314 -0,011017 0,806045 3,356463
-0,010362 0,021042 3,277349 -0,048087 0,656446 2,808078 -0,135594 0,384412 2,863222 -0,003184 0,813078 3,356055
-0,013774 0,015679 3,286249 -0,043730 0,723740 2,924282 -0,199237 0,334607 2,783151 -0,006886 0,799655 3,295460
-0,015173 0,017720 3,285529 -0,053849 0,699350 2,980601 -0,236486 0,381136 2,698470 -0,014584 0,787534 3,272189
-0,012764 0,019851 3,280992 -0,007886 0,583666 2,872385 -0,241826 0,492209 2,675681 -0,018641 0,785003 3,260707
-0,013170 0,027316 3,249266 -0,069539 0,522334 2,975250 -0,187519 0,619500 2,655593 -0,018224 0,795346 3,307703
-0,011208 0,016976 3,248281 -0,069362 0,436419 2,919346 -0,155276 0,658161 2,789372 -0,014606 0,792732 3,295845
-0,009957 0,026815 3,254900 0,073872 0,352896 2,601051 -0,165723 0,557303 2,917861 -0,029312 0,815720 3,319841
-0,014616 0,023512 3,244031 0,121254 0,377326 2,618974 -0,229236 0,529843 3,005501 -0,025309 0,804128 3,283842
-0,015392 0,015108 3,245391 0,209690 0,577059 2,683388 -0,379720 0,536871 2,645836 -0,011776 0,781536 3,260864
-0,017799 0,006039 3,238285 0,281968 0,858447 2,584654 -0,464014 0,806173 2,724415 0,002498 0,758652 3,284298
-0,016217 0,011007 3,226551 0,322560 1,022831 2,659899 -0,496213 0,943799 2,742226 -0,009242 0,748978 3,271689
-0,017047 0,018859 3,244720 0,442653 1,297220 2,931506 -0,490555 1,265321 2,956160 -0,007659 0,794512 3,320127
-0,015573 0,014516 3,216601 0,387790 1,463539 3,275591 -0,414505 1,366616 2,987352 -0,000669 0,798087 3,320395
-0,008706 0,023957 3,206602 0,350331 1,456295 3,337318 -0,367798 1,424830 3,163514 -0,004291 0,802507 3,308388
-0,010931 0,020774 3,197281 0,337663 1,420718 3,314132 -0,362028 1,449828 3,275029 0,003216 0,790062 3,332322
-0,009209 0,022392 3,174797 0,335859 1,419015 3,291149 -0,350123 1,446452 3,240066 0,003235 0,797175 3,332403
-0,013336 0,022650 3,178215 0,328341 1,341126 3,334888 -0,346667 1,457140 3,243456 0,003235 0,797175 3,332403
-0,007652 0,024177 3,187928 0,314920 1,280876 3,320455 -0,350307 1,447693 3,238019 0,003235 0,797175 3,332403
-0,006775 0,028889 3,213029 0,333048 1,421677 3,275877 -0,348924 1,449254 3,240416 0,003498 0,800691 3,332257
-0,009736 0,022617 3,205328 0,335040 1,418324 3,265996 -0,345637 1,454980 3,234022 -0,000361 0,799838 3,344544
-0,009675 0,026235 3,214610 0,339798 1,407874 3,261836 -0,374159 1,423843 3,188030 -0,000669 0,798087 3,320395
-0,011782 0,015115 3,220107 0,384092 1,239672 3,032875 -0,354408 1,283394 3,100326 -0,007901 0,796279 3,344501
-0,009109 0,016626 3,220957 0,386062 1,126508 2,968962 -0,344502 1,173417 3,008446 -0,003862 0,774195 3,307782
-0,012044 0,022381 3,217993 0,308476 0,875381 2,795058 -0,353198 0,922818 2,837851 -0,003924 0,753036 3,307555
-0,017118 0,019595 3,247783 0,268760 0,656592 2,759275 -0,256243 0,663602 2,674325 -0,004665 0,774581 3,260916
-0,013499 0,023304 3,238393 0,224761 0,541700 2,612852 -0,217408 0,566921 2,603154 -0,007960 0,780612 3,272571
-0,011769 0,035589 3,254203 0,132945 0,349602 2,425028 -0,229965 0,400982 2,463277 0,011603 0,856905 3,331412
0,000531 0,014376 3,221066 0,236887 0,151893 2,186978 -0,301173 0,250077 2,477778 -0,018096 0,892187 3,357352
0,010249 0,007077 3,220943 0,327796 0,066399 2,149949 -0,419135 0,179080 2,471033 -0,010878 0,850538 3,332579
-0,018038 0,038492 3,245052 0,710460 -0,018558 2,581019 -0,599270 0,089473 2,229412 -0,037346 0,797947 3,319609
-0,013917 0,018458 3,225372 0,898334 -0,025802 2,565947 -1,042696 0,098284 2,700137 -0,011550 0,776157 3,284224
-0,014106 0,012010 3,206281 1,036363 0,009995 2,748142 -1,148178 0,149323 2,747661 -0,007520 0,761589 3,248803
-0,018362 0,009084 3,179890 1,203799 0,151482 3,035546 -1,219527 0,301585 2,896255 -0,000655 0,765105 3,249136
-0,004877 -0,000068 3,134128 1,237616 0,379808 3,338039 -1,273312 0,492858 3,024375 0,002360 0,762640 3,237752
-0,000942 0,018173 3,122191 1,233054 0,496730 3,426081 -1,246356 0,611981 3,093395 -0,011789 0,769538 3,237604
-0,004167 0,013500 3,105200 1,083898 0,701695 3,287997 -1,212684 0,922891 3,477571 -0,029287 0,775458 3,248728
-0,004628 0,010325 3,133888 0,994780 1,062491 3,583474 -0,921535 1,059540 3,137878 -0,039840 0,779810 3,236895
-0,014032 0,013392 3,139504 0,880938 1,197613 3,606468 -0,792888 1,138249 3,122728 -0,039840 0,779810 3,236895
-0,012244 0,019085 3,132207 0,528411 1,250585 3,145906 -0,622910 1,481518 3,532050 -0,043023 0,780700 3,225177
-0,016282 0,019373 3,149339 0,353330 1,400557 3,356984 -0,367428 1,414161 3,187982 -0,029260 0,789354 3,248858
-0,015049 0,012135 3,158531 0,308198 1,341977 3,256541 -0,366395 1,420375 3,235185 -0,028766 0,782352 3,248460
-0,011783 0,016344 3,156183 0,348941 1,403499 3,256902 -0,371924 1,417151 3,217051 -0,032643 0,781443 3,260154
-0,010296 0,014395 3,159032 0,341122 1,413809 3,292178 -0,360927 1,421447 3,222793 -0,021601 0,777317 3,225625
-0,016307 0,026293 3,138335 0,324068 1,403520 3,254014 -0,361607 1,418989 3,227108 -0,021664 0,782381 3,248665
-0,007381 0,018395 3,166691 0,330012 1,403376 3,247417 -0,365105 1,376969 3,205076 -0,029120 0,791016 3,272045
-0,006030 0,016603 3,175690 0,336153 1,391837 3,261711 -0,365224 1,392250 3,221017 -0,029136 0,784022 3,271974
-0,013331 0,013155 3,181976 0,332013 1,399966 3,263343 -0,359794 1,409398 3,229133 -0,021926 0,778943 3,248829
-0,008136 0,014477 3,172269 0,331671 1,404250 3,265994 -0,361713 1,430458 3,237753 -0,021926 0,778943 3,248829
-0,006335 0,020178 3,167415 0,336132 1,401997 3,275473 -0,357632 1,434598 3,230825 -0,021926 0,778943 3,248829
-0,006794 0,016878 3,178480 0,330484 1,395171 3,231310 -0,362934 1,401948 3,229208 -0,021926 0,778943 3,248829
-0,005139 0,025811 3,182135 0,338607 1,397450 3,253853 -0,359726 1,432616 3,222707 -0,025504 0,788446 3,260435
-0,010867 0,013176 3,194939 0,342104 1,384780 3,212691 -0,375444 1,445557 3,247936 -0,021664 0,782381 3,248665
-0,009284 0,018669 3,199755 0,354711 1,358160 3,157122 -0,390867 1,441973 3,250518 -0,029120 0,791016 3,272045
-0,009514 0,014508 3,196501 0,424939 1,324592 3,193388 -0,437390 1,345802 3,103840 -0,021909 0,785891 3,248894
-0,008690 0,013412 3,197442 0,542003 1,010668 2,785258 -0,516222 1,228172 3,130602 -0,032644 0,795288 3,307284
-0,008017 0,013486 3,192523 0,619930 0,830667 2,685232 -0,609738 1,094796 3,105006 -0,021909 0,785891 3,248894
-0,006940 0,016477 3,208129 0,832524 0,545778 2,900419 -0,727765 0,631673 2,770561 -0,029506 0,785695 3,295727
-0,007819 0,018674 3,218157 0,800039 0,344691 3,125896 -0,764670 0,425876 2,872067 -0,018656 0,778033 3,260640
-0,006682 0,014673 3,224779 0,657283 0,327156 3,160223 -0,646736 0,347085 2,760270 -0,014846 0,784074 3,272348
-0,005340 0,019973 3,220102 0,360771 0,395706 2,874174 -0,510574 0,366265 2,953145 -0,007356 0,815549 3,272616
-0,006817 0,013305 3,250134 0,491552 0,281247 2,660576 -0,656136 0,314494 3,136799 -0,027634 0,809794 3,293431
-0,005554 0,015287 3,234741 0,584533 0,245515 2,740553 -0,743541 0,283179 3,097683 -0,043290 0,801355 3,318648
-0,003077 0,021027 3,232895 0,609974 0,236654 2,799101 -0,716561 0,300677 3,034149 -0,029028 0,778914 3,248630
-0,003337 0,015195 3,239038 0,484238 0,325092 3,045500 -0,529588 0,337132 2,877071 -0,029199 0,810331 3,295855
-0,004717 0,019813 3,222347 0,447589 0,306013 2,836527 -0,575715 0,357773 3,048798 -0,035214 0,797710 3,270578
-0,002790 0,011526 3,231169 0,648884 0,251581 3,027004 -0,704907 0,277617 2,894289 -0,029506 0,785695 3,295727
-0,004566 0,015198 3,227945 0,655668 0,237953 3,102848 -0,604511 0,300517 2,777778 -0,022496 0,784067 3,272351
-0,004707 0,017323 3,224589 0,550539 0,268123 3,170062 -0,547751 0,339161 2,837681 -0,030104 0,805076 3,319900
-0,004243 0,014681 3,226388 0,542130 0,336094 3,087398 -0,599477 0,342879 2,829632 -0,032891 0,798860 3,307541
-0,007175 0,013457 3,225631 0,676883 0,356308 2,790331 -0,850383 0,446339 3,080451 -0,025958 0,788313 3,307774
-0,008803 0,008874 3,218135 0,748214 0,450860 2,859506 -0,871633 0,515191 2,995587 -0,029374 0,787355 3,319519
-0,013819 0,012753 3,217315 0,787717 0,730781 2,914618 -0,857566 0,716779 2,993877 -0,033167 0,788280 3,307564
-0,017403 0,011948 3,215698 0,749939 1,087002 3,103794 -0,789529 0,943841 2,917032 -0,032796 0,793479 3,331328
-0,016520 0,017521 3,218008 0,706715 1,233399 3,238204 -0,738243 1,067535 2,953763 -0,039938 0,786546 3,283409
-0,016034 0,011978 3,211762 0,499053 1,270550 3,042112 -0,617026 1,421589 3,411650 -0,033180 0,802424 3,356048
-0,016957 0,017088 3,208894 0,333595 1,442406 3,342746 -0,381394 1,389104 3,183666 -0,029374 0,787355 3,319519
-0,015515 0,006806 3,205634 0,317416 1,401455 3,258720 -0,373523 1,442751 3,321659 -0,022196 0,799787 3,344098
-0,020558 0,015984 3,189635 0,340683 1,396246 3,297660 -0,384408 1,412444 3,302334 -0,014674 0,796202 3,344027
-0,022594 0,013435 3,207110 0,338640 1,391549 3,293802 -0,375319 1,406033 3,269450 -0,014935 0,792674 3,344191
-0,023313 0,017170 3,214715 0,326329 1,392984 3,277158 -0,376033 1,396814 3,277254 -0,014935 0,792674 3,344191
-0,019242 0,017535 3,208717 0,329434 1,385442 3,264571 -0,374740 1,399534 3,264850 -0,018487 0,791853 3,307869
-0,022781 0,019782 3,219962 0,329054 1,387168 3,262691 -0,393353 1,439005 3,306864 -0,022267 0,805174 3,368722
-0,018999 0,017893 3,228662 0,325640 1,399179 3,272058 -0,433442 1,428483 3,335359 -0,018487 0,791853 3,307869
-0,015683 0,018684 3,238174 0,324953 1,387661 3,261650 -0,547510 1,128162 2,912674 -0,032669 0,802323 3,355511
-0,010871 0,018129 3,232185 0,322861 1,388792 3,259225 -0,750550 0,736352 3,115414 -0,014674 0,796202 3,344027
-0,017159 0,016333 3,241401 0,323727 1,387620 3,258320 -0,818955 0,422878 2,970485 -0,025543 0,793511 3,331555
-0,017231 0,016843 3,230757 0,328965 1,380457 3,251438 -0,861584 -0,089371 3,038519 -0,018614 0,788165 3,356285
-0,028292 0,019664 3,263107 0,327599 1,389947 3,277243 -0,869758 -0,421128 3,077484 -0,011558 0,791784 3,356618
-0,033983 0,026086 3,245844 0,321206 1,386413 3,283281 -0,785055 -0,521209 2,964544 0,002457 0,786506 3,332364
-0,044278 0,022361 3,242008 0,303747 1,381519 3,254450 -0,585980 -0,686064 3,275047 0,007008 0,798045 3,369174
-0,044102 0,027690 3,242909 0,299549 1,383880 3,254330 -0,372164 -0,610251 2,943941 -0,000882 0,792721 3,344604
-0,043527 0,030185 3,241683 0,296397 1,388416 3,255270 -0,412731 -0,688944 3,072301 0,013847 0,805250 3,369440
-0,036620 0,030920 3,231372 0,295841 1,383360 3,253471 -0,502418 -0,702288 3,049212 0,017598 0,807968 3,381893
-0,044028 0,033340 3,248724 0,296855 1,381123 3,241791 -0,365469 -0,685930 2,880721 0,021373 0,810704 3,394424
-0,041324 0,032106 3,226116 0,303466 1,380103 3,253318 -0,286516 -0,643250 2,910825 0,017598 0,807968 3,381893
-0,038571 0,042280 3,226910 0,311433 1,388336 3,280977 -0,320209 -0,644208 2,896738 0,017598 0,807968 3,381893
-0,033168 0,041880 3,240231 0,303092 1,384888 3,249630 -0,493655 -0,708478 3,176023 0,017615 0,815183 3,381983
-0,037450 0,041754 3,248172 0,307440 1,377649 3,246449 -0,497741 -0,668521 2,951747 0,017352 0,811555 3,381869
-0,038132 0,031497 3,243791 0,308782 1,384781 3,254348 -0,400271 -0,595066 2,951313 0,027990 0,796251 3,344700
-0,032061 0,035044 3,215765 0,315545 1,392071 3,265415 -0,526369 -0,597049 3,070987 0,024745 0,793624 3,332592
-0,020330 0,040051 3,215474 0,314133 1,388960 3,248957 -0,630913 -0,613560 3,162401 0,021216 0,796285 3,344779
-0,016514 0,026801 3,226815 0,314924 1,392193 3,249903 -0,694462 -0,416759 2,911387 0,024966 0,798951 3,357052
-0,009078 0,027207 3,232715 0,327812 1,385424 3,258652 -0,676903 -0,039959 2,808764 0,010604 0,795366 3,356856
-0,003174 0,019231 3,221051 0,330748 1,383658 3,257290 -0,647762 0,219962 2,752394 -0,004016 0,788199 3,356586
-0,001325 0,023051 3,213791 0,332685 1,387868 3,269049 -0,650970 0,742842 2,881837 -0,011034 0,793557 3,331923
-0,004486 0,017664 3,224259 0,329858 1,393267 3,272422 -0,639996 1,089276 2,890154 -0,018289 0,793537 3,331753
-0,013237 0,018725 3,220500 0,327634 1,393231 3,270281 -0,575656 1,233782 2,931559 -0,014918 0,799810 3,344276
-0,030877 0,020271 3,206263 0,321611 1,390689 3,262924 -0,383724 1,509231 3,349028 -0,007885 0,803417 3,344585
-0,049082 0,011994 3,228927 0,322126 1,376411 3,247067 -0,373662 1,451306 3,284731 -0,011278 0,797153 3,332165
-0,053848 0,018673 3,220693 0,323316 1,382143 3,260315 -0,379714 1,402872 3,258625 -0,018843 0,798923 3,356549
-0,057256 0,013395 3,216711 0,320603 1,383396 3,247697 -0,366321 1,461375 3,277617 -0,011278 0,797153 3,332165
-0,051219 0,010284 3,210238 0,320898 1,385451 3,263691 -0,371046 1,458837 3,273476 -0,014918 0,799810 3,344276
-0,050727 0,015437 3,204414 0,319565 1,384031 3,253065 -0,380499 1,470520 3,290387 -0,007866 0,808830 3,369217
-0,045403 0,016363 3,207214 0,355437 1,384330 3,303314 -0,438254 1,374534 3,120848 -0,007377 0,803356 3,344266
-0,037539 0,010107 3,213548 0,493063 1,177019 2,918644 -0,671548 1,366222 3,366731 -0,018828 0,806086 3,356637
-0,041701 0,017082 3,222776 0,603256 1,061496 2,803611 -0,786554 1,225552 3,307942 -0,018581 0,802484 3,356461
-0,032701 0,015436 3,234206 0,913730 0,842812 3,141786 -0,905746 0,746814 2,870757 -0,026307 0,790013 3,331922
-0,030990 0,013124 3,222172 0,954184 0,384689 3,085322 -0,976178 0,408662 2,937538 -0,022212 0,792651 3,344013
-0,025331 0,018688 3,238730 0,938496 0,196978 3,240772 -0,895367 0,244000 2,868102 -0,007696 0,780339 3,319968
-0,012928 0,013655 3,252692 0,583189 0,029194 2,879104 -0,747244 0,088909 3,140274 -0,007972 0,771690 3,296082
-0,015432 0,022087 3,264708 0,536771 0,021858 2,943034 -0,682940 0,040777 3,070716 -0,019127 0,781028 3,356380
-0,015453 0,026010 3,258560 0,580629 -0,025062 2,924314 -0,770064 -0,022950 3,179236 -0,015439 0,773257 3,319910
-0,017185 0,024225 3,243779 0,717102 -0,043919 3,068982 -0,830920 -0,026907 3,082452 -0,014928 0,780323 3,319821
-0,020024 0,020522 3,271975 0,664984 -0,038319 3,155107 -0,659394 0,003358 2,895523 -0,011313 0,782932 3,332000
-0,015832 0,021970 3,264151 0,600756 -0,035363 3,152299 -0,651768 0,021004 3,012525 -0,014928 0,780323 3,319821
-0,022848 0,014283 3,265243 0,640085 -0,076070 3,141771 -0,719738 -0,055208 2,991197 -0,022091 0,775151 3,295682
-0,023968 0,021878 3,271272 0,697524 -0,092984 3,089829 -0,771068 -0,065748 3,010766 -0,011054 0,786448 3,331841
-0,026759 0,018231 3,281247 0,672738 -0,094007 3,154574 -0,693482 -0,054772 2,930454 -0,022091 0,775151 3,295682
-0,026383 0,013119 3,269944 0,520648 -0,044500 3,073608 -0,631407 0,013885 2,976381 -0,014928 0,780323 3,319821
-0,026280 0,011485 3,277742 0,580408 -0,076514 2,981548 -0,795342 -0,055360 3,200066 -0,022228 0,785518 3,343928
-0,020204 0,014990 3,268939 0,644805 -0,068108 3,035624 -0,800745 -0,059544 3,125850 -0,015451 0,785559 3,344279
-0,019225 0,008391 3,268817 0,583794 -0,031036 2,973847 -0,714545 0,030762 3,145526 -0,014952 0,785541 3,344105
-0,029531 0,015322 3,272423 0,572554 0,138538 2,841975 -0,724097 0,207592 3,132861 -0,014952 0,785541 3,344105
-0,030948 0,010705 3,263629 0,657817 0,260809 2,815230 -0,804120 0,317214 3,123312 -0,000639 0,789154 3,344530
-0,028292 0,013534 3,257422 0,794065 0,650443 2,894077 -0,840438 0,670828 3,004696 0,006899 0,792706 3,344551
-0,026518 0,016719 3,240829 0,689911 1,134945 3,274334 -0,701914 0,994669 2,892035 -0,000296 0,805226 3,369170
-0,019861 0,013182 3,241563 0,604344 1,322294 3,386017 -0,609468 1,139787 2,955292 -0,003980 0,802519 3,356760
-0,021637 0,015179 3,249698 0,361332 1,342081 3,156132 -0,424447 1,476837 3,443789 0,018105 0,807947 3,381783
-0,014528 0,021064 3,240329 0,112493 0,353598 2,071991 -0,368217 1,448680 3,332701 0,003165 0,811578 3,381816
-0,017008 0,007939 3,250259 0,175788 0,538971 2,479694 -0,381196 1,413607 3,316128 0,006876 0,807095 3,394286
-0,017396 0,017989 3,236519 0,331949 1,309987 3,361917 -0,377734 1,414014 3,318950 0,010362 0,798967 3,357000
-0,010539 0,013543 3,227403 0,158513 0,480958 2,358188 -0,366941 1,438633 3,317297 0,010362 0,798967 3,357000
-0,006298 0,011412 3,233178 0,204563 0,573087 2,550224 -0,364931 1,438043 3,305256 0,010362 0,798967 3,357000
-0,010039 0,013821 3,246560 0,356507 1,397800 3,328259 -0,367320 1,428520 3,322879 0,010624 0,802528 3,356942
-0,001180 0,016596 3,259711 0,334591 1,280491 3,430779 -0,360637 1,416746 3,295516 0,021859 0,803446 3,394228
-0,001354 0,021126 3,260195 0,341705 1,352746 3,371567 -0,363878 1,417271 3,297141 0,025206 0,795350 3,356924
0,001181 0,014290 3,269864 0,327667 1,242060 3,405304 -0,362672 1,409004 3,304208 0,032777 0,800707 3,381702
