26 12
-0,109164 -0,044111 3,343378 0,284527 1,357347 3,299917 -0,604059 1,279014 3,133008 -0,085276 0,663867 3,376820
-0,103176 -0,048061 3,367873 0,283661 1,370291 3,322472 -0,742398 1,098706 3,144322 -0,089440 0,674220 3,414146
-0,106838 -0,052407 3,367890 0,280571 1,372615 3,326934 -0,787072 0,891166 3,008562 -0,077553 0,659497 3,352581
-0,113077 -0,047957 3,374306 0,279158 1,361914 3,302869 -0,775124 0,483936 2,871219 -0,085276 0,663867 3,376820
-0,110105 -0,040634 3,360819 0,276149 1,372926 3,323995 -0,547380 0,252425 2,733977 -0,090033 0,680208 3,388884
-0,116001 -0,044265 3,352375 0,281989 1,372734 3,335990 -0,463015 0,228522 2,815671 -0,101178 0,677589 3,375104
-0,108558 -0,040947 3,383127 0,270068 1,373700 3,314733 -0,495854 0,208275 2,751983 -0,090444 0,672814 3,388094
-0,096475 -0,059510 3,367737 0,265280 1,378003 3,331781 -0,849143 0,205463 3,073229 -0,077769 0,655917 3,352555
-0,090372 -0,056689 3,373816 0,259773 1,381139 3,326217 -0,865083 0,219986 2,928330 -0,074927 0,658952 3,389753
-0,099182 -0,048298 3,374115 0,270423 1,379583 3,341072 -0,765756 0,230586 3,124437 -0,071073 0,656766 3,377485
-0,100790 -0,058013 3,378947 0,276384 1,377349 3,317978 -0,574093 0,242939 2,978420 -0,074537 0,661663 3,365023
-0,099766 -0,046900 3,386056 0,278590 1,370328 3,312236 -0,686210 0,236378 3,119771 -0,063867 0,664911 3,402964
-0,090888 -0,061842 3,390210 0,278317 1,362129 3,288675 -0,823038 0,213374 2,883179 -0,063656 0,661339 3,402905
-0,100397 -0,064368 3,389093 0,275883 1,372409 3,292832 -0,680477 0,194717 2,739111 -0,070140 0,651624 3,328604
-0,103910 -0,038185 3,388995 0,275138 1,379249 3,304981 -0,524941 0,200973 2,671498 -0,078828 0,673283 3,351677
-0,112702 -0,046318 3,379943 0,276664 1,368118 3,297535 -0,560941 0,216031 2,923697 -0,071493 0,663776 3,377197
-0,098711 -0,054533 3,364995 0,271882 1,365383 3,291212 -0,695108 0,180327 2,898952 -0,066903 0,657315 3,340884
-0,092057 -0,056046 3,366765 0,273009 1,376690 3,310702 -0,803284 0,193342 2,902463 -0,063016 0,652506 3,353240
-0,088102 -0,053213 3,355414 0,268842 1,366139 3,295042 -0,842165 0,224139 2,961312 -0,077980 0,659423 3,352541
-0,093300 -0,058600 3,375767 0,272847 1,366777 3,298721 -0,825062 0,233622 2,980225 -0,084826 0,652333 3,352070
-0,090279 -0,059058 3,361155 0,267533 1,367348 3,298047 -0,663806 0,317159 2,775008 -0,085703 0,663792 3,376793
-0,093084 -0,051609 3,377622 0,279443 1,373678 3,314914 -0,625354 0,388301 2,764881 -0,077766 0,663020 3,352647
-0,094176 -0,057895 3,360610 0,281988 1,380807 3,319882 -0,589967 0,713987 2,845860 -0,081184 0,665250 3,364604
-0,095926 -0,059881 3,352336 0,280989 1,386928 3,329475 -0,618774 1,050198 2,937702 -0,089444 0,666996 3,414039
-0,087586 -0,051832 3,352586 0,280883 1,374926 3,311993 -0,623771 1,202442 3,023665 -0,081184 0,665250 3,364604
-0,092233 -0,055306 3,344368 0,286824 1,377236 3,319872 -0,580327 1,433000 3,430005 -0,092874 0,671902 3,401287
