25 12
-0,175511 -0,018955 3,306482 0,228951 1,369678 3,292857 -0,527627 1,395233 3,218602 -0,113875 0,723125 3,351050
-0,170801 -0,031705 3,313729 0,227006 1,374552 3,304987 -0,490849 1,356941 3,160822 -0,117412 0,709992 3,338483
-0,171178 -0,032032 3,297005 0,223572 1,375128 3,304864 -0,460276 1,319508 3,121276 -0,118499 0,723212 3,387822
-0,173085 -0,023690 3,303071 0,225765 1,373795 3,303303 -0,405044 1,281464 3,139463 -0,131421 0,716922 3,337192
-0,176916 -0,026456 3,315030 0,224200 1,380739 3,312521 -0,278753 1,118911 2,932055 -0,116424 0,696738 3,360597
-0,181248 -0,036950 3,325971 0,225719 1,375716 3,303093 -0,228282 1,103228 2,959285 -0,119502 0,683623 3,347263
-0,183771 -0,030665 3,314750 0,222403 1,366450 3,301276 -0,214241 1,033594 2,932576 -0,119542 0,662341 3,346997
-0,184921 -0,036980 3,308371 0,230685 1,353873 3,270810 -0,388037 1,108302 3,127141 -0,112562 0,686495 3,325653
-0,177452 -0,024550 3,321588 0,247982 1,346359 3,273597 -0,601391 1,121564 3,146245 -0,117181 0,713568 3,338467
-0,169135 -0,029678 3,326479 0,274489 1,361361 3,318118 -0,860158 0,895272 2,694920 -0,110548 0,718452 3,363524
-0,162890 -0,026474 3,330659 0,294231 1,348835 3,295430 -1,080925 0,880538 2,929356 -0,114511 0,720825 3,375636
-0,160755 -0,036678 3,317242 0,297643 1,356220 3,311651 -1,009791 0,833356 2,838019 -0,117835 0,711214 3,362881
-0,160847 -0,038433 3,336620 0,292545 1,363294 3,296806 -0,878711 0,941028 3,123932 -0,121137 0,708787 3,350304
-0,165941 -0,044199 3,344083 0,262517 1,386455 3,322493 -0,418382 0,814512 2,620883 -0,124182 0,696780 3,361017
-0,175773 -0,047351 3,330776 0,249613 1,377127 3,311308 -0,312041 0,840985 2,735794 -0,135239 0,695332 3,371866
-0,179666 -0,053633 3,338058 0,207790 1,342982 3,216275 -0,250714 0,870342 2,847706 -0,122047 0,689563 3,399167
-0,180221 -0,040128 3,325208 0,221938 1,316918 3,184063 -0,523293 0,970536 3,098784 -0,124653 0,696845 3,361727
-0,174023 -0,038589 3,314473 0,236412 1,316712 3,191113 -0,761010 0,960301 3,114755 -0,121366 0,705200 3,350323
-0,165717 -0,032775 3,322344 0,283488 1,336159 3,276762 -0,935160 0,780663 2,747491 -0,129356 0,717010 3,374505
-0,158547 -0,038364 3,320122 0,298038 1,354544 3,298606 -1,073375 0,803896 2,927021 -0,129356 0,717010 3,374505
-0,160532 -0,043828 3,310423 0,313665 1,360949 3,338999 -1,050445 0,822510 2,906066 -0,126286 0,715843 3,387200
-0,159351 -0,040187 3,303578 0,313302 1,365752 3,356552 -0,997735 1,006586 3,125185 -0,133152 0,715812 3,386527
-0,160531 -0,044622 3,300673 0,294020 1,383387 3,391158 -0,757219 1,083359 2,887174 -0,130093 0,721871 3,399508
-0,154194 -0,031907 3,311304 0,277618 1,379469 3,367551 -0,686692 1,177357 2,998954 -0,129125 0,720622 3,374480
-0,156089 -0,036238 3,295572 0,256417 1,364353 3,314267 -0,590421 1,391757 3,384054 -0,129356 0,717010 3,374505
