26 12
-0,099091 -0,056367 3,294761 0,348990 1,352829 3,289750 -0,549523 1,438413 3,378324 -0,077544 0,673706 3,352763
-0,097372 -0,055774 3,290013 0,357158 1,357388 3,295387 -0,569763 1,357935 3,198303 -0,069913 0,669294 3,328803
-0,090107 -0,042434 3,300174 0,358576 1,360703 3,292121 -0,494810 1,244431 2,999979 -0,076523 0,668340 3,304341
-0,093459 -0,052393 3,298662 0,356691 1,362579 3,287380 -0,441826 1,160774 2,890831 -0,083935 0,662121 3,327628
-0,091140 -0,060978 3,303426 0,342647 1,355433 3,254390 -0,322328 1,081815 3,007447 -0,069714 0,651664 3,328498
-0,104508 -0,067054 3,317276 0,330378 1,364905 3,282370 -0,070602 0,817550 2,723158 -0,085953 0,643149 3,401479
-0,109089 -0,066960 3,322275 0,324401 1,366019 3,280828 0,012920 0,786517 2,832592 -0,075116 0,645424 3,414720
-0,105882 -0,068880 3,292805 0,298604 1,343462 3,228831 0,055340 0,776471 2,961577 -0,075723 0,646156 3,440092
-0,110842 -0,069390 3,301290 0,302587 1,323250 3,212105 -0,114586 0,907719 3,087974 -0,046595 0,581196 3,348633
-0,099281 -0,058697 3,316498 0,317908 1,321718 3,212683 -0,342654 0,973990 3,121142 -0,055072 0,634131 3,328829
-0,093496 -0,047142 3,320061 0,361314 1,336567 3,297445 -0,686504 0,795028 2,581614 -0,048449 0,666804 3,354056
-0,090554 -0,053534 3,326981 0,381236 1,336356 3,300626 -0,853810 0,780465 2,749411 -0,059648 0,664448 3,341304
-0,093995 -0,054686 3,339825 0,383803 1,361022 3,321954 -0,746732 0,722845 2,618621 -0,069484 0,662240 3,328452
-0,106941 -0,060542 3,308470 0,360151 1,349051 3,273080 -0,518699 0,825364 3,024837 -0,069714 0,651664 3,328498
-0,119037 -0,065728 3,302780 0,334902 1,357774 3,245092 -0,122166 0,710519 2,676878 -0,074512 0,644686 3,389602
-0,116053 -0,074298 3,294281 0,325239 1,332426 3,200370 -0,065721 0,752292 2,884694 -0,078597 0,643212 3,401902
-0,113317 -0,058395 3,327394 0,314363 1,306449 3,154670 -0,249077 0,678171 2,523922 -0,073265 0,647437 3,363994
-0,092960 -0,057203 3,293497 0,347407 1,275397 3,125311 -0,812036 0,814465 3,092617 -0,063118 0,662217 3,329010
-0,084723 -0,055241 3,294214 0,370496 1,276237 3,153000 -1,008008 0,771791 3,063718 -0,055883 0,669327 3,329411
-0,086766 -0,055179 3,304858 0,448197 1,312682 3,273547 -1,094174 0,632216 2,905498 -0,055450 0,669396 3,329488
-0,090471 -0,047076 3,284620 0,476299 1,308793 3,255394 -1,009350 0,599508 2,835088 -0,070348 0,662163 3,328667
-0,095466 -0,053924 3,294673 0,489079 1,323510 3,291395 -0,932854 0,624623 2,791508 -0,069213 0,660526 3,281071
-0,095581 -0,039410 3,282483 0,469904 1,318371 3,262770 -0,863591 0,850434 3,087534 -0,058922 0,667158 3,317272
-0,094742 -0,047956 3,286406 0,445371 1,332643 3,263054 -0,694227 1,018747 2,889420 -0,073340 0,667051 3,316564
-0,092501 -0,050548 3,291049 0,426671 1,338542 3,258639 -0,656116 1,139324 2,975847 -0,095977 0,675792 3,363956
-0,095314 -0,050707 3,283820 0,379758 1,307580 3,184094 -0,583283 1,424418 3,375175 -0,066465 0,671550 3,341119
