21 12
-0,210968 -0,051920 3,316827 0,204227 1,376600 3,340259 -0,563967 1,419943 3,355116 -0,155086 0,693915 3,384205
-0,206360 -0,053249 3,313541 0,204095 1,370956 3,332587 -0,598984 1,435878 3,328909 -0,151035 0,693895 3,347478
-0,203746 -0,053405 3,349785 0,202899 1,382075 3,342329 -0,692105 1,186660 2,818486 -0,152319 0,696243 3,397187
-0,200196 -0,062673 3,359416 0,197469 1,380502 3,346124 -0,786947 0,920247 2,777640 -0,141861 0,679066 3,323666
-0,204348 -0,046153 3,347345 0,195806 1,376402 3,339863 -0,818244 0,628636 2,600614 -0,150811 0,690426 3,347579
-0,212465 -0,061531 3,332028 0,199052 1,369257 3,331599 -0,802255 0,097110 2,494775 -0,144827 0,702158 3,372568
-0,224056 -0,060605 3,373003 0,193893 1,369977 3,337550 -0,742618 -0,260522 2,490232 -0,136548 0,701237 3,348839
-0,227668 -0,072796 3,373256 0,193818 1,370740 3,345498 -0,722545 -0,362201 2,556831 -0,130438 0,698682 3,373379
-0,226369 -0,059934 3,384760 0,187829 1,362503 3,336334 -0,690781 -0,474672 2,702460 -0,138315 0,707031 3,398160
-0,224882 -0,064330 3,374952 0,191682 1,364891 3,321605 -0,667390 -0,500608 2,686619 -0,134038 0,701210 3,386130
-0,224370 -0,067782 3,396927 0,194666 1,360565 3,315411 -0,673689 -0,502384 2,699236 -0,134038 0,701210 3,386130
-0,226251 -0,066048 3,385349 0,196919 1,358178 3,315845 -0,685573 -0,467056 2,665963 -0,150627 0,714111 3,435307
-0,225578 -0,071509 3,373528 0,196819 1,364565 3,319702 -0,698517 -0,414155 2,672699 -0,129998 0,691746 3,373873
-0,222840 -0,060861 3,378211 0,200008 1,356917 3,311370 -0,706939 -0,345384 2,651371 -0,146498 0,711736 3,422848
-0,219866 -0,069631 3,384888 0,199997 1,375570 3,333623 -0,723247 -0,090885 2,538558 -0,136536 0,694126 3,348740
-0,194080 -0,065044 3,385103 0,201774 1,369535 3,324292 -0,731180 0,332146 2,523542 -0,144164 0,698834 3,372997
-0,197490 -0,071075 3,374660 0,193147 1,369017 3,321751 -0,723987 0,557305 2,437048 -0,139885 0,685900 3,360806
-0,197048 -0,066394 3,375663 0,198771 1,371898 3,335219 -0,671487 1,100912 2,923389 -0,137193 0,696554 3,398428
-0,199612 -0,058873 3,375071 0,195490 1,365883 3,329983 -0,619478 1,290272 3,009887 -0,143929 0,688150 3,372838
-0,202230 -0,062525 3,346081 0,195879 1,364945 3,331470 -0,588899 1,360997 3,140790 -0,145602 0,704787 3,423225
-0,213024 -0,054984 3,339803 0,198091 1,364008 3,336187 -0,543229 1,441284 3,394679 -0,155537 0,693833 3,384319
