39 12
-0,203731 -0,047480 3,284978 0,193089 1,361870 3,276455 -0,669548 1,355777 3,313607 -0,165111 0,715124 3,346594
-0,204477 -0,049104 3,293071 0,190037 1,363191 3,268477 -0,713808 1,324107 3,227014 -0,163468 0,702115 3,298214
-0,203363 -0,048577 3,306810 0,191295 1,346650 3,250215 -0,763701 1,274199 3,138149 -0,164875 0,711617 3,346517
-0,208138 -0,046788 3,315803 0,188488 1,351496 3,251316 -0,814512 1,221504 3,062220 -0,177263 0,718614 3,382428
-0,206025 -0,046218 3,317203 0,187279 1,343518 3,237368 -0,851294 1,145757 2,972300 -0,164875 0,711617 3,346517
-0,203855 -0,051569 3,310464 0,186899 1,350992 3,240532 -0,873751 1,071800 2,917296 -0,164875 0,711617 3,346517
-0,211189 -0,048745 3,317399 0,189934 1,354618 3,243845 -0,862239 0,998954 2,859669 -0,165333 0,711501 3,346490
-0,214030 -0,055968 3,311878 0,185410 1,351544 3,240220 -0,820424 0,913331 2,793643 -0,165100 0,708013 3,346495
-0,212300 -0,048083 3,332213 0,183623 1,360128 3,253727 -0,722696 0,841964 2,731114 -0,164399 0,704553 3,346124
-0,218246 -0,063030 3,311389 0,180016 1,367370 3,255928 -0,581303 0,799522 2,686651 -0,157156 0,697574 3,346763
-0,213030 -0,067868 3,329872 0,172744 1,363588 3,257710 -0,422325 0,778536 2,667034 -0,163675 0,686737 3,344843
-0,222475 -0,065817 3,336386 0,166025 1,359690 3,249333 -0,288949 0,802369 2,750655 -0,163916 0,683225 3,345224
-0,224942 -0,057453 3,333844 0,165434 1,348198 3,243190 -0,235161 0,830998 2,848486 -0,158277 0,684371 3,371310
-0,223800 -0,061427 3,336742 0,173964 1,348614 3,250023 -0,242628 0,851094 2,866647 -0,158046 0,680813 3,371078
-0,220370 -0,066809 3,335949 0,179676 1,344927 3,249596 -0,304222 0,870639 2,840382 -0,169225 0,686502 3,382141
-0,214218 -0,061477 3,313105 0,193877 1,336671 3,246111 -0,384122 0,906110 2,832476 -0,148849 0,673293 3,367336
-0,208358 -0,045017 3,340619 0,207986 1,335524 3,260217 -0,498261 0,920650 2,779238 -0,159107 0,691464 3,332066
-0,207971 -0,049087 3,323811 0,218627 1,330314 3,266216 -0,625246 0,910337 2,764533 -0,161242 0,706979 3,358763
-0,210601 -0,042029 3,319766 0,233533 1,346871 3,285294 -0,733931 0,906082 2,787953 -0,178292 0,716266 3,407434
-0,212837 -0,039849 3,318549 0,240907 1,354001 3,308403 -0,781489 0,867059 2,773444 -0,181442 0,720974 3,394542
-0,212036 -0,052475 3,328052 0,248580 1,359611 3,324580 -0,769597 0,825608 2,737517 -0,172113 0,711481 3,345767
-0,218481 -0,050689 3,353277 0,244836 1,367907 3,322338 -0,696963 0,784901 2,708877 -0,164399 0,704553 3,346124
-0,222181 -0,054683 3,336866 0,247991 1,362426 3,334715 -0,569641 0,768540 2,699288 -0,167296 0,698599 3,333249
-0,223204 -0,066550 3,342167 0,232132 1,358058 3,303216 -0,406302 0,755533 2,691159 -0,163916 0,683225 3,345224
-0,224357 -0,067743 3,330730 0,215035 1,358906 3,285976 -0,274290 0,752802 2,769201 -0,164830 0,676095 3,346028
-0,232381 -0,058376 3,338233 0,197326 1,350657 3,256122 -0,211977 0,778603 2,872684 -0,158042 0,683201 3,346800
-0,228363 -0,066014 3,324271 0,185823 1,338346 3,244210 -0,195511 0,802949 2,895828 -0,161664 0,671302 3,358553
-0,222667 -0,066665 3,335839 0,177480 1,336405 3,221924 -0,205529 0,841007 2,901920 -0,164820 0,669000 3,345930
-0,224396 -0,074380 3,340597 0,175383 1,316621 3,180709 -0,248966 0,888495 2,890026 -0,158701 0,669995 3,371220
-0,216221 -0,065424 3,333604 0,179317 1,314735 3,184910 -0,328796 0,938317 2,865232 -0,159074 0,652993 3,352743
-0,214241 -0,057316 3,321045 0,182753 1,320764 3,199209 -0,416844 0,997254 2,854220 -0,160280 0,678366 3,356821
-0,209035 -0,051762 3,318963 0,189330 1,320719 3,201512 -0,512181 1,060789 2,857804 -0,158056 0,695111 3,371279
-0,214158 -0,051612 3,323022 0,197137 1,338371 3,233665 -0,600703 1,133371 2,911373 -0,166040 0,705618 3,371015
-0,207578 -0,049457 3,322699 0,209335 1,352628 3,265404 -0,664245 1,205656 2,978910 -0,169713 0,708013 3,382931
-0,208427 -0,051561 3,317385 0,213827 1,362167 3,285165 -0,695020 1,249744 3,042278 -0,172103 0,704373 3,345669
-0,210399 -0,044565 3,306706 0,219133 1,370389 3,301144 -0,705109 1,312562 3,144597 -0,175998 0,710261 3,357477
-0,209950 -0,052991 3,315363 0,222400 1,374292 3,325704 -0,697261 1,343842 3,222739 -0,179106 0,707818 3,344819
-0,211577 -0,051436 3,321585 0,225186 1,369721 3,343167 -0,676781 1,368518 3,297260 -0,171355 0,703178 3,321463
-0,209183 -0,051250 3,317156 0,223448 1,368951 3,348851 -0,642038 1,366667 3,357045 -0,179571 0,707735 3,344980
