38 12
-0,134440 0,042532 3,299954 0,403375 1,343451 3,318052 -0,570413 1,415467 3,206969 -0,116760 0,684163 3,314039
-0,140279 0,030687 3,307431 0,381553 1,324101 3,219267 -0,516092 1,406345 3,120731 -0,122158 0,668240 3,265838
-0,129540 0,037805 3,318137 0,352314 1,280444 3,112454 -0,458231 1,352281 3,029030 -0,122824 0,679617 3,289437
-0,142565 0,034686 3,322632 0,318505 1,233832 3,016427 -0,398788 1,286323 2,908301 -0,142085 0,675524 3,323781
-0,139575 0,031011 3,320355 0,280525 1,176953 2,920817 -0,355801 1,210504 2,809134 -0,141859 0,672013 3,323577
-0,140217 0,030900 3,337627 0,240347 1,121400 2,838625 -0,314242 1,145604 2,748753 -0,132949 0,659844 3,276327
-0,143572 0,018604 3,333570 0,198145 1,037580 2,775407 -0,272100 1,105076 2,722319 -0,129970 0,644615 3,288443
-0,139304 0,018116 3,330972 0,151468 0,982904 2,725699 -0,235634 1,050702 2,669154 -0,119797 0,622377 3,301032
-0,141008 0,019069 3,328666 0,113164 0,915001 2,690964 -0,210275 1,000795 2,657779 -0,121509 0,602269 3,348920
-0,145631 0,014344 3,317492 0,073776 0,858295 2,656459 -0,191213 0,961442 2,624527 -0,129465 0,580616 3,347150
-0,135268 -0,001297 3,299411 0,047095 0,831429 2,660883 -0,172029 0,933038 2,607500 -0,137510 0,569158 3,343493
-0,154929 -0,004149 3,331647 0,019279 0,812750 2,665493 -0,154150 0,914908 2,593249 -0,122696 0,642758 3,398930
-0,149556 -0,002239 3,314148 -0,021345 0,839145 2,682398 -0,158396 0,888371 2,570946 -0,128187 0,653762 3,462502
-0,147477 0,001772 3,275403 -0,036498 0,851194 2,690847 -0,168930 0,883289 2,568418 -0,132084 0,652335 3,475092
-0,140620 0,002974 3,277846 -0,037938 0,862284 2,683001 -0,185183 0,898149 2,587583 -0,129505 0,634732 3,373327
-0,143783 -0,002444 3,296227 -0,022224 0,868988 2,691866 -0,185524 0,916382 2,583542 -0,130686 0,574337 3,312690
-0,146784 0,000009 3,289263 -0,013286 0,871658 2,688370 -0,182959 0,935577 2,591041 -0,142136 0,571459 3,380742
-0,147539 0,012197 3,280423 0,000074 0,849628 2,680071 -0,177879 0,947372 2,608279 -0,131315 0,572644 3,366744
-0,144921 -0,001098 3,298809 -0,003167 0,871003 2,696245 -0,175710 0,941628 2,600842 -0,137362 0,572870 3,344290
-0,146991 0,005681 3,287485 -0,041663 0,893271 2,715955 -0,179216 0,933427 2,613416 -0,154194 0,586669 3,388940
-0,133089 0,005644 3,285390 -0,046281 0,903453 2,716782 -0,189430 0,938576 2,626935 -0,146399 0,583869 3,392290
-0,141960 0,017561 3,328922 -0,031800 0,886243 2,703042 -0,183818 0,959392 2,603402 -0,139530 0,557656 3,334419
-0,139259 -0,001239 3,279901 -0,016887 0,867117 2,695420 -0,190976 0,944844 2,602415 -0,121627 0,542170 3,347996
-0,145041 0,009082 3,283959 0,003148 0,849529 2,685009 -0,183246 0,960999 2,627617 -0,139194 0,573040 3,391850
-0,144675 0,008115 3,316216 -0,013900 0,868627 2,709289 -0,184230 0,952579 2,616171 -0,154243 0,580890 3,418150
-0,141565 0,014394 3,316813 -0,047403 0,894976 2,715670 -0,194936 0,909155 2,595300 -0,152908 0,594072 3,367095
-0,140969 0,017615 3,291585 -0,050058 0,905421 2,711039 -0,199901 0,916666 2,597902 -0,144195 0,581058 3,371209
-0,145553 0,010094 3,291997 -0,040637 0,901999 2,716128 -0,193566 0,951675 2,641580 -0,132871 0,558008 3,359539
-0,143304 0,010887 3,279544 -0,014960 0,902576 2,692503 -0,198622 0,957313 2,627932 -0,128175 0,552523 3,323395
-0,136403 0,018476 3,297392 0,015744 0,898006 2,675064 -0,203732 0,974312 2,637698 -0,134830 0,570125 3,323081
-0,149540 0,017917 3,303750 0,065033 0,912623 2,669124 -0,222659 0,982729 2,646141 -0,128029 0,584152 3,323907
-0,150250 0,018729 3,318453 0,119047 0,938221 2,689717 -0,243856 1,017848 2,654015 -0,139648 0,621050 3,335279
-0,147561 0,022843 3,324844 0,188146 0,979136 2,716203 -0,275293 1,086513 2,695638 -0,142281 0,643776 3,323454
-0,145897 0,026095 3,323479 0,260919 1,039289 2,725686 -0,318849 1,158071 2,751470 -0,141855 0,657916 3,323399
-0,148189 0,031208 3,337210 0,334986 1,098402 2,807773 -0,378033 1,241387 2,832372 -0,137109 0,665448 3,288065
-0,148357 0,032719 3,317835 0,410074 1,146589 2,900252 -0,446848 1,322358 2,927773 -0,140738 0,670128 3,276268
-0,147319 0,042444 3,304473 0,482054 1,197815 2,992527 -0,513105 1,388492 3,019388 -0,137336 0,675907 3,288339
-0,143793 0,034377 3,308478 0,542092 1,250763 3,101058 -0,576308 1,435255 3,147809 -0,135416 0,690814 3,348706
