22 12
-0,160635 -0,031594 3,405670 0,316707 1,375981 3,385383 -0,516139 1,262923 2,930296 -0,092303 0,662886 3,351796
-0,158506 -0,027840 3,402813 0,319579 1,373648 3,361606 -0,483000 1,146858 2,755448 -0,091327 0,654149 3,303464
-0,156897 -0,036792 3,417912 0,305999 1,376684 3,331479 -0,454771 0,874710 2,497620 -0,079904 0,646559 3,338717
-0,159071 -0,030613 3,417681 0,294895 1,374933 3,334442 -0,313668 0,531477 2,273965 -0,122111 0,698733 3,489642
-0,160775 -0,016428 3,432967 0,286915 1,380305 3,347173 -0,289822 0,391205 2,234331 -0,110946 0,705100 3,503984
-0,161675 -0,023801 3,431842 0,275374 1,379393 3,345791 -0,255847 0,199918 2,323537 -0,090610 0,747182 3,441211
-0,156139 -0,045122 3,430269 0,267002 1,394259 3,384595 -0,227040 0,097067 2,293122 -0,103910 0,718097 3,476404
-0,158093 -0,048966 3,419444 0,264437 1,384651 3,375416 -0,213722 0,064168 2,294054 -0,103910 0,718097 3,476404
-0,157144 -0,040076 3,409676 0,269502 1,398739 3,401466 -0,220020 0,032730 2,299053 -0,092713 0,724576 3,490861
-0,160399 -0,037368 3,402584 0,275995 1,382238 3,393529 -0,204250 0,019596 2,301281 -0,087997 0,713632 3,452296
-0,158468 -0,055040 3,396515 0,278639 1,373565 3,369672 -0,222023 0,020169 2,290363 -0,084708 0,712317 3,464912
-0,159904 -0,043375 3,398937 0,282636 1,372094 3,373105 -0,217313 0,026049 2,296770 -0,111399 0,719735 3,503725
-0,155433 -0,036367 3,399557 0,290086 1,383678 3,387699 -0,211537 0,032742 2,282845 -0,107540 0,720853 3,490391
-0,161043 -0,037315 3,412107 0,292050 1,375558 3,381380 -0,218314 0,036926 2,316187 -0,092713 0,724576 3,490861
-0,152014 -0,038718 3,390935 0,291872 1,374203 3,369391 -0,227392 0,059184 2,311024 -0,103485 0,718405 3,477472
-0,155323 -0,024390 3,403878 0,292305 1,376001 3,372869 -0,257397 0,156035 2,336638 -0,092817 0,739176 3,435461
-0,158144 -0,011354 3,422337 0,292533 1,373589 3,365730 -0,274856 0,233167 2,319813 -0,103043 0,711269 3,478055
-0,144399 -0,027431 3,418892 0,297298 1,384557 3,379004 -0,298657 0,466845 2,325997 -0,098786 0,697940 3,465261
-0,134526 -0,038624 3,418140 0,292831 1,384756 3,388127 -0,408830 0,814914 2,517072 -0,062157 0,652449 3,352401
-0,129838 -0,031543 3,409603 0,300174 1,381621 3,382272 -0,451930 0,986200 2,654887 -0,070640 0,671143 3,377732
-0,132225 -0,030781 3,405081 0,311412 1,388616 3,416981 -0,473908 1,230994 2,900828 -0,077544 0,673706 3,352763
-0,131453 -0,030539 3,391035 0,306966 1,357119 3,385612 -0,560536 1,361528 3,164510 -0,085919 0,674458 3,376806
