42 12
-0,200029 0,003236 3,345962 0,300434 1,328064 3,308766 -0,612003 1,402284 3,318003 -0,151019 0,720276 3,372529
-0,197635 0,004428 3,349153 0,354105 1,299496 3,261951 -0,659979 1,391376 3,259875 -0,150395 0,718988 3,348028
-0,192489 0,006004 3,338182 0,422408 1,253649 3,197144 -0,723351 1,342849 3,178825 -0,153344 0,713015 3,335342
-0,195238 -0,003810 3,350267 0,500795 1,196922 3,105146 -0,807218 1,279738 3,082126 -0,160787 0,702226 3,334594
-0,198006 0,011209 3,360715 0,608696 1,098588 3,026913 -0,900932 1,168916 2,981735 -0,160565 0,712888 3,334633
-0,198359 0,007413 3,349238 0,713994 0,968671 2,957447 -1,005156 1,040523 2,900652 -0,162422 0,722515 3,383897
-0,202509 -0,000194 3,370752 0,819021 0,806891 2,904115 -1,110909 0,869306 2,844356 -0,172869 0,712720 3,370216
-0,198584 0,004633 3,364638 0,888456 0,614615 2,872411 -1,157734 0,643661 2,767646 -0,169950 0,711572 3,383099
-0,200981 0,002920 3,353463 0,928443 0,422965 2,866109 -1,190717 0,434060 2,706687 -0,179774 0,697008 3,344788
-0,200189 0,006672 3,366014 0,951549 0,255942 2,872085 -1,191085 0,249894 2,661686 -0,193993 0,693232 3,343151
-0,204232 0,010404 3,354602 0,964174 0,113222 2,936096 -1,221915 0,097180 2,698615 -0,193772 0,696834 3,343148
-0,204971 0,018262 3,344207 0,948471 -0,000425 2,919978 -1,237941 -0,029364 2,764244 -0,190713 0,699244 3,355821
-0,216437 0,006649 3,342528 0,926834 -0,078622 2,936704 -1,230656 -0,129758 2,770423 -0,194207 0,689613 3,343071
-0,210972 0,021927 3,339932 0,930594 -0,141432 2,997627 -1,221217 -0,186438 2,814950 -0,189627 0,701669 3,331498
-0,210398 0,017644 3,310704 0,925427 -0,186778 2,979897 -1,215078 -0,217915 2,825560 -0,197728 0,702687 3,354877
-0,206571 0,017404 3,315787 0,904884 -0,194248 3,000150 -1,212982 -0,220741 2,829508 -0,189835 0,691001 3,331401
-0,201925 0,016203 3,331172 0,907278 -0,188390 3,006610 -1,217771 -0,183262 2,836399 -0,194674 0,705126 3,367641
-0,200511 0,022272 3,342051 0,915393 -0,142496 2,976180 -1,223067 -0,114929 2,804015 -0,178515 0,712601 3,407417
-0,204841 0,014567 3,350569 0,923212 -0,068683 2,972210 -1,194829 -0,004833 2,743861 -0,196585 0,698012 3,330469
-0,200227 0,012326 3,345229 0,928090 -0,001434 2,984284 -1,177870 0,088573 2,752418 -0,194901 0,701517 3,367728
-0,205512 0,005468 3,346137 0,940063 -0,002174 2,992004 -1,192021 0,139249 2,771839 -0,204720 0,698984 3,353709
-0,202694 0,013473 3,346824 0,942937 -0,053560 2,987321 -1,186944 0,120329 2,759996 -0,209419 0,701198 3,365950
-0,201815 0,009284 3,327155 0,930506 -0,107777 2,982310 -1,192070 0,072557 2,754359 -0,205192 0,698932 3,354082
-0,203717 0,016184 3,316424 0,933500 -0,156672 3,012144 -1,212183 0,008305 2,779869 -0,206396 0,703644 3,378811
-0,214834 0,014822 3,321757 0,929821 -0,205254 3,073527 -1,227888 -0,057481 2,798012 -0,197716 0,695564 3,354776
-0,216830 0,018550 3,335052 0,890556 -0,211202 3,068941 -1,235089 -0,111553 2,836215 -0,196574 0,690938 3,330374
-0,212004 0,021244 3,320532 0,865512 -0,192827 3,051011 -1,233941 -0,145766 2,841839 -0,193067 0,700433 3,342554
-0,215448 0,020362 3,334669 0,881884 -0,165160 3,023634 -1,231878 -0,127938 2,866998 -0,193993 0,693232 3,343151
-0,216405 0,012819 3,340963 0,922705 -0,100756 3,032650 -1,223703 -0,056127 2,826531 -0,202163 0,701360 3,366853
-0,215448 0,015838 3,362455 0,936123 0,008346 2,988096 -1,210025 0,078468 2,810479 -0,201935 0,704968 3,366761
-0,204204 -0,004269 3,338557 0,954695 0,132584 3,016500 -1,171594 0,229218 2,757259 -0,195806 0,702699 3,392444
-0,202894 0,008429 3,354913 0,956328 0,247811 2,988027 -1,165737 0,383602 2,779722 -0,191600 0,707580 3,380488
-0,205089 0,004674 3,371412 0,968579 0,344525 3,005627 -1,162674 0,559453 2,800486 -0,181786 0,722298 3,419118
-0,200803 -0,002024 3,359677 0,970332 0,441325 3,004770 -1,121594 0,716837 2,823171 -0,181191 0,710199 3,394251
-0,205295 -0,006747 3,368054 0,936700 0,541767 3,014847 -1,075217 0,871279 2,858739 -0,177819 0,716310 3,407099
-0,206171 0,000924 3,370116 0,905573 0,675206 3,025397 -0,990936 0,997615 2,882263 -0,181211 0,724609 3,394469
-0,206339 0,005893 3,363350 0,861170 0,834266 3,104116 -0,907305 1,114572 2,946556 -0,177274 0,725799 3,382535
-0,209224 0,001265 3,358033 0,763466 0,967673 3,129919 -0,816435 1,210089 3,010884 -0,164164 0,715211 3,345997
-0,211302 0,005083 3,352571 0,660672 1,101963 3,212831 -0,733029 1,294852 3,122553 -0,164651 0,722318 3,346554
-0,211346 0,005629 3,363941 0,552833 1,204438 3,272997 -0,651016 1,354141 3,211575 -0,172641 0,723471 3,370169
-0,211116 0,008889 3,348179 0,452693 1,294575 3,348013 -0,584687 1,405105 3,297496 -0,161494 0,724808 3,359199
-0,211597 -0,001133 3,329805 0,352405 1,343398 3,409382 -0,540858 1,382387 3,323855 -0,172878 0,719879 3,370319
