22 12
-0,101054 -0,032671 3,404111 0,295608 1,390381 3,325689 -0,550564 1,382677 3,318175 -0,074106 0,668864 3,365163
-0,096433 -0,030647 3,404508 0,297123 1,391546 3,320672 -0,567074 1,353490 3,216279 -0,074750 0,672295 3,365019
-0,095475 -0,031499 3,388623 0,302609 1,399099 3,343024 -0,613802 1,127672 2,766490 -0,063220 0,663133 3,353383
-0,102007 -0,026853 3,419201 0,308719 1,403301 3,365224 -0,484694 0,826470 2,458543 -0,040381 0,644756 3,329329
-0,108859 -0,025961 3,421802 0,298752 1,391037 3,340003 -0,427333 0,649608 2,314840 -0,090943 0,688246 3,491737
-0,119631 -0,005869 3,402117 0,313233 1,388721 3,356269 -0,377425 0,365946 2,278513 -0,090590 0,696948 3,440043
-0,128323 -0,025733 3,405498 0,318119 1,389024 3,385104 -0,282234 0,173562 2,186588 -0,077696 0,734073 3,464357
-0,134778 -0,031176 3,394044 0,315235 1,391074 3,381845 -0,254226 0,122479 2,197067 -0,080982 0,720719 3,451710
-0,144089 -0,032123 3,389114 0,305359 1,370631 3,380279 -0,240520 0,062928 2,231181 -0,096220 0,729398 3,477619
-0,150648 -0,046290 3,392346 0,312625 1,369523 3,389571 -0,223031 0,047277 2,173577 -0,084687 0,714392 3,437918
-0,158513 -0,026915 3,401516 0,313826 1,370326 3,400580 -0,208357 0,042180 2,209538 -0,088939 0,733000 3,477503
-0,163547 -0,040403 3,386663 0,323025 1,378402 3,436772 -0,212582 0,038083 2,212214 -0,096630 0,721682 3,476229
-0,160938 -0,032730 3,388715 0,324204 1,363814 3,415563 -0,192874 0,032230 2,210347 -0,096220 0,729398 3,477619
-0,165082 -0,028592 3,403857 0,328223 1,377200 3,431434 -0,201052 0,031859 2,220521 -0,073535 0,728107 3,452172
-0,166136 -0,036648 3,396599 0,330960 1,369338 3,412027 -0,197036 0,051516 2,219305 -0,099704 0,734187 3,464457
-0,157763 -0,022588 3,397910 0,330651 1,371971 3,407417 -0,213979 0,142593 2,227610 -0,081679 0,740148 3,422257
-0,156412 -0,003699 3,374513 0,328726 1,371364 3,399857 -0,239059 0,226239 2,205031 -0,097511 0,757872 3,387601
-0,141717 -0,025949 3,401837 0,316965 1,380322 3,378756 -0,235696 0,503702 2,238614 -0,091384 0,702976 3,492153
-0,133337 -0,033444 3,395071 0,312370 1,383910 3,396995 -0,384090 0,893809 2,502470 -0,051567 0,665429 3,365674
-0,126248 -0,031823 3,384216 0,315305 1,364056 3,367806 -0,451319 1,086891 2,682456 -0,048901 0,683043 3,403856
-0,117088 -0,031037 3,386758 0,330581 1,377077 3,397557 -0,481089 1,304772 3,010473 -0,055993 0,678403 3,378526
-0,117974 -0,031810 3,392237 0,324063 1,295114 3,332430 -0,571068 1,343292 3,312728 -0,064075 0,682878 3,403144
