20 12
-0,210706 -0,043069 3,339449 0,224886 1,371422 3,305985 -0,619432 1,387483 3,116470 -0,154436 0,699928 3,359666
-0,219618 -0,048710 3,347117 0,223138 1,363845 3,284795 -0,570750 1,246125 2,836073 -0,140126 0,703683 3,361056
-0,224601 -0,056696 3,363359 0,224089 1,357343 3,273796 -0,532121 1,100863 2,641147 -0,144824 0,680281 3,311112
-0,224421 -0,060796 3,374068 0,218142 1,367215 3,281323 -0,516412 0,722451 2,353780 -0,141724 0,683486 3,346493
-0,231645 -0,040568 3,363462 0,215307 1,366328 3,298517 -0,391535 0,355273 2,182894 -0,159476 0,747990 3,460215
-0,236423 -0,051099 3,380601 0,212749 1,374937 3,315935 -0,381143 0,230067 2,182749 -0,141872 0,782045 3,384064
-0,232401 -0,051455 3,340354 0,208090 1,369702 3,320764 -0,351534 0,069976 2,241905 -0,157666 0,760850 3,381798
-0,250197 -0,083423 3,376050 0,198488 1,383517 3,333870 -0,322295 0,006967 2,231073 -0,165874 0,751388 3,406019
-0,244458 -0,069327 3,370280 0,198632 1,378908 3,318775 -0,317610 -0,002389 2,241427 -0,172037 0,749991 3,381023
-0,253438 -0,064884 3,354973 0,209799 1,371237 3,341805 -0,320411 -0,000194 2,235369 -0,159467 0,763968 3,432243
-0,249787 -0,073899 3,374687 0,221995 1,369859 3,321063 -0,333672 0,019321 2,249177 -0,162666 0,754020 3,419025
-0,244858 -0,077241 3,349228 0,230920 1,363767 3,325103 -0,332462 0,027677 2,235468 -0,148755 0,759470 3,445904
-0,249666 -0,065488 3,353823 0,236825 1,365590 3,335314 -0,336069 0,068569 2,219838 -0,157415 0,750274 3,382352
-0,234252 -0,020275 3,341076 0,238705 1,371217 3,335218 -0,367638 0,199541 2,239558 -0,156843 0,769506 3,442657
-0,234038 -0,044993 3,321313 0,234447 1,371736 3,335588 -0,394105 0,318065 2,247603 -0,160853 0,726198 3,422122
-0,210896 -0,068256 3,331823 0,222722 1,367782 3,292536 -0,402179 0,655088 2,362087 -0,127676 0,682789 3,325118
-0,206656 -0,048868 3,328108 0,223155 1,373875 3,306124 -0,538322 1,033579 2,618830 -0,143936 0,695305 3,372941
-0,194694 -0,044996 3,318890 0,230696 1,362354 3,317053 -0,571790 1,183392 2,778713 -0,142665 0,690705 3,348055
-0,201889 -0,052915 3,308784 0,246496 1,387511 3,357628 -0,571263 1,379526 3,093039 -0,150374 0,697650 3,347736
-0,197728 -0,048577 3,311576 0,260190 1,378503 3,340294 -0,595374 1,414607 3,271940 -0,139330 0,691909 3,336480
