26 12
-0,174555 0,012648 3,387030 0,240181 1,368323 3,314692 -0,590997 1,361813 3,369224 -0,142729 0,664796 3,323648
-0,175779 0,013951 3,373197 0,236330 1,365505 3,276991 -0,575496 1,358896 3,300869 -0,142729 0,664796 3,323648
-0,176292 0,017061 3,384258 0,166164 1,277973 3,078269 -0,571492 1,272538 3,110384 -0,139291 0,656519 3,336007
-0,172551 0,010068 3,380162 0,131803 1,197872 3,008604 -0,470935 1,089075 2,873670 -0,142287 0,650819 3,323545
-0,171988 0,005331 3,380869 0,088654 1,111113 2,937342 -0,434421 0,985514 2,794236 -0,138421 0,635430 3,335272
-0,174299 -0,005168 3,364715 -0,013313 0,949234 2,752698 -0,400015 0,834375 2,782940 -0,133297 0,593257 3,359590
-0,170443 -0,009381 3,374891 -0,071719 0,902379 2,799216 -0,296846 0,731933 2,674331 -0,138957 0,594898 3,393833
-0,169470 -0,006361 3,377804 -0,178242 0,843247 2,975246 -0,260513 0,750030 2,669401 -0,128302 0,589871 3,407108
-0,169142 -0,016767 3,372593 -0,185826 0,931307 2,982867 -0,229977 0,806064 2,732960 -0,109013 0,633566 3,450646
-0,171509 -0,013415 3,356156 -0,095887 0,883260 2,757822 -0,256301 0,800023 2,781529 -0,129639 0,585790 3,428572
-0,162664 -0,023683 3,343903 -0,103334 0,916839 2,765313 -0,272061 0,799320 2,786824 -0,127767 0,589289 3,381382
-0,161511 -0,012760 3,346233 -0,098624 0,908978 2,809475 -0,244070 0,847395 2,805548 -0,115996 0,632756 3,424570
-0,168972 -0,018623 3,337041 -0,149414 0,968346 2,927540 -0,234842 0,860433 2,775731 -0,112471 0,570463 3,368561
-0,164974 -0,013420 3,353909 -0,103470 0,926476 2,778846 -0,246190 0,841762 2,787263 -0,127036 0,578276 3,356618
-0,169094 -0,021533 3,322212 -0,082020 0,909664 2,774462 -0,269508 0,779878 2,748518 -0,122426 0,591178 3,347421
-0,163394 -0,007376 3,336591 -0,189075 0,989677 2,988834 -0,224464 0,825959 2,755849 -0,108704 0,572140 3,379220
-0,167565 -0,010546 3,349835 -0,203706 0,974401 2,932896 -0,224618 0,846139 2,767797 -0,108447 0,582656 3,378230
-0,169418 -0,014210 3,321446 -0,141534 0,948261 2,910435 -0,243925 0,838458 2,746105 -0,116787 0,530074 3,335779
-0,171223 -0,007153 3,330606 -0,070522 0,920974 2,726655 -0,293829 0,885446 2,820590 -0,136118 0,556110 3,347005
-0,178704 0,005452 3,344155 -0,028524 0,954023 2,730680 -0,333605 0,924872 2,842484 -0,133659 0,593015 3,358817
-0,169358 0,012832 3,347614 0,094745 1,104833 2,902307 -0,400271 1,022367 2,792605 -0,130688 0,634836 3,312075
-0,178776 0,019394 3,370879 0,175935 1,160074 2,851554 -0,553325 1,219776 3,029534 -0,135516 0,657853 3,324174
-0,174006 0,012850 3,343062 0,232707 1,228511 2,931185 -0,602541 1,284322 3,112828 -0,135309 0,661444 3,324306
-0,176581 0,023667 3,330784 0,355534 1,352097 3,203250 -0,630451 1,355600 3,224242 -0,134349 0,660638 3,300383
-0,174683 0,019641 3,327900 0,361761 1,385089 3,332432 -0,661409 1,354903 3,344110 -0,134568 0,664090 3,300420
-0,178917 0,015255 3,336217 0,348101 1,404350 3,415414 -0,650251 1,362137 3,397405 -0,149104 0,667309 3,299129
