24 12
-0,175904 -0,072815 3,215305 -0,041559 1,496939 3,176772 -0,623739 1,457436 3,272437 -0,150168 0,670338 3,240466
-0,175116 -0,069283 3,214157 0,016803 1,550453 3,344246 -0,666871 1,286930 2,855208 -0,153497 0,671499 3,228700
-0,173250 -0,076629 3,227653 -0,028014 1,588535 3,278812 -0,554100 1,068257 2,566829 -0,145564 0,664848 3,228815
-0,177937 -0,080676 3,252105 -0,059744 1,492326 3,098399 -0,473389 0,900403 2,369902 -0,137155 0,644064 3,226423
-0,169923 -0,075549 3,246451 -0,039411 1,564058 3,287276 -0,375042 0,611119 2,300391 -0,125591 0,677323 3,276835
-0,173122 -0,058777 3,265912 -0,069698 1,538062 3,296144 -0,158772 0,260663 2,066060 -0,151588 0,774025 3,346354
-0,173592 -0,064287 3,251037 -0,086986 1,554565 3,309455 -0,101514 0,145561 2,106273 -0,130372 0,761297 3,268203
-0,162653 -0,069710 3,277395 -0,068407 1,574814 3,295220 -0,004239 0,005041 2,268233 -0,132971 0,763206 3,259731
-0,149282 -0,074318 3,296094 -0,101106 1,552214 3,256216 0,044517 -0,036008 2,233712 -0,132823 0,769269 3,286702
-0,144414 -0,074631 3,308607 -0,074896 1,518862 3,208284 0,061132 -0,036946 2,254282 -0,133056 0,772545 3,285983
-0,138128 -0,078244 3,322609 -0,087132 1,512629 3,188124 0,081104 -0,029607 2,267316 -0,122657 0,775268 3,298591
-0,140709 -0,084724 3,318357 -0,102516 1,553434 3,270594 0,084031 -0,016100 2,271778 -0,133081 0,779567 3,286075
-0,143638 -0,080606 3,311835 -0,095112 1,570242 3,310784 0,081597 -0,013716 2,272764 -0,123125 0,781782 3,296889
-0,146404 -0,083809 3,311564 -0,084015 1,560780 3,297096 0,074722 -0,011380 2,269608 -0,122891 0,778535 3,297778
-0,145062 -0,072388 3,321297 -0,097048 1,601026 3,334642 0,061650 -0,014480 2,279175 -0,126823 0,781057 3,309492
-0,147237 -0,079178 3,310056 -0,089466 1,571890 3,296482 0,054206 -0,013122 2,276278 -0,113444 0,778785 3,332399
-0,158617 -0,079311 3,252036 -0,082331 1,556534 3,275695 0,018655 0,020611 2,238781 -0,120231 0,769685 3,306728
-0,153550 -0,059778 3,238890 -0,087584 1,551582 3,294507 -0,048570 0,132089 2,330145 -0,128149 0,781803 3,330455
-0,152039 -0,070008 3,234418 -0,091647 1,616467 3,415308 -0,080169 0,217195 2,336501 -0,129829 0,731238 3,374614
-0,137748 -0,075259 3,253188 -0,057479 1,557372 3,339665 -0,167033 0,458905 2,254075 -0,114810 0,707137 3,325299
-0,130984 -0,084191 3,241451 -0,018952 1,542847 3,219103 -0,409929 0,877216 2,602649 -0,107058 0,654442 3,265535
-0,133698 -0,078456 3,231828 -0,029871 1,533738 3,170050 -0,503237 1,054176 2,699715 -0,111801 0,670563 3,278389
-0,147551 -0,079566 3,227714 0,015001 1,488401 3,171828 -0,555417 1,291882 2,922675 -0,118952 0,669478 3,254681
-0,159731 -0,068333 3,237201 -0,061445 1,560850 3,305789 -0,637760 1,393392 3,152484 -0,126278 0,680812 3,277526
