19 12
-0,210382 -0,055110 3,258917 0,241240 1,387654 3,278776 -0,666409 1,352173 3,094168 -0,159886 0,704619 3,310548
-0,208100 -0,056962 3,258473 0,241322 1,387078 3,282357 -0,605348 1,277809 2,861319 -0,155619 0,691870 3,298722
-0,206318 -0,058331 3,272169 0,249791 1,379640 3,265500 -0,548181 1,144029 2,657161 -0,159410 0,690594 3,310094
-0,211922 -0,048956 3,278819 0,238653 1,396673 3,285351 -0,478091 0,873768 2,451362 -0,143872 0,680106 3,309366
-0,219718 -0,047045 3,298922 0,229878 1,393372 3,283191 -0,237476 0,477347 2,129175 -0,192198 0,748556 3,444340
-0,225095 -0,007620 3,310858 0,226837 1,387884 3,281340 -0,200235 0,339580 2,121516 -0,156773 0,806314 3,350045
-0,231464 -0,018778 3,305719 0,206384 1,377399 3,251766 -0,140138 0,148889 2,216170 -0,151727 0,795455 3,346711
-0,217349 -0,033523 3,285407 0,197622 1,376441 3,252137 -0,111480 0,062210 2,209246 -0,157911 0,779373 3,352654
-0,222796 -0,041485 3,274351 0,204167 1,374904 3,276556 -0,102689 0,043545 2,224426 -0,149805 0,774324 3,328843
-0,220164 -0,043450 3,288124 0,202988 1,376113 3,280637 -0,100790 0,035791 2,226519 -0,155372 0,784070 3,391207
-0,215689 -0,037083 3,249759 0,207278 1,377836 3,300797 -0,111527 0,056736 2,231769 -0,171246 0,770666 3,328100
-0,212139 -0,038731 3,274207 0,212745 1,383415 3,309037 -0,122225 0,075186 2,232590 -0,162964 0,794439 3,389655
-0,206693 -0,035942 3,285020 0,216929 1,382901 3,304910 -0,154998 0,156709 2,181246 -0,160624 0,777938 3,313655
-0,203661 -0,040227 3,265112 0,217375 1,381443 3,282294 -0,225327 0,360434 2,246605 -0,172487 0,757647 3,434277
-0,199277 -0,052008 3,263095 0,218402 1,383489 3,270943 -0,281978 0,510408 2,306307 -0,169970 0,725942 3,383312
-0,189626 -0,080890 3,272396 0,212910 1,380849 3,250460 -0,339483 0,833656 2,380642 -0,152779 0,681972 3,357037
-0,177246 -0,058722 3,256188 0,226188 1,384534 3,274974 -0,570889 1,214385 2,778737 -0,152469 0,694218 3,311017
-0,183735 -0,056581 3,269207 0,223207 1,381524 3,252037 -0,629685 1,313588 2,916536 -0,153567 0,702352 3,335297
-0,191702 -0,049759 3,225594 0,236780 1,389489 3,288880 -0,646259 1,424031 3,184235 -0,160796 0,709313 3,334689
