12 12
-0,131215 -0,108364 3,423311 0,260889 1,385364 3,342416 -0,627489 1,118941 3,375339 -0,108010 0,650119 3,400142
-0,130972 -0,110670 3,426627 0,255853 1,386712 3,338045 -0,723609 0,847721 3,200956 -0,119617 0,656699 3,437190
-0,131389 -0,112012 3,418355 0,248159 1,393221 3,330574 -0,799950 0,195578 2,909399 -0,105414 0,645878 3,438284
-0,144993 -0,114232 3,449324 0,250884 1,376100 3,319007 -0,755982 -0,321452 2,920834 -0,116870 0,647966 3,450347
-0,151327 -0,103124 3,443206 0,257085 1,368253 3,312648 -0,751063 -0,499373 3,031255 -0,108418 0,642816 3,399880
-0,158117 -0,102810 3,428041 0,255386 1,362233 3,325625 -0,764800 -0,696556 3,254577 -0,098751 0,653991 3,464535
-0,145453 -0,110681 3,412656 0,248165 1,377263 3,323050 -0,711026 -0,598701 3,193384 -0,093512 0,639439 3,400925
-0,141104 -0,108885 3,407746 0,248488 1,396385 3,334265 -0,714349 -0,468548 3,181687 -0,098958 0,657565 3,464369
-0,116565 -0,111071 3,445048 0,246893 1,387974 3,321105 -0,751582 0,008450 2,949427 -0,094550 0,655497 3,452007
-0,102050 -0,108229 3,429696 0,243849 1,386816 3,334552 -0,765635 0,596736 2,888488 -0,094553 0,662790 3,452124
-0,108423 -0,110165 3,440395 0,245160 1,386628 3,333462 -0,712746 0,840648 2,882720 -0,108012 0,657311 3,400249
-0,115847 -0,109722 3,416863 0,242938 1,380754 3,336073 -0,571965 1,313791 3,471689 -0,108221 0,653666 3,400160
