16 12
-0,082270 -0,109293 3,280339 0,338151 1,378442 3,217915 -0,379407 1,398684 3,184421 -0,037274 0,674319 3,318206
-0,083634 -0,112433 3,291373 0,339774 1,373606 3,219607 -0,424263 1,277640 3,006785 -0,040318 0,672981 3,329659
-0,083365 -0,114298 3,280592 0,336131 1,373820 3,207233 -0,581443 0,957322 3,065000 -0,047560 0,665026 3,305531
-0,086168 -0,109061 3,293759 0,342158 1,369172 3,194284 -0,572896 0,718714 2,798075 -0,054263 0,664090 3,281319
-0,090830 -0,107696 3,293344 0,336587 1,375824 3,183704 -0,477654 0,419307 2,927634 -0,055347 0,674496 3,281816
-0,076716 -0,107885 3,286961 0,330355 1,379133 3,174086 -0,599404 0,375641 3,069770 -0,040619 0,667674 3,282375
-0,069799 -0,096139 3,294579 0,325526 1,374681 3,163202 -0,661062 0,302103 2,873718 -0,040746 0,680081 3,330116
-0,063945 -0,106094 3,306391 0,315301 1,367590 3,144012 -0,518601 0,293436 2,992871 -0,051897 0,669742 3,293705
-0,065423 -0,108051 3,307225 0,308096 1,374943 3,167204 -0,562767 0,314160 3,046549 -0,044506 0,673322 3,294098
-0,061083 -0,108211 3,303826 0,301226 1,375900 3,165407 -0,643030 0,278577 2,963754 -0,044067 0,673356 3,294038
-0,056670 -0,107014 3,309251 0,310706 1,382571 3,171741 -0,638433 0,353359 2,823540 -0,051478 0,677771 3,317631
-0,052628 -0,115357 3,309393 0,317236 1,372931 3,158311 -0,700345 0,721970 2,802353 -0,033177 0,665093 3,306067
-0,046017 -0,108052 3,304441 0,315728 1,386911 3,161295 -0,676264 0,910888 2,745823 -0,037120 0,669886 3,294322
-0,049669 -0,112637 3,293429 0,334822 1,381416 3,182736 -0,555296 1,343375 3,211181 -0,036835 0,674317 3,317999
-0,065160 -0,118245 3,327404 0,332440 1,351776 3,181744 -0,409219 1,353787 3,153628 -0,040711 0,681060 3,354287
-0,068822 -0,114477 3,322073 0,339633 1,356435 3,197259 -0,405510 1,391972 3,255981 -0,047993 0,672978 3,329755
