26 12
-0,074955 -0,095235 3,323667 0,338074 1,450072 3,334444 -0,479390 1,438935 3,350230 -0,022908 0,689102 3,417343
-0,073266 -0,092141 3,328265 0,318032 1,425356 3,275369 -0,535339 1,401953 3,317303 -0,019410 0,683168 3,404796
-0,069496 -0,096922 3,345741 0,307344 1,438121 3,299555 -0,667723 1,143516 2,895817 -0,011812 0,691481 3,430340
-0,065749 -0,096093 3,345486 0,311375 1,407055 3,219954 -0,874179 1,022921 3,063540 -0,012038 0,687846 3,430334
-0,064072 -0,104288 3,347313 0,315049 1,420505 3,237977 -0,880025 0,811538 2,937308 -0,023212 0,672693 3,367209
-0,063229 -0,101367 3,364146 0,311148 1,424788 3,252366 -0,856184 0,439419 2,844253 -0,019170 0,693991 3,404892
-0,063006 -0,108763 3,377411 0,317440 1,468073 3,325838 -0,725206 0,147217 2,766054 -0,019313 0,674034 3,355068
-0,064340 -0,108335 3,384199 0,308938 1,467094 3,330094 -0,679259 0,062374 2,829305 -0,019623 0,686750 3,404812
-0,055308 -0,113946 3,391911 0,278133 1,452118 3,270498 -0,661392 -0,024335 2,958499 -0,030296 0,676259 3,367080
-0,049015 -0,118946 3,399450 0,309128 1,449348 3,255397 -0,634927 -0,078591 2,927395 -0,026465 0,682134 3,379564
-0,050747 -0,119450 3,390805 0,288898 1,474045 3,302187 -0,638898 -0,082225 2,952821 -0,022779 0,672723 3,367186
-0,039192 -0,111890 3,405813 0,298040 1,463291 3,291665 -0,647979 -0,084405 2,922222 -0,030296 0,676259 3,367080
-0,039089 -0,111044 3,388856 0,306562 1,473498 3,314872 -0,658739 -0,106058 2,938800 -0,015646 0,678887 3,343011
-0,037457 -0,111830 3,391380 0,288374 1,472639 3,315834 -0,659980 -0,098542 2,946688 -0,015444 0,687016 3,367546
-0,035673 -0,112288 3,399106 0,310108 1,445957 3,273288 -0,672189 -0,091962 2,927248 -0,012240 0,677585 3,355232
-0,037973 -0,105028 3,398590 0,301496 1,443361 3,263921 -0,678421 -0,079579 2,943838 -0,011791 0,689336 3,380019
-0,036834 -0,117858 3,397463 0,320411 1,446174 3,256700 -0,684441 -0,081367 2,952142 -0,008151 0,679892 3,367608
-0,036908 -0,110001 3,408082 0,301616 1,461267 3,298115 -0,692652 -0,061002 2,911744 -0,008362 0,683456 3,367692
-0,030956 -0,116139 3,402846 0,308389 1,432930 3,216117 -0,723089 0,021080 2,923438 -0,004519 0,677624 3,355365
-0,028468 -0,109867 3,390774 0,285030 1,505033 3,362958 -0,732116 0,114849 2,910949 0,003313 0,689308 3,379957
-0,018257 -0,106651 3,416280 0,305050 1,460890 3,266358 -0,742007 0,384166 2,901956 -0,000777 0,684491 3,392597
-0,009660 -0,104620 3,392755 0,295696 1,441948 3,207922 -0,655994 0,715464 2,749049 0,010487 0,677586 3,355266
-0,012150 -0,109128 3,403892 0,314447 1,430763 3,213652 -0,614122 0,878699 2,785947 0,002994 0,681174 3,355406
-0,011409 -0,099142 3,393072 0,295613 1,443527 3,233639 -0,546042 1,255926 3,160980 -0,004063 0,684695 3,355136
-0,020358 -0,097621 3,404701 0,281549 1,439025 3,233492 -0,476496 1,318002 3,141442 -0,004292 0,681168 3,355292
-0,025188 -0,093614 3,399336 0,294932 1,421549 3,207578 -0,432405 1,353158 3,177717 -0,008362 0,683456 3,367692
