34 12
-0,062954 -0,094273 3,342681 0,215210 1,465375 3,203979 -0,506162 1,351739 3,272907 -0,048217 0,677476 3,354113
-0,065532 -0,098734 3,332787 0,252708 1,467495 3,236351 -0,554086 1,301579 3,176029 -0,030084 0,672698 3,366976
-0,067099 -0,094739 3,345907 0,234922 1,464019 3,223044 -0,608059 1,219017 3,039024 -0,026689 0,678547 3,379575
-0,064752 -0,095478 3,338233 0,234038 1,472167 3,254849 -0,685277 1,139757 2,955557 -0,033668 0,670436 3,354558
-0,064911 -0,097723 3,355339 0,228299 1,460327 3,213116 -0,744899 1,027001 2,873703 -0,037772 0,673611 3,391611
-0,068875 -0,094925 3,355757 0,234155 1,451130 3,225327 -0,756629 0,901089 2,769856 -0,022570 0,669145 3,367006
-0,071196 -0,103726 3,358432 0,229792 1,425593 3,168311 -0,746188 0,798933 2,674267 -0,026284 0,664229 3,379191
-0,070549 -0,100610 3,372487 0,252120 1,436239 3,219350 -0,661988 0,709433 2,543374 -0,026712 0,664232 3,379388
-0,071075 -0,095503 3,361886 0,254271 1,438944 3,217687 -0,554355 0,649062 2,472082 -0,019338 0,659817 3,354894
-0,071695 -0,093492 3,380736 0,257858 1,452626 3,253272 -0,466807 0,593944 2,436229 -0,018911 0,659813 3,354715
-0,070292 -0,103691 3,374867 0,254417 1,455152 3,259775 -0,395527 0,530209 2,370528 -0,007999 0,657638 3,342749
-0,068710 -0,090412 3,365223 0,260290 1,452937 3,263424 -0,309408 0,497965 2,338611 0,002393 0,667846 3,379968
-0,067625 -0,083416 3,359344 0,281038 1,422573 3,245859 -0,201283 0,491116 2,312959 -0,019949 0,692488 3,455743
-0,066079 -0,074069 3,353949 0,292268 1,411946 3,236316 -0,089871 0,480645 2,296388 -0,042729 0,710750 3,534621
-0,062837 -0,093986 3,353882 0,284420 1,448065 3,285703 0,005915 0,474250 2,300698 -0,043170 0,710641 3,534316
-0,061193 -0,091350 3,357668 0,283561 1,505682 3,393902 0,101375 0,465223 2,337263 -0,047093 0,705627 3,547599
-0,062453 -0,094716 3,345506 0,291325 1,443179 3,306128 0,214992 0,469724 2,395914 -0,036099 0,724497 3,589095
-0,060173 -0,082379 3,342404 0,301520 1,478413 3,372481 0,326334 0,468913 2,521981 -0,050850 0,735989 3,589416
-0,056310 -0,080679 3,340546 0,299972 1,479568 3,389381 0,400432 0,470056 2,628412 -0,061683 0,731911 3,547729
-0,059703 -0,080084 3,335200 0,290110 1,502863 3,421382 0,465799 0,485601 2,737025 -0,080086 0,724103 3,506369
-0,058286 -0,087767 3,323554 0,301743 1,500707 3,455319 0,520828 0,489322 2,790656 -0,076520 0,726669 3,519942
-0,061318 -0,081527 3,316163 0,304957 1,478673 3,384448 0,552686 0,504288 2,840805 -0,087152 0,711653 3,479363
-0,057819 -0,085841 3,322926 0,310342 1,502206 3,422851 0,559234 0,531034 2,869767 -0,083836 0,705428 3,466271
-0,051036 -0,086415 3,319499 0,305774 1,462224 3,316272 0,556429 0,569528 2,901076 -0,087819 0,707832 3,479137
-0,050845 -0,085549 3,315492 0,290442 1,495442 3,380089 0,541155 0,610933 2,889330 -0,081394 0,701401 3,504770
-0,048556 -0,090458 3,318336 0,301066 1,487306 3,371284 0,509064 0,670760 2,876468 -0,069448 0,691904 3,492724
-0,045582 -0,098362 3,323347 0,306395 1,496436 3,396887 0,449352 0,763911 2,886979 -0,050185 0,685691 3,560894
-0,038809 -0,101360 3,328018 0,296169 1,499699 3,378717 0,366577 0,865660 2,878535 -0,060961 0,674714 3,519515
-0,035236 -0,102015 3,330620 0,327278 1,536942 3,466865 0,253477 0,996017 2,895709 -0,026710 0,580519 3,532052
-0,029997 -0,102464 3,317527 0,249578 1,762208 3,749938 0,094363 1,130396 2,945647 -0,004196 0,614799 3,403805
-0,028700 -0,097032 3,316445 0,370365 1,434948 3,301400 -0,077688 1,237033 2,962678 -0,007991 0,652160 3,391926
-0,025277 -0,092975 3,320131 0,370927 1,428845 3,326923 -0,234951 1,319356 3,023385 -0,004672 0,675988 3,404993
-0,024829 -0,088647 3,322225 0,341455 1,460745 3,348782 -0,348926 1,348689 3,101753 -0,012031 0,678587 3,379924
-0,021899 -0,082833 3,312745 0,318557 1,468897 3,327767 -0,415064 1,355411 3,166104 -0,018973 0,683160 3,404608
