21 12
-0,035863 -0,095789 3,339190 0,292997 1,426422 3,284119 -0,440864 1,312648 3,144094 -0,077531 0,695043 3,353037
-0,034528 -0,092786 3,344866 0,298844 1,423448 3,302857 -0,455809 1,193445 3,060134 -0,077086 0,687929 3,352657
-0,038234 -0,097116 3,353154 0,311130 1,415310 3,300626 -0,510930 0,834631 2,862405 -0,077676 0,700828 3,402121
-0,038517 -0,096030 3,356857 0,292186 1,420686 3,276012 -0,515363 0,457120 2,901383 -0,059215 0,679085 3,269625
-0,037903 -0,101362 3,355213 0,283953 1,435982 3,306751 -0,516544 0,329638 2,978598 -0,048412 0,686012 3,305902
-0,033410 -0,092126 3,347817 0,299659 1,427039 3,317568 -0,500919 0,222438 3,093563 -0,059055 0,690686 3,293643
-0,029692 -0,093736 3,333004 0,285865 1,444110 3,315096 -0,493325 0,232992 3,056449 -0,069635 0,688340 3,281325
-0,026157 -0,097292 3,349182 0,279568 1,452703 3,314653 -0,488206 0,244690 3,031979 -0,063017 0,689368 3,305203
-0,023155 -0,090645 3,348774 0,278169 1,417536 3,277656 -0,483074 0,265622 3,042771 -0,063016 0,696392 3,305284
-0,025196 -0,094584 3,351577 0,276623 1,421574 3,267368 -0,489353 0,276008 3,040453 -0,059277 0,694127 3,293533
-0,030278 -0,102296 3,350822 0,294703 1,422400 3,278408 -0,495014 0,271526 3,054120 -0,059786 0,695123 3,317152
-0,035001 -0,099870 3,336007 0,294968 1,435948 3,305244 -0,507532 0,291585 3,023450 -0,052351 0,691726 3,317631
-0,043165 -0,099829 3,358161 0,289846 1,435209 3,312841 -0,528151 0,327423 3,025030 -0,062794 0,692939 3,305390
-0,045335 -0,102213 3,347106 0,292094 1,413416 3,273268 -0,542580 0,359263 3,016606 -0,055427 0,690592 3,329741
-0,053238 -0,101686 3,348094 0,294526 1,424467 3,265251 -0,575226 0,451733 2,889067 -0,052131 0,688262 3,317749
-0,061824 -0,094301 3,336341 0,294370 1,430852 3,283524 -0,592707 0,616802 2,844579 -0,055751 0,696316 3,378680
-0,067902 -0,099722 3,337247 0,286160 1,451217 3,299023 -0,587777 0,722260 2,811504 -0,058970 0,689331 3,341596
-0,077908 -0,101737 3,294744 0,288929 1,431978 3,263983 -0,565827 0,997121 2,928127 -0,062536 0,688043 3,353431
-0,088126 -0,097534 3,330998 0,284045 1,415145 3,227962 -0,507477 1,152698 2,915493 -0,055751 0,696316 3,378680
-0,087370 -0,092025 3,324242 0,286671 1,439668 3,276924 -0,477124 1,233099 2,981291 -0,055477 0,691660 3,353984
-0,092737 -0,089097 3,330552 0,287782 1,430928 3,261056 -0,402964 1,390415 3,251931 -0,055208 0,687066 3,329618
