19 12
-0,090658 -0,083682 3,299996 0,317427 1,403344 3,237063 -0,418640 1,418991 3,256572 -0,059492 0,690378 3,366167
-0,085491 -0,092169 3,310175 0,319034 1,383063 3,235785 -0,530010 1,189890 2,901757 -0,049333 0,690186 3,403863
-0,076614 -0,083145 3,305292 0,325784 1,398189 3,217888 -0,792116 1,011113 3,136207 -0,044681 0,685866 3,342237
-0,076435 -0,083640 3,297990 0,327748 1,402826 3,234880 -0,837703 0,810271 2,963574 -0,045319 0,691512 3,391582
-0,069618 -0,083577 3,319876 0,331564 1,398169 3,220292 -0,816342 0,483950 2,844234 -0,040961 0,683607 3,330225
-0,072412 -0,085764 3,319798 0,333504 1,391894 3,213463 -0,520898 0,345025 2,633001 -0,045544 0,701055 3,366641
-0,075402 -0,086960 3,324345 0,336199 1,392115 3,210018 -0,560853 0,341361 2,972209 -0,031037 0,692828 3,342241
-0,066605 -0,093926 3,353993 0,324508 1,394681 3,178326 -0,762477 0,173718 2,699638 -0,037049 0,677847 3,318181
-0,056574 -0,092364 3,321697 0,324624 1,400146 3,180791 -0,821972 0,133106 2,681551 -0,033858 0,688212 3,354841
-0,057755 -0,087835 3,361217 0,324459 1,396955 3,181565 -0,682400 0,144377 2,531148 -0,033858 0,688212 3,354841
-0,068079 -0,086769 3,335867 0,326147 1,400615 3,209584 -0,534645 0,209439 2,890475 -0,045138 0,684723 3,317811
-0,065919 -0,097429 3,350901 0,332864 1,396497 3,192567 -0,782728 0,147661 3,193773 -0,041589 0,680996 3,354402
-0,068482 -0,095521 3,337180 0,337144 1,396088 3,206177 -0,788608 0,123226 2,945147 -0,045333 0,683261 3,366581
-0,065866 -0,092901 3,342199 0,340391 1,397214 3,187061 -0,723649 0,203845 2,902440 -0,034307 0,681031 3,354634
-0,062019 -0,101309 3,301075 0,338118 1,400969 3,203451 -0,666048 0,515768 2,759468 -0,048422 0,671973 3,305743
-0,058659 -0,091438 3,317900 0,336282 1,400200 3,208444 -0,663956 0,733262 2,754902 -0,047977 0,679058 3,305911
-0,056224 -0,091638 3,330746 0,325174 1,404370 3,189305 -0,621465 1,198390 2,988681 -0,044915 0,688304 3,318018
-0,063356 -0,091329 3,349227 0,317897 1,393293 3,221989 -0,453582 1,260931 2,898555 -0,055659 0,679965 3,329616
-0,071214 -0,089327 3,350809 0,318560 1,391079 3,221759 -0,410585 1,329770 3,047558 -0,048642 0,691672 3,354364
