42 12
-0,075176 -0,083984 3,284194 0,341532 1,408707 3,159273 -0,451205 1,290995 3,101014 -0,073465 0,703408 3,341046
-0,076115 -0,077567 3,290859 0,340263 1,410841 3,165585 -0,494868 1,185803 2,993842 -0,069434 0,697556 3,328876
-0,077324 -0,080028 3,291553 0,335687 1,421539 3,159013 -0,557843 1,050408 2,904031 -0,062345 0,693008 3,305451
-0,075556 -0,083453 3,287054 0,324759 1,412933 3,132777 -0,628023 0,866847 2,821506 -0,062212 0,690541 3,329159
-0,075973 -0,083458 3,281667 0,315843 1,414270 3,123714 -0,693936 0,660716 2,755316 -0,055198 0,694135 3,329702
-0,080273 -0,078283 3,290360 0,310339 1,407805 3,118860 -0,754656 0,441121 2,741146 -0,055198 0,694135 3,329702
-0,083247 -0,079433 3,290246 0,302393 1,408152 3,108334 -0,790747 0,229698 2,756518 -0,058961 0,696424 3,341683
-0,091715 -0,078840 3,300637 0,293818 1,400585 3,097479 -0,805953 0,017891 2,735738 -0,059190 0,692869 3,341726
-0,092442 -0,080453 3,289833 0,293710 1,401684 3,109442 -0,775274 -0,168431 2,775164 -0,066565 0,693903 3,365772
-0,100107 -0,084824 3,289129 0,291376 1,405649 3,104257 -0,741736 -0,313511 2,820699 -0,070480 0,691520 3,353395
-0,106512 -0,077168 3,285901 0,284157 1,406137 3,100840 -0,756762 -0,431832 2,839771 -0,059126 0,684733 3,317483
-0,109211 -0,077394 3,301362 0,282529 1,414288 3,116346 -0,808278 -0,545082 2,906074 -0,059636 0,692801 3,341657
-0,109852 -0,070758 3,295500 0,278943 1,413616 3,117645 -0,838019 -0,594504 2,938020 -0,052628 0,697499 3,366492
-0,104682 -0,068441 3,302748 0,280391 1,422065 3,127898 -0,833938 -0,611843 2,953690 -0,052624 0,704644 3,366587
-0,108431 -0,072779 3,296263 0,279834 1,420418 3,137060 -0,815760 -0,638991 2,927210 -0,045765 0,704549 3,366434
-0,106420 -0,065698 3,299677 0,275443 1,417746 3,129896 -0,756571 -0,646535 2,952726 -0,037630 0,696520 3,342610
-0,103604 -0,069786 3,301037 0,279947 1,425043 3,141673 -0,704226 -0,619766 2,887891 -0,045113 0,699989 3,342316
-0,102985 -0,066345 3,300629 0,279242 1,427644 3,146792 -0,708929 -0,629778 2,906384 -0,041352 0,698832 3,354719
-0,099041 -0,068865 3,315644 0,284033 1,428573 3,146400 -0,738849 -0,638605 2,901638 -0,034067 0,698866 3,354955
-0,097421 -0,069425 3,297920 0,288265 1,433848 3,149210 -0,763645 -0,622516 2,890476 -0,041536 0,703538 3,379428
-0,094128 -0,071987 3,327506 0,289053 1,429207 3,132076 -0,753245 -0,613182 2,907440 -0,026645 0,707212 3,379948
-0,092480 -0,069250 3,309288 0,295256 1,426346 3,140244 -0,702993 -0,624459 2,907563 -0,033976 0,707182 3,379732
-0,093267 -0,070888 3,309293 0,295747 1,431900 3,136758 -0,643130 -0,599503 2,889730 -0,030482 0,701227 3,367377
-0,094704 -0,073269 3,313314 0,302595 1,426036 3,128739 -0,635930 -0,586889 2,851958 -0,037181 0,696550 3,342559
-0,095805 -0,075055 3,318199 0,301853 1,420671 3,121958 -0,692325 -0,607336 2,877365 -0,041352 0,698832 3,354719
-0,090467 -0,064195 3,320543 0,306585 1,422082 3,128073 -0,743635 -0,611815 2,898197 -0,026645 0,707212 3,379948
-0,091120 -0,066256 3,321381 0,309438 1,413748 3,116320 -0,750068 -0,606214 2,907110 -0,034348 0,708345 3,404716
-0,092680 -0,080013 3,312077 0,313820 1,420687 3,137616 -0,740199 -0,590317 2,902914 -0,027103 0,699977 3,379721
-0,091567 -0,078216 3,307503 0,307167 1,406775 3,117038 -0,754517 -0,580596 2,883122 -0,030709 0,697614 3,367228
-0,089206 -0,074868 3,315076 0,307998 1,413863 3,128430 -0,796233 -0,553328 2,848768 -0,030482 0,701227 3,367377
-0,080097 -0,073103 3,316840 0,305669 1,414590 3,131226 -0,834391 -0,509109 2,831906 -0,022885 0,693053 3,343009
-0,079970 -0,085934 3,299102 0,306637 1,425777 3,139935 -0,850350 -0,437467 2,806987 -0,030491 0,694083 3,367286
-0,069192 -0,084762 3,316072 0,306787 1,430771 3,154289 -0,847140 -0,324062 2,771679 -0,030491 0,694083 3,367286
-0,063273 -0,089156 3,317899 0,303276 1,435464 3,163069 -0,828169 -0,145804 2,762022 -0,026884 0,696434 3,379783
-0,056705 -0,083358 3,310341 0,299701 1,424681 3,155976 -0,822944 0,070696 2,746174 -0,019730 0,688200 3,355097
-0,051085 -0,084759 3,313048 0,299686 1,435080 3,160815 -0,788462 0,315620 2,758189 -0,008545 0,698836 3,392661
-0,046188 -0,085247 3,314235 0,298734 1,434890 3,169660 -0,760027 0,592272 2,795039 -0,019276 0,695382 3,355330
-0,040728 -0,088763 3,313512 0,299328 1,434578 3,164630 -0,704255 0,844829 2,845057 -0,033756 0,703602 3,379620
-0,038292 -0,084312 3,310748 0,305338 1,432658 3,189252 -0,617531 1,030649 2,925400 -0,029931 0,702385 3,392023
-0,047220 -0,085273 3,310097 0,305687 1,431340 3,182617 -0,525151 1,153628 2,996001 -0,044663 0,700055 3,342411
-0,052005 -0,080784 3,295731 0,310480 1,421811 3,177694 -0,439121 1,251263 3,070335 -0,044868 0,704754 3,366955
-0,058393 -0,082101 3,305767 0,314070 1,429422 3,201757 -0,377476 1,329167 3,158007 -0,048407 0,702376 3,354502
