24 12
-0,024695 -0,114695 3,324129 0,345181 1,340467 3,242902 -0,388232 1,310964 3,152385 -0,040990 0,662416 3,329976
-0,029770 -0,117631 3,318419 0,340959 1,350325 3,248505 -0,403230 1,299113 3,108430 -0,040990 0,662416 3,329976
-0,033024 -0,116414 3,319124 0,337329 1,344204 3,231250 -0,420504 1,277629 3,033326 -0,040781 0,658895 3,329867
-0,035846 -0,123105 3,324817 0,333530 1,355457 3,236065 -0,406207 1,136751 2,863280 -0,040350 0,658863 3,329494
-0,041611 -0,123301 3,330318 0,334012 1,344834 3,229825 -0,371013 0,932006 2,744960 -0,036657 0,636268 3,341159
-0,047807 -0,127130 3,340390 0,329743 1,355410 3,238562 -0,329041 0,701741 2,673867 -0,044517 0,647678 3,365995
-0,054571 -0,125084 3,352811 0,325060 1,361912 3,228760 -0,266578 0,521145 2,619502 -0,040792 0,651839 3,329784
-0,059540 -0,118254 3,358775 0,330013 1,353785 3,235885 -0,211764 0,404445 2,567436 -0,027348 0,667687 3,379108
-0,070457 -0,113154 3,371427 0,321840 1,366748 3,241546 -0,172826 0,365467 2,450279 -0,071603 0,676640 3,428053
-0,077764 -0,121496 3,358602 0,321432 1,350646 3,225981 -0,164266 0,339463 2,354005 -0,057575 0,682382 3,480376
-0,076638 -0,114486 3,355668 0,320641 1,345574 3,234631 -0,161378 0,280729 2,359133 -0,057788 0,685997 3,480259
-0,069480 -0,121188 3,352255 0,318210 1,356303 3,231814 -0,155817 0,224200 2,412126 -0,058004 0,696954 3,480172
-0,069727 -0,114337 3,362985 0,319501 1,350266 3,223538 -0,164766 0,218432 2,422993 -0,057788 0,693356 3,480379
-0,072770 -0,110775 3,349668 0,336464 1,349576 3,251400 -0,191668 0,263280 2,367278 -0,058217 0,693172 3,479755
-0,074115 -0,118327 3,355506 0,332640 1,363789 3,254511 -0,217801 0,316785 2,317128 -0,057788 0,685997 3,480259
-0,070482 -0,118408 3,365549 0,333293 1,358468 3,261901 -0,230173 0,358563 2,354809 -0,054170 0,688401 3,493577
-0,064278 -0,113760 3,364116 0,330421 1,353041 3,264274 -0,247298 0,424621 2,389691 -0,049605 0,681439 3,454767
-0,058284 -0,127872 3,380741 0,331895 1,353493 3,242909 -0,283604 0,531032 2,430238 -0,026314 0,649927 3,379007
-0,050190 -0,125631 3,376440 0,333109 1,358659 3,247381 -0,317742 0,686717 2,501244 -0,044712 0,660057 3,415795
-0,046710 -0,124665 3,371516 0,343576 1,342240 3,264031 -0,356476 0,873099 2,549971 -0,029120 0,633307 3,364958
-0,034646 -0,121590 3,351658 0,344820 1,355373 3,256775 -0,386914 1,072414 2,702075 -0,041362 0,664172 3,378920
-0,032923 -0,119057 3,375175 0,343265 1,353552 3,263954 -0,403429 1,218885 2,889137 -0,034038 0,664205 3,379169
-0,031336 -0,113580 3,363019 0,347068 1,344094 3,258270 -0,400085 1,289247 3,049335 -0,033840 0,654551 3,306128
-0,034002 -0,111889 3,354102 0,346458 1,329844 3,250763 -0,375716 1,298919 3,143434 -0,037451 0,664638 3,342238
