15 12
-0,086275 -0,122117 3,348665 0,323402 1,395710 3,262281 -0,538075 1,339389 3,389354 -0,063470 0,636171 3,402458
-0,087306 -0,115048 3,353639 0,326921 1,390580 3,258708 -0,653220 1,240295 3,361415 -0,055285 0,630613 3,328946
-0,094180 -0,123358 3,340371 0,320971 1,384225 3,259011 -0,810006 0,641326 2,798454 -0,059177 0,614430 3,316659
-0,111645 -0,129899 3,394514 0,326630 1,386925 3,251587 -0,756763 0,010380 2,686018 -0,037920 0,615054 3,341522
-0,125697 -0,117897 3,394329 0,330271 1,375480 3,243414 -0,707599 -0,247610 2,750668 -0,041056 0,613069 3,329392
-0,139529 -0,110704 3,351762 0,322766 1,386500 3,253256 -0,671688 -0,672273 3,146514 -0,048300 0,620678 3,353403
-0,134526 -0,105696 3,335920 0,312496 1,385719 3,263513 -0,687750 -0,785660 3,165014 -0,034356 0,624210 3,353924
-0,127089 -0,110313 3,336759 0,314451 1,399809 3,260000 -0,674367 -0,789132 3,163707 -0,033951 0,624277 3,354047
-0,099412 -0,119478 3,379840 0,307575 1,411713 3,270296 -0,683288 -0,644568 3,071606 -0,026975 0,624901 3,378849
-0,073594 -0,117607 3,330226 0,309872 1,403114 3,252142 -0,785793 -0,270742 3,073443 -0,026570 0,624934 3,378821
-0,060867 -0,122719 3,328613 0,306927 1,408124 3,255082 -0,833060 0,022217 2,949246 -0,030577 0,622797 3,366377
-0,044187 -0,123514 3,365763 0,304640 1,397959 3,255217 -0,866022 0,700171 3,043163 -0,040838 0,623642 3,329451
-0,059417 -0,123042 3,385248 0,310071 1,392222 3,265956 -0,600854 1,025948 2,789232 -0,056036 0,635503 3,377954
-0,070100 -0,129289 3,399465 0,303865 1,382025 3,253613 -0,492627 1,152858 2,923266 -0,048491 0,631303 3,353609
-0,086303 -0,124339 3,352220 0,315767 1,408924 3,289840 -0,437433 1,258701 3,156199 -0,062824 0,634775 3,352928
