23 12
-0,092693 -0,065540 3,302422 0,437006 1,414101 3,318037 -0,295906 1,299480 2,971390 -0,066006 0,685725 3,341029
-0,093543 -0,062758 3,298754 0,439206 1,399557 3,294373 -0,256145 1,193629 2,822775 -0,062536 0,688043 3,353431
-0,098150 -0,059776 3,296280 0,421244 1,380828 3,265457 -0,240176 0,905841 2,653446 -0,053958 0,651480 3,327051
-0,108401 -0,055908 3,313256 0,414731 1,377310 3,273429 -0,133623 0,553128 2,475609 -0,055760 0,689152 3,378584
-0,114520 -0,047446 3,317062 0,407163 1,383743 3,270942 -0,081406 0,419114 2,428485 -0,069845 0,741416 3,520117
-0,119977 -0,051007 3,319570 0,387480 1,383374 3,261297 0,011273 0,291932 2,473749 -0,064718 0,750233 3,507500
-0,124607 -0,038231 3,347022 0,378640 1,395983 3,287813 0,098858 0,264348 2,276938 -0,060941 0,765652 3,547734
-0,120863 -0,051532 3,330203 0,385702 1,398722 3,293858 0,088555 0,260834 2,284937 -0,065069 0,755504 3,534347
-0,104197 -0,049448 3,350229 0,398059 1,397724 3,303518 0,057429 0,252922 2,281582 -0,053268 0,756653 3,521278
-0,079928 -0,038065 3,303931 0,403595 1,411159 3,329948 -0,003488 0,279749 2,422908 -0,060941 0,765652 3,547734
-0,070899 -0,043438 3,293851 0,406600 1,414151 3,347860 -0,007320 0,283241 2,416703 -0,064582 0,762933 3,533976
-0,081313 -0,036075 3,293077 0,411637 1,417266 3,374985 0,022625 0,256575 2,425195 -0,067951 0,763902 3,519981
-0,096769 -0,036160 3,328294 0,410360 1,416674 3,357033 0,099938 0,272897 2,251751 -0,064703 0,765106 3,507752
-0,097019 -0,027770 3,303290 0,415167 1,420486 3,356821 0,098116 0,277588 2,236443 -0,053257 0,764117 3,521406
-0,094994 -0,039258 3,313765 0,420410 1,415323 3,341188 0,091816 0,281998 2,251251 -0,056902 0,761424 3,507853
-0,086056 -0,032544 3,282140 0,420418 1,397565 3,317889 0,052497 0,323042 2,332020 -0,053023 0,760345 3,521059
-0,084662 -0,045607 3,290631 0,420787 1,408153 3,313605 0,019191 0,363857 2,360373 -0,045677 0,756700 3,521597
-0,079780 -0,050543 3,289879 0,412723 1,409602 3,301527 -0,022140 0,491290 2,337819 -0,053666 0,731441 3,468274
-0,079724 -0,069234 3,294954 0,414533 1,419406 3,316321 -0,135296 0,769216 2,510167 -0,032356 0,670122 3,352480
-0,078686 -0,067762 3,300747 0,416757 1,409080 3,306713 -0,200819 0,920596 2,599202 -0,035503 0,660569 3,338726
-0,077424 -0,068115 3,281967 0,429038 1,424595 3,320910 -0,257943 1,148069 2,710099 -0,033183 0,691736 3,354452
-0,079197 -0,065283 3,284685 0,434623 1,427424 3,311526 -0,382413 1,320140 3,015630 -0,037328 0,708371 3,367192
-0,083512 -0,075534 3,279609 0,443799 1,424991 3,301930 -0,376060 1,333079 3,080621 -0,026241 0,694280 3,330750
