34 12
-0,067791 -0,093052 3,320923 0,292348 1,465594 3,308587 -0,449078 1,393805 3,246722 -0,030508 0,679803 3,367104
-0,067466 -0,100744 3,335310 0,281673 1,446443 3,254130 -0,481454 1,381833 3,185706 -0,033879 0,673984 3,354664
-0,071600 -0,100371 3,326464 0,292057 1,454394 3,274692 -0,505814 1,332134 3,069638 -0,040919 0,671326 3,378790
-0,076826 -0,098129 3,319520 0,289435 1,431019 3,236424 -0,531472 1,241227 2,944432 -0,034168 0,675908 3,404285
-0,081650 -0,099240 3,334692 0,284646 1,420257 3,209246 -0,566278 1,140661 2,828596 -0,037177 0,669092 3,366543
-0,082408 -0,102753 3,344293 0,281344 1,399195 3,189837 -0,600263 1,032710 2,732942 -0,033472 0,659766 3,354282
-0,086143 -0,095925 3,342637 0,285902 1,425642 3,233913 -0,613503 0,905674 2,648888 -0,033472 0,659766 3,354282
-0,088394 -0,106142 3,362141 0,261953 1,427863 3,238314 -0,629292 0,805961 2,596841 -0,033266 0,656189 3,354014
-0,091304 -0,102190 3,347279 0,277688 1,458880 3,294427 -0,614955 0,728825 2,531989 -0,026504 0,660662 3,379285
-0,088825 -0,097204 3,357451 0,290359 1,447293 3,298658 -0,552047 0,674575 2,452734 -0,026491 0,667817 3,379377
-0,087803 -0,094620 3,367635 0,284757 1,445312 3,265529 -0,421384 0,623206 2,358747 -0,019005 0,668747 3,404412
-0,086863 -0,101651 3,375810 0,293638 1,460191 3,303764 -0,274473 0,583854 2,368162 -0,033540 0,665071 3,403687
-0,084905 -0,096969 3,359087 0,300915 1,471031 3,345778 -0,152284 0,567823 2,436135 -0,029914 0,667343 3,416444
-0,081881 -0,099103 3,361131 0,289662 1,478593 3,348285 -0,067251 0,553189 2,440645 -0,015133 0,679227 3,442505
-0,078616 -0,101603 3,361723 0,296760 1,457684 3,312000 -0,021846 0,548856 2,432423 -0,049883 0,687249 3,507209
-0,078920 -0,098359 3,361620 0,302977 1,506306 3,406706 0,044768 0,551932 2,413285 -0,042305 0,695845 3,534289
-0,077191 -0,093145 3,359570 0,302364 1,436736 3,287235 0,135544 0,564250 2,412812 -0,042747 0,688352 3,534227
-0,073084 -0,092633 3,355581 0,289691 1,497292 3,389441 0,239931 0,575980 2,530113 -0,050391 0,696955 3,561193
-0,077588 -0,095863 3,356734 0,268305 1,511464 3,417577 0,308558 0,570154 2,608026 -0,058175 0,684490 3,533465
-0,076490 -0,086027 3,349591 0,286692 1,514010 3,418445 0,374337 0,570486 2,647777 -0,051039 0,700577 3,560962
-0,074449 -0,089607 3,338075 0,275774 1,512880 3,370269 0,429124 0,582512 2,710634 -0,051301 0,713135 3,588677
-0,071234 -0,081058 3,344193 0,288107 1,570471 3,510491 0,450614 0,594717 2,779599 -0,043160 0,711966 3,561646
-0,071398 -0,093101 3,345476 0,271827 1,476865 3,346117 0,467495 0,609146 2,835265 -0,043592 0,713178 3,588952
-0,072502 -0,094015 3,343064 0,293872 1,561083 3,490915 0,471577 0,630592 2,843491 -0,065211 0,690830 3,506607
-0,069387 -0,095284 3,345385 0,257823 1,490049 3,316417 0,456755 0,660722 2,843594 -0,050384 0,704472 3,561332
-0,066394 -0,097468 3,332622 0,252127 1,585554 3,506573 0,417444 0,713288 2,843465 -0,046021 0,687029 3,547302
-0,066842 -0,101941 3,345327 0,245246 1,581761 3,449405 0,357858 0,778923 2,826994 -0,060952 0,682143 3,519642
-0,061689 -0,095797 3,353116 0,259794 1,537970 3,398011 0,280365 0,877666 2,845501 -0,049459 0,679837 3,506817
-0,057605 -0,101932 3,339087 0,274645 1,555394 3,434206 0,172262 0,978741 2,838689 -0,000622 0,566508 3,415796
-0,054931 -0,102993 3,351191 0,237105 1,766868 3,749297 0,022822 1,079695 2,861540 -0,003776 0,621882 3,403236
-0,055159 -0,097636 3,336974 0,297892 1,505670 3,323806 -0,120224 1,185146 2,889579 -0,019021 0,661545 3,404314
-0,054340 -0,104558 3,329549 0,371306 1,436589 3,325603 -0,268852 1,263889 2,929739 -0,015513 0,670101 3,392131
-0,054913 -0,089209 3,331520 0,324081 1,424046 3,256182 -0,381361 1,326623 3,025623 -0,019410 0,683168 3,404796
-0,056229 -0,087903 3,335510 0,320025 1,476239 3,361238 -0,447072 1,357876 3,114996 -0,026478 0,674974 3,379471
