32 12
-0,092432 -0,089239 3,407703 0,284972 1,383143 3,318104 -0,438199 1,252957 3,290213 -0,099661 0,703094 3,376301
-0,092308 -0,098603 3,408618 0,291891 1,390401 3,334655 -0,484054 1,210288 3,252507 -0,099664 0,695931 3,376203
-0,101367 -0,096979 3,418483 0,289156 1,389297 3,324105 -0,552579 1,134503 3,195683 -0,096272 0,698321 3,388911
-0,104693 -0,094204 3,421016 0,287675 1,400842 3,324157 -0,632705 1,010848 3,083639 -0,092079 0,687790 3,352085
-0,109981 -0,098603 3,417955 0,287253 1,408057 3,320667 -0,730301 0,779949 2,975508 -0,088939 0,691211 3,389284
-0,117733 -0,099277 3,425355 0,289010 1,402553 3,319623 -0,792139 0,525539 2,888855 -0,085727 0,689973 3,402122
-0,124510 -0,103398 3,431558 0,286983 1,382596 3,310968 -0,818608 0,251372 2,907194 -0,078365 0,690040 3,402548
-0,128915 -0,108429 3,430940 0,291052 1,386277 3,311690 -0,791318 -0,009532 2,898787 -0,070781 0,686506 3,402792
-0,136347 -0,104722 3,429207 0,293667 1,396801 3,301390 -0,740791 -0,241956 2,950741 -0,082490 0,688709 3,414949
-0,146348 -0,107130 3,419492 0,293669 1,372437 3,299625 -0,688177 -0,409065 3,018108 -0,096503 0,680353 3,388784
-0,158415 -0,101106 3,419159 0,296531 1,394001 3,304291 -0,675428 -0,527389 3,057042 -0,096942 0,687459 3,388884
-0,163762 -0,101070 3,400553 0,296797 1,383552 3,312277 -0,703676 -0,622883 3,085115 -0,083159 0,697020 3,440475
-0,167814 -0,089449 3,418658 0,285020 1,389696 3,311138 -0,695372 -0,648187 3,089850 -0,078365 0,690040 3,402548
-0,164395 -0,091346 3,407667 0,284510 1,382813 3,312037 -0,661629 -0,670688 3,101553 -0,078585 0,693619 3,402624
-0,165636 -0,089282 3,404660 0,275879 1,392548 3,302725 -0,626409 -0,678392 3,112732 -0,082490 0,688709 3,414949
-0,161142 -0,095182 3,415480 0,278764 1,388403 3,325548 -0,605772 -0,670386 3,118879 -0,071375 0,694810 3,428308
-0,156859 -0,084059 3,422682 0,273951 1,399938 3,312123 -0,623999 -0,658404 3,083784 -0,078583 0,700831 3,402728
-0,147672 -0,089983 3,405782 0,277652 1,395181 3,309361 -0,651860 -0,608046 3,043584 -0,078389 0,692486 3,377594
-0,149184 -0,096735 3,410176 0,270521 1,392761 3,301296 -0,668021 -0,569911 3,022420 -0,078805 0,689968 3,402512
-0,143676 -0,091732 3,416700 0,272471 1,382109 3,299640 -0,684629 -0,554877 3,011192 -0,079007 0,698351 3,427986
-0,136853 -0,087972 3,407280 0,270077 1,389190 3,302675 -0,699052 -0,508467 2,988893 -0,089874 0,703109 3,414727
-0,134161 -0,101189 3,421945 0,269870 1,390111 3,302781 -0,734338 -0,429940 2,976989 -0,082938 0,700708 3,440590
-0,128116 -0,108936 3,409639 0,270392 1,393797 3,304639 -0,757340 -0,303236 2,941978 -0,086196 0,694680 3,427476
-0,118052 -0,102621 3,414569 0,274088 1,393366 3,315559 -0,771400 -0,133518 2,906676 -0,082046 0,691243 3,389867
-0,113523 -0,112061 3,413155 0,277611 1,408935 3,319361 -0,783711 0,081807 2,889455 -0,082271 0,685120 3,414868
-0,102929 -0,104748 3,404298 0,277147 1,402120 3,318074 -0,778287 0,326046 2,899138 -0,078585 0,693619 3,402624
-0,101568 -0,103165 3,417444 0,281032 1,399358 3,324921 -0,765838 0,611326 2,926490 -0,082268 0,692353 3,414973
-0,094747 -0,102443 3,402089 0,283375 1,390754 3,321633 -0,700978 0,865591 2,975662 -0,089427 0,695909 3,414463
-0,095888 -0,098048 3,409008 0,281318 1,387200 3,320411 -0,606197 1,062688 3,084206 -0,095973 0,690058 3,364147
-0,105176 -0,099078 3,402271 0,278713 1,379780 3,315295 -0,518716 1,197125 3,185806 -0,099890 0,699502 3,376380
-0,111038 -0,090940 3,399834 0,284553 1,383364 3,319269 -0,451646 1,257984 3,262492 -0,099890 0,699502 3,376380
-0,116529 -0,101074 3,405926 0,283699 1,378275 3,308613 -0,430736 1,275922 3,309640 -0,103486 0,693517 3,363751
