18 12
-0,064087 -0,082049 3,320817 0,329285 1,412713 3,201189 -0,397964 1,371442 3,009455 -0,092073 0,702020 3,352271
-0,065472 -0,086108 3,328780 0,337727 1,398171 3,191165 -0,373693 1,220975 2,799779 -0,080277 0,689125 3,340010
-0,068481 -0,097614 3,320117 0,331336 1,415362 3,216088 -0,360905 1,065594 2,641706 -0,071946 0,664029 3,337630
-0,069235 -0,097176 3,322536 0,319153 1,412374 3,202733 -0,374141 0,739663 2,470931 -0,084365 0,685265 3,376163
-0,074425 -0,091832 3,353641 0,312167 1,394904 3,206593 -0,298406 0,416244 2,281428 -0,093761 0,715010 3,401898
-0,077020 -0,094071 3,354666 0,309155 1,407781 3,192823 -0,276723 0,318709 2,271707 -0,082712 0,721243 3,415374
-0,078328 -0,081155 3,348409 0,309254 1,388714 3,202713 -0,248403 0,264999 2,230926 -0,083164 0,740787 3,441155
-0,080821 -0,082322 3,366692 0,318777 1,391085 3,186345 -0,209964 0,268817 2,191428 -0,060396 0,773453 3,392101
-0,074540 -0,074386 3,357341 0,324079 1,387834 3,189227 -0,215498 0,227293 2,207791 -0,086188 0,784518 3,461284
-0,070061 -0,073390 3,371058 0,335493 1,398068 3,220561 -0,203654 0,163324 2,243795 -0,085277 0,779671 3,437390
-0,067065 -0,080061 3,360750 0,346470 1,393796 3,245928 -0,172213 0,233529 2,204970 -0,068282 0,740922 3,441924
-0,066577 -0,073732 3,362724 0,344148 1,406139 3,246608 -0,187085 0,270408 2,248296 -0,086656 0,743368 3,453873
-0,064770 -0,074448 3,370280 0,340939 1,409317 3,250897 -0,197386 0,331364 2,245556 -0,083623 0,745902 3,467077
-0,053067 -0,098981 3,336036 0,339340 1,414582 3,248914 -0,257413 0,575195 2,292427 -0,058889 0,694963 3,390164
-0,045980 -0,105471 3,344344 0,333790 1,413601 3,236360 -0,282188 0,725387 2,370082 -0,065571 0,683898 3,388096
-0,037674 -0,088183 3,357967 0,333249 1,418482 3,255971 -0,293255 1,036549 2,548139 -0,072124 0,681829 3,338503
-0,033968 -0,082885 3,348215 0,334444 1,397175 3,240834 -0,419117 1,296996 2,841684 -0,077526 0,702160 3,353129
-0,036471 -0,087482 3,345160 0,330981 1,396002 3,235647 -0,421670 1,365028 2,950428 -0,077526 0,702160 3,353129
