42 12
-0,098120 -0,080101 3,288500 0,327957 1,405882 3,163525 -0,434056 1,279406 3,160388 -0,074309 0,700951 3,365606
-0,103879 -0,085575 3,303350 0,332848 1,398282 3,167995 -0,484333 1,265122 3,140047 -0,070477 0,698637 3,353486
-0,105461 -0,079657 3,309428 0,337980 1,423266 3,194480 -0,569775 1,219918 3,086872 -0,077302 0,698610 3,352978
-0,108942 -0,080182 3,299465 0,333554 1,406721 3,193512 -0,668303 1,115462 3,000958 -0,059478 0,704663 3,366352
-0,113410 -0,086860 3,316235 0,327843 1,419089 3,168755 -0,769003 0,981837 2,919593 -0,059190 0,692869 3,341726
-0,116302 -0,080257 3,303775 0,320058 1,410364 3,150833 -0,863769 0,817457 2,855259 -0,051731 0,697563 3,366331
-0,124333 -0,081391 3,308992 0,314681 1,407744 3,146388 -0,935080 0,619992 2,807378 -0,048424 0,688139 3,354324
-0,131368 -0,074606 3,330608 0,299212 1,414376 3,141477 -0,952489 0,380298 2,790681 -0,055751 0,696316 3,378680
-0,140497 -0,078244 3,319603 0,294228 1,401119 3,132746 -0,928266 0,152624 2,760511 -0,055971 0,699892 3,378814
-0,152038 -0,070393 3,320343 0,288113 1,393811 3,125594 -0,893169 -0,068675 2,801898 -0,070849 0,689012 3,377990
-0,161717 -0,068082 3,321558 0,283096 1,389894 3,132993 -0,813596 -0,272200 2,846198 -0,074925 0,694857 3,390256
-0,166360 -0,072409 3,316768 0,275910 1,388874 3,121702 -0,758057 -0,427215 2,907940 -0,074481 0,694928 3,390299
-0,162229 -0,064776 3,329506 0,273321 1,389963 3,135205 -0,699434 -0,534132 2,986547 -0,070562 0,686822 3,328826
-0,167954 -0,068218 3,343389 0,272004 1,383982 3,128724 -0,694243 -0,618588 3,021060 -0,062983 0,688044 3,353693
-0,166304 -0,058417 3,323100 0,269519 1,381984 3,124764 -0,750327 -0,690843 3,067376 -0,063423 0,695091 3,353721
-0,165314 -0,066207 3,321525 0,262085 1,401134 3,133630 -0,757519 -0,679526 3,048654 -0,053326 0,702072 3,390943
-0,161195 -0,062131 3,328441 0,263200 1,393170 3,120943 -0,743632 -0,700129 3,058712 -0,049091 0,699870 3,379026
-0,152349 -0,061996 3,341726 0,260188 1,404683 3,138200 -0,712100 -0,721231 3,072284 -0,038180 0,702295 3,391885
-0,145948 -0,066205 3,350044 0,260862 1,395297 3,127000 -0,660758 -0,704873 3,052025 -0,049325 0,704616 3,404066
-0,140299 -0,064631 3,346464 0,263048 1,409599 3,137173 -0,655197 -0,698672 3,033140 -0,045299 0,713092 3,391876
-0,133594 -0,063005 3,352661 0,262542 1,415658 3,142180 -0,679056 -0,720637 3,027195 -0,045076 0,709518 3,391834
-0,127134 -0,059064 3,340111 0,263582 1,411223 3,127556 -0,678991 -0,678604 2,984333 -0,041529 0,710710 3,379523
-0,120209 -0,066839 3,346446 0,269122 1,408388 3,129033 -0,677254 -0,678282 2,991786 -0,041536 0,703538 3,379428
-0,117425 -0,070156 3,357695 0,272812 1,408492 3,126417 -0,653746 -0,672352 3,003102 -0,045532 0,702256 3,391638
-0,112754 -0,074195 3,354251 0,273018 1,407840 3,123857 -0,646443 -0,663937 2,985204 -0,038127 0,703494 3,417148
-0,110203 -0,071083 3,349684 0,282008 1,418722 3,144721 -0,683906 -0,666109 2,957258 -0,037571 0,697647 3,367123
-0,106219 -0,076690 3,339618 0,283748 1,429581 3,146127 -0,708919 -0,637522 2,956027 -0,045532 0,702256 3,391638
-0,104748 -0,077374 3,355834 0,287395 1,421574 3,142919 -0,721120 -0,635256 2,958871 -0,037733 0,702361 3,391998
-0,104333 -0,084676 3,354343 0,284866 1,412970 3,134086 -0,731477 -0,614197 2,956256 -0,037743 0,695169 3,391901
-0,097667 -0,086038 3,346535 0,286928 1,418414 3,144936 -0,745809 -0,570206 2,924814 -0,037733 0,702361 3,391998
-0,090056 -0,085632 3,353448 0,286722 1,425208 3,148365 -0,753068 -0,487474 2,881711 -0,048415 0,695256 3,354414
-0,080533 -0,083968 3,356183 0,291633 1,424351 3,141118 -0,759108 -0,374810 2,846376 -0,044877 0,697610 3,366865
-0,076301 -0,088798 3,344591 0,292489 1,420427 3,145195 -0,760268 -0,216006 2,814480 -0,037743 0,695169 3,391901
-0,061991 -0,097702 3,347984 0,295198 1,431611 3,155071 -0,769162 -0,014642 2,812807 -0,037908 0,699898 3,417112
-0,056364 -0,096722 3,348621 0,292097 1,432871 3,153129 -0,752573 0,218122 2,791359 -0,038521 0,704624 3,442551
-0,052442 -0,088583 3,347444 0,296477 1,424474 3,164677 -0,721939 0,471915 2,758013 -0,041086 0,703568 3,379367
-0,045440 -0,084974 3,338128 0,294990 1,409434 3,156333 -0,695127 0,747181 2,800176 -0,052205 0,705883 3,391412
-0,042852 -0,085262 3,336698 0,295441 1,425404 3,162112 -0,621018 0,970104 2,884414 -0,051731 0,697563 3,366331
-0,046902 -0,080682 3,338858 0,296371 1,408900 3,152173 -0,549762 1,138799 2,970202 -0,058671 0,691813 3,317475
-0,049023 -0,079818 3,336406 0,300640 1,404223 3,157140 -0,488705 1,267205 3,066303 -0,059183 0,699964 3,341813
-0,055156 -0,082084 3,327138 0,303976 1,392950 3,151602 -0,444512 1,357256 3,147989 -0,069890 0,697556 3,329146
-0,062120 -0,081744 3,307616 0,306431 1,388336 3,152973 -0,412909 1,387944 3,187664 -0,077526 0,702160 3,353129
