21 12
-0,105212 -0,079065 3,339769 0,337607 1,438843 3,173490 -0,411480 1,353747 3,187113 -0,066786 0,697465 3,365914
-0,108162 -0,077366 3,332381 0,328609 1,427948 3,166023 -0,417415 1,331559 3,136637 -0,062756 0,691610 3,353647
-0,111576 -0,083793 3,344521 0,315196 1,403168 3,131482 -0,466608 1,158069 2,847998 -0,055427 0,690592 3,329741
-0,119193 -0,079686 3,357160 0,311764 1,411768 3,125897 -0,510658 1,000144 2,804681 -0,062536 0,688043 3,353431
-0,119860 -0,074702 3,352005 0,308822 1,415138 3,117772 -0,537263 0,859982 2,711070 -0,055001 0,676459 3,329331
-0,121247 -0,077760 3,361552 0,312725 1,413353 3,123403 -0,584457 0,632372 2,529642 -0,062547 0,680931 3,353341
-0,117001 -0,072053 3,352310 0,320564 1,412659 3,127787 -0,735962 0,586837 2,662864 -0,048416 0,687077 3,329993
-0,115294 -0,074756 3,343800 0,318162 1,409021 3,127533 -0,786524 0,527641 2,577720 -0,048417 0,678991 3,305823
-0,110018 -0,076976 3,358231 0,333707 1,416027 3,147824 -0,778010 0,468281 2,571744 -0,051912 0,684781 3,317788
-0,107155 -0,073141 3,345501 0,330679 1,428226 3,146828 -0,676108 0,434900 2,494546 -0,048640 0,683501 3,329867
-0,104478 -0,074126 3,344995 0,336744 1,426219 3,152940 -0,654132 0,451058 2,540980 -0,048194 0,682543 3,305945
-0,104715 -0,077822 3,335292 0,347218 1,441634 3,177503 -0,711679 0,479804 2,444950 -0,052353 0,684679 3,317549
-0,099617 -0,074915 3,334580 0,349615 1,436738 3,168470 -0,922222 0,486376 2,612596 -0,048640 0,683501 3,329867
-0,098911 -0,080295 3,339448 0,350953 1,430230 3,152253 -0,938524 0,486602 2,615709 -0,048196 0,691704 3,354292
-0,098023 -0,078595 3,332035 0,349199 1,422459 3,160589 -0,922421 0,560853 2,680779 -0,055653 0,687032 3,329702
-0,093084 -0,076350 3,329241 0,343904 1,428695 3,148029 -0,802819 0,693083 2,559675 -0,051932 0,692917 3,342039
-0,089245 -0,084535 3,314722 0,345776 1,436898 3,145598 -0,727293 0,783504 2,584079 -0,051932 0,692917 3,342039
-0,083382 -0,074966 3,323008 0,332960 1,430591 3,124297 -0,624394 1,096696 2,967293 -0,055419 0,697663 3,329826
-0,079149 -0,071649 3,311846 0,328395 1,437073 3,141205 -0,489138 1,191841 2,900409 -0,055427 0,690592 3,329741
-0,084111 -0,074562 3,319821 0,324449 1,430812 3,141384 -0,441793 1,265297 2,998087 -0,055641 0,701175 3,329872
-0,086762 -0,076852 3,304596 0,330753 1,426821 3,152774 -0,368846 1,379447 3,204735 -0,059183 0,699964 3,341813
