24 12
-0,056626 -0,084954 3,266030 0,337068 1,471105 3,326521 -0,360508 1,393469 3,162898 -0,048207 0,684589 3,354202
-0,051182 -0,093630 3,289173 0,330287 1,423521 3,254721 -0,372702 1,311295 2,978273 -0,048217 0,677476 3,354114
-0,047775 -0,099855 3,291531 0,317626 1,472736 3,312810 -0,274605 1,075477 2,744437 -0,042996 0,656410 3,315611
-0,048173 -0,103336 3,290758 0,317815 1,455533 3,301713 -0,234816 0,944337 2,660055 -0,042044 0,624171 3,311386
-0,048999 -0,103046 3,298164 0,312872 1,467120 3,309650 -0,197923 0,730280 2,684896 -0,048486 0,668631 3,403411
-0,053477 -0,106871 3,299038 0,293775 1,464070 3,284783 -0,170337 0,577856 2,679429 -0,033668 0,670436 3,354558
-0,062018 -0,102203 3,313725 0,301819 1,489591 3,375488 -0,172676 0,534647 2,682822 -0,027151 0,672947 3,330243
-0,063274 -0,101173 3,295388 0,284063 1,476699 3,295161 -0,266110 0,478086 2,518432 -0,034036 0,672046 3,306225
-0,068243 -0,097210 3,306977 0,278556 1,461508 3,264621 -0,473354 0,474700 2,706665 -0,019739 0,681084 3,355010
-0,065115 -0,093706 3,320739 0,269621 1,483070 3,275373 -0,547966 0,463129 2,665702 -0,016059 0,674332 3,318654
-0,054574 -0,094529 3,329318 0,253667 1,515609 3,353498 -0,581065 0,459999 2,582547 -0,029736 0,666426 3,294454
-0,045120 -0,092633 3,324518 0,306447 1,472356 3,262270 -0,779414 0,475714 2,836142 -0,019313 0,674034 3,355068
-0,048690 -0,092555 3,313536 0,281690 1,493231 3,294536 -0,878178 0,469875 2,890052 -0,004830 0,665172 3,306947
-0,043180 -0,089052 3,331958 0,311191 1,495044 3,313219 -0,941528 0,399215 2,680620 -0,019043 0,673097 3,330697
-0,047302 -0,088210 3,317262 0,301158 1,489694 3,261254 -0,998167 0,386841 2,734844 -0,015411 0,670879 3,318720
-0,049032 -0,089920 3,324873 0,294168 1,508088 3,310303 -0,986556 0,397788 2,753224 -0,015208 0,678881 3,342841
-0,052071 -0,085849 3,308081 0,313711 1,509246 3,316412 -0,970495 0,471290 2,823927 -0,018816 0,676619 3,330609
-0,050813 -0,084072 3,293239 0,290983 1,481508 3,242744 -0,893855 0,602338 2,730855 -0,026056 0,676597 3,330410
-0,054227 -0,084318 3,302354 0,297974 1,469011 3,205801 -0,863200 0,714105 2,724853 -0,018816 0,676619 3,330609
-0,046854 -0,092801 3,294758 0,277459 1,461464 3,200952 -0,790917 1,039997 3,003862 -0,022470 0,678862 3,342655
-0,043170 -0,093466 3,296208 0,277780 1,461328 3,221390 -0,598657 1,148666 2,848602 -0,019301 0,681147 3,355155
-0,040176 -0,084827 3,299877 0,265309 1,464699 3,244268 -0,525143 1,235699 2,945388 -0,018892 0,692889 3,379765
-0,045436 -0,094716 3,303524 0,266141 1,455980 3,263885 -0,415062 1,404437 3,286512 -0,026465 0,682134 3,379564
-0,049194 -0,094882 3,318952 0,307234 1,416055 3,202186 -0,374547 1,393459 3,258208 -0,030285 0,683396 3,367172
