23 12
-0,065553 -0,087969 3,309412 0,322140 1,378638 3,272050 -0,492464 1,363783 3,199657 -0,076957 0,675316 3,304541
-0,073447 -0,087858 3,325640 0,312246 1,383431 3,263203 -0,741459 1,390343 3,465630 -0,076508 0,682371 3,304502
-0,072691 -0,090774 3,332639 0,309329 1,384362 3,256330 -0,804647 1,186911 3,277404 -0,073552 0,677581 3,316706
-0,083997 -0,093516 3,328021 0,304382 1,383540 3,238757 -0,914869 0,642499 2,849580 -0,059791 0,695041 3,391027
-0,103064 -0,101445 3,351457 0,310828 1,381966 3,238448 -0,897636 0,124234 2,734533 -0,066243 0,675102 3,341071
-0,112330 -0,098557 3,355781 0,315548 1,378161 3,230100 -0,900911 -0,090762 2,740402 -0,070630 0,685458 3,377925
-0,128468 -0,095921 3,330766 0,321504 1,386079 3,252711 -0,935844 -0,461820 3,036036 -0,077979 0,673634 3,352726
-0,127806 -0,088689 3,321878 0,313933 1,397298 3,259526 -0,923234 -0,578031 3,048388 -0,059427 0,675118 3,341512
-0,119234 -0,087574 3,316795 0,306761 1,384160 3,264678 -0,883639 -0,597991 3,042994 -0,059427 0,675118 3,341512
-0,100268 -0,089461 3,324062 0,288030 1,395322 3,247124 -0,854987 -0,617387 3,070988 -0,060239 0,680599 3,390758
-0,091615 -0,094997 3,315865 0,281026 1,396652 3,246023 -0,920228 -0,628517 3,133550 -0,052674 0,684283 3,391199
-0,084879 -0,091326 3,323673 0,281499 1,392918 3,246712 -0,899491 -0,603944 3,056087 -0,055940 0,670289 3,353799
-0,075830 -0,092885 3,330741 0,277820 1,406126 3,241653 -0,866661 -0,574964 3,001429 -0,052390 0,671579 3,341694
-0,082792 -0,087607 3,345469 0,282249 1,391858 3,222590 -0,903015 -0,558630 3,029093 -0,060156 0,672407 3,365702
-0,081366 -0,091066 3,322057 0,287193 1,385651 3,222979 -0,903372 -0,526688 2,998978 -0,055883 0,669327 3,329411
-0,075456 -0,088529 3,334387 0,296187 1,395732 3,246845 -0,905957 -0,441142 2,939687 -0,052205 0,676151 3,366298
-0,061241 -0,096066 3,306041 0,295731 1,397883 3,246084 -0,874275 -0,181861 2,861808 -0,049091 0,670230 3,353840
-0,054166 -0,109903 3,303816 0,293091 1,400434 3,238209 -0,871570 -0,013293 2,807855 -0,048653 0,662311 3,329612
-0,046117 -0,096507 3,317202 0,298933 1,393690 3,241948 -0,886884 0,433884 2,949463 -0,052420 0,679693 3,366343
-0,050528 -0,089029 3,325871 0,299506 1,400327 3,241196 -0,711323 0,797194 2,630431 -0,063861 0,680722 3,353150
-0,051857 -0,083050 3,340023 0,300943 1,396843 3,243307 -0,637441 0,963124 2,676160 -0,070343 0,683349 3,328927
-0,068595 -0,080229 3,302260 0,300348 1,384821 3,231163 -0,478895 1,330378 3,231033 -0,081179 0,689121 3,340595
-0,084567 -0,091763 3,316120 0,306063 1,387688 3,249235 -0,422102 1,381915 3,311449 -0,073770 0,681058 3,316688
