35 12
-0,102862 -0,092668 3,423842 0,290576 1,395171 3,337167 -0,439001 1,329491 3,264249 -0,100775 0,712689 3,426666
-0,109892 -0,092644 3,420106 0,294937 1,403817 3,335793 -0,473002 1,313188 3,244934 -0,108028 0,707736 3,400986
-0,114666 -0,102266 3,427638 0,295917 1,396898 3,325352 -0,536264 1,259302 3,193441 -0,099890 0,699502 3,376380
-0,123914 -0,094279 3,436556 0,293643 1,404524 3,326585 -0,611443 1,141940 3,073331 -0,099661 0,703094 3,376301
-0,131320 -0,094052 3,435567 0,291224 1,398365 3,317720 -0,688637 0,953491 2,967882 -0,095746 0,693637 3,364071
-0,134915 -0,094667 3,442140 0,285318 1,395611 3,310407 -0,760589 0,681642 2,853843 -0,093084 0,704322 3,401874
-0,138940 -0,087931 3,437629 0,282112 1,390654 3,317796 -0,799293 0,407612 2,854653 -0,093084 0,704322 3,401874
-0,148183 -0,092650 3,432839 0,283826 1,369720 3,307913 -0,802615 0,139472 2,906551 -0,089650 0,699518 3,414637
-0,153947 -0,097602 3,419843 0,281433 1,382444 3,302879 -0,769202 -0,081159 2,924560 -0,094571 0,706615 3,452826
-0,162736 -0,101382 3,415756 0,285349 1,386108 3,320605 -0,731870 -0,270227 2,970872 -0,089605 0,687535 3,389337
-0,168249 -0,094404 3,416156 0,287342 1,374772 3,318105 -0,722636 -0,384078 2,990257 -0,101230 0,698129 3,426629
-0,172714 -0,086316 3,412835 0,285575 1,380499 3,312888 -0,770559 -0,489069 2,994180 -0,104639 0,702949 3,413769
-0,173537 -0,079475 3,422116 0,287198 1,379775 3,330784 -0,812754 -0,548111 2,998946 -0,101231 0,705389 3,426739
-0,177432 -0,089861 3,414183 0,278242 1,370687 3,306283 -0,781850 -0,563827 3,021990 -0,094265 0,698097 3,426931
-0,170933 -0,083220 3,421261 0,273906 1,369088 3,299746 -0,732087 -0,603118 3,037229 -0,097258 0,703032 3,414262
-0,166644 -0,082879 3,412171 0,267620 1,376743 3,306593 -0,649320 -0,579501 3,032075 -0,101453 0,701712 3,426646
-0,168742 -0,089837 3,441111 0,268162 1,382145 3,308761 -0,626827 -0,558262 3,013919 -0,101231 0,705389 3,426739
-0,166593 -0,092175 3,430400 0,270146 1,389817 3,314131 -0,680928 -0,565794 2,970989 -0,101670 0,698016 3,426464
-0,158251 -0,086253 3,445791 0,268697 1,390028 3,306409 -0,724776 -0,540040 2,964062 -0,097575 0,711517 3,439804
-0,158058 -0,093723 3,437845 0,264125 1,389226 3,303409 -0,704617 -0,531165 2,969678 -0,090314 0,695762 3,414434
-0,153928 -0,092232 3,434688 0,260984 1,371946 3,298150 -0,666999 -0,529758 2,993159 -0,086417 0,705545 3,427674
-0,148437 -0,092410 3,443587 0,267378 1,377626 3,304489 -0,657000 -0,507288 3,004584 -0,093749 0,693367 3,401581
-0,144833 -0,096356 3,446686 0,266827 1,392427 3,321218 -0,700597 -0,492439 2,977426 -0,102603 0,711421 3,478404
-0,143354 -0,096390 3,434809 0,272277 1,385147 3,323545 -0,777989 -0,456327 2,931114 -0,091315 0,705355 3,465842
-0,134920 -0,094801 3,449836 0,270080 1,389960 3,314617 -0,837074 -0,386539 2,925534 -0,086193 0,701941 3,427586
-0,126641 -0,102954 3,447113 0,272734 1,399537 3,312731 -0,846317 -0,305140 2,878794 -0,094348 0,703005 3,452814
-0,122993 -0,104855 3,456319 0,278424 1,388495 3,323891 -0,836645 -0,157365 2,867621 -0,089874 0,695872 3,414619
-0,105413 -0,103821 3,456774 0,276914 1,395576 3,340212 -0,820487 0,045259 2,857970 -0,098020 0,696870 3,439579
-0,103688 -0,104341 3,449186 0,276159 1,407687 3,326879 -0,811412 0,282240 2,871089 -0,089874 0,695872 3,414619
-0,095355 -0,107964 3,457623 0,279304 1,399415 3,326778 -0,777831 0,549014 2,843760 -0,101006 0,694528 3,426527
-0,095455 -0,093163 3,461184 0,279388 1,389575 3,321272 -0,737735 0,825520 2,910669 -0,100780 0,698166 3,426447
-0,093958 -0,100520 3,458177 0,275890 1,398150 3,324729 -0,662176 1,041421 2,991555 -0,107801 0,696947 3,400774
-0,097093 -0,097997 3,449768 0,274732 1,388297 3,324461 -0,590306 1,220906 3,122594 -0,101231 0,705389 3,426739
-0,110926 -0,091296 3,443508 0,276746 1,398134 3,336151 -0,516923 1,316109 3,235654 -0,108026 0,700523 3,400880
-0,116311 -0,097967 3,449236 0,274974 1,384025 3,319904 -0,440167 1,348028 3,307269 -0,107800 0,704157 3,400879
