57 12
-0,094349 -0,092391 3,347040 0,245412 1,451845 3,228155 -0,479253 1,333495 3,257061 -0,070630 0,685458 3,377925
-0,096391 -0,099880 3,337760 0,271938 1,443626 3,272594 -0,509078 1,273257 3,185326 -0,074485 0,687742 3,390199
-0,090945 -0,094259 3,355692 0,282172 1,428472 3,232547 -0,531364 1,182109 3,110149 -0,070630 0,685458 3,377925
-0,090483 -0,096722 3,344582 0,281378 1,436520 3,248437 -0,556623 1,049755 3,016751 -0,070630 0,685458 3,377925
-0,086216 -0,108903 3,350157 0,288917 1,451178 3,264237 -0,569995 0,885720 2,920524 -0,070419 0,674730 3,377682
-0,084467 -0,102602 3,354851 0,310456 1,436091 3,257852 -0,560099 0,721562 2,840079 -0,070640 0,671143 3,377732
-0,083043 -0,101693 3,356355 0,243258 1,419735 3,160351 -0,554312 0,582148 2,786942 -0,066685 0,667981 3,341087
-0,077686 -0,092618 3,360274 0,246760 1,493047 3,341129 -0,537671 0,466441 2,735590 -0,062803 0,671879 3,305149
-0,074935 -0,100532 3,353462 0,265911 1,495916 3,317349 -0,529175 0,379444 2,679392 -0,059712 0,672965 3,292769
-0,074338 -0,095756 3,373102 0,283924 1,446775 3,262216 -0,525605 0,315922 2,580831 -0,053004 0,680878 3,316558
-0,077173 -0,093884 3,367585 0,291759 1,433617 3,252177 -0,523721 0,273025 2,477687 -0,049947 0,689953 3,327779
-0,075651 -0,098755 3,365763 0,263881 1,451329 3,265859 -0,521874 0,263855 2,374862 -0,065601 0,707300 3,400620
-0,073858 -0,097097 3,384592 0,252538 1,481269 3,315637 -0,524840 0,281347 2,318065 -0,061952 0,714924 3,440166
-0,071226 -0,092857 3,372786 0,279378 1,454786 3,279961 -0,526257 0,293311 2,288542 -0,061952 0,714924 3,440166
-0,068389 -0,101012 3,363496 0,251411 1,510758 3,381843 -0,522482 0,296505 2,288743 -0,065619 0,713832 3,453370
-0,058937 -0,103849 3,371759 0,255625 1,454124 3,253923 -0,518994 0,298407 2,313904 -0,046852 0,701618 3,389333
-0,051617 -0,099962 3,364479 0,256934 1,456345 3,229119 -0,514994 0,306079 2,367413 -0,038901 0,697235 3,365805
-0,039046 -0,100738 3,360983 0,298470 1,457029 3,291857 -0,512241 0,314768 2,433058 -0,043305 0,702693 3,376359
-0,036562 -0,098804 3,350263 0,285797 1,482693 3,310820 -0,510095 0,329944 2,500425 -0,045998 0,692549 3,341073
-0,033077 -0,100453 3,356445 0,270090 1,507744 3,367276 -0,502273 0,323880 2,533180 -0,046644 0,688564 3,339320
-0,034541 -0,098451 3,355984 0,272183 1,464541 3,278889 -0,493089 0,311637 2,532332 -0,060371 0,690074 3,291595
-0,041858 -0,097804 3,350008 0,299064 1,500796 3,396040 -0,479502 0,290888 2,490454 -0,053660 0,691006 3,315030
-0,049795 -0,099500 3,354222 0,271500 1,458451 3,263374 -0,477167 0,274940 2,422597 -0,046440 0,699365 3,340103
-0,052708 -0,095110 3,366802 0,268753 1,529346 3,427880 -0,482448 0,281384 2,358366 -0,042903 0,701724 3,352415
-0,058123 -0,098133 3,368898 0,220595 1,413902 3,136839 -0,493476 0,300353 2,311982 -0,057866 0,709016 3,427960
-0,059854 -0,098664 3,348473 0,285184 1,466358 3,283710 -0,510870 0,307672 2,303979 -0,050670 0,712562 3,427759
-0,055587 -0,099204 3,361291 0,272430 1,501186 3,346461 -0,521722 0,303613 2,317712 -0,039122 0,700675 3,365345
-0,049846 -0,100032 3,344678 0,314697 1,481178 3,332433 -0,527204 0,293960 2,341615 -0,035399 0,698351 3,353143
-0,044117 -0,098710 3,336606 0,301240 1,461963 3,286023 -0,533149 0,285375 2,380001 -0,039551 0,693219 3,363994
-0,039420 -0,093747 3,335746 0,294822 1,526942 3,407316 -0,533913 0,282414 2,425633 -0,046213 0,688874 3,340540
-0,041464 -0,097452 3,348394 0,332877 1,439537 3,272295 -0,526630 0,272990 2,444671 -0,042493 0,686608 3,328519
-0,040650 -0,102138 3,345365 0,297691 1,462270 3,295373 -0,516503 0,262023 2,442202 -0,046425 0,685183 3,339926
-0,047943 -0,103106 3,350368 0,303772 1,450546 3,262584 -0,504290 0,248808 2,408126 -0,046658 0,687353 3,314495
-0,054844 -0,105362 3,340940 0,268859 1,439053 3,212215 -0,496771 0,233245 2,343119 -0,046852 0,693178 3,363798
-0,063499 -0,102562 3,348781 0,258448 1,461877 3,249968 -0,499286 0,231799 2,282929 -0,058300 0,708722 3,426845
-0,069555 -0,102716 3,347417 0,272588 1,501055 3,343634 -0,509524 0,232128 2,240853 -0,058300 0,708722 3,426845
-0,071188 -0,101965 3,352187 0,293891 1,544584 3,427482 -0,508093 0,222643 2,218345 -0,062164 0,711120 3,439506
-0,070050 -0,104620 3,343668 0,284585 1,524808 3,405284 -0,504850 0,212558 2,215670 -0,069448 0,702436 3,412981
-0,070032 -0,108840 3,341581 0,295597 1,516093 3,417623 -0,503398 0,205907 2,209342 -0,070172 0,712112 3,464311
-0,072191 -0,108908 3,326705 0,307323 1,474885 3,339766 -0,512438 0,205852 2,215933 -0,066479 0,713157 3,450772
-0,071557 -0,102260 3,335837 0,271548 1,483604 3,338472 -0,518399 0,216272 2,219611 -0,065714 0,708667 3,426566
-0,069689 -0,099365 3,333201 0,305062 1,457175 3,301621 -0,526006 0,231641 2,225701 -0,062372 0,707300 3,438759
-0,069942 -0,089927 3,347948 0,259933 1,507146 3,404723 -0,535580 0,258811 2,243867 -0,046852 0,701618 3,389333
-0,072693 -0,088103 3,328511 0,284245 1,476765 3,336508 -0,541833 0,296238 2,257742 -0,068585 0,695782 3,415039
-0,068169 -0,097685 3,339384 0,295514 1,470683 3,302552 -0,547703 0,354781 2,290294 -0,049965 0,685192 3,377657
-0,066188 -0,097697 3,339889 0,277666 1,528553 3,379101 -0,554920 0,424768 2,329407 -0,045349 0,668019 3,341753
-0,059250 -0,095320 3,337514 0,296249 1,512481 3,371737 -0,555825 0,522626 2,388036 -0,044920 0,668120 3,342014
-0,057342 -0,095044 3,327524 0,318208 1,457262 3,292660 -0,552704 0,644120 2,446482 -0,052182 0,660996 3,341645
-0,052927 -0,098751 3,338372 0,293373 1,506453 3,375929 -0,556983 0,786669 2,527401 -0,055247 0,658817 3,329281
-0,051533 -0,094068 3,337394 0,326100 1,490352 3,343607 -0,563078 0,931900 2,630914 -0,055458 0,662336 3,329403
-0,051104 -0,095425 3,333832 0,313185 1,474736 3,299071 -0,555259 1,057769 2,756358 -0,070132 0,665737 3,328775
-0,054923 -0,098872 3,324516 0,296458 1,466833 3,276675 -0,542117 1,155437 2,882327 -0,063430 0,673750 3,353447
-0,052047 -0,097183 3,324866 0,293373 1,481787 3,300773 -0,528193 1,233236 2,991530 -0,067239 0,675982 3,365575
-0,053380 -0,093012 3,310998 0,319644 1,456474 3,296666 -0,512603 1,291849 3,104351 -0,074317 0,679535 3,365323
-0,059003 -0,094223 3,311914 0,279706 1,501441 3,376897 -0,509268 1,323769 3,193331 -0,074101 0,675995 3,365256
-0,061644 -0,094488 3,304684 0,280964 1,526451 3,427035 -0,495837 1,341793 3,246398 -0,074317 0,679535 3,365322
-0,067735 -0,092305 3,303927 0,266559 1,532205 3,429229 -0,477076 1,350280 3,266204 -0,066465 0,671550 3,341119
