21 12
-0,068847 -0,106931 3,358324 0,277508 1,429104 3,225703 -0,551074 1,381472 3,383589 -0,033879 0,673984 3,354664
-0,065957 -0,103743 3,352334 0,254096 1,441168 3,235005 -0,610847 1,287462 3,306503 -0,040981 0,669477 3,330058
-0,065177 -0,101135 3,369053 0,270750 1,433912 3,239300 -0,709106 0,817458 2,889737 -0,044699 0,671688 3,342065
-0,064126 -0,106103 3,365216 0,262102 1,442605 3,235279 -0,671063 0,354276 2,861953 -0,033890 0,666874 3,354575
-0,067130 -0,095939 3,368762 0,267721 1,453305 3,244188 -0,660142 0,151058 2,865948 -0,033668 0,670436 3,354558
-0,079216 -0,105722 3,347260 0,276724 1,447027 3,269553 -0,640557 -0,226838 3,002060 -0,026268 0,671384 3,379285
-0,101402 -0,090208 3,395499 0,272324 1,442719 3,278521 -0,687397 -0,510218 3,022577 -0,030192 0,664668 3,342468
-0,110180 -0,087396 3,387758 0,284844 1,442670 3,274611 -0,728911 -0,601858 3,040799 -0,034101 0,670405 3,354600
-0,111884 -0,084164 3,373627 0,272250 1,454565 3,311998 -0,718946 -0,698570 3,064080 -0,008356 0,680885 3,392469
-0,100819 -0,083508 3,335064 0,256014 1,415559 3,190144 -0,655205 -0,683008 2,997473 -0,012034 0,683185 3,404958
-0,093415 -0,082292 3,354404 0,244987 1,433509 3,228899 -0,659581 -0,678365 3,008337 0,002494 0,679577 3,405089
-0,086288 -0,087277 3,363370 0,251192 1,438756 3,243756 -0,672094 -0,634614 2,950208 0,006351 0,680898 3,392673
-0,069210 -0,089833 3,362586 0,245434 1,472900 3,294502 -0,671783 -0,539588 2,939527 0,002839 0,675030 3,380082
-0,063809 -0,102011 3,341234 0,253250 1,442273 3,238101 -0,662951 -0,446866 2,902394 0,013688 0,673712 3,392638
-0,046063 -0,111176 3,376158 0,270452 1,480928 3,297644 -0,667724 -0,154036 2,880146 -0,008404 0,662051 3,367425
-0,040036 -0,105437 3,360696 0,267133 1,452428 3,233386 -0,659136 0,260853 2,822275 -0,015917 0,665580 3,367287
-0,033227 -0,111611 3,376219 0,284794 1,448424 3,250547 -0,660567 0,507228 2,800845 -0,026268 0,671384 3,379285
-0,042725 -0,107876 3,371138 0,285163 1,447215 3,256235 -0,654909 1,014494 2,983491 -0,026491 0,667817 3,379377
-0,059164 -0,106507 3,406563 0,247019 1,482748 3,316130 -0,549370 1,217817 2,961826 -0,018878 0,674029 3,354889
-0,071144 -0,104280 3,390933 0,281554 1,448693 3,269219 -0,489332 1,291297 3,070920 -0,030084 0,672698 3,366976
-0,086527 -0,111388 3,376223 0,299104 1,422764 3,247698 -0,405884 1,364884 3,276146 -0,029874 0,669121 3,366789
