112 12
-0,091386 -0,093924 3,356991 0,225170 1,085953 2,850654 -0,254670 1,167578 3,100555 -0,073727 0,657331 3,340571
-0,093731 -0,097632 3,352539 0,061838 1,166082 3,173868 -0,103313 0,856599 2,878473 -0,096923 0,637249 3,388169
-0,092845 -0,100088 3,356456 -0,039184 1,066231 3,115045 -0,081990 0,743148 2,853925 -0,086846 0,613194 3,374014
-0,089206 -0,112507 3,372036 -0,141741 0,863484 3,020104 -0,123177 0,567579 2,775525 -0,079012 0,657490 3,401897
-0,085342 -0,111772 3,367194 -0,169958 0,667212 3,127862 -0,223478 0,675345 2,678683 -0,071818 0,665718 3,427820
-0,085895 -0,099987 3,380096 -0,123574 0,540568 2,963764 -0,259241 0,737232 2,612130 -0,073554 0,677745 3,413263
-0,081923 -0,093757 3,399477 -0,007034 0,419017 2,882756 -0,170193 0,874555 2,903977 -0,080018 0,689995 3,363161
-0,086254 -0,092872 3,382432 -0,025595 0,569154 2,765122 -0,090178 0,607990 2,892961 -0,077909 0,697250 3,402348
-0,086504 -0,101128 3,378743 -0,102543 0,698949 2,871928 -1,409335 0,443133 3,210606 -0,074213 0,688773 3,414760
-0,085246 -0,107260 3,377853 -0,112701 0,807842 2,971638 -0,241869 0,445622 2,737475 -0,068291 0,675300 3,440916
-0,077879 -0,107066 3,369689 -0,023369 0,703014 2,875809 -0,291577 0,725737 2,678412 -0,068968 0,635049 3,374169
-0,078882 -0,100954 3,365749 0,036813 0,692641 2,678232 -0,317959 0,900741 2,812009 -0,066414 0,640430 3,364901
-0,072933 -0,095709 3,375734 0,222951 0,927405 2,821653 -0,382901 1,120779 2,853850 -0,063646 0,655924 3,353063
-0,071371 -0,091147 3,366773 0,277994 1,139958 2,927525 -0,467527 1,273199 3,024345 -0,063207 0,684461 3,353656
-0,074957 -0,098044 3,367489 0,296890 1,283876 3,158522 -0,434427 1,302702 3,055003 -0,055978 0,692726 3,378718
-0,079326 -0,091185 3,351312 0,284452 1,351361 3,299658 -0,402238 1,376608 3,259827 -0,055704 0,688094 3,354023
-0,075349 -0,093856 3,329803 0,289425 1,336219 3,273047 -0,424402 1,336621 3,236490 -0,070625 0,692620 3,378022
-0,072382 -0,092490 3,332739 0,287133 1,356571 3,291163 -0,437503 1,318611 3,220576 -0,063302 0,692676 3,378385
-0,067998 -0,086449 3,354101 0,291916 1,355508 3,294635 -0,497960 1,143958 2,972472 -0,070625 0,692620 3,378022
-0,068192 -0,087214 3,357918 0,290025 1,368072 3,290367 -0,531857 0,842635 2,879130 -0,063302 0,692676 3,378385
-0,069278 -0,095499 3,361411 0,293477 1,372245 3,285467 -0,555113 0,618957 2,772993 -0,052600 0,689243 3,341751
-0,069817 -0,081675 3,369620 0,298993 1,376854 3,291657 -0,584550 0,196790 2,875157 -0,048866 0,688071 3,354233
-0,063762 -0,080693 3,353745 0,301804 1,380811 3,302482 -0,571656 0,021023 2,931306 -0,056533 0,709448 3,429233
-0,058767 -0,093299 3,353537 0,299710 1,376503 3,306531 -0,559655 -0,002543 2,946722 -0,060174 0,708212 3,441738
-0,048994 -0,088546 3,374321 0,294667 1,370473 3,288324 -0,557615 0,009262 2,919435 -0,052921 0,703412 3,416605
-0,042151 -0,079409 3,366490 0,298828 1,378088 3,308636 -0,601171 0,117464 2,934526 -0,049084 0,691570 3,354111
-0,039658 -0,093591 3,351263 0,293347 1,380195 3,294632 -0,623032 0,240126 2,855065 -0,037862 0,685837 3,342386
-0,036956 -0,092313 3,366079 0,294072 1,372493 3,300199 -0,635333 0,627353 2,780859 -0,048648 0,684556 3,354275
-0,038695 -0,089233 3,376191 0,296781 1,364767 3,290030 -0,577901 0,954629 2,672285 -0,048424 0,688139 3,354324
-0,041145 -0,090132 3,367711 0,297766 1,357635 3,279221 -0,533387 1,099983 2,787317 -0,059791 0,695041 3,391027
-0,056232 -0,092090 3,330960 0,300980 1,362438 3,303458 -0,403107 1,393173 3,257781 -0,062977 0,695160 3,353783
-0,072989 -0,088318 3,357505 0,301786 1,358260 3,293376 -0,388259 1,390041 3,299950 -0,070619 0,699784 3,378119
-0,080260 -0,094264 3,354866 0,296874 1,351478 3,273597 -0,392786 1,355518 3,243233 -0,067357 0,698556 3,390741
-0,086727 -0,089329 3,323862 0,245852 1,255127 3,169250 -0,399114 1,282611 3,122057 -0,077759 0,684344 3,352924
-0,087489 -0,103395 3,329016 0,134129 0,997842 3,196578 -0,328108 1,206732 2,919615 -0,070288 0,652453 3,352879
-0,083087 -0,110632 3,347729 0,044970 0,835011 3,076850 -0,265963 1,116814 2,774701 -0,075316 0,611503 3,363267
-0,082228 -0,109028 3,376976 -0,066311 0,652495 2,831052 -0,127926 0,966353 2,998814 -0,076131 0,657920 3,466057
-0,083968 -0,108828 3,395585 -0,122009 0,781352 2,770528 -0,448943 -0,082243 1,496119 -0,092087 0,666467 3,351808
-0,081724 -0,114054 3,416008 -0,167557 0,821002 2,756998 -0,125839 0,515847 3,081445 -0,078157 0,672036 3,402184
-0,079061 -0,106957 3,403239 -0,130474 0,852061 2,990417 -0,274182 0,521721 2,687352 -0,082264 0,658890 3,389356
-0,076812 -0,102477 3,385811 -0,148009 0,681733 3,105530 -0,255944 0,780715 2,622216 -0,077769 0,655917 3,352555
-0,074476 -0,100803 3,397624 -0,118062 0,572447 2,920432 -0,200003 0,818559 2,672818 -0,077549 0,666600 3,352672
-0,076842 -0,112254 3,381740 -0,079717 0,536574 2,797696 -0,072819 0,776177 3,043817 -0,063645 0,675743 3,403108
-0,078756 -0,113344 3,385811 -0,095784 0,767064 2,745243 -0,096040 0,550656 3,123924 -0,078163 0,664836 3,402082
-0,073840 -0,111867 3,379212 -0,090675 0,860961 2,790787 -0,212060 0,563702 3,203568 -0,056144 0,665895 3,428328
-0,073782 -0,112603 3,385700 0,016531 1,011243 2,972075 -0,418865 0,618110 2,695307 -0,082367 0,610787 3,338045
-0,062630 -0,100608 3,363316 0,166744 1,024117 2,684504 -0,547504 0,914282 2,759940 -0,071579 0,647446 3,326426
-0,061665 -0,099729 3,377796 0,233122 1,077229 2,732997 -0,570492 1,049295 2,835136 -0,070345 0,676284 3,328839
-0,059515 -0,097379 3,364143 0,399676 1,273811 3,101264 -0,535294 1,310934 3,112069 -0,069901 0,683419 3,328975
-0,065671 -0,095365 3,370896 0,328097 1,423793 3,420324 -0,437684 1,321685 3,106410 -0,071067 0,699714 3,378070
-0,066813 -0,092209 3,361577 0,302887 1,387575 3,369872 -0,427549 1,362786 3,251364 -0,067012 0,693869 3,365880
-0,068174 -0,085776 3,350185 0,301889 1,347808 3,295115 -0,435918 1,378616 3,253675 -0,067235 0,690255 3,365764
-0,066126 -0,091181 3,351287 0,297751 1,385554 3,330104 -0,523989 1,286161 3,302433 -0,063083 0,689102 3,378244
-0,060996 -0,089406 3,346322 0,298106 1,366381 3,312080 -0,626343 1,152912 3,271884 -0,066798 0,683187 3,365727
-0,052102 -0,089970 3,354222 0,294926 1,369931 3,292644 -0,786604 0,659176 2,818026 -0,048866 0,688071 3,354233
-0,049558 -0,092397 3,357254 0,306750 1,350342 3,271269 -0,964106 0,297267 2,920655 -0,041484 0,698641 3,429590
-0,048726 -0,087620 3,371739 0,308742 1,376630 3,315124 -1,025782 0,140410 2,923260 -0,030617 0,691582 3,392063
-0,044182 -0,102024 3,359291 0,306679 1,372284 3,303475 -1,037972 -0,111777 2,907036 -0,045326 0,684325 3,391485
-0,050072 -0,097212 3,372548 0,303010 1,388110 3,324073 -0,693189 -0,183940 2,586032 -0,045754 0,692553 3,416642
-0,050978 -0,094057 3,377854 0,302496 1,377804 3,302122 -0,658981 -0,205775 2,761392 -0,049117 0,686623 3,403902
-0,052075 -0,091949 3,362602 0,294645 1,370891 3,283009 -0,713926 -0,266642 2,829598 -0,041935 0,691348 3,429547
-0,040281 -0,084087 3,364334 0,292580 1,378244 3,296347 -0,848101 -0,315089 2,921892 -0,034587 0,690261 3,404362
-0,042645 -0,098094 3,374632 0,292558 1,364120 3,277420 -0,771597 -0,280019 2,778705 -0,045752 0,693695 3,442230
-0,049985 -0,085497 3,378578 0,306836 1,364174 3,314490 -0,682608 -0,233674 2,907550 -0,049111 0,693835 3,404003
-0,049996 -0,088311 3,362168 0,300171 1,371318 3,300333 -0,852980 -0,247613 3,147987 -0,038028 0,683299 3,366828
-0,047149 -0,097208 3,339103 0,303248 1,364829 3,295712 -0,961956 -0,255545 3,205723 -0,030840 0,687946 3,391909
-0,041493 -0,103163 3,360245 0,300485 1,372453 3,301128 -1,014503 -0,166168 2,917827 -0,030626 0,684394 3,391967
-0,033717 -0,102639 3,339405 0,303783 1,366576 3,301346 -0,949791 0,122993 2,753934 -0,030508 0,679803 3,367104
-0,029199 -0,102151 3,340462 0,311868 1,360264 3,304061 -0,926304 0,311540 2,713117 -0,041558 0,682041 3,379144
-0,030372 -0,091642 3,352113 0,302369 1,377732 3,315978 -0,892191 0,771488 2,934891 -0,048432 0,681024 3,354235
-0,043105 -0,084813 3,374085 0,296559 1,373058 3,313987 -0,667626 0,982902 2,708536 -0,056701 0,697353 3,403672
-0,053089 -0,087800 3,393613 0,298511 1,377026 3,327067 -0,580542 1,110498 2,808959 -0,056203 0,689119 3,378673
-0,071158 -0,088171 3,354535 0,297273 1,367312 3,320623 -0,420595 1,378217 3,290779 -0,071068 0,692549 3,377972
-0,087000 -0,088524 3,387691 0,300179 1,372912 3,338864 -0,417544 1,395048 3,331043 -0,063399 0,700985 3,403370
-0,089427 -0,089008 3,385875 0,297575 1,366928 3,312886 -0,429616 1,380078 3,293846 -0,070625 0,692620 3,378022
-0,091158 -0,080563 3,395508 0,279969 1,329267 3,260403 -0,454223 1,312313 3,142117 -0,085035 0,696081 3,377144
-0,087359 -0,104964 3,388734 0,175809 1,142445 3,308571 -0,397978 1,249087 2,976639 -0,073626 0,666140 3,388989
-0,081393 -0,089659 3,393846 0,077098 0,958292 3,252624 -0,369136 1,182182 2,865358 -0,078804 0,661152 3,402096
-0,076008 -0,097828 3,418127 -0,076513 0,612433 3,031306 -0,274385 1,121266 2,872020 -0,073554 0,677745 3,413263
-0,071051 -0,097196 3,409349 -0,020961 0,591243 2,814109 -0,201202 0,838352 2,956832 -0,078157 0,672036 3,402184
-0,068757 -0,112540 3,426392 -0,059483 0,678083 2,749078 -0,084798 0,634632 2,893086 -0,057144 0,682452 3,480461
-0,064069 -0,112442 3,429269 -0,106048 0,902920 2,804409 -0,151677 0,392883 2,861721 -0,061057 0,684795 3,493456
-0,054539 -0,112199 3,413051 -0,100091 0,754073 2,908308 -0,238731 0,571586 2,670080 -0,045777 0,664572 3,441793
-0,050306 -0,109335 3,424105 -0,134903 0,734492 3,092798 -0,269542 0,669168 2,600416 -0,067571 0,676332 3,466218
-0,050847 -0,116304 3,421093 -0,092558 0,618799 2,991644 -0,181370 0,881458 2,906305 -0,045786 0,665512 3,467620
-0,048168 -0,115647 3,417366 -0,023097 0,698656 2,690531 -0,080069 0,694273 2,883530 -0,038122 0,668271 3,442126
-0,051625 -0,109803 3,404614 -0,067550 0,789437 2,777792 -0,093981 0,566439 2,936093 -0,053161 0,663585 3,415944
-0,044995 -0,111754 3,406231 -0,086771 0,858792 2,928800 -0,200974 0,494532 2,701848 -0,038246 0,681238 3,494237
-0,048089 -0,112409 3,398822 -0,083460 0,689692 3,000770 -0,220380 0,620048 2,573512 -0,056998 0,665824 3,428508
-0,046019 -0,107493 3,400694 -0,013410 0,606656 2,824518 -0,177184 0,680498 2,659621 -0,063009 0,659608 3,353331
-0,049658 -0,111166 3,388199 0,059577 0,562947 2,749276 -0,145920 0,694222 2,763374 -0,063009 0,659608 3,353331
-0,054943 -0,109089 3,393224 0,216874 0,599730 2,417734 -0,347287 0,746176 2,969711 -0,048249 0,656155 3,353846
-0,055953 -0,102160 3,395573 0,294972 0,668732 2,418489 -0,473881 0,754939 2,918967 -0,033472 0,659766 3,354282
-0,062156 -0,099832 3,369061 0,514918 0,936711 2,706532 -0,611808 0,812043 2,718712 -0,047995 0,665024 3,305753
-0,063737 -0,096299 3,368797 0,583300 1,154082 2,866486 -0,824390 1,045771 2,913823 -0,052139 0,674175 3,317584
-0,061029 -0,091679 3,374042 0,630461 1,283168 3,099432 -0,846496 1,119322 2,937828 -0,055653 0,687032 3,329702
-0,060272 -0,093074 3,359834 0,614228 1,354118 3,252894 -0,817799 1,343449 3,220895 -0,048642 0,691672 3,354364
-0,062155 -0,089286 3,357058 -0,020428 0,798976 2,724974 -0,604902 1,282995 3,049054 -0,041316 0,699978 3,379392
-0,063127 -0,083072 3,351048 0,069238 0,710537 2,541513 -0,491853 1,281923 3,083528 -0,041307 0,707148 3,379486
-0,063274 -0,093098 3,337063 0,115344 0,855067 2,351070 -0,432856 1,381687 3,385335 -0,041544 0,696370 3,379334
-0,073663 -0,085043 3,335269 -0,043617 1,043831 2,631872 -0,441460 1,348685 3,350413 -0,041768 0,692744 3,379192
-0,073587 -0,091139 3,341014 -0,028546 0,991898 2,726339 -0,445100 1,348882 3,337648 -0,041097 0,696400 3,379273
-0,074215 -0,097056 3,351995 -0,004746 0,842877 2,941626 -0,440093 1,339355 3,313228 -0,048424 0,688139 3,354324
-0,074496 -0,099804 3,357805 0,369248 1,336767 3,389597 -0,441154 1,376293 3,354975 -0,041325 0,692811 3,379297
-0,074369 -0,100211 3,346468 0,375007 1,344908 3,404608 -0,440018 1,385619 3,354192 -0,037421 0,685902 3,342494
-0,076648 -0,091697 3,350798 0,392326 1,359630 3,412724 -0,450943 1,374460 3,355096 -0,026667 0,692874 3,379761
-0,072566 -0,093992 3,326783 0,399358 1,381316 3,373214 -0,475121 1,422437 3,388410 -0,019301 0,681147 3,355155
-0,062781 -0,082860 3,318466 0,404802 1,394384 3,350308 -0,476019 1,437139 3,381484 -0,019301 0,681147 3,355155
-0,053713 -0,081386 3,326912 0,426631 1,424762 3,323219 -0,483212 1,402462 3,309100 0,002381 0,695066 3,430476
-0,035069 -0,059320 3,284606 0,439922 1,424795 3,263446 -0,454510 1,358795 3,249381 0,017309 0,685766 3,380364
-0,033205 -0,060839 3,282441 0,430274 1,427087 3,258345 -0,446824 1,334768 3,245114 0,024849 0,683191 3,405322
-0,021518 -0,059570 3,275720 0,382940 1,405636 3,168618 -0,427100 1,345864 3,300097 0,043462 0,685465 3,417872
