14 12
-0,049529 -0,103289 3,298727 0,536093 1,108607 3,199667 -0,636463 1,038266 2,977933 -0,026755 0,644810 3,330203
-0,042241 -0,112741 3,286574 0,649374 0,759451 2,832695 -0,799044 0,797496 3,116184 -0,008257 0,642753 3,318557
-0,040294 -0,114881 3,293055 0,657491 0,674148 2,963462 -0,830658 0,646841 3,068147 -0,011880 0,629480 3,282735
-0,032951 -0,119141 3,321102 0,708950 0,628935 3,030819 -0,849610 0,505084 3,006795 -0,015465 0,631539 3,294468
-0,025392 -0,120156 3,326432 0,692757 0,591824 2,899146 -0,852761 0,549625 3,039374 -0,012080 0,632951 3,282809
-0,025569 -0,121938 3,318446 0,704934 0,559072 3,050295 -0,874024 0,536656 3,051420 -0,015867 0,638489 3,294548
-0,025652 -0,123885 3,334289 0,746823 0,470180 3,078061 -0,885146 0,499878 3,034499 -0,001193 0,643494 3,342857
-0,026968 -0,111078 3,316175 0,718494 0,455384 3,057752 -0,872551 0,521359 3,012093 -0,008013 0,647792 3,367088
-0,031988 -0,121199 3,330794 0,729080 0,450574 3,014460 -0,880936 0,522417 3,011202 -0,001207 0,636419 3,342773
-0,037743 -0,114331 3,303522 0,771761 0,546730 3,018531 -0,878819 0,604344 3,027641 -0,012082 0,645627 3,354882
-0,039816 -0,117177 3,311512 0,784288 0,787525 3,104172 -0,821458 0,781008 2,929747 -0,019272 0,637104 3,306355
-0,038986 -0,117309 3,313246 0,748648 0,955731 3,222766 -0,748579 0,876238 2,922722 -0,026552 0,641308 3,330188
-0,045749 -0,108995 3,290530 0,543518 1,047795 3,022974 -0,632939 1,139245 3,241608 -0,033438 0,640568 3,305933
-0,042056 -0,102639 3,287897 0,423962 1,235267 3,390010 -0,434642 1,147591 3,024155 -0,022807 0,658460 3,367006
