18 12
-0,112244 -0,092826 3,287281 0,271598 1,438145 3,176522 -0,513885 1,340558 3,144457 -0,056431 0,671176 3,378351
-0,112619 -0,088421 3,307174 0,271468 1,438172 3,198956 -0,543944 1,228614 3,027109 -0,040545 0,669476 3,329844
-0,120012 -0,103932 3,310922 0,275681 1,457457 3,234499 -0,554255 1,092208 2,872333 -0,047820 0,656124 3,353453
-0,122326 -0,091364 3,308717 0,261887 1,467140 3,270087 -0,604038 0,749565 2,518564 -0,044298 0,656699 3,317678
-0,135074 -0,089473 3,315617 0,269477 1,447827 3,204767 -0,543745 0,441183 2,382729 -0,064291 0,686421 3,403036
-0,136709 -0,086765 3,316608 0,277956 1,461356 3,257771 -0,539848 0,324121 2,386788 -0,053799 0,688653 3,415537
-0,140474 -0,084063 3,298920 0,269317 1,501678 3,331884 -0,538011 0,162216 2,324291 -0,049769 0,697259 3,403533
-0,125231 -0,078254 3,283798 0,266552 1,457841 3,269770 -0,521346 0,100365 2,294180 -0,039402 0,704265 3,441270
-0,122127 -0,080100 3,267733 0,285582 1,489539 3,338203 -0,520274 0,093750 2,306061 -0,050900 0,702826 3,453230
-0,116118 -0,079709 3,300937 0,284042 1,487621 3,354988 -0,521031 0,127429 2,326388 -0,043026 0,701843 3,428353
-0,115303 -0,081176 3,306030 0,291781 1,491408 3,318888 -0,529988 0,198842 2,331159 -0,049986 0,693554 3,403139
-0,110562 -0,081270 3,301226 0,288521 1,474747 3,295117 -0,542565 0,266989 2,388701 -0,027459 0,680927 3,354380
-0,103678 -0,091966 3,316475 0,288357 1,485296 3,311709 -0,540378 0,464507 2,527618 -0,016338 0,672616 3,367058
-0,100757 -0,093988 3,309327 0,303969 1,490683 3,344231 -0,579979 0,720012 2,607785 -0,015721 0,673686 3,392226
-0,103789 -0,094198 3,300779 0,312265 1,468454 3,297160 -0,573963 0,846829 2,676768 -0,026701 0,671388 3,379481
-0,113759 -0,092228 3,287460 0,298687 1,463343 3,252504 -0,496166 1,136281 3,068119 -0,030296 0,676259 3,367080
-0,123590 -0,091727 3,283027 0,295948 1,463102 3,228727 -0,429589 1,180767 3,118374 -0,022710 0,668242 3,342660
-0,126321 -0,081019 3,291070 0,280143 1,431964 3,154156 -0,424444 1,240168 3,257511 -0,026296 0,666013 3,330420
