17 12
-0,094650 -0,081331 3,301734 0,377392 1,307171 3,299595 -0,458933 1,380753 3,314536 -0,093545 0,747589 3,402502
-0,099908 -0,076951 3,326742 0,388189 1,291588 3,255682 -0,494752 1,292564 3,125489 -0,081830 0,740168 3,365683
-0,101712 -0,082390 3,316884 0,369375 1,222035 3,148551 -0,406992 1,104861 2,912945 -0,088218 0,716285 3,388773
-0,102768 -0,081092 3,323364 0,317177 1,164911 3,094818 -0,346123 0,980507 2,810861 -0,092382 0,715115 3,401402
-0,106619 -0,089774 3,341630 0,143138 0,914310 2,815951 -0,233277 0,848377 2,943264 -0,073261 0,729890 3,479717
-0,101840 -0,098647 3,362357 0,049690 0,866199 2,924423 -0,097033 0,757989 2,831764 -0,073384 0,736660 3,533689
-0,104609 -0,098453 3,368705 0,042578 0,830849 2,862540 -0,083848 0,765187 2,889962 -0,080540 0,731455 3,506464
-0,101258 -0,091498 3,371412 0,066191 0,805448 2,859992 -0,120105 0,733400 2,862194 -0,080768 0,735103 3,506374
-0,099767 -0,085160 3,360756 0,040604 0,830603 2,838845 -0,095161 0,750330 2,849106 -0,087835 0,737314 3,479630
-0,099470 -0,094738 3,365081 0,045888 0,824815 2,812426 -0,092698 0,769500 2,881322 -0,076359 0,720181 3,466909
-0,099314 -0,098757 3,352479 0,096275 0,879569 2,878597 -0,160955 0,755288 2,779352 -0,084084 0,728878 3,492984
-0,095676 -0,091980 3,353914 0,182875 0,916293 2,742600 -0,324345 0,907366 2,968521 -0,076359 0,720181 3,466909
-0,098803 -0,094495 3,355606 0,246006 0,989502 2,757192 -0,411475 1,006427 2,982269 -0,079229 0,709202 3,428090
-0,098390 -0,084397 3,352565 0,432294 1,215486 3,059527 -0,483774 1,162985 2,960772 -0,082247 0,735811 3,415610
-0,097248 -0,078636 3,333951 0,441122 1,326146 3,234568 -0,528969 1,298643 3,092911 -0,093545 0,747589 3,402502
-0,096722 -0,081064 3,347002 0,421927 1,339327 3,338280 -0,500639 1,323407 3,133521 -0,077973 0,737724 3,353560
-0,100537 -0,076815 3,329645 0,342202 1,293522 3,288459 -0,446751 1,347956 3,287502 -0,085943 0,738972 3,377699
