23 12
-0,090048 -0,085466 3,299094 0,362305 1,289004 3,160818 -0,468915 1,394672 3,335144 -0,040932 0,704823 3,330477
-0,088260 -0,082623 3,307713 0,472034 1,285115 3,192796 -0,577758 1,267027 3,120295 -0,037456 0,706009 3,318554
-0,081396 -0,088412 3,305254 0,613260 0,955235 2,678954 -0,844371 1,234897 3,402287 -0,048403 0,700063 3,306061
-0,079502 -0,091632 3,313591 0,689844 0,818069 2,604436 -0,951202 1,098841 3,350369 -0,044452 0,702469 3,318274
-0,071513 -0,095804 3,333875 0,845608 0,586733 2,839662 -1,026352 0,712837 2,875113 -0,033827 0,709574 3,355106
-0,074121 -0,092753 3,356869 0,869901 0,378726 2,769370 -1,128934 0,508915 2,975428 -0,030473 0,708375 3,367468
-0,075847 -0,103369 3,371633 0,897525 0,324813 2,827789 -1,155752 0,426966 2,988377 -0,026875 0,703603 3,379876
-0,080316 -0,106644 3,369735 0,925333 0,256698 2,873548 -1,144923 0,302225 2,907363 -0,026551 0,702480 3,355231
-0,080454 -0,108941 3,375377 0,941965 0,241732 2,858851 -1,154535 0,269043 2,880433 -0,019494 0,698920 3,355342
-0,077906 -0,106820 3,373957 0,944172 0,237922 2,861119 -1,148014 0,261664 2,919923 -0,019494 0,698920 3,355342
-0,081514 -0,115137 3,365672 0,946257 0,246131 2,846357 -1,158547 0,258659 2,898074 -0,030827 0,702328 3,392104
-0,084347 -0,110940 3,360910 0,970389 0,259010 2,897150 -1,151500 0,278832 2,909309 -0,019941 0,698821 3,355035
-0,083689 -0,106566 3,360289 0,983861 0,272259 2,946271 -1,143656 0,282283 2,879333 -0,019714 0,702440 3,355273
-0,088672 -0,103361 3,368573 0,972711 0,281010 2,908206 -1,158960 0,296843 2,906315 -0,034198 0,710745 3,379761
-0,088202 -0,100620 3,350249 0,967504 0,317871 2,869847 -1,127517 0,359368 2,885083 -0,026866 0,710775 3,379970
-0,090847 -0,107391 3,358334 0,965133 0,366731 2,909438 -1,123177 0,417251 2,900565 -0,030369 0,709588 3,392327
-0,089907 -0,106336 3,351650 0,963105 0,509985 2,931657 -1,105875 0,590644 2,957738 -0,033787 0,696666 3,306594
-0,090637 -0,106186 3,348153 0,904320 0,790634 3,068914 -0,924572 0,765496 2,731463 -0,033557 0,700203 3,306651
-0,094153 -0,100759 3,332922 0,839199 0,947314 3,157633 -0,840918 0,866713 2,721490 -0,030466 0,702474 3,318633
-0,097365 -0,100643 3,319094 0,628212 1,095833 3,002470 -0,721437 1,179124 3,142119 -0,047950 0,700129 3,306147
-0,098227 -0,097344 3,325555 0,483676 1,341223 3,458719 -0,490022 1,186719 2,919064 -0,055865 0,704670 3,329838
-0,096489 -0,098212 3,323280 0,402589 1,361658 3,448237 -0,420039 1,233280 3,000964 -0,048164 0,713068 3,354560
-0,102954 -0,086371 3,291034 0,343602 1,305705 3,275230 -0,398126 1,340383 3,195339 -0,044878 0,710681 3,342534
