17 12
-0,050823 -0,083485 3,326888 0,364181 1,151018 3,218946 -0,386584 1,201747 3,195687 -0,037514 0,698770 3,391881
-0,052175 -0,084555 3,333738 0,393627 1,132579 3,195738 -0,351450 1,146164 3,075367 -0,022822 0,691637 3,392235
-0,057752 -0,096910 3,350478 0,376849 1,040958 3,058277 -0,285935 1,028854 3,009541 -0,019350 0,652712 3,354807
-0,067331 -0,096016 3,359900 0,351825 0,718894 2,909205 -0,092712 0,705194 2,677306 -0,019434 0,668753 3,404599
-0,067328 -0,092513 3,375439 0,336595 0,594200 2,856971 -0,034035 0,609821 2,692301 -0,012475 0,671365 3,379669
-0,071660 -0,081389 3,394898 0,354099 0,519289 2,799232 -0,027096 0,515806 2,600238 0,002764 0,704849 3,405482
-0,075482 -0,081091 3,393140 0,477620 0,456230 2,660456 -0,169995 0,493610 2,590809 -0,008478 0,720645 3,469479
-0,072556 -0,078357 3,385005 0,534832 0,423183 2,754075 -0,211010 0,453829 2,519187 -0,015975 0,720629 3,469340
-0,074078 -0,080825 3,385435 0,455924 0,371685 2,754993 -0,135665 0,453110 2,654565 0,006648 0,713267 3,393066
-0,073107 -0,087212 3,384861 0,502772 0,403432 2,759308 -0,190878 0,481294 2,699520 0,006525 0,714495 3,418275
-0,072455 -0,085820 3,377124 0,550046 0,432469 2,797379 -0,270051 0,483652 2,656996 0,010321 0,695408 3,355661
-0,072960 -0,097000 3,374320 0,661511 0,495585 2,937299 -0,374009 0,533897 2,542859 -0,005168 0,681116 3,355271
-0,066882 -0,098388 3,357840 0,684084 0,708804 2,936934 -0,511428 0,814623 2,747096 -0,011598 0,683177 3,404785
-0,067625 -0,098956 3,341515 0,679359 0,883469 3,079037 -0,541036 0,940971 2,816986 -0,019398 0,690379 3,404894
-0,068349 -0,081995 3,333376 0,530683 1,046902 3,041525 -0,472775 1,192865 3,176582 -0,023255 0,698800 3,392357
-0,071326 -0,084250 3,340060 0,378378 1,251260 3,404752 -0,399588 1,187247 3,210215 -0,029931 0,702385 3,392023
-0,071385 -0,081997 3,324159 0,348283 1,191914 3,289311 -0,396713 1,197129 3,261959 -0,026207 0,700034 3,379656
