21 12
-0,082724 -0,111149 3,203373 0,320935 1,041825 3,206658 -0,450822 1,114615 3,195061 -0,034137 0,643205 3,282072
-0,084615 -0,125988 3,213344 0,294741 1,039063 3,180563 -0,428328 1,081721 3,169075 -0,034068 0,636991 3,305836
-0,085772 -0,121125 3,218188 0,296577 0,977979 3,107004 -0,424578 1,054702 3,142671 -0,034068 0,636991 3,305836
-0,090181 -0,120348 3,221963 0,294830 0,943079 3,034710 -0,421691 1,031133 3,081629 -0,037287 0,626656 3,247056
-0,093910 -0,121347 3,235837 0,266150 0,899221 2,933035 -0,413692 0,959744 2,979722 -0,037293 0,619770 3,246990
-0,094216 -0,120004 3,250148 0,224260 0,832730 2,858237 -0,392933 0,877578 2,903126 -0,040958 0,607408 3,235116
-0,100548 -0,122150 3,269954 0,194445 0,728061 2,778120 -0,342848 0,772740 2,783528 -0,061814 0,614812 3,257603
-0,097533 -0,122899 3,284244 0,135372 0,641843 2,684745 -0,295289 0,664721 2,680683 -0,069656 0,618710 3,280567
-0,098386 -0,123671 3,293779 0,071342 0,562887 2,620380 -0,251814 0,566104 2,593607 -0,076609 0,618028 3,256737
-0,101706 -0,121116 3,289774 0,040979 0,449969 2,548978 -0,214148 0,457591 2,513973 -0,069435 0,650053 3,280971
-0,105976 -0,108056 3,319198 0,021511 0,309208 2,458868 -0,125414 0,264653 2,303562 -0,114729 0,681404 3,375146
-0,099823 -0,097598 3,317302 0,044382 0,220933 2,302182 -0,132484 0,215902 2,327685 -0,065688 0,719415 3,560920
-0,096323 -0,095955 3,338784 0,094307 0,101674 2,265928 -0,222456 0,105865 2,158545 -0,075947 0,780363 3,352269
-0,083420 -0,124049 3,325573 0,297674 0,139905 2,026153 -0,474452 0,111436 2,405882 -0,070592 0,738659 3,357204
-0,090440 -0,080653 3,312151 0,399538 0,184835 2,068343 -0,642792 0,140225 2,456122 -0,068979 0,710203 3,375821
-0,083123 -0,118106 3,302146 0,848081 0,380753 2,574272 -0,821845 0,261740 2,319406 -0,074538 0,647414 3,364832
-0,078094 -0,129510 3,272252 1,001937 0,587869 2,675805 -1,067980 0,554809 2,580991 -0,058609 0,613347 3,269381
-0,083337 -0,134824 3,276096 1,074925 0,747679 2,893102 -1,039369 0,679206 2,587677 -0,047203 0,607008 3,212371
-0,092255 -0,125153 3,234591 0,909977 0,944501 2,872004 -0,996597 1,047832 3,061522 -0,054236 0,628053 3,234943
-0,089811 -0,115434 3,210750 0,734125 1,318679 3,636494 -0,695728 1,119710 2,871808 -0,050976 0,638971 3,201157
-0,088733 -0,111101 3,193067 0,586305 1,308783 3,638289 -0,559672 1,187356 2,987463 -0,050769 0,650004 3,223948
