17 12
-0,092440 -0,078946 3,317122 0,301971 1,416836 3,264599 -0,396325 1,422046 3,248754 -0,067005 0,708156 3,366068
-0,088173 -0,069928 3,311393 0,320304 1,366099 3,165195 -0,379434 1,403167 3,195467 -0,070609 0,714122 3,378312
-0,090531 -0,083994 3,308893 0,318304 1,354035 3,118014 -0,356348 1,330784 3,101000 -0,062747 0,698727 3,353737
-0,086034 -0,079409 3,308005 0,299466 1,299789 3,035760 -0,334043 1,188211 2,978645 -0,066226 0,689279 3,341246
-0,086950 -0,090854 3,307459 0,277929 1,244303 3,002165 -0,234725 0,966856 2,768219 -0,075594 0,648366 3,348618
-0,082148 -0,093668 3,320859 0,245544 1,197143 2,977846 -0,201739 0,892636 2,710935 -0,088717 0,687611 3,389032
-0,080556 -0,095896 3,324318 0,137186 1,052957 2,831449 -0,111487 0,874837 2,827260 -0,086124 0,663649 3,376436
-0,078672 -0,099594 3,312373 0,069364 1,047089 2,753210 -0,003238 0,898446 2,816852 -0,088613 0,610917 3,363941
-0,075950 -0,100805 3,303540 0,085248 1,036204 2,772093 0,008538 0,905563 2,841280 -0,078979 0,613492 3,423489
-0,069350 -0,096693 3,326146 0,095857 1,027817 2,795763 0,008734 0,897925 2,846236 -0,072033 0,683788 3,427937
-0,062377 -0,092052 3,311064 0,126240 0,965508 2,735775 -0,047736 0,941581 2,933919 -0,064503 0,675530 3,402636
-0,065664 -0,093433 3,313893 0,147876 0,966353 2,771987 -0,088878 0,992765 2,974277 -0,052871 0,594164 3,364974
-0,066990 -0,097714 3,313975 0,247681 1,069487 2,917093 -0,222532 1,026762 2,776188 -0,046512 0,655630 3,350327
-0,066012 -0,080129 3,313163 0,326977 1,132913 2,896924 -0,425013 1,248274 3,056177 -0,056092 0,694000 3,329553
-0,065962 -0,075166 3,318724 0,369847 1,204675 2,991243 -0,483656 1,291123 3,074761 -0,041163 0,701261 3,330423
-0,072175 -0,081141 3,309786 0,412111 1,308729 3,158777 -0,512898 1,357596 3,097622 -0,052174 0,704711 3,366668
-0,072662 -0,071300 3,299994 0,343252 1,420500 3,416602 -0,463598 1,330842 3,082076 -0,056187 0,710622 3,378960
