14 12
-0,038686 -0,089619 3,362862 0,378957 1,375884 3,307806 -0,440261 1,407897 3,285403 -0,033921 0,693940 3,404469
-0,036176 -0,087094 3,357121 0,403456 1,338963 3,283676 -0,474669 1,374682 3,254019 -0,037679 0,703524 3,417092
-0,037061 -0,080927 3,355597 0,468832 1,241217 3,227716 -0,543305 1,308617 3,249478 -0,041702 0,702268 3,429718
-0,038737 -0,087458 3,365903 0,618471 0,796657 2,730417 -0,787259 1,092522 3,444547 -0,048885 0,697467 3,404058
-0,041052 -0,093464 3,349640 0,672838 0,687702 2,883777 -0,881240 0,904352 3,319437 -0,048667 0,693867 3,403927
-0,044569 -0,097242 3,352622 0,756071 0,485521 3,170782 -0,963384 0,563071 3,092982 -0,045537 0,688978 3,416684
-0,047982 -0,100006 3,373345 0,755703 0,423941 3,093772 -0,989339 0,499935 3,132558 -0,041935 0,691348 3,429547
-0,053189 -0,100908 3,367265 0,790122 0,398231 3,080559 -0,994500 0,478863 3,075975 -0,041935 0,691348 3,429547
-0,052226 -0,093132 3,371106 0,788417 0,425587 3,155829 -1,002672 0,493272 3,157227 -0,056047 0,686611 3,403512
-0,056326 -0,093506 3,371201 0,777111 0,515391 3,099787 -0,954184 0,550787 3,049134 -0,056101 0,694914 3,428753
-0,054999 -0,098839 3,375235 0,773262 0,649829 3,148602 -0,923264 0,635368 2,985083 -0,056770 0,691262 3,428968
-0,059346 -0,099313 3,363145 0,629266 0,934450 2,981504 -0,854778 1,022043 3,329352 -0,071375 0,694810 3,428308
-0,057590 -0,092272 3,362290 0,438895 1,293535 3,523300 -0,546084 1,110508 3,023966 -0,071595 0,698415 3,428380
-0,057864 -0,091867 3,349109 0,355705 1,293133 3,416973 -0,460731 1,192435 3,133791 -0,071595 0,698415 3,428380
