12 12
-0,107352 -0,120675 3,350607 0,327210 1,402876 3,269096 -0,398236 1,327904 3,151731 -0,066283 0,639710 3,340635
-0,101465 -0,120871 3,361757 0,322704 1,401745 3,254960 -0,422406 1,176505 2,841150 -0,069729 0,637564 3,328328
-0,112190 -0,123131 3,384990 0,313731 1,396764 3,262587 -0,266232 0,743079 2,459583 -0,058137 0,624942 3,315988
-0,116290 -0,119878 3,390247 0,312761 1,398136 3,258144 -0,238463 0,527416 2,350593 -0,070661 0,642547 3,377347
-0,119423 -0,114777 3,399022 0,316851 1,402900 3,267942 -0,225768 0,209608 2,308329 -0,068807 0,673646 3,492918
-0,119951 -0,116591 3,377325 0,309384 1,403174 3,275077 -0,194477 0,125004 2,246816 -0,046625 0,674392 3,339141
-0,107914 -0,121341 3,372248 0,314742 1,402276 3,279507 -0,205614 0,162978 2,291615 -0,061069 0,664377 3,440924
-0,092298 -0,120988 3,413661 0,324980 1,390306 3,292859 -0,235550 0,409462 2,328829 -0,045363 0,649251 3,416124
-0,076509 -0,120292 3,390151 0,327777 1,382809 3,273494 -0,370390 0,812369 2,518131 -0,037031 0,637007 3,365906
-0,072380 -0,122912 3,386011 0,326201 1,396574 3,268934 -0,420781 1,012504 2,673752 -0,048280 0,634861 3,353580
-0,080107 -0,116073 3,363923 0,334812 1,399316 3,290202 -0,425826 1,289777 3,002975 -0,055060 0,641179 3,328912
-0,093029 -0,122507 3,381180 0,333933 1,397349 3,276594 -0,432159 1,308261 3,170402 -0,058818 0,643289 3,340866
