14 12
-0,072277 -0,094865 3,322232 1,189540 0,783535 3,172455 -0,291596 1,366390 3,072448 -0,019043 0,673097 3,330697
-0,083641 -0,096311 3,315538 1,183584 0,784616 3,143681 -0,264905 1,284571 2,858786 -0,022577 0,659459 3,294583
-0,105953 -0,105449 3,359580 1,195005 0,793918 3,154037 -0,047774 0,886991 2,362737 -0,037338 0,673608 3,391390
-0,107029 -0,093834 3,341528 1,196724 0,778817 3,141685 0,004388 0,691826 2,238946 -0,020105 0,698599 3,429970
-0,112422 -0,079489 3,331222 1,191803 0,780743 3,141308 0,060549 0,344338 2,366378 -0,015508 0,728004 3,469439
-0,115622 -0,079782 3,326755 1,179606 0,781103 3,143583 0,116656 0,142244 2,322818 -0,022148 0,768316 3,400026
-0,108850 -0,092053 3,306489 1,192493 0,801898 3,191919 0,133980 0,107053 2,349838 -0,026026 0,761845 3,386374
-0,104532 -0,082458 3,334271 1,167738 0,808033 3,154046 0,114969 0,132257 2,330699 -0,029767 0,771641 3,398949
-0,093043 -0,088223 3,317139 1,165097 0,836752 3,194268 0,060487 0,352600 2,376006 -0,026368 0,724133 3,430295
-0,086998 -0,091853 3,313347 1,161401 0,830546 3,181119 0,012951 0,510756 2,393509 -0,026368 0,724133 3,430295
-0,076775 -0,107497 3,337420 1,163399 0,841378 3,141946 -0,045361 0,862955 2,451143 -0,037714 0,681812 3,416785
-0,069260 -0,100344 3,331320 1,169830 0,827198 3,146345 -0,266711 1,261381 2,869536 -0,021964 0,674298 3,317957
-0,067891 -0,109053 3,335823 1,166068 0,813740 3,159664 -0,314513 1,359683 2,971415 -0,019222 0,665144 3,306660
-0,079693 -0,101759 3,292805 1,187337 0,798844 3,193938 -0,309380 1,429537 3,139565 -0,044292 0,669850 3,294068
