22 12
-0,033068 -0,082318 3,267697 0,368305 1,260951 3,258908 -0,415031 1,288409 3,166552 -0,062784 0,714025 3,305632
-0,017484 -0,076966 3,235868 0,484085 1,064565 2,877761 -0,586176 1,343696 3,393505 -0,055100 0,705941 3,282226
-0,012839 -0,071183 3,249994 0,569525 0,973555 2,787151 -0,697347 1,287315 3,382055 -0,048398 0,707093 3,306140
0,009028 -0,072145 3,272079 0,855603 0,884892 3,068316 -0,845104 0,939037 2,873822 -0,055403 0,711814 3,329996
0,016575 -0,070370 3,263976 0,947719 0,567829 2,827728 -1,065100 0,704562 3,022721 -0,055861 0,711747 3,329922
0,028591 -0,076154 3,276784 1,013527 0,471233 2,900018 -1,107374 0,552402 2,937797 -0,045083 0,715453 3,367087
0,035579 -0,081788 3,292625 1,126390 0,322661 3,072227 -1,131986 0,334801 2,815669 -0,034059 0,705989 3,355044
0,039818 -0,085589 3,283048 1,122288 0,276331 3,066549 -1,151493 0,276181 2,858436 -0,026680 0,701326 3,330863
0,035586 -0,073673 3,283315 1,117993 0,267549 3,053402 -1,152447 0,257124 2,830034 -0,034059 0,705989 3,355044
0,036177 -0,082319 3,297514 1,135557 0,250959 3,048103 -1,172816 0,241057 2,859025 -0,019714 0,702440 3,355273
0,036722 -0,080389 3,293242 1,135820 0,252482 3,091640 -1,133160 0,251069 2,824319 -0,022804 0,695512 3,318870
0,035903 -0,070095 3,297648 1,119547 0,254953 3,065809 -1,130353 0,251867 2,852594 -0,019484 0,706043 3,355429
0,035137 -0,074196 3,298141 1,128379 0,260186 3,070930 -1,123190 0,248604 2,856338 -0,019159 0,700255 3,307043
0,029505 -0,077334 3,302333 1,138152 0,278058 3,079714 -1,077835 0,262741 2,787987 -0,033838 0,702451 3,355017
0,033005 -0,085075 3,302622 1,113481 0,299492 3,060399 -1,049732 0,284003 2,764614 -0,015852 0,708423 3,367826
0,024158 -0,079856 3,290929 1,033176 0,374015 2,969285 -1,021602 0,399290 2,859490 -0,026680 0,701326 3,330863
0,011743 -0,087499 3,295743 0,995239 0,620800 3,202648 -0,893189 0,585438 2,708222 -0,008600 0,694452 3,295271
0,002718 -0,088176 3,292681 0,910441 0,757756 3,269926 -0,837911 0,698597 2,708981 -0,011957 0,695680 3,283445
-0,022028 -0,089243 3,256669 0,665626 0,949819 3,008918 -0,742664 1,014948 3,037624 -0,011723 0,699176 3,283441
-0,044698 -0,081017 3,287468 0,526888 1,215473 3,384291 -0,545763 1,066643 2,870910 -0,015780 0,713146 3,319203
-0,057571 -0,085268 3,264567 0,438690 1,255980 3,397535 -0,479032 1,120876 2,928271 -0,023245 0,702501 3,318815
-0,071076 -0,077816 3,242641 0,297431 1,240537 3,209487 -0,382400 1,264278 3,206555 -0,019602 0,707224 3,306981
