18 12
-0,084436 -0,072552 3,311219 0,357896 1,264092 3,149332 -0,287676 1,212761 3,058335 -0,033578 0,686151 3,306496
-0,074462 -0,074861 3,316010 0,396884 1,122616 2,935847 -0,148076 0,979889 2,779502 -0,023867 0,629616 3,323187
-0,070957 -0,079687 3,311770 0,380629 1,046731 2,900379 -0,104175 0,877783 2,730799 -0,041142 0,667757 3,378896
-0,058367 -0,092936 3,346111 0,291366 0,855946 2,779297 -0,031206 0,782319 2,811351 -0,023302 0,662872 3,391877
-0,050279 -0,090120 3,341584 0,266352 0,795162 2,722457 0,083477 0,743351 2,755232 -0,023306 0,680260 3,468575
-0,047480 -0,093615 3,338189 0,254217 0,790456 2,656842 0,097062 0,738391 2,769522 -0,012064 0,673329 3,430127
-0,039149 -0,084503 3,343327 0,281801 0,757787 2,688622 0,078435 0,704045 2,734147 -0,016026 0,683923 3,468774
-0,031346 -0,094170 3,350521 0,303512 0,721865 2,663599 0,084101 0,684374 2,675825 -0,030911 0,692339 3,494736
-0,029738 -0,082465 3,345536 0,299309 0,747236 2,673867 0,117530 0,718397 2,761654 -0,030246 0,695991 3,494318
-0,032604 -0,103777 3,349879 0,292920 0,764824 2,644816 0,106738 0,733081 2,741903 -0,023174 0,681294 3,494709
-0,027051 -0,091397 3,347419 0,285924 0,766005 2,671245 0,039124 0,758773 2,805766 0,003001 0,676980 3,430385
-0,025112 -0,084457 3,351340 0,302052 0,778466 2,725580 -0,003516 0,771120 2,775971 0,003225 0,680594 3,430320
-0,029708 -0,094537 3,331377 0,397848 0,898472 2,837631 -0,088550 0,838634 2,690267 -0,004464 0,672389 3,404907
-0,032396 -0,075610 3,332613 0,405645 1,029822 2,899089 -0,229646 1,078459 2,920926 0,003025 0,668651 3,306770
-0,034840 -0,079817 3,324138 0,408822 1,106906 2,944044 -0,285920 1,170900 2,989908 0,002714 0,687266 3,331264
-0,038792 -0,071324 3,304731 0,385632 1,185089 3,034359 -0,302374 1,294148 3,130718 -0,000923 0,692037 3,319223
-0,047236 -0,076254 3,313708 0,309319 1,297914 3,231897 -0,321425 1,304329 3,185452 -0,011973 0,697852 3,331186
-0,050109 -0,076447 3,299488 0,310883 1,311380 3,241637 -0,315442 1,302347 3,150486 -0,008145 0,692027 3,319104
