15 12
-0,049387 -0,089422 3,326014 0,380339 1,105273 3,177395 -0,506430 1,238741 3,386797 -0,041702 0,702268 3,429718
-0,050113 -0,092227 3,338490 0,436540 1,002651 3,111921 -0,589660 1,011514 3,093916 -0,042152 0,694936 3,429502
-0,046183 -0,100518 3,349043 0,421854 0,721089 2,983259 -0,595280 0,765460 3,050826 -0,037814 0,679772 3,366879
-0,048917 -0,094881 3,359295 0,379822 0,642364 2,970675 -0,628762 0,684239 3,037818 -0,048677 0,686655 3,403826
-0,043777 -0,096065 3,370017 0,380995 0,590206 2,864867 -0,636165 0,584845 2,998106 -0,059580 0,684269 3,390790
-0,040868 -0,090924 3,377437 0,384555 0,567137 2,936969 -0,642178 0,535868 2,978261 -0,055760 0,689152 3,378584
-0,045561 -0,104496 3,382176 0,393451 0,538314 2,900317 -0,675850 0,559411 3,051209 -0,056208 0,681957 3,378576
-0,045217 -0,099441 3,375218 0,424362 0,568469 2,903014 -0,674799 0,560814 3,039157 -0,060015 0,691421 3,390985
-0,045209 -0,095958 3,382872 0,452193 0,558268 2,919753 -0,681227 0,582566 3,040394 -0,055978 0,692726 3,378718
-0,049516 -0,098646 3,370319 0,445041 0,579794 2,910152 -0,692055 0,606870 3,060630 -0,069901 0,683419 3,328975
-0,054909 -0,107495 3,367511 0,514195 0,707964 3,026059 -0,677984 0,705319 3,036867 -0,052420 0,679693 3,366343
-0,056356 -0,096470 3,358252 0,513608 0,931148 3,040144 -0,658734 0,921453 3,012450 -0,044906 0,682296 3,342187
-0,056407 -0,098832 3,350976 0,496482 1,084972 3,155344 -0,623551 1,028383 3,024460 -0,045333 0,683261 3,366581
-0,054713 -0,094598 3,349022 0,409720 1,188873 3,151973 -0,515573 1,274523 3,381130 -0,033630 0,691777 3,354821
-0,050961 -0,090686 3,337743 0,325188 1,221280 3,294227 -0,438299 1,276299 3,352231 -0,034138 0,697542 3,404584
