25 12
-0,062555 -0,185077 3,299359 0,285401 1,268503 3,277169 -0,426312 1,319663 3,367389 -0,063899 0,600222 3,402047
-0,065059 -0,185466 3,308912 0,355561 1,185523 3,064539 -0,425663 1,308025 3,347544 -0,063707 0,596665 3,401992
-0,062897 -0,180754 3,310551 0,429148 1,109325 2,980831 -0,429026 1,325029 3,353296 -0,060565 0,605834 3,414791
-0,051918 -0,179882 3,324807 0,626612 1,021515 3,149064 -0,431342 1,319061 3,342849 -0,063899 0,600222 3,402047
-0,055185 -0,182931 3,332159 0,700721 0,693934 2,807716 -0,425154 1,331046 3,350693 -0,063707 0,596665 3,401992
-0,053910 -0,175256 3,331359 0,710521 0,620627 2,906342 -0,422029 1,317703 3,340728 -0,063899 0,600222 3,402047
-0,054233 -0,175604 3,332068 0,465654 0,448271 2,683701 -0,417649 1,320730 3,347223 -0,078011 0,603753 3,401030
-0,060988 -0,188535 3,347183 0,219415 0,508344 3,055943 -0,399404 1,329073 3,319025 -0,078827 0,607843 3,426606
-0,062439 -0,188187 3,347397 0,115115 0,516767 2,851431 -0,398102 1,322213 3,313975 -0,085559 0,607283 3,400830
-0,070982 -0,187586 3,332728 0,260559 0,542883 2,981595 -0,401669 1,325760 3,333021 -0,090364 0,606170 3,438683
-0,077866 -0,190353 3,332985 0,503927 0,489168 2,588160 -0,421114 1,328361 3,371584 -0,074734 0,598127 3,388970
-0,079960 -0,185522 3,337848 0,623337 0,490927 2,702169 -0,417619 1,329691 3,347445 -0,082501 0,602124 3,413673
-0,080680 -0,177648 3,347153 0,594160 0,489270 2,683396 -0,420117 1,328552 3,348403 -0,078824 0,615068 3,426714
-0,064315 -0,186223 3,317923 0,347712 0,634277 3,128836 -0,406700 1,330032 3,320572 -0,086695 0,611945 3,451802
-0,061986 -0,190045 3,331129 0,194053 0,657094 3,077497 -0,405039 1,328867 3,330487 -0,079025 0,596978 3,426461
-0,054382 -0,192626 3,341934 0,059058 0,613485 2,823989 -0,407511 1,325918 3,320571 -0,076278 0,591514 3,438505
-0,062938 -0,187454 3,337836 0,236277 0,539477 2,587348 -0,414669 1,329228 3,345956 -0,075701 0,598394 3,413562
-0,063967 -0,186473 3,351460 0,384488 0,526629 2,586595 -0,417869 1,331000 3,349123 -0,071820 0,600596 3,426841
-0,074050 -0,189516 3,321695 0,696924 0,634411 2,968567 -0,425477 1,326443 3,350174 -0,075128 0,594983 3,413981
-0,075962 -0,180982 3,324274 0,757425 0,773939 2,971437 -0,429337 1,316393 3,342092 -0,067558 0,598663 3,414411
-0,080135 -0,180621 3,325583 0,766904 0,908822 3,112023 -0,423780 1,309869 3,349951 -0,071056 0,603791 3,401721
-0,083760 -0,174616 3,320857 0,622256 1,052655 3,002664 -0,418783 1,322754 3,351566 -0,052801 0,598749 3,415103
-0,076885 -0,184556 3,321266 0,472097 1,318495 3,450457 -0,414775 1,327746 3,354177 -0,067359 0,602276 3,414370
-0,071691 -0,185340 3,302541 0,390789 1,336602 3,419735 -0,413750 1,326417 3,354271 -0,060678 0,606388 3,440294
-0,058715 -0,178612 3,320082 0,306800 1,287793 3,295251 -0,416176 1,326647 3,355244 -0,057018 0,600691 3,427539
