29 12
-0,102866 -0,178966 3,320673 0,334883 1,252331 3,046856 -0,461309 1,369396 3,341234 -0,097441 0,612746 3,412870
-0,100805 -0,169487 3,329356 0,368160 1,198274 2,953141 -0,458404 1,369841 3,342273 -0,093305 0,614347 3,400612
-0,099692 -0,185177 3,330096 0,390686 1,068769 2,885794 -0,454321 1,375245 3,331740 -0,097633 0,609081 3,412680
-0,095130 -0,180533 3,312749 0,365336 0,782444 2,757350 -0,464418 1,361174 3,338121 -0,097633 0,609081 3,412680
-0,096305 -0,182240 3,334112 0,342303 0,693689 2,833153 -0,461946 1,365418 3,341878 -0,097633 0,609081 3,412680
-0,100625 -0,183397 3,333955 0,286326 0,549349 2,753951 -0,459816 1,362077 3,335983 -0,097441 0,612746 3,412870
-0,102140 -0,182145 3,337722 0,260092 0,561031 2,784366 -0,455339 1,360166 3,334152 -0,097441 0,612746 3,412870
-0,105946 -0,179833 3,337779 0,243121 0,606505 2,790964 -0,454967 1,361634 3,334715 -0,101598 0,611116 3,425120
-0,109281 -0,190697 3,334010 0,239866 0,745800 2,683577 -0,457452 1,371165 3,358708 -0,094746 0,592846 3,424370
-0,114379 -0,194287 3,342521 0,201814 0,926833 2,778336 -0,453544 1,370495 3,345704 -0,109958 0,600500 3,449468
-0,114388 -0,181149 3,339648 0,205779 0,938312 2,790533 -0,452694 1,375871 3,345749 -0,113367 0,605656 3,436486
-0,113581 -0,187694 3,351214 0,207622 0,840713 2,726252 -0,451784 1,376404 3,333871 -0,098724 0,602074 3,437015
-0,114096 -0,177960 3,334657 0,228484 0,716152 2,764269 -0,453833 1,368044 3,343825 -0,098361 0,609531 3,437846
-0,114913 -0,187118 3,338420 0,218922 0,647813 2,733637 -0,454017 1,377287 3,343877 -0,098173 0,613237 3,438129
-0,109192 -0,176778 3,336314 0,225939 0,584269 2,792375 -0,456246 1,366827 3,331348 -0,101406 0,614793 3,425310
-0,110294 -0,177527 3,341498 0,235971 0,623081 2,803988 -0,456332 1,380599 3,339377 -0,101406 0,614793 3,425310
-0,111875 -0,184090 3,337970 0,221525 0,660477 2,804710 -0,453832 1,369648 3,335386 -0,097441 0,612746 3,412870
-0,113613 -0,187012 3,339662 0,241215 0,811864 2,759397 -0,456258 1,365634 3,332773 -0,102492 0,592503 3,422866
-0,114933 -0,182058 3,347184 0,216142 0,998551 2,818290 -0,455234 1,376971 3,337352 -0,101785 0,607422 3,424843
-0,113138 -0,181268 3,345107 0,246832 1,008173 2,784458 -0,456443 1,364541 3,334804 -0,112807 0,616775 3,437297
-0,112192 -0,182579 3,355504 0,273129 0,940554 2,813895 -0,459083 1,368252 3,338685 -0,109970 0,607768 3,449588
-0,105223 -0,178446 3,332239 0,318806 0,758026 2,670045 -0,463017 1,373640 3,351806 -0,097633 0,609081 3,412680
-0,106973 -0,181100 3,342904 0,355160 0,718483 2,718855 -0,461846 1,372548 3,340604 -0,097441 0,612746 3,412870
-0,105768 -0,176275 3,334563 0,448900 0,720434 2,881691 -0,464219 1,371782 3,343668 -0,101209 0,618456 3,425412
-0,106309 -0,172870 3,333594 0,480749 0,794977 2,866522 -0,459447 1,371922 3,328377 -0,097245 0,616395 3,412974
-0,106223 -0,173126 3,330116 0,500116 0,892244 2,923083 -0,457395 1,383694 3,348515 -0,097445 0,619948 3,412978
-0,112792 -0,170878 3,328639 0,483380 1,082667 2,943063 -0,454447 1,371403 3,323089 -0,097245 0,616395 3,412974
-0,112300 -0,179475 3,314076 0,392736 1,296950 3,245858 -0,457610 1,355636 3,326933 -0,109409 0,618927 3,450421
-0,112057 -0,177456 3,318493 0,342079 1,334795 3,282077 -0,453429 1,366994 3,323371 -0,101406 0,614793 3,425310
