18 12
-0,006857 -0,161026 3,345172 0,379597 1,335322 3,233493 -0,344567 1,391902 3,342600 0,014396 0,614429 3,468051
-0,001678 -0,166557 3,346274 0,551861 1,368695 3,329644 -0,348261 1,387343 3,342874 0,010178 0,605056 3,455082
0,002586 -0,175973 3,350768 0,719899 0,929228 2,763007 -0,351272 1,384133 3,343682 0,010363 0,601423 3,455005
0,010214 -0,166077 3,333832 0,758681 0,730655 2,755104 -0,355187 1,376783 3,352561 0,010520 0,612897 3,481128
0,013078 -0,167286 3,344235 0,714680 0,332094 2,870968 -0,361859 1,384966 3,339509 0,018232 0,616544 3,481133
0,010099 -0,171710 3,348639 0,587381 0,080599 3,251394 -0,355598 1,383538 3,330260 0,029103 0,610215 3,442282
0,008426 -0,171050 3,348797 0,503517 0,020399 3,271682 -0,354128 1,383984 3,337174 0,029103 0,610215 3,442282
-0,002099 -0,165145 3,346961 0,405301 -0,010967 3,136203 -0,351395 1,378067 3,348799 0,025476 0,611733 3,429357
-0,003595 -0,173210 3,348644 0,416015 -0,002899 3,075438 -0,346635 1,390955 3,330116 0,025890 0,612237 3,454688
-0,010313 -0,165364 3,339908 0,417578 -0,001101 3,067570 -0,351534 1,379170 3,335812 0,021668 0,610228 3,442262
-0,009781 -0,164615 3,341599 0,414224 0,003631 3,074669 -0,352349 1,387200 3,343455 0,021666 0,609667 3,416643
-0,004399 -0,169299 3,332178 0,434434 0,028264 3,037130 -0,357030 1,377568 3,337840 0,021666 0,609667 3,416643
-0,002004 -0,166044 3,347618 0,461681 0,060107 2,889630 -0,356545 1,378942 3,342964 0,021879 0,614421 3,468099
-0,009690 -0,170883 3,332134 0,675602 0,283067 2,988959 -0,355701 1,390399 3,347006 0,018026 0,612891 3,481184
-0,019575 -0,171332 3,370787 0,730373 0,675857 2,780458 -0,351211 1,379040 3,325596 0,003220 0,616551 3,480975
-0,023925 -0,168703 3,357026 0,732767 0,923635 2,961382 -0,352477 1,383488 3,327982 -0,008071 0,610232 3,441888
-0,029229 -0,165902 3,356943 0,589906 1,186844 2,995679 -0,344928 1,389485 3,337368 -0,004331 0,612325 3,454835
-0,019015 -0,163497 3,338341 0,446503 1,403073 3,447203 -0,352147 1,400179 3,356785 -0,000772 0,610789 3,467932
