23 12
-0,013950 -0,182579 3,338843 0,373402 1,254006 3,337034 -0,357321 1,371095 3,363671 -0,027421 0,571946 3,428160
-0,020829 -0,184699 3,347024 0,449064 1,088290 3,046031 -0,356223 1,374117 3,355851 -0,034968 0,575832 3,453568
-0,020686 -0,187699 3,347805 0,494511 0,933353 2,913805 -0,357985 1,366844 3,348599 -0,027051 0,572014 3,428309
-0,019428 -0,182294 3,359762 0,518859 0,474734 2,822275 -0,357731 1,370481 3,350959 -0,037882 0,573649 3,415256
-0,011307 -0,180971 3,363184 0,536993 -0,016424 2,748590 -0,359576 1,373886 3,343010 -0,011304 0,567841 3,377471
-0,012656 -0,179904 3,384759 0,515690 -0,180229 2,744801 -0,366405 1,372058 3,352725 -0,004529 0,561037 3,403289
-0,012338 -0,197588 3,380277 0,515272 -0,439184 2,740470 -0,362768 1,376527 3,349625 -0,000902 0,552019 3,390753
-0,011553 -0,193787 3,384308 0,511249 -0,592309 2,755221 -0,360501 1,371151 3,355282 -0,015754 0,566520 3,415821
-0,016390 -0,202359 3,385973 0,509018 -0,641779 2,764566 -0,356379 1,375531 3,356037 -0,008174 0,566766 3,441258
-0,021012 -0,197499 3,383584 0,498437 -0,680313 2,755828 -0,355995 1,361782 3,344949 -0,008365 0,563154 3,441333
-0,026301 -0,197336 3,386302 0,493125 -0,705637 2,771747 -0,354466 1,351985 3,339268 -0,004438 0,568706 3,454188
-0,022474 -0,206279 3,385969 0,492107 -0,707276 2,780088 -0,352820 1,365681 3,353942 -0,004438 0,568706 3,454188
-0,025389 -0,205741 3,368386 0,488175 -0,687903 2,757115 -0,356119 1,365939 3,367720 -0,011904 0,557629 3,428306
-0,023913 -0,204130 3,384668 0,489236 -0,663639 2,758902 -0,350853 1,366486 3,352360 -0,011713 0,561214 3,428142
-0,023094 -0,197480 3,386461 0,491343 -0,638206 2,765106 -0,351852 1,363508 3,346335 -0,007978 0,566990 3,466784
-0,032053 -0,187554 3,378053 0,461537 -0,489004 2,743205 -0,354242 1,364885 3,361452 -0,004244 0,572315 3,454028
-0,037017 -0,186188 3,377960 0,447440 -0,202659 2,731522 -0,355064 1,377111 3,365975 -0,008350 0,570390 3,441438
-0,039201 -0,176845 3,394349 0,430336 -0,010868 2,698119 -0,354651 1,373226 3,364012 -0,008135 0,577941 3,467168
-0,043241 -0,190566 3,368887 0,457941 0,457254 2,723759 -0,355339 1,373891 3,357564 -0,042047 0,553714 3,402219
-0,036527 -0,192048 3,368483 0,440062 0,932955 2,900485 -0,359042 1,359201 3,354757 -0,046218 0,570147 3,440083
-0,034709 -0,184063 3,365992 0,437708 1,106548 3,036382 -0,355677 1,377794 3,363089 -0,038046 0,577558 3,440708
-0,025378 -0,183150 3,394037 0,434611 1,230825 3,188041 -0,356736 1,366261 3,345000 -0,038420 0,577518 3,440753
-0,015682 -0,189887 3,341006 0,383777 1,306704 3,394805 -0,364628 1,371181 3,357361 -0,034274 0,568397 3,427963
