20 12
-0,030022 -0,169205 3,401974 0,308018 1,239962 3,243113 -0,383068 1,397917 3,319143 -0,068253 0,628796 3,466037
-0,038759 -0,162007 3,382885 0,368083 1,151250 3,172068 -0,385470 1,402928 3,318318 -0,079246 0,626560 3,452472
-0,035117 -0,167065 3,383600 0,476457 0,606436 2,715684 -0,374306 1,404337 3,309344 -0,087764 0,619682 3,477661
-0,032940 -0,160902 3,377280 0,467601 0,350542 2,733983 -0,370081 1,397183 3,297916 -0,072016 0,618599 3,426952
-0,021986 -0,166476 3,408756 0,439784 -0,135461 2,739434 -0,375848 1,377730 3,300334 -0,067900 0,617248 3,440093
-0,013780 -0,164841 3,381877 0,405360 -0,449250 2,842969 -0,373474 1,398640 3,309886 -0,064150 0,623039 3,453111
-0,014234 -0,180390 3,388071 0,395964 -0,549935 2,845480 -0,375694 1,394560 3,311500 -0,063754 0,615736 3,452547
-0,019006 -0,187857 3,367285 0,383966 -0,656816 2,835609 -0,375330 1,389499 3,307250 -0,068060 0,617851 3,465764
-0,025886 -0,178948 3,382698 0,375919 -0,681177 2,847221 -0,365384 1,387237 3,297590 -0,071988 0,619956 3,478609
-0,025222 -0,176595 3,375898 0,372213 -0,675127 2,835808 -0,362409 1,380318 3,305661 -0,071988 0,619956 3,478609
-0,026915 -0,167208 3,402402 0,372759 -0,646398 2,838607 -0,363719 1,388571 3,308449 -0,071605 0,615711 3,452610
-0,032055 -0,170125 3,407737 0,369603 -0,561164 2,837524 -0,372461 1,385354 3,313725 -0,075729 0,621437 3,465522
-0,032920 -0,169981 3,415096 0,352720 -0,458146 2,851223 -0,376579 1,397295 3,308682 -0,071988 0,619956 3,478609
-0,052137 -0,141757 3,348457 0,304892 -0,141115 2,822131 -0,380051 1,398729 3,303954 -0,063743 0,623014 3,452658
-0,056682 -0,147359 3,433528 0,301570 0,327494 2,811070 -0,381102 1,394712 3,307212 -0,055692 0,649082 3,477397
-0,065786 -0,160109 3,402708 0,274521 0,584302 2,780716 -0,379417 1,398159 3,304070 -0,064150 0,623039 3,453111
-0,060313 -0,170672 3,403933 0,351891 1,052734 2,992477 -0,378469 1,412003 3,317919 -0,071622 0,618708 3,427186
-0,050495 -0,167161 3,389391 0,325337 1,229465 3,241799 -0,385314 1,406831 3,343751 -0,072384 0,634577 3,478966
-0,045581 -0,170301 3,387426 0,312469 1,266349 3,307732 -0,388817 1,402097 3,347546 -0,072385 0,627243 3,478845
-0,035099 -0,170038 3,390529 0,304568 1,255880 3,339953 -0,388878 1,403063 3,354826 -0,072179 0,638274 3,479011
