33 12
-0,045528 -0,168039 3,373954 0,397511 1,161273 3,136135 -0,367009 1,388040 3,333040 -0,075726 0,628743 3,465639
-0,044823 -0,167722 3,361708 0,472749 0,987635 2,993246 -0,363734 1,378734 3,321533 -0,079249 0,619281 3,452357
-0,045551 -0,170044 3,365753 0,545764 0,729873 2,860468 -0,364159 1,385922 3,323250 -0,076126 0,621360 3,465466
-0,048136 -0,170431 3,375757 0,581332 0,421654 2,800067 -0,366413 1,383604 3,322748 -0,071820 0,615047 3,427058
-0,040785 -0,166383 3,392718 0,557066 0,124948 2,787414 -0,363056 1,391225 3,320668 -0,064349 0,626667 3,453262
-0,036749 -0,166889 3,388583 0,553647 -0,125811 2,826907 -0,366821 1,388150 3,320518 -0,079249 0,619281 3,452357
-0,038181 -0,164976 3,399987 0,524349 -0,322790 2,865493 -0,370951 1,378808 3,322108 -0,071420 0,622353 3,427229
-0,035710 -0,171749 3,400187 0,502401 -0,485647 2,908764 -0,368068 1,396215 3,332767 -0,064143 0,630320 3,453224
-0,033654 -0,174964 3,392695 0,501878 -0,607013 2,927901 -0,369902 1,390785 3,334548 -0,060580 0,625203 3,466253
-0,030398 -0,180200 3,407667 0,508280 -0,690998 2,932811 -0,370271 1,391730 3,327404 -0,067697 0,620888 3,440052
-0,028962 -0,184998 3,396589 0,525927 -0,725751 2,955563 -0,371845 1,390656 3,335389 -0,071424 0,615123 3,427121
-0,038921 -0,199596 3,397313 0,517991 -0,781506 2,976733 -0,367351 1,394367 3,336388 -0,075530 0,617799 3,465358
-0,036995 -0,188270 3,388124 0,475068 -0,790516 2,977994 -0,365645 1,397865 3,336925 -0,075729 0,621437 3,465522
-0,042625 -0,186761 3,399203 0,453297 -0,769859 2,933622 -0,364814 1,393996 3,330983 -0,067863 0,614197 3,465519
-0,046763 -0,200210 3,392488 0,457284 -0,796421 2,954139 -0,364742 1,392538 3,335507 -0,071994 0,612629 3,478489
-0,045461 -0,183271 3,394991 0,473988 -0,807972 2,965578 -0,366327 1,385270 3,336665 -0,079481 0,619901 3,478186
-0,047953 -0,183703 3,390266 0,463495 -0,806997 2,975333 -0,365728 1,398014 3,333195 -0,079282 0,616236 3,477926
-0,040534 -0,188671 3,391297 0,430260 -0,812448 2,971977 -0,367450 1,395082 3,338305 -0,071583 0,619932 3,478133
-0,039096 -0,196215 3,396231 0,438105 -0,810226 2,952315 -0,368898 1,385894 3,333521 -0,079050 0,615657 3,452193
-0,033848 -0,185172 3,387535 0,479464 -0,801085 2,969315 -0,370057 1,385956 3,336141 -0,075732 0,614135 3,465405
-0,035028 -0,176404 3,377706 0,489613 -0,799978 2,960546 -0,369569 1,392938 3,336440 -0,075929 0,617755 3,465480
-0,035496 -0,197613 3,382376 0,441434 -0,769814 3,034352 -0,370659 1,392085 3,338536 -0,079050 0,615657 3,452193
-0,040392 -0,183823 3,386646 0,404173 -0,676813 3,026792 -0,375960 1,381284 3,339666 -0,078852 0,612017 3,451941
-0,043507 -0,160009 3,382430 0,368489 -0,578652 3,001148 -0,368649 1,394792 3,335650 -0,075324 0,617195 3,439700
-0,048953 -0,162318 3,391047 0,346579 -0,402261 2,948621 -0,373247 1,394793 3,346340 -0,078405 0,610913 3,401420
-0,056917 -0,156935 3,397113 0,335879 -0,177887 2,909849 -0,373116 1,394094 3,337005 -0,075121 0,620836 3,439652
-0,066880 -0,145255 3,386196 0,353601 0,096613 2,865942 -0,368182 1,402980 3,346620 -0,071170 0,637527 3,452481
-0,075303 -0,161114 3,394024 0,392328 0,422690 2,925485 -0,367194 1,403137 3,343681 -0,079910 0,638970 3,504794
-0,074887 -0,173847 3,387128 0,388148 0,719920 2,905170 -0,371561 1,398865 3,341575 -0,069019 0,611008 3,491787
-0,070469 -0,172465 3,390419 0,389611 0,969235 2,994981 -0,370897 1,406117 3,350622 -0,061694 0,622025 3,492150
-0,064185 -0,169847 3,379192 0,363701 1,116740 3,088148 -0,372492 1,401584 3,351656 -0,072384 0,634577 3,478966
-0,053657 -0,161862 3,391580 0,347480 1,202778 3,195390 -0,370334 1,406078 3,349067 -0,084058 0,632957 3,491354
-0,048720 -0,168097 3,400738 0,325999 1,272583 3,281412 -0,376140 1,397687 3,344904 -0,083196 0,628684 3,465212
