27 12
-0,018366 -0,175554 3,356221 0,401440 1,339323 3,422986 -0,350009 1,393620 3,324609 -0,026650 0,586452 3,428317
-0,023101 -0,181392 3,356477 0,501198 1,154665 3,044177 -0,350111 1,395196 3,324939 -0,027030 0,586447 3,428518
-0,021755 -0,174171 3,350304 0,588398 1,042626 2,893994 -0,353679 1,391917 3,315335 -0,026846 0,582848 3,428409
-0,013943 -0,183796 3,375392 0,690771 0,704600 2,981727 -0,355912 1,396794 3,324558 -0,023180 0,584844 3,441291
-0,014923 -0,173130 3,372471 0,713627 0,328738 2,953033 -0,356131 1,396545 3,316093 -0,012032 0,575066 3,378552
-0,013246 -0,180210 3,363842 0,699300 0,201671 3,073857 -0,353853 1,396911 3,313547 -0,008739 0,576971 3,391054
-0,012279 -0,175677 3,382478 0,525217 0,041782 2,905690 -0,353772 1,395507 3,316839 -0,011836 0,578620 3,378474
-0,014803 -0,178499 3,384400 0,389849 0,047004 3,177533 -0,352121 1,397326 3,311103 -0,026450 0,590041 3,428141
-0,013841 -0,168356 3,388453 0,346979 0,027476 3,080060 -0,349515 1,400011 3,306742 -0,014903 0,591170 3,390074
-0,023373 -0,188279 3,366604 0,505021 -0,027123 3,266150 -0,346920 1,401581 3,305916 -0,012226 0,571497 3,378547
-0,027853 -0,184336 3,376828 0,577910 -0,035324 3,094400 -0,348114 1,403641 3,321882 -0,019587 0,575339 3,403326
-0,027183 -0,187504 3,377389 0,568671 -0,019525 3,167698 -0,349347 1,403189 3,325323 -0,012032 0,575066 3,378552
-0,017629 -0,174890 3,383055 0,400210 0,017191 2,975251 -0,348123 1,397244 3,314780 -0,018616 0,585989 3,402385
-0,018795 -0,176649 3,393222 0,319335 0,050873 3,100259 -0,340750 1,398592 3,310506 -0,018042 0,600540 3,426105
-0,016993 -0,164798 3,383766 0,336300 0,029616 2,991737 -0,345096 1,403319 3,315754 -0,011233 0,593168 3,402682
-0,019641 -0,190249 3,375320 0,489351 -0,027765 3,179156 -0,346110 1,398664 3,308888 -0,023052 0,569836 3,390616
-0,017086 -0,181695 3,379950 0,478157 -0,026102 3,216269 -0,348266 1,398253 3,321218 -0,015701 0,576993 3,390901
-0,015660 -0,172198 3,374826 0,414805 -0,011579 3,260485 -0,350970 1,406477 3,334967 -0,008145 0,584501 3,416108
-0,007546 -0,171364 3,377008 0,340298 0,054897 3,160339 -0,351630 1,396190 3,318429 -0,007565 0,591178 3,390259
-0,012452 -0,172424 3,382728 0,466055 0,052080 2,888082 -0,352945 1,397542 3,318046 -0,015329 0,588067 3,415772
-0,015790 -0,182347 3,374944 0,570622 0,096058 2,840189 -0,352777 1,400047 3,322570 -0,015348 0,580873 3,415673
-0,023458 -0,178324 3,366656 0,792920 0,331658 2,996169 -0,354011 1,395610 3,317647 -0,012214 0,582521 3,403593
-0,034205 -0,186546 3,375975 0,821418 0,662894 3,030261 -0,349999 1,395260 3,314051 -0,026846 0,582848 3,428409
-0,035146 -0,177620 3,373477 0,799556 0,831636 3,103491 -0,348712 1,407307 3,325222 -0,026846 0,582848 3,428409
-0,037562 -0,181790 3,362102 0,627923 1,034108 2,979776 -0,349110 1,400684 3,320392 -0,030425 0,581199 3,440868
-0,030731 -0,186266 3,336043 0,498646 1,294368 3,397089 -0,345333 1,396677 3,312445 -0,019635 0,579247 3,428614
-0,024554 -0,178408 3,340701 0,441661 1,308743 3,406965 -0,341775 1,392318 3,305858 -0,012226 0,571497 3,378547
