20 12
-0,004843 -0,189240 3,305506 0,381676 1,322937 3,413992 -0,369496 1,365958 3,312132 -0,004504 0,623257 3,455124
-0,007273 -0,190699 3,320884 0,511448 1,161569 3,041094 -0,366379 1,376416 3,314576 -0,001000 0,624756 3,442393
-0,006310 -0,190820 3,314488 0,615550 1,061840 2,944237 -0,366462 1,373125 3,306181 -0,000875 0,616920 3,416811
-0,000117 -0,189976 3,323651 0,750353 0,793418 3,023041 -0,372069 1,377823 3,326478 0,010417 0,623262 3,455327
0,005518 -0,192697 3,315151 0,702259 0,404883 3,092119 -0,372304 1,370943 3,325941 0,002659 0,615399 3,429548
0,003763 -0,188443 3,324564 0,581246 0,269071 3,217507 -0,369553 1,377063 3,325550 0,006609 0,616337 3,391698
0,003532 -0,188684 3,335870 0,291669 0,168504 2,962092 -0,369766 1,381133 3,335694 0,010603 0,636360 3,404320
-0,007401 -0,187927 3,353216 0,381908 0,148217 2,814780 -0,368488 1,375082 3,335794 0,011196 0,632581 3,403187
-0,012857 -0,183997 3,361754 0,468376 0,137025 2,891861 -0,364538 1,389111 3,340774 0,014586 0,626944 3,391102
-0,008178 -0,185797 3,353848 0,362690 0,153463 2,826773 -0,368290 1,376305 3,336499 0,011196 0,632581 3,403187
-0,004383 -0,186823 3,342429 0,236137 0,216692 3,019856 -0,366462 1,377032 3,311891 0,003346 0,647935 3,429656
-0,007849 -0,183565 3,353440 0,286089 0,180000 2,855243 -0,369127 1,379578 3,341160 -0,008255 0,627080 3,391720
-0,007310 -0,187254 3,330408 0,472304 0,183649 3,006815 -0,365029 1,381184 3,335638 -0,004034 0,624281 3,354131
-0,009696 -0,185173 3,334285 0,476231 0,303642 2,910400 -0,371264 1,374575 3,329885 -0,000361 0,626371 3,366481
-0,010360 -0,188276 3,345889 0,498334 0,369846 2,796559 -0,370128 1,384415 3,333437 -0,007659 0,623423 3,391053
-0,017305 -0,190805 3,314075 0,726733 0,626753 2,976459 -0,372750 1,377167 3,331076 -0,001067 0,620518 3,416893
-0,022374 -0,188048 3,322182 0,749734 0,921880 3,079420 -0,373230 1,377115 3,323448 -0,000875 0,616920 3,416811
-0,023039 -0,196662 3,317141 0,725601 1,070207 3,193823 -0,373727 1,370657 3,328598 -0,004946 0,618986 3,429441
-0,021323 -0,185675 3,320377 0,564413 1,164417 3,096797 -0,373564 1,366790 3,325211 0,006515 0,616923 3,416911
-0,013591 -0,186502 3,300327 0,456657 1,329668 3,445834 -0,374084 1,367700 3,324496 -0,004504 0,623257 3,455124
