21 12
-0,042266 -0,199127 3,376580 0,338443 1,298060 3,319972 -0,413075 1,394132 3,328335 -0,060286 0,606430 3,440203
-0,050385 -0,194000 3,396334 0,461353 0,772513 2,733840 -0,447935 1,413890 3,370549 -0,063970 0,604844 3,452648
-0,053760 -0,204423 3,396972 0,494315 0,480304 2,692954 -0,447621 1,400689 3,370445 -0,068073 0,603252 3,465533
-0,049511 -0,193330 3,409886 0,527126 -0,037761 2,747446 -0,442065 1,407876 3,384119 -0,052929 0,606983 3,466137
-0,047298 -0,203980 3,401226 0,534943 -0,403243 2,882395 -0,398287 1,394458 3,352185 -0,049084 0,597652 3,453239
-0,052916 -0,198747 3,420217 0,539162 -0,523939 2,911228 -0,396138 1,369161 3,352380 -0,037476 0,588010 3,415072
-0,059196 -0,211899 3,389353 0,566359 -0,658833 2,942798 -0,397571 1,382001 3,372960 -0,038229 0,581166 3,440828
-0,072713 -0,226033 3,412125 0,550194 -0,755470 3,033955 -0,391106 1,407281 3,372978 -0,048640 0,575250 3,402121
-0,071371 -0,221785 3,407302 0,529895 -0,754291 3,000210 -0,384496 1,410125 3,357519 -0,049726 0,587123 3,479244
-0,072436 -0,222752 3,414787 0,533039 -0,761516 2,975575 -0,379443 1,415054 3,389297 -0,056933 0,583069 3,452937
-0,063604 -0,229720 3,407160 0,511519 -0,766741 3,036935 -0,376634 1,380147 3,358118 -0,049056 0,582766 3,427609
-0,062039 -0,227635 3,405046 0,501320 -0,758852 3,007038 -0,377575 1,409803 3,363476 -0,045260 0,573620 3,414974
-0,058109 -0,225984 3,413954 0,485955 -0,723778 3,007574 -0,380911 1,414837 3,367346 -0,041843 0,586785 3,453538
-0,058876 -0,225895 3,400171 0,476991 -0,658520 2,983888 -0,377027 1,414363 3,347679 -0,041659 0,583148 3,453323
-0,058305 -0,214870 3,410182 0,472917 -0,583600 2,930487 -0,379171 1,410363 3,356636 -0,041647 0,590415 3,453434
-0,070762 -0,185788 3,389113 0,476006 -0,328718 2,898268 -0,381047 1,419355 3,357403 -0,038192 0,596108 3,466738
-0,086244 -0,189824 3,384815 0,499804 0,077918 2,715685 -0,381916 1,414604 3,357229 -0,045855 0,599713 3,466587
-0,090364 -0,179456 3,399014 0,516200 0,316009 2,728086 -0,377834 1,401998 3,325685 -0,045662 0,618570 3,492758
-0,091716 -0,196273 3,376007 0,549191 0,778966 2,762217 -0,375690 1,391101 3,332812 -0,049713 0,601762 3,479480
-0,076528 -0,189388 3,348277 0,477397 1,171292 3,130781 -0,384688 1,406023 3,361813 -0,053316 0,614277 3,466508
-0,073305 -0,196333 3,341325 0,442453 1,246195 3,217830 -0,390066 1,399572 3,368080 -0,042199 0,616450 3,480010
