27 12
-0,025384 -0,195835 3,350931 0,442347 1,329847 3,286060 -0,362823 1,366263 3,339294 -0,008450 0,617489 3,442163
-0,027347 -0,199789 3,345836 0,539074 1,278841 3,152109 -0,364030 1,365068 3,335611 -0,008450 0,617489 3,442163
-0,027828 -0,196717 3,341391 0,653069 1,213670 3,081228 -0,364856 1,369673 3,345196 -0,015859 0,613289 3,416518
-0,029764 -0,187280 3,354241 0,731598 1,054377 2,931506 -0,362076 1,371849 3,333169 -0,012166 0,615383 3,429301
-0,024724 -0,196004 3,351566 0,737644 0,822228 2,828157 -0,362242 1,369836 3,339028 -0,015668 0,609695 3,416421
-0,021330 -0,197168 3,353038 0,674234 0,593895 2,804126 -0,365385 1,364305 3,333375 -0,000959 0,605609 3,391568
-0,020188 -0,203817 3,346729 0,637278 0,388785 2,823395 -0,368069 1,371104 3,341328 -0,019577 0,615367 3,429132
-0,014802 -0,192633 3,344797 0,571334 0,206456 2,886731 -0,370892 1,359429 3,342107 -0,003941 0,622554 3,428874
-0,014163 -0,193034 3,360626 0,490066 0,083473 2,979043 -0,368297 1,364641 3,344671 -0,000668 0,620515 3,416742
-0,016411 -0,195091 3,349589 0,434199 0,035982 3,054303 -0,369910 1,353020 3,337091 0,007120 0,620446 3,416367
-0,013451 -0,198080 3,344986 0,398353 0,016279 3,083741 -0,371395 1,361803 3,348524 0,014373 0,623424 3,391410
-0,015431 -0,190283 3,343005 0,380266 0,012582 3,087457 -0,369418 1,360943 3,335155 0,010770 0,625533 3,403899
-0,016376 -0,185724 3,356235 0,375545 0,022055 3,073256 -0,364765 1,374489 3,342448 0,007241 0,626950 3,391006
-0,020422 -0,192309 3,356877 0,379383 0,032765 3,063382 -0,370219 1,356979 3,335236 0,021902 0,619774 3,391077
-0,020803 -0,187586 3,346467 0,385285 0,039455 3,055879 -0,366549 1,367634 3,341943 0,010559 0,621984 3,404128
-0,017560 -0,193998 3,349569 0,396904 0,039170 3,038945 -0,366414 1,373465 3,338120 0,007428 0,623294 3,390515
-0,017999 -0,184621 3,345968 0,409288 0,050395 3,029080 -0,366814 1,366466 3,338944 0,014534 0,627650 3,416556
-0,019288 -0,195083 3,362781 0,425716 0,062646 3,017000 -0,366946 1,368358 3,342789 0,018139 0,617701 3,378607
-0,014113 -0,185945 3,350390 0,453680 0,096422 3,005984 -0,366387 1,367739 3,338715 0,018137 0,625526 3,403974
-0,020561 -0,186837 3,339236 0,495845 0,179224 2,966490 -0,367020 1,369564 3,341722 0,014696 0,631935 3,442048
-0,020182 -0,193288 3,348893 0,540848 0,335202 2,923528 -0,368260 1,367983 3,353402 -0,000292 0,613240 3,416149
-0,023493 -0,199240 3,336447 0,579172 0,532694 2,935553 -0,372151 1,350881 3,344127 -0,008450 0,617489 3,442163
-0,028310 -0,203356 3,342486 0,584890 0,740180 2,941461 -0,371791 1,367491 3,355414 -0,008463 0,610234 3,442058
-0,031510 -0,190247 3,349237 0,569968 0,967477 3,048160 -0,367271 1,379322 3,351345 -0,004710 0,619609 3,455108
-0,027381 -0,201482 3,350393 0,510153 1,119259 3,118241 -0,366628 1,352799 3,329341 -0,004710 0,619609 3,455108
-0,027174 -0,189827 3,334221 0,454694 1,229920 3,207924 -0,366798 1,367345 3,349160 -0,008244 0,621125 3,442175
-0,027909 -0,196901 3,328408 0,404354 1,284375 3,279911 -0,368854 1,360438 3,338859 -0,008450 0,617489 3,442163
