28 12
-0,009204 -0,176258 3,338640 0,432471 1,327748 3,407773 -0,345438 1,397495 3,321544 -0,026846 0,582848 3,428409
-0,011059 -0,175980 3,342854 0,521956 1,216689 3,132080 -0,346448 1,403463 3,344098 -0,019490 0,586853 3,454255
-0,009831 -0,174670 3,333662 0,584435 1,168010 3,070140 -0,349832 1,388596 3,335451 -0,023180 0,584844 3,441291
-0,010411 -0,183782 3,332852 0,632427 1,089329 3,032483 -0,347184 1,398729 3,336553 -0,026846 0,582848 3,428409
-0,014685 -0,167498 3,363236 0,600126 0,933407 2,941213 -0,338904 1,400743 3,324689 -0,023108 0,580884 3,415829
-0,013083 -0,183524 3,356008 0,530011 0,870658 2,978477 -0,340021 1,396384 3,322226 -0,026859 0,575632 3,428306
-0,017640 -0,183851 3,347507 0,261729 0,665124 2,655447 -0,335615 1,404320 3,324569 -0,020443 0,561229 3,453238
-0,019078 -0,201103 3,353411 0,059695 0,679461 3,010505 -0,332772 1,405861 3,325878 -0,027542 0,546825 3,453346
-0,022017 -0,184328 3,369832 -0,036278 0,654706 3,048299 -0,336662 1,405580 3,332639 -0,031199 0,571153 3,519217
-0,023844 -0,193991 3,363120 -0,056235 0,635940 3,067436 -0,334179 1,404220 3,326316 -0,023932 0,552497 3,492519
-0,030226 -0,196135 3,366493 0,071595 0,613416 2,796812 -0,343077 1,402621 3,343213 -0,035277 0,561732 3,505520
-0,033113 -0,189984 3,363215 0,147225 0,612370 2,725513 -0,345719 1,404303 3,345493 -0,020446 0,553973 3,453128
-0,035604 -0,187679 3,342400 0,313570 0,663667 2,915584 -0,346013 1,402149 3,338442 -0,031676 0,563119 3,465896
-0,037542 -0,187888 3,356275 0,363430 0,667472 2,844093 -0,349446 1,395778 3,332543 -0,031432 0,562684 3,414787
-0,037562 -0,186354 3,352569 0,360882 0,669433 2,893034 -0,350464 1,400353 3,339943 -0,027709 0,564908 3,453413
-0,038143 -0,184275 3,363416 0,236471 0,630186 2,747530 -0,351051 1,399137 3,345579 -0,031980 0,563252 3,491580
-0,029776 -0,192675 3,342866 0,074371 0,665685 3,056087 -0,348248 1,398656 3,334111 -0,039141 0,556055 3,491924
-0,031987 -0,196901 3,358827 -0,004289 0,644054 3,068365 -0,345992 1,396498 3,328507 -0,023925 0,559827 3,492638
-0,027850 -0,191605 3,352246 -0,074511 0,626550 3,112907 -0,346045 1,404233 3,346430 -0,035100 0,558096 3,505577
-0,024838 -0,195995 3,347582 -0,017228 0,630099 2,943072 -0,346291 1,407281 3,338882 -0,042621 0,557838 3,478942
-0,026782 -0,196319 3,363379 0,044065 0,639518 2,842571 -0,348052 1,400864 3,334651 -0,039314 0,567303 3,518550
-0,032819 -0,193838 3,353201 0,239724 0,759326 3,022430 -0,345916 1,408471 3,342678 -0,038977 0,552025 3,439782
-0,032377 -0,188215 3,368710 0,356032 0,867918 2,820455 -0,350498 1,400786 3,332267 -0,027972 0,560917 3,427131
-0,033236 -0,173518 3,354516 0,409928 0,958135 2,877026 -0,352250 1,399028 3,339280 -0,034779 0,579507 3,453736
-0,037068 -0,176225 3,359494 0,464928 1,111241 3,036994 -0,354288 1,410773 3,347221 -0,038397 0,585155 3,466638
-0,035492 -0,181741 3,345328 0,435473 1,239103 3,212894 -0,347579 1,407005 3,334794 -0,030994 0,577545 3,440993
-0,029388 -0,181058 3,341509 0,422777 1,293606 3,282070 -0,348412 1,406146 3,342349 -0,034779 0,579507 3,453736
-0,028769 -0,180264 3,347994 0,392677 1,325479 3,311102 -0,349806 1,405064 3,335278 -0,034588 0,583167 3,453816
