26 12
-0,019697 -0,155217 3,381043 0,408204 1,270520 3,288527 -0,373122 1,398470 3,339801 -0,052833 0,628234 3,440871
-0,017047 -0,151923 3,370341 0,494854 1,215900 3,191556 -0,373050 1,388480 3,337889 -0,056398 0,633311 3,428025
-0,014032 -0,150948 3,358384 0,590510 1,123315 3,079012 -0,371707 1,395377 3,344967 -0,052833 0,628234 3,440871
-0,007323 -0,150309 3,368207 0,662867 0,965426 2,996329 -0,371832 1,406345 3,348592 -0,056197 0,629688 3,427799
-0,008249 -0,157136 3,371689 0,687670 0,766407 2,953342 -0,375468 1,387351 3,337025 -0,056406 0,626076 3,427918
-0,000523 -0,155387 3,365941 0,682540 0,558707 2,987621 -0,380832 1,388217 3,343097 -0,063811 0,626031 3,427565
0,003115 -0,148006 3,371934 0,611842 0,350317 3,041420 -0,384371 1,400218 3,356764 -0,053032 0,631853 3,441009
0,000543 -0,144467 3,383357 0,498451 0,217940 3,100583 -0,381071 1,392954 3,335326 -0,052613 0,639119 3,440863
0,002934 -0,144686 3,389300 0,399017 0,173520 3,168538 -0,376976 1,396870 3,350175 -0,052385 0,649992 3,440768
-0,004818 -0,147533 3,377316 0,324415 0,156795 3,163063 -0,377781 1,390505 3,335155 -0,059597 0,653540 3,440116
-0,008188 -0,151921 3,385401 0,346422 0,159171 3,098224 -0,375598 1,392359 3,341259 -0,048332 0,651377 3,427853
-0,018241 -0,144638 3,386810 0,446046 0,141702 3,051702 -0,375201 1,392145 3,341042 -0,059829 0,642684 3,440306
-0,020393 -0,148935 3,384071 0,510509 0,149545 3,051130 -0,369787 1,398465 3,339513 -0,052399 0,642727 3,440659
-0,023672 -0,161579 3,392976 0,471685 0,165394 3,101791 -0,369119 1,402221 3,340776 -0,063797 0,640502 3,427779
-0,019822 -0,141059 3,378023 0,391505 0,201708 3,145204 -0,371815 1,397334 3,335194 -0,033946 0,665026 3,506552
-0,019814 -0,146072 3,379823 0,327031 0,225471 3,124497 -0,372795 1,403662 3,342048 -0,055292 0,658442 3,426663
-0,017144 -0,148382 3,394622 0,369988 0,233052 3,081157 -0,374051 1,390315 3,344072 -0,052205 0,661675 3,465932
-0,018287 -0,160703 3,376416 0,477637 0,237052 2,991294 -0,371628 1,397113 3,335091 -0,063257 0,639761 3,402334
-0,020005 -0,157181 3,376456 0,594342 0,283592 2,949935 -0,373746 1,391966 3,337092 -0,049479 0,634756 3,479928
-0,026725 -0,164328 3,372545 0,690835 0,404795 2,957106 -0,376077 1,386512 3,327358 -0,049198 0,629723 3,428373
-0,026730 -0,159971 3,380334 0,726007 0,571308 2,974962 -0,371423 1,393846 3,338141 -0,060463 0,631810 3,440676
-0,029400 -0,164815 3,367659 0,703903 0,737282 2,996763 -0,372352 1,404591 3,341880 -0,060463 0,631810 3,440676
-0,035147 -0,153006 3,379252 0,662244 0,900486 3,037802 -0,371487 1,395047 3,339295 -0,056398 0,633311 3,428025
-0,036072 -0,153331 3,387316 0,591252 1,048262 3,123658 -0,372984 1,393233 3,331935 -0,048964 0,625465 3,403053
-0,034930 -0,154858 3,371485 0,507886 1,168622 3,208846 -0,371515 1,404564 3,341877 -0,060357 0,631101 3,415241
-0,034639 -0,154769 3,371697 0,440826 1,240007 3,271942 -0,370385 1,400300 3,340747 -0,056398 0,633311 3,428025
