30 12
-0,011472 -0,172407 3,392084 0,356757 1,247078 3,263870 -0,362416 1,401805 3,323212 -0,038380 0,599745 3,466864
-0,015267 -0,175862 3,402241 0,392808 1,173351 3,156045 -0,361990 1,410040 3,324977 -0,034516 0,605499 3,480030
-0,020459 -0,170565 3,401685 0,432025 0,990603 3,008243 -0,360186 1,394601 3,318805 -0,041827 0,601803 3,479538
-0,015585 -0,172658 3,396851 0,460671 0,775366 2,915474 -0,357631 1,407441 3,327132 -0,042411 0,598108 3,479699
-0,015241 -0,178538 3,388678 0,455263 0,489510 2,835440 -0,358741 1,395973 3,319669 -0,042223 0,594475 3,479657
-0,010117 -0,172229 3,399305 0,438604 0,255041 2,807659 -0,357126 1,411904 3,334236 -0,030231 0,611210 3,492612
-0,009393 -0,167585 3,397739 0,440509 0,021256 2,821056 -0,358151 1,416013 3,334323 -0,019157 0,617089 3,506586
-0,002673 -0,174490 3,403278 0,431212 -0,156960 2,796040 -0,362374 1,397363 3,320966 -0,019110 0,586826 3,453889
0,006742 -0,178400 3,402242 0,441523 -0,302814 2,779944 -0,365318 1,407311 3,327767 -0,011857 0,587243 3,480237
0,009957 -0,183813 3,399903 0,448418 -0,422328 2,766555 -0,363867 1,403359 3,326789 -0,015725 0,580900 3,416020
0,011192 -0,189132 3,412949 0,459853 -0,518176 2,748252 -0,364152 1,405290 3,332122 -0,019323 0,575949 3,453953
0,009953 -0,199330 3,407161 0,475969 -0,567969 2,756824 -0,365988 1,398918 3,336994 -0,019323 0,575949 3,453953
0,008060 -0,184498 3,413782 0,481329 -0,611948 2,760201 -0,365370 1,406996 3,342323 -0,026859 0,575632 3,428306
0,007825 -0,194602 3,403443 0,483600 -0,610765 2,757191 -0,362135 1,399572 3,350810 -0,034223 0,575911 3,453490
0,003818 -0,197925 3,412663 0,477562 -0,606518 2,752196 -0,360609 1,391528 3,342751 -0,034405 0,579546 3,453697
0,000916 -0,189091 3,406801 0,463910 -0,592297 2,748492 -0,355542 1,397326 3,348729 -0,030620 0,577583 3,440962
-0,002014 -0,195147 3,410134 0,450110 -0,563267 2,741390 -0,354854 1,389893 3,338248 -0,023085 0,577917 3,466794
-0,001554 -0,188897 3,410511 0,438730 -0,512446 2,762383 -0,355194 1,393203 3,335270 -0,026484 0,575609 3,427935
-0,009962 -0,187931 3,425016 0,415029 -0,451582 2,787811 -0,355273 1,399215 3,332669 -0,023448 0,585203 3,467105
-0,013362 -0,175909 3,431209 0,393825 -0,351074 2,814036 -0,361177 1,387384 3,331903 -0,023253 0,588859 3,467106
-0,021990 -0,179109 3,428261 0,366433 -0,217092 2,833043 -0,357204 1,398988 3,331501 -0,004384 0,590502 3,454511
-0,028494 -0,165210 3,406997 0,361424 -0,022845 2,855965 -0,361005 1,393856 3,331277 -0,012010 0,605556 3,480659
-0,032705 -0,173234 3,418619 0,352988 0,172281 2,853567 -0,356923 1,401649 3,331762 -0,011399 0,620749 3,506519
-0,034216 -0,171702 3,401654 0,365135 0,389998 2,868008 -0,358289 1,405039 3,328382 -0,022988 0,611826 3,519675
-0,034970 -0,180437 3,399352 0,354520 0,634940 2,830592 -0,362482 1,406510 3,335571 -0,034958 0,590366 3,453791
-0,034620 -0,174721 3,404917 0,368348 0,884220 2,970459 -0,362918 1,386446 3,332957 -0,034765 0,594044 3,453958
-0,030970 -0,174036 3,404030 0,357553 1,096789 3,037699 -0,362019 1,399687 3,340831 -0,027027 0,598199 3,480155
-0,025695 -0,169568 3,395992 0,347353 1,186179 3,155455 -0,359973 1,393274 3,329866 -0,030839 0,600256 3,493173
-0,021531 -0,168388 3,382402 0,326991 1,274330 3,249151 -0,361955 1,394648 3,336342 -0,019662 0,597750 3,454470
-0,017138 -0,175629 3,397292 0,314702 1,266567 3,310740 -0,367841 1,395807 3,340520 -0,027126 0,590459 3,454158
