28 12
-0,100962 -0,173639 3,306586 0,318375 1,253705 3,020119 -0,456444 1,360795 3,334337 -0,101604 0,618341 3,425232
-0,102108 -0,180111 3,318010 0,353849 1,119568 2,928380 -0,456411 1,362327 3,337452 -0,097441 0,612746 3,412870
-0,097823 -0,172679 3,327066 0,368561 0,787772 2,737529 -0,463623 1,371739 3,357881 -0,097633 0,609081 3,412680
-0,101044 -0,185689 3,311196 0,338511 0,699034 2,831349 -0,463258 1,361761 3,332521 -0,097633 0,609081 3,412680
-0,100252 -0,172755 3,323053 0,308204 0,539225 2,813556 -0,461192 1,366628 3,343329 -0,105199 0,620529 3,437927
-0,102631 -0,185338 3,318915 0,289634 0,531701 2,826774 -0,459720 1,369004 3,341991 -0,105199 0,620529 3,437927
-0,104761 -0,174208 3,336333 0,269240 0,574659 2,841862 -0,458854 1,364237 3,345970 -0,097245 0,616395 3,412974
-0,106745 -0,187090 3,328283 0,256028 0,697924 2,746391 -0,457031 1,362001 3,335852 -0,105774 0,609456 3,437360
-0,109956 -0,188824 3,347129 0,223947 0,856677 2,722179 -0,453760 1,369881 3,340229 -0,110148 0,604018 3,449133
-0,109800 -0,184838 3,331140 0,210662 0,925232 2,797156 -0,456595 1,362828 3,335214 -0,110148 0,604018 3,449133
-0,109449 -0,185468 3,333340 0,239582 0,912786 2,826225 -0,454230 1,372663 3,336448 -0,098184 0,597997 3,411592
-0,107230 -0,184479 3,312702 0,239284 0,767109 2,722393 -0,456763 1,368905 3,341901 -0,106135 0,601999 3,436542
-0,108302 -0,186019 3,325726 0,256565 0,696023 2,738488 -0,456238 1,365992 3,328928 -0,097821 0,605401 3,412404
-0,104959 -0,182976 3,329539 0,240061 0,587905 2,757416 -0,458782 1,372060 3,342444 -0,097633 0,609081 3,412680
-0,103493 -0,179723 3,323972 0,234310 0,571594 2,800056 -0,455892 1,370422 3,328985 -0,105395 0,616854 3,437826
-0,105904 -0,181762 3,333584 0,226657 0,595584 2,791089 -0,458116 1,368373 3,337610 -0,105395 0,616854 3,437826
-0,104143 -0,187769 3,332774 0,216427 0,711650 2,767467 -0,456592 1,378193 3,337859 -0,101969 0,603714 3,424479
-0,104263 -0,192455 3,335442 0,199256 0,854808 2,785513 -0,459453 1,372248 3,348207 -0,102147 0,599992 3,424029
-0,104959 -0,188439 3,337230 0,201939 0,930623 2,839864 -0,455375 1,366762 3,335816 -0,102147 0,599992 3,424029
-0,105354 -0,181338 3,331618 0,247066 0,923616 2,845217 -0,457430 1,370897 3,339915 -0,097434 0,598350 3,412655
-0,102473 -0,184889 3,314323 0,286796 0,814546 2,661943 -0,461192 1,378799 3,349997 -0,098005 0,601706 3,412041
-0,097248 -0,184482 3,310792 0,318184 0,798537 2,696736 -0,461819 1,363603 3,348857 -0,097821 0,605401 3,412404
-0,098366 -0,184146 3,306014 0,451654 0,826160 2,868653 -0,463702 1,373966 3,340188 -0,093501 0,610711 3,400507
-0,100248 -0,177568 3,322023 0,521132 0,906760 2,859124 -0,464705 1,370870 3,346291 -0,097441 0,612746 3,412870
-0,103689 -0,179173 3,306015 0,558467 0,999743 2,933589 -0,462772 1,368780 3,335944 -0,097245 0,616395 3,412974
-0,103847 -0,175000 3,308513 0,541187 1,122994 2,929303 -0,460008 1,370899 3,336754 -0,097245 0,616395 3,412974
-0,108921 -0,171165 3,297495 0,446097 1,297546 3,250005 -0,461583 1,369306 3,340344 -0,096840 0,623647 3,412923
-0,106847 -0,172642 3,312469 0,385645 1,350520 3,303736 -0,458869 1,373053 3,332910 -0,093816 0,618526 3,425900
