18 12
-0,041515 -0,163806 3,348764 0,425688 1,279144 3,120683 -0,359023 1,405199 3,328578 -0,042207 0,609122 3,479892
-0,037506 -0,159583 3,368547 0,360328 1,143146 2,925482 -0,353631 1,414592 3,324606 -0,042215 0,601796 3,479774
-0,035047 -0,165159 3,361696 0,267888 0,919162 2,994359 -0,351136 1,406301 3,324423 -0,042411 0,598108 3,479699
-0,036621 -0,174270 3,358442 0,168369 0,797665 3,010937 -0,352077 1,409819 3,319118 -0,051592 0,564601 3,501732
-0,029796 -0,179660 3,374467 -0,010315 0,513169 2,857176 -0,351497 1,417603 3,333827 -0,049964 0,598565 3,505715
-0,031546 -0,166554 3,380929 -0,128345 0,440043 3,099471 -0,353282 1,413778 3,333706 -0,057003 0,612722 3,479243
-0,034946 -0,173446 3,389052 -0,117866 0,438067 3,060912 -0,353406 1,409005 3,327272 -0,056810 0,609055 3,479006
-0,039155 -0,176875 3,381767 -0,057988 0,523589 3,001657 -0,354425 1,408128 3,336807 -0,046462 0,596441 3,492526
-0,041582 -0,181128 3,367498 -0,025785 0,496606 2,958269 -0,354447 1,406212 3,332024 -0,050346 0,598492 3,505603
-0,036825 -0,175428 3,378126 -0,065800 0,469080 3,024323 -0,356010 1,413910 3,343755 -0,046841 0,603651 3,492166
-0,038523 -0,172986 3,369784 -0,114948 0,380070 3,134871 -0,354884 1,415034 3,339221 -0,056815 0,618804 3,427896
-0,033702 -0,164152 3,369635 -0,104197 0,420239 3,020206 -0,357865 1,407580 3,330710 -0,053185 0,618533 3,492433
-0,036183 -0,170510 3,367158 -0,044961 0,483248 2,884970 -0,356843 1,411054 3,338269 -0,052737 0,603314 3,465818
-0,042311 -0,176775 3,366118 0,104853 0,734605 2,917001 -0,358671 1,411456 3,347116 -0,032777 0,574487 3,543210
-0,049161 -0,172896 3,374014 0,261993 0,956687 2,695609 -0,362785 1,407957 3,347216 -0,058150 0,583120 3,477937
-0,051949 -0,166878 3,373122 0,330534 1,087571 2,848054 -0,360850 1,407149 3,346566 -0,046050 0,596037 3,466516
-0,054695 -0,165460 3,364998 0,405756 1,240007 3,093018 -0,361981 1,411784 3,340132 -0,034569 0,597706 3,454036
-0,053822 -0,161399 3,351429 0,363673 1,304147 3,348100 -0,360642 1,409721 3,324756 -0,038380 0,599745 3,466864
