16 12
-0,011262 -0,179438 3,353548 0,362305 1,303007 3,341365 -0,350341 1,384566 3,357777 -0,015920 0,577294 3,416016
-0,016022 -0,175795 3,337839 0,432544 1,329937 3,408835 -0,347956 1,382611 3,348559 -0,019877 0,579551 3,454158
-0,018811 -0,179911 3,351081 0,591734 0,907157 2,772075 -0,353491 1,386170 3,355509 -0,015920 0,577294 3,416016
-0,016473 -0,180201 3,349166 0,626103 0,772133 2,819799 -0,351952 1,384824 3,350852 -0,016112 0,573674 3,415926
-0,013376 -0,181631 3,360080 0,598171 0,361774 2,900751 -0,354211 1,383312 3,339463 -0,019393 0,578933 3,403327
-0,019829 -0,179690 3,373387 0,519449 0,138195 3,234397 -0,349970 1,389204 3,348942 -0,004672 0,578954 3,403649
-0,018938 -0,184931 3,359066 0,482645 0,091436 3,254631 -0,348187 1,382841 3,343932 -0,015521 0,573417 3,390726
-0,024811 -0,169659 3,353320 0,426146 0,084401 3,143143 -0,344847 1,392726 3,350557 -0,011638 0,590070 3,428552
-0,031692 -0,171206 3,380234 0,456520 0,122298 3,038965 -0,345083 1,379462 3,346949 -0,011437 0,585684 3,378070
-0,029886 -0,165798 3,376223 0,479917 0,129097 2,968023 -0,347777 1,387984 3,348711 -0,026650 0,586452 3,428317
-0,033732 -0,179658 3,360238 0,563577 0,315034 3,000937 -0,344289 1,387686 3,349848 -0,019393 0,578933 3,403327
-0,039650 -0,181808 3,357636 0,570420 0,700850 2,807251 -0,350108 1,376446 3,359227 -0,027040 0,579229 3,428413
-0,044149 -0,185278 3,359905 0,572592 0,894911 2,980200 -0,345320 1,389421 3,356767 -0,023121 0,573693 3,415728
-0,041085 -0,176552 3,349003 0,500812 1,179308 3,028555 -0,346554 1,397298 3,358890 -0,023180 0,584844 3,441291
-0,034861 -0,177334 3,331349 0,398659 1,366438 3,465549 -0,350807 1,379750 3,360241 -0,023180 0,584844 3,441291
-0,027308 -0,178349 3,316986 0,370047 1,336387 3,406260 -0,354139 1,384234 3,358709 -0,019393 0,578933 3,403327
