32 12
-0,027610 -0,167428 3,358367 0,382552 1,273556 3,293661 -0,450171 1,387800 3,389391 -0,004680 0,616551 3,481018
-0,028353 -0,171017 3,351902 0,434399 1,241914 3,234541 -0,531307 1,338719 3,368148 -0,001096 0,614987 3,494110
-0,029279 -0,172084 3,340288 0,499570 1,165446 3,172285 -0,629391 1,252861 3,335912 -0,001096 0,614987 3,494110
-0,029733 -0,166025 3,348292 0,570971 1,061750 3,071461 -0,735269 1,136547 3,294273 0,002826 0,616556 3,481130
-0,026689 -0,168598 3,340238 0,631413 0,917170 3,035291 -0,821249 0,980819 3,234983 -0,004446 0,617148 3,507303
-0,025370 -0,171352 3,337147 0,670448 0,741739 2,952437 -0,868101 0,798549 3,168240 -0,012004 0,621454 3,533903
-0,023778 -0,180448 3,334803 0,702755 0,587549 2,959204 -0,898386 0,648301 3,173494 -0,008617 0,611857 3,520431
-0,021292 -0,181703 3,329940 0,696489 0,470676 3,001512 -0,907215 0,526313 3,133484 -0,019765 0,606048 3,506844
-0,023533 -0,171689 3,323730 0,731582 0,426680 3,076519 -0,937686 0,454616 3,148259 -0,015734 0,610771 3,467637
-0,023729 -0,180387 3,349703 0,745072 0,424084 3,079439 -0,945617 0,462884 3,175524 -0,012198 0,609211 3,480763
-0,020228 -0,178928 3,339869 0,719679 0,479953 3,015187 -0,922417 0,530046 3,102394 -0,015775 0,607643 3,493713
-0,021950 -0,179270 3,365473 0,705624 0,538121 2,951982 -0,945348 0,639270 3,182345 -0,015546 0,607112 3,467443
-0,022641 -0,179511 3,366521 0,695392 0,548079 2,980829 -0,913037 0,644572 3,133648 -0,015936 0,607111 3,467629
-0,030619 -0,182743 3,366535 0,733900 0,486189 2,996531 -0,906331 0,584698 3,110686 -0,023690 0,607593 3,493541
-0,032193 -0,182149 3,359589 0,759064 0,400043 2,973802 -0,931622 0,518732 3,148271 -0,019463 0,601396 3,454474
-0,033174 -0,184220 3,356921 0,761896 0,397427 3,005490 -0,962784 0,492193 3,179214 -0,019578 0,602369 3,506729
-0,033350 -0,182202 3,362146 0,758020 0,420689 2,951391 -0,956479 0,540311 3,156711 -0,011824 0,601885 3,480466
-0,033189 -0,190606 3,362040 0,752269 0,487539 2,927685 -0,967796 0,601486 3,145397 -0,015960 0,592514 3,467405
-0,036153 -0,189913 3,379719 0,717803 0,515173 2,906474 -0,955201 0,592524 3,160579 -0,016145 0,596137 3,467420
-0,038548 -0,186756 3,367988 0,726177 0,459412 2,887977 -0,932431 0,519892 3,117153 -0,015987 0,596611 3,493585
-0,041103 -0,196794 3,382609 0,730634 0,382990 2,984951 -0,930207 0,436689 3,121610 -0,019578 0,602369 3,506729
-0,044912 -0,188760 3,353674 0,742386 0,316886 3,024807 -0,944394 0,371370 3,150729 -0,015789 0,600293 3,493595
-0,044829 -0,190576 3,347165 0,733191 0,305338 3,049376 -0,954187 0,359786 3,168051 -0,023437 0,592497 3,467217
-0,041902 -0,188345 3,359658 0,720520 0,368057 3,020057 -0,976954 0,420012 3,161887 -0,019858 0,594089 3,454378
-0,033693 -0,180183 3,356359 0,720901 0,495143 2,950301 -0,985347 0,550659 3,134273 -0,012024 0,598231 3,480545
-0,031253 -0,187963 3,357132 0,737624 0,673685 2,964247 -0,992035 0,719223 3,165933 -0,023502 0,603942 3,493515
-0,028298 -0,179957 3,365792 0,724818 0,879833 3,041457 -0,970855 0,901633 3,196400 -0,019662 0,597750 3,454471
-0,027271 -0,175224 3,362658 0,667008 1,024314 3,112350 -0,897200 1,039260 3,180988 -0,015734 0,610771 3,467637
-0,023751 -0,176989 3,360487 0,601664 1,130365 3,192967 -0,806741 1,139211 3,212733 -0,023568 0,615553 3,520193
-0,029901 -0,181735 3,378369 0,552950 1,218825 3,257779 -0,717043 1,229243 3,264831 -0,023341 0,602951 3,441612
-0,027214 -0,175670 3,373466 0,500459 1,282516 3,310217 -0,630258 1,293147 3,305785 -0,015924 0,614415 3,467742
-0,029160 -0,164673 3,376633 0,451180 1,308488 3,321083 -0,547298 1,328898 3,321786 -0,019840 0,608639 3,454598
