293 12
-0,040609 -0,176059 3,377176 0,247433 0,557055 2,996246 -0,522240 0,854559 3,040444 -0,034664 0,609701 3,506397
-0,039582 -0,180390 3,387234 0,277692 0,493853 2,978845 -0,454530 0,830086 3,040022 -0,034475 0,606007 3,506175
-0,038065 -0,174234 3,382720 0,346531 0,482653 2,975288 -0,408116 0,780364 3,041789 -0,042210 0,617642 3,532750
-0,042781 -0,177764 3,391819 0,404592 0,497328 2,965260 -0,398762 0,729442 3,037102 -0,034664 0,609701 3,506397
-0,050495 -0,180487 3,402700 0,448755 0,573362 2,999836 -0,421802 0,680589 3,065042 -0,034462 0,613383 3,506297
-0,051293 -0,178230 3,397448 0,461427 0,663069 3,041609 -0,471320 0,655531 3,066707 -0,031153 0,608127 3,519846
-0,050702 -0,170028 3,386138 0,420019 0,738959 3,098557 -0,517295 0,647959 3,084615 -0,031407 0,611203 3,493271
-0,048263 -0,186105 3,386076 0,334525 0,769864 3,107025 -0,569896 0,660551 3,036960 -0,035250 0,605933 3,506263
-0,041633 -0,177260 3,384364 0,238758 0,740198 3,109465 -0,610315 0,712896 3,004107 -0,031350 0,604399 3,519755
-0,035569 -0,183535 3,387932 0,180925 0,675101 3,092799 -0,609241 0,767204 2,971839 -0,046498 0,596940 3,519106
-0,026684 -0,177825 3,391690 0,159440 0,585006 3,038454 -0,565988 0,801292 2,959959 -0,034864 0,606003 3,506403
-0,024900 -0,173992 3,393450 0,197953 0,518997 2,951709 -0,488499 0,790528 2,956501 -0,034288 0,602297 3,505861
-0,028803 -0,175519 3,403459 0,258566 0,483337 2,937958 -0,414085 0,760911 2,957283 -0,034288 0,602297 3,505861
-0,038516 -0,178289 3,390572 0,345905 0,490513 2,908815 -0,357843 0,719700 2,979810 -0,034475 0,606007 3,506175
-0,043153 -0,168839 3,396870 0,423406 0,525524 2,895660 -0,354306 0,674267 2,996497 -0,037960 0,607550 3,492620
-0,052982 -0,174370 3,404645 0,471217 0,606635 2,933384 -0,390922 0,625830 2,997839 -0,034864 0,606003 3,506403
-0,057308 -0,175432 3,404838 0,487981 0,706129 3,012472 -0,449129 0,610283 3,040325 -0,034664 0,609701 3,506397
-0,058729 -0,173762 3,407354 0,429592 0,752878 3,038093 -0,518617 0,609189 3,035652 -0,038352 0,607579 3,493035
-0,056038 -0,179397 3,401387 0,345133 0,769284 3,064606 -0,582801 0,644155 3,004895 -0,031412 0,603851 3,493150
-0,053779 -0,182275 3,395451 0,256096 0,736523 3,080243 -0,625264 0,709153 2,983754 -0,024160 0,604321 3,519620
-0,041808 -0,181029 3,380212 0,191319 0,679219 3,100866 -0,625050 0,764047 2,951536 -0,034873 0,598629 3,506280
-0,036467 -0,181950 3,389211 0,154051 0,586628 3,028126 -0,572415 0,801793 2,931638 -0,031350 0,604399 3,519755
-0,033349 -0,174648 3,397921 0,179996 0,517742 2,965706 -0,483313 0,804733 2,932310 -0,042207 0,609122 3,479892
-0,034645 -0,183731 3,401962 0,237109 0,467491 2,936463 -0,400270 0,787810 2,953896 -0,041451 0,594425 3,478824
-0,037355 -0,169527 3,392646 0,305489 0,449406 2,921866 -0,355877 0,756320 2,969675 -0,037565 0,607456 3,491839
-0,042725 -0,168165 3,400290 0,386820 0,476435 2,921295 -0,356373 0,709571 2,989748 -0,037755 0,611186 3,492334
-0,052375 -0,174870 3,394537 0,448206 0,548305 2,904684 -0,391031 0,668783 2,990630 -0,034272 0,609671 3,505984
-0,059672 -0,170517 3,395642 0,483520 0,664782 2,977598 -0,445087 0,634093 3,015325 -0,034664 0,609701 3,506397
-0,058367 -0,172042 3,387240 0,452257 0,738954 3,021095 -0,517339 0,619504 3,014842 -0,031216 0,607569 3,493329
-0,055706 -0,176782 3,391911 0,369248 0,774656 3,057823 -0,590882 0,617509 3,017541 -0,042790 0,605327 3,479513
-0,046758 -0,172488 3,383625 0,281740 0,763421 3,072288 -0,661918 0,650267 2,992931 -0,035250 0,605933 3,506263
-0,039493 -0,177217 3,388272 0,210598 0,662230 3,069309 -0,702698 0,702210 2,996473 -0,038747 0,600191 3,492965
-0,030792 -0,166711 3,383881 0,196261 0,556961 3,017689 -0,672439 0,716986 2,927766 -0,046059 0,618565 3,493006
-0,022586 -0,167705 3,382727 0,218225 0,470610 2,958180 -0,593085 0,723657 2,920995 -0,042207 0,609122 3,479892
-0,021958 -0,172198 3,382094 0,281361 0,430010 2,952848 -0,503243 0,709532 2,925672 -0,041610 0,612767 3,479458
-0,029436 -0,172406 3,388514 0,345363 0,420226 2,925616 -0,439113 0,683700 2,968172 -0,041827 0,601803 3,479538
-0,033282 -0,172333 3,380329 0,411286 0,469971 2,917478 -0,440950 0,665802 2,996840 -0,041814 0,609127 3,479653
-0,039436 -0,175822 3,386518 0,465989 0,560045 2,942735 -0,480933 0,656576 3,018505 -0,034314 0,609155 3,479931
-0,046520 -0,171429 3,391313 0,501535 0,681246 2,977946 -0,557550 0,681082 3,033559 -0,034846 0,620761 3,506650
-0,044700 -0,172392 3,387515 0,468550 0,758497 2,997578 -0,627419 0,727431 3,022313 -0,035095 0,609082 3,480019
-0,042287 -0,173263 3,375501 0,376443 0,783057 3,028484 -0,661640 0,778180 2,982736 -0,031092 0,603395 3,467143
-0,036288 -0,180663 3,374553 0,286739 0,741787 3,012162 -0,635526 0,800372 2,984822 -0,038747 0,600191 3,492965
-0,029926 -0,180339 3,359546 0,225583 0,640024 2,991224 -0,576926 0,801990 2,963985 -0,053260 0,591935 3,440402
-0,028809 -0,175331 3,368727 0,199404 0,521971 2,952057 -0,492138 0,791218 2,958164 -0,045467 0,599721 3,466346
-0,024044 -0,168852 3,362123 0,219960 0,432500 2,939725 -0,419616 0,775579 2,982244 -0,048486 0,601180 3,452264
-0,027490 -0,169992 3,360872 0,261115 0,381560 2,902556 -0,378021 0,731059 2,997301 -0,045276 0,611157 3,492026
-0,032743 -0,169304 3,356834 0,322305 0,392248 2,894384 -0,382773 0,664336 2,983217 -0,045469 0,614871 3,492437
-0,041808 -0,172588 3,368196 0,373334 0,430422 2,896041 -0,409603 0,600214 3,037605 -0,041802 0,616454 3,479770
-0,049697 -0,172180 3,375185 0,414111 0,521969 2,931161 -0,457843 0,554618 3,047831 -0,038363 0,614347 3,467093
-0,058002 -0,179759 3,380358 0,429249 0,629864 2,968540 -0,500506 0,537007 3,052511 -0,042399 0,612758 3,479935
-0,057461 -0,172671 3,374487 0,392079 0,739359 3,012639 -0,543317 0,569261 3,031205 -0,038543 0,611244 3,493166
-0,055530 -0,182438 3,361338 0,308530 0,787374 3,022985 -0,582336 0,641564 2,988597 -0,042600 0,601725 3,479651
-0,047294 -0,176278 3,384474 0,222586 0,736014 3,047873 -0,609604 0,745367 2,969003 -0,042411 0,598108 3,479699
-0,037750 -0,181546 3,376420 0,172345 0,649525 3,040903 -0,619109 0,852076 2,969070 -0,035061 0,602289 3,506317
-0,026099 -0,180084 3,387573 0,192609 0,561451 2,962281 -0,613345 0,946015 2,984374 -0,034664 0,609701 3,506397
-0,020054 -0,176947 3,391293 0,243187 0,516197 2,947046 -0,605175 1,041499 3,012364 -0,027395 0,612815 3,480417
-0,015693 -0,165859 3,385770 0,313677 0,532342 2,914440 -0,604272 1,126303 3,076936 -0,035240 0,620691 3,506512
-0,016325 -0,175457 3,393857 0,388772 0,614057 2,929343 -0,604128 1,188550 3,147573 -0,027395 0,612815 3,480417
-0,018741 -0,174191 3,401703 0,444729 0,738806 2,951887 -0,600913 1,234317 3,189677 -0,035047 0,617044 3,506565
-0,024834 -0,175270 3,402181 0,485712 0,891207 2,974860 -0,605101 1,289017 3,259699 -0,035040 0,624426 3,506689
-0,028231 -0,166179 3,400986 0,494163 1,042515 3,054084 -0,607723 1,316111 3,301447 -0,031328 0,626616 3,520135
-0,030346 -0,166583 3,400592 0,485826 1,159603 3,156115 -0,604293 1,337414 3,328225 -0,035040 0,624426 3,506689
-0,031705 -0,155224 3,409069 0,463420 1,242973 3,233261 -0,617635 1,363456 3,391757 -0,034837 0,628145 3,506773
-0,033818 -0,162702 3,407950 0,444339 1,294081 3,317891 -0,611501 1,365689 3,423388 -0,034837 0,628145 3,506773
-0,032936 -0,165665 3,394462 0,413833 1,321161 3,383716 -0,585762 1,363278 3,433625 -0,034837 0,628145 3,506773
-0,036367 -0,164245 3,395279 0,387407 1,341749 3,432245 -0,555669 1,360221 3,446467 -0,035040 0,624426 3,506689
-0,033147 -0,165692 3,389149 0,353982 1,359155 3,470670 -0,508690 1,363154 3,444601 -0,027387 0,620145 3,480534
-0,033824 -0,156343 3,387303 0,323558 1,348433 3,464878 -0,444452 1,348408 3,420114 -0,027184 0,623837 3,480621
-0,031642 -0,163944 3,399534 0,313744 1,326021 3,442383 -0,406412 1,244238 3,400584 -0,027488 0,624453 3,506915
-0,033720 -0,163807 3,387378 0,303850 1,243550 3,455391 -0,407357 1,193848 3,365369 -0,034643 0,624462 3,506642
-0,031882 -0,169391 3,389853 0,317701 1,320229 3,440815 -0,409217 1,271553 3,430028 -0,038904 0,626587 3,519892
-0,032005 -0,165123 3,394069 0,305718 1,124178 3,450874 -0,416467 1,225166 3,392895 -0,031328 0,626616 3,520135
-0,033623 -0,160097 3,409584 0,310052 1,182405 3,471931 -0,420708 1,329726 3,445261 -0,023547 0,630371 3,520444
-0,037222 -0,165075 3,414186 0,330936 1,313479 3,411314 -0,437903 1,371940 3,449528 -0,034837 0,628145 3,506773
-0,036588 -0,158733 3,403180 0,343387 1,312197 3,369841 -0,463806 1,382528 3,428926 -0,038701 0,630319 3,519974
-0,040705 -0,168955 3,402582 0,357326 1,264181 3,274252 -0,484940 1,361651 3,357336 -0,034846 0,620761 3,506650
-0,045749 -0,160486 3,406420 0,363279 1,189554 3,151546 -0,487224 1,316300 3,252266 -0,035240 0,620691 3,506512
-0,042604 -0,160965 3,420609 0,346023 1,085492 3,071800 -0,471538 1,248987 3,155820 -0,035040 0,624426 3,506689
-0,049118 -0,174408 3,413951 0,318616 0,976431 3,004320 -0,444000 1,163681 3,060312 -0,031539 0,608057 3,519697
-0,049362 -0,175756 3,413371 0,259640 0,852890 2,973040 -0,401720 1,077918 2,988029 -0,042607 0,587084 3,479414
-0,050767 -0,181404 3,422983 0,193111 0,758024 2,922495 -0,361857 1,004611 2,927618 -0,027437 0,595412 3,533119
-0,051370 -0,183366 3,433110 0,133570 0,676674 2,886667 -0,321221 0,942959 2,895711 -0,045940 0,585885 3,518679
-0,053250 -0,187266 3,434256 0,081473 0,643304 2,913499 -0,280266 0,888955 2,877549 -0,030998 0,582248 3,519342
-0,057004 -0,182194 3,439496 0,030160 0,651076 2,942896 -0,236545 0,835959 2,866351 -0,042627 0,595359 3,532610
-0,053971 -0,186277 3,429994 -0,048335 0,677467 2,902657 -0,199232 0,796875 2,875817 -0,042814 0,599042 3,532657
-0,059013 -0,188712 3,447130 -0,102769 0,683938 2,963998 -0,157618 0,812481 2,923155 -0,042619 0,602782 3,532739
-0,059967 -0,192389 3,445647 -0,099177 0,755748 2,935576 -0,160256 0,854675 3,009784 -0,042431 0,599081 3,532598
-0,063653 -0,186484 3,443543 -0,084657 0,690445 2,883733 -0,218467 0,812860 2,877447 -0,042619 0,602782 3,532739
-0,063576 -0,191715 3,435054 -0,069017 0,670770 2,892775 -0,220694 0,817812 2,891356 -0,035566 0,599506 3,559836
-0,065309 -0,185701 3,418935 -0,083504 0,699912 2,908025 -0,209498 0,798251 2,879469 -0,042431 0,599081 3,532598
-0,062174 -0,184654 3,429276 -0,124214 0,735040 2,952838 -0,163133 0,804764 2,893440 -0,050661 0,603222 3,559463
-0,059656 -0,185589 3,425657 -0,124122 0,750886 2,932167 -0,161820 0,848949 2,959837 -0,043018 0,603258 3,559759
-0,060210 -0,180802 3,431224 -0,101811 0,767201 2,904191 -0,181161 0,862157 2,974481 -0,035067 0,594916 3,506194
-0,061282 -0,188984 3,415120 -0,073366 0,787055 2,886742 -0,198626 0,859923 2,915047 -0,046318 0,585876 3,518929
-0,059542 -0,181464 3,421615 -0,027569 0,809465 2,842360 -0,230381 0,874615 2,911700 -0,041875 0,587888 3,531611
-0,059665 -0,186307 3,426515 0,052258 0,859272 2,852009 -0,276545 0,921722 2,951608 -0,038942 0,575128 3,545852
-0,056069 -0,189135 3,409735 0,138252 0,925904 2,908981 -0,333956 0,987929 2,965740 -0,036182 0,549994 3,476487
-0,056505 -0,178112 3,421835 0,225942 1,019587 2,947561 -0,402415 1,065266 3,016707 -0,035634 0,591052 3,505505
-0,052206 -0,177230 3,413628 0,313085 1,116279 2,978898 -0,467672 1,148792 3,073582 -0,046683 0,607994 3,519191
-0,050552 -0,171014 3,409087 0,365973 1,178148 3,073444 -0,520258 1,219426 3,131376 -0,046677 0,622804 3,519448
-0,046347 -0,170099 3,411011 0,399308 1,239780 3,182153 -0,558154 1,278833 3,211251 -0,046677 0,622804 3,519448
-0,045129 -0,163924 3,405789 0,415177 1,284192 3,289127 -0,562762 1,317792 3,263467 -0,038728 0,622250 3,493328
-0,047884 -0,166574 3,409400 0,403075 1,303371 3,374272 -0,542490 1,324941 3,339158 -0,038904 0,626587 3,519892
-0,047122 -0,164491 3,418761 0,379064 1,331801 3,432743 -0,507113 1,351360 3,375974 -0,038526 0,625956 3,493407
-0,048074 -0,163885 3,397308 0,341361 1,321083 3,487333 -0,439788 1,349412 3,386465 -0,042989 0,632436 3,533136
-0,044717 -0,156935 3,405526 0,142135 0,397377 2,379157 -0,402706 1,255157 3,362969 -0,042388 0,628114 3,506508
-0,047397 -0,169830 3,385475 0,164902 0,569891 2,767646 -0,402641 1,289276 3,413761 -0,046478 0,626553 3,519617
-0,046755 -0,171866 3,390509 0,104615 0,328398 2,239033 -0,406121 1,320324 3,429137 -0,050336 0,628005 3,506103
-0,046237 -0,162264 3,402595 0,151613 0,531984 2,704595 -0,414503 1,296982 3,416775 -0,038728 0,622250 3,493328
-0,047940 -0,160576 3,399353 0,323081 1,289916 3,426393 -0,425488 1,374720 3,442586 -0,042591 0,624395 3,506431
-0,049668 -0,161884 3,403736 0,327583 1,270185 3,388451 -0,471142 1,371083 3,454681 -0,042591 0,624395 3,506431
-0,050660 -0,178715 3,406203 0,346751 1,214523 3,307568 -0,531986 1,368276 3,449549 -0,038534 0,618598 3,493287
-0,048007 -0,155079 3,397597 0,379314 1,126431 3,226349 -0,603683 1,326797 3,393076 -0,038728 0,622250 3,493328
-0,049775 -0,158455 3,397781 0,414565 1,015481 3,123341 -0,676609 1,259812 3,328989 -0,038928 0,618528 3,493157
-0,052124 -0,173482 3,392335 0,445933 0,893819 3,079018 -0,739839 1,165032 3,254818 -0,035047 0,617044 3,506565
-0,051062 -0,174756 3,412897 0,464139 0,765470 2,998152 -0,772215 1,049723 3,162152 -0,035245 0,613311 3,506388
-0,057026 -0,179026 3,411278 0,483719 0,677639 2,988843 -0,755142 0,922809 3,071854 -0,042794 0,613279 3,506136
-0,058508 -0,179089 3,410963 0,462152 0,618688 3,023778 -0,695321 0,806948 3,013942 -0,038551 0,603893 3,493046
-0,059528 -0,170775 3,414229 0,389571 0,587950 3,015706 -0,632985 0,707531 3,015052 -0,035054 0,609665 3,506442
-0,060777 -0,168544 3,432809 0,272947 0,552587 3,010376 -0,625013 0,633344 3,035469 -0,035047 0,617044 3,506565
-0,059663 -0,175760 3,423218 0,181245 0,508693 3,022404 -0,676057 0,591738 3,043318 -0,046290 0,615470 3,519438
-0,058663 -0,173100 3,428347 0,187067 0,426804 2,967379 -0,727475 0,583633 3,017789 -0,041996 0,620125 3,479994
-0,055183 -0,171859 3,428961 0,272249 0,362260 2,985214 -0,720205 0,586977 2,989150 -0,049256 0,615843 3,453684
-0,055250 -0,173540 3,446557 0,378016 0,350971 2,865237 -0,631713 0,554575 2,993731 -0,038331 0,622286 3,493275
-0,061771 -0,168984 3,439471 0,474144 0,392781 2,887241 -0,539061 0,523588 2,991708 -0,042199 0,616450 3,480010
-0,067347 -0,168142 3,436655 0,531175 0,478584 2,963984 -0,527792 0,496457 3,075040 -0,035047 0,617044 3,506565
-0,065708 -0,174656 3,437249 0,470366 0,560169 2,979180 -0,593753 0,471666 3,137850 -0,045647 0,610674 3,466683
-0,066086 -0,177280 3,429848 0,344062 0,594208 3,048950 -0,693592 0,470377 3,110916 -0,035250 0,605933 3,506263
-0,053902 -0,177124 3,427595 0,222905 0,550734 3,118843 -0,767220 0,515940 3,070079 -0,046067 0,611212 3,492886
-0,045585 -0,171870 3,424506 0,168180 0,439364 3,098692 -0,779520 0,576740 3,015764 -0,046254 0,622216 3,493055
-0,032094 -0,169455 3,414037 0,203401 0,343112 3,039496 -0,696914 0,613193 2,970107 -0,038185 0,617408 3,441368
-0,031709 -0,161590 3,426065 0,266109 0,286748 2,948014 -0,550158 0,613133 2,921166 -0,041581 0,627426 3,479690
-0,036030 -0,177359 3,422296 0,368042 0,305823 2,925283 -0,423148 0,598524 2,931525 -0,048855 0,615817 3,453260
-0,045292 -0,170003 3,430602 0,440331 0,362887 2,888771 -0,384071 0,555948 2,980603 -0,038138 0,618601 3,493052
-0,051681 -0,174782 3,429143 0,482010 0,479069 2,902122 -0,432335 0,499443 3,047123 -0,038534 0,618598 3,493287
-0,059810 -0,173159 3,429829 0,439871 0,584559 2,929604 -0,523746 0,470940 3,085584 -0,038932 0,611174 3,493036
-0,059567 -0,180507 3,417104 0,322317 0,670966 2,985916 -0,608952 0,475008 3,039083 -0,042596 0,609050 3,479768
-0,054047 -0,172394 3,408866 0,210287 0,654767 3,067427 -0,682981 0,526659 3,008666 -0,042405 0,605431 3,479815
-0,047469 -0,181270 3,413822 0,126002 0,576872 3,136035 -0,700002 0,604129 2,965187 -0,049662 0,601251 3,453529
-0,038738 -0,173292 3,422027 0,111872 0,446264 3,069965 -0,612589 0,639919 2,925108 -0,049451 0,619472 3,453820
-0,040139 -0,166106 3,422347 0,174636 0,343110 2,978301 -0,485244 0,632433 2,888821 -0,048646 0,619417 3,452971
-0,043876 -0,169081 3,425736 0,259266 0,289359 2,934245 -0,371922 0,614653 2,906328 -0,056186 0,619930 3,478106
-0,052688 -0,170682 3,426993 0,358310 0,306782 2,872415 -0,325155 0,584829 2,959986 -0,041006 0,615238 3,427646
-0,058412 -0,177421 3,408751 0,448753 0,396342 2,882465 -0,359082 0,544791 2,996799 -0,045444 0,614320 3,466573
-0,064881 -0,168062 3,419414 0,451282 0,479530 2,849016 -0,443353 0,516491 3,035851 -0,045840 0,614314 3,466817
-0,066434 -0,170400 3,421022 0,417317 0,587329 2,911917 -0,549318 0,510654 3,035950 -0,045840 0,614314 3,466817
-0,064417 -0,170040 3,424171 0,312697 0,654285 2,976603 -0,641653 0,548524 2,999421 -0,042596 0,609050 3,479768
-0,052931 -0,185216 3,402653 0,190262 0,654497 3,036965 -0,684115 0,584002 2,943152 -0,046651 0,600054 3,492392
-0,042032 -0,185373 3,424530 0,102046 0,584443 3,034570 -0,631600 0,605865 2,899234 -0,049662 0,601251 3,453529
-0,036021 -0,177809 3,421292 0,088523 0,504080 3,106466 -0,509975 0,618284 2,868776 -0,049657 0,608526 3,453643
-0,035091 -0,165953 3,422340 0,130326 0,445285 3,042046 -0,369526 0,617464 2,858341 -0,056397 0,616322 3,478497
-0,032131 -0,174163 3,409312 0,182829 0,398056 2,955640 -0,281553 0,611820 2,906165 -0,045884 0,622880 3,519310
-0,035001 -0,168574 3,407765 0,268125 0,389432 2,851754 -0,282466 0,584552 2,944598 -0,049339 0,624366 3,505622
-0,042097 -0,172499 3,410282 0,362884 0,426210 2,824461 -0,352460 0,543372 2,988404 -0,027194 0,616505 3,480505
-0,047858 -0,174464 3,419354 0,417866 0,502646 2,821134 -0,454571 0,516958 3,035904 -0,042006 0,612796 3,479877
-0,044414 -0,175744 3,424803 0,398757 0,586738 2,888966 -0,555960 0,506861 3,068528 -0,042596 0,609050 3,479768
-0,041126 -0,178328 3,416985 0,344005 0,667815 3,014597 -0,646476 0,524175 2,985354 -0,042596 0,609050 3,479768
-0,030995 -0,176809 3,402942 0,216630 0,648730 3,038558 -0,666613 0,559779 2,917053 -0,042600 0,601725 3,479651
-0,025573 -0,180364 3,410104 0,154156 0,562067 3,062716 -0,609580 0,611982 2,907408 -0,042207 0,609122 3,479892
-0,021428 -0,175241 3,404610 0,158269 0,456745 3,002207 -0,498217 0,636210 2,906688 -0,045647 0,610674 3,466683
-0,020343 -0,168719 3,407521 0,215492 0,386641 2,958424 -0,426219 0,668578 2,956696 -0,056800 0,616381 3,479124
-0,024845 -0,172739 3,415919 0,319740 0,395646 2,891880 -0,448037 0,723665 2,985741 -0,037945 0,614901 3,492738
-0,026766 -0,174227 3,412044 0,430225 0,481951 2,893240 -0,530000 0,803344 3,025447 -0,030503 0,607075 3,467012
-0,028515 -0,176812 3,400530 0,510748 0,632139 2,905935 -0,627458 0,908151 3,067038 -0,031017 0,611272 3,493416
-0,034793 -0,171907 3,413583 0,551636 0,817629 2,945282 -0,682349 1,003934 3,054394 -0,034846 0,620761 3,506650
-0,037611 -0,173038 3,417603 0,558446 0,996123 3,013009 -0,704734 1,117360 3,102681 -0,038534 0,618598 3,493287
-0,036831 -0,174209 3,402662 0,536110 1,132936 3,127854 -0,681079 1,199058 3,153546 -0,034846 0,620761 3,506650
-0,039450 -0,165211 3,407136 0,497265 1,242053 3,222511 -0,651625 1,288358 3,247309 -0,042191 0,623780 3,480127
-0,039672 -0,168056 3,411899 0,458615 1,306156 3,320096 -0,603917 1,329171 3,313406 -0,038924 0,625885 3,493278
-0,042247 -0,161859 3,398482 0,420042 1,346795 3,389302 -0,550421 1,356256 3,370969 -0,045825 0,628927 3,467046
-0,039716 -0,167915 3,379869 0,375012 1,341839 3,506041 -0,496878 1,382902 3,425025 -0,035085 0,623742 3,480254
-0,043453 -0,157680 3,391808 0,330135 1,275277 3,522305 -0,435414 1,363463 3,412699 -0,035033 0,631811 3,506812
-0,039922 -0,160114 3,371138 0,118054 0,331345 2,196074 -0,407368 1,224680 3,362336 -0,034483 0,627487 3,480380
-0,040052 -0,155916 3,381096 0,106826 0,307662 2,131595 -0,411292 1,270169 3,396393 -0,034688 0,623811 3,480389
-0,039939 -0,164898 3,378967 0,302556 1,248123 3,498252 -0,409144 1,270645 3,407098 -0,030874 0,621680 3,467453
-0,043043 -0,168363 3,367349 0,143968 0,401507 2,347328 -0,417622 1,263325 3,394590 -0,031396 0,625915 3,493512
-0,040925 -0,154221 3,374049 0,323789 1,332480 3,404775 -0,439625 1,358258 3,458230 -0,031069 0,625309 3,467485
-0,043134 -0,161973 3,375998 0,355589 1,328843 3,362400 -0,485514 1,405494 3,485943 -0,027387 0,620145 3,480534
-0,042227 -0,164446 3,377008 0,412776 1,304522 3,300203 -0,546714 1,418190 3,488711 -0,031077 0,618001 3,467371
-0,042673 -0,159606 3,391946 0,461135 1,255360 3,221973 -0,606360 1,375227 3,424931 -0,030998 0,625984 3,493655
-0,040608 -0,156405 3,381557 0,494224 1,195245 3,168064 -0,634658 1,294437 3,316886 -0,038728 0,622250 3,493328
-0,041732 -0,174677 3,380498 0,485920 1,094968 3,088860 -0,626604 1,182889 3,199080 -0,027496 0,617070 3,506792
-0,042424 -0,170836 3,389199 0,447188 0,975110 3,047884 -0,579791 1,054955 3,062891 -0,031216 0,607569 3,493329
-0,040724 -0,170566 3,393033 0,379022 0,852118 3,010471 -0,500967 0,927135 2,974743 -0,031412 0,603851 3,493150
-0,041751 -0,173203 3,401517 0,294263 0,737520 2,998387 -0,421313 0,802225 2,933010 -0,030728 0,588839 3,466881
-0,041762 -0,183972 3,413796 0,211494 0,661527 2,958068 -0,338538 0,712561 2,878650 -0,035295 0,590715 3,479519
-0,039818 -0,182952 3,420318 0,139326 0,601099 2,914193 -0,264097 0,637258 2,823759 -0,031231 0,592872 3,493089
-0,038461 -0,184039 3,432719 0,084977 0,539107 2,827881 -0,208301 0,564009 2,790420 -0,027027 0,598199 3,480155
-0,041007 -0,169037 3,440283 0,056413 0,501914 2,736367 -0,188172 0,520479 2,738285 -0,038352 0,607579 3,493035
-0,039613 -0,171598 3,445861 0,057580 0,464685 2,647438 -0,189614 0,496303 2,700614 -0,042199 0,616450 3,480010
-0,039642 -0,169780 3,453020 0,102519 0,438947 2,598340 -0,215543 0,471540 2,667916 -0,030681 0,618036 3,467334
-0,040770 -0,172391 3,448898 0,159404 0,414916 2,550096 -0,287852 0,449441 2,619617 -0,037827 0,609630 3,415764
-0,036419 -0,166941 3,448069 0,257517 0,393692 2,502319 -0,400799 0,446984 2,622717 -0,026606 0,608121 3,428629
-0,035056 -0,175998 3,454369 0,371693 0,371821 2,512519 -0,540967 0,438654 2,639742 -0,041051 0,599912 3,377856
-0,031264 -0,171142 3,449302 0,515829 0,358075 2,541170 -0,673428 0,438631 2,639379 -0,048605 0,596756 3,402417
-0,030333 -0,176261 3,432293 0,636326 0,351421 2,562342 -0,813108 0,447213 2,675836 -0,034285 0,589635 3,403094
-0,026434 -0,176085 3,419358 0,751136 0,362284 2,615242 -0,945242 0,484736 2,759177 -0,041634 0,597685 3,453544
-0,026059 -0,177817 3,406396 0,870671 0,398409 2,711442 -1,019195 0,544892 2,841746 -0,052678 0,595597 3,440214
-0,024958 -0,178370 3,401463 0,892523 0,490623 2,895070 -1,029771 0,619041 2,934049 -0,045847 0,607012 3,466702
-0,029313 -0,174847 3,386675 0,905657 0,611269 2,977157 -0,961312 0,677961 2,958989 -0,049465 0,604917 3,453596
-0,031717 -0,176206 3,381673 0,818770 0,706012 3,005736 -0,874332 0,716984 3,011920 -0,041823 0,600838 3,428238
-0,035172 -0,175312 3,377772 0,680858 0,722147 3,086469 -0,774476 0,744676 3,033591 -0,041823 0,600838 3,428238
-0,035905 -0,175391 3,370228 0,556469 0,742661 3,085022 -0,667055 0,760061 3,028928 -0,049657 0,608526 3,453643
-0,041129 -0,181417 3,363961 0,420997 0,756664 3,086736 -0,553549 0,750696 3,014304 -0,049856 0,597571 3,453376
-0,043653 -0,173171 3,379594 0,300552 0,730902 3,086990 -0,454355 0,721265 3,006434 -0,042210 0,600767 3,428118
-0,045327 -0,183084 3,370499 0,201517 0,657217 3,041349 -0,376969 0,677015 2,965272 -0,042223 0,594475 3,479657
-0,045853 -0,184098 3,400124 0,108331 0,631406 2,965896 -0,307107 0,626010 2,927994 -0,023437 0,592497 3,467217
-0,046819 -0,179538 3,401170 0,054823 0,557853 2,887542 -0,256383 0,558876 2,857123 -0,031017 0,611272 3,493416
-0,047978 -0,179406 3,417700 0,026616 0,506801 2,796373 -0,232301 0,506800 2,794327 -0,042207 0,609122 3,479892
-0,047246 -0,168324 3,420623 0,027633 0,459809 2,701654 -0,224381 0,485253 2,747140 -0,046059 0,618565 3,493007
-0,050682 -0,172990 3,436463 0,076462 0,431394 2,615750 -0,238614 0,461144 2,684945 -0,045616 0,617375 3,441094
-0,048050 -0,171344 3,433787 0,149493 0,412400 2,565726 -0,314503 0,459612 2,641476 -0,041612 0,611688 3,428325
-0,049033 -0,167431 3,446927 0,251205 0,406718 2,514934 -0,427619 0,453005 2,617602 -0,045210 0,609599 3,415486
-0,050610 -0,173584 3,444974 0,374988 0,395922 2,508521 -0,558037 0,463219 2,634664 -0,041420 0,608070 3,428116
-0,049414 -0,179675 3,440753 0,507503 0,419938 2,560479 -0,688397 0,470106 2,646196 -0,056440 0,597167 3,427495
-0,047316 -0,183290 3,426622 0,632759 0,449618 2,617993 -0,798329 0,493461 2,665027 -0,056276 0,581994 3,377238
-0,044394 -0,178156 3,427931 0,720298 0,501053 2,645570 -0,886159 0,546660 2,716092 -0,056637 0,593543 3,427525
-0,044301 -0,180418 3,422559 0,802242 0,590460 2,721589 -0,956865 0,624799 2,789041 -0,064368 0,597562 3,452810
-0,045990 -0,172127 3,424005 0,846743 0,719956 2,889610 -0,996854 0,735668 2,866209 -0,045241 0,602878 3,440640
-0,045973 -0,182549 3,395102 0,853359 0,860239 3,059112 -0,992876 0,858129 2,934503 -0,049274 0,601292 3,453461
-0,044758 -0,175454 3,397056 0,788015 0,976017 3,108042 -0,938808 0,978501 3,031595 -0,056631 0,600765 3,427631
-0,044824 -0,176715 3,382866 0,710319 1,085997 3,204656 -0,846546 1,067705 3,084640 -0,056625 0,607989 3,427737
-0,048386 -0,175843 3,375483 0,608658 1,163594 3,296728 -0,754014 1,151708 3,167499 -0,056625 0,607989 3,427737
-0,047096 -0,165555 3,368639 0,520873 1,225792 3,337589 -0,664446 1,226668 3,264890 -0,059973 0,609522 3,414840
-0,052289 -0,164716 3,369382 0,436350 1,273612 3,405241 -0,576470 1,264266 3,321045 -0,057014 0,615144 3,427753
-0,056329 -0,163303 3,370256 0,366009 1,291039 3,428890 -0,511760 1,295335 3,382083 -0,053247 0,613683 3,440731
-0,059865 -0,159423 3,364491 0,313644 1,292407 3,438366 -0,450841 1,312299 3,390916 -0,049894 0,620051 3,479767
-0,057355 -0,162084 3,373476 0,287678 1,311944 3,405264 -0,410738 1,298714 3,405095 -0,053242 0,620938 3,440840
-0,062562 -0,169383 3,367249 0,296484 1,286944 3,403388 -0,414376 1,287938 3,418397 -0,060790 0,614234 3,466172
-0,065906 -0,172530 3,375656 0,291924 1,301397 3,394055 -0,415684 1,296727 3,425473 -0,053316 0,614277 3,466508
-0,064040 -0,173747 3,376991 0,300468 1,288419 3,396998 -0,422596 1,279124 3,418739 -0,060790 0,614234 3,466172
-0,063706 -0,176273 3,368374 0,295480 1,293460 3,390543 -0,416503 1,308515 3,405154 -0,060985 0,617857 3,466231
-0,067093 -0,173255 3,395912 0,295500 1,287246 3,405178 -0,417842 1,299480 3,413643 -0,057198 0,616374 3,479391
-0,065170 -0,177635 3,393831 0,305976 1,291629 3,372431 -0,427178 1,316688 3,412542 -0,049699 0,616414 3,479716
-0,064508 -0,166053 3,396882 0,320441 1,284545 3,342455 -0,445967 1,339491 3,400786 -0,053975 0,625811 3,492718
-0,060956 -0,169454 3,409096 0,345355 1,253278 3,258782 -0,492122 1,337138 3,380553 -0,057198 0,616374 3,479391
-0,064245 -0,169520 3,406957 0,368719 1,203877 3,215947 -0,521022 1,269385 3,297604 -0,057198 0,616374 3,479391
-0,057462 -0,170032 3,405660 0,357858 1,120495 3,138128 -0,515805 1,190423 3,179042 -0,050145 0,616977 3,506017
-0,056425 -0,180991 3,404467 0,310486 1,019591 3,108531 -0,480385 1,084442 3,081936 -0,053981 0,603750 3,492350
-0,055334 -0,183565 3,406724 0,253063 0,940139 3,063533 -0,417488 0,967117 3,005530 -0,050163 0,587482 3,505518
-0,054575 -0,185191 3,417797 0,151385 0,826105 3,018384 -0,343170 0,847996 2,961079 -0,053619 0,574454 3,491968
-0,047753 -0,183310 3,428341 0,074633 0,713890 3,011098 -0,302981 0,754703 2,957402 -0,053717 0,585015 3,465945
-0,045505 -0,195050 3,433456 0,050507 0,589256 2,935470 -0,318605 0,693209 2,934792 -0,057027 0,590757 3,478890
-0,043915 -0,181908 3,442204 0,124581 0,517889 2,955183 -0,396339 0,641062 2,902835 -0,045253 0,595631 3,440533
-0,041506 -0,177522 3,448778 0,192211 0,449862 2,826848 -0,477591 0,630508 2,939481 -0,052860 0,606471 3,440546
-0,040513 -0,174476 3,441172 0,308278 0,430383 2,793287 -0,485642 0,594379 2,881641 -0,053130 0,603338 3,466254
-0,046837 -0,178381 3,451684 0,432229 0,478313 2,801999 -0,442619 0,558600 2,925159 -0,049465 0,604917 3,453596
-0,053659 -0,180177 3,444373 0,512764 0,548162 2,770433 -0,373006 0,523490 2,955304 -0,057108 0,608486 3,453328
-0,060886 -0,174795 3,445688 0,563883 0,660437 2,818647 -0,355057 0,506931 3,033434 -0,061184 0,606859 3,465969
-0,062602 -0,180373 3,438512 0,555333 0,805282 2,986082 -0,425802 0,509269 3,114266 -0,053787 0,607470 3,492508
-0,053419 -0,179092 3,430888 0,417401 0,833025 3,055433 -0,538445 0,531821 3,100973 -0,057785 0,605249 3,478936
-0,044651 -0,173306 3,413754 0,296604 0,756625 3,118736 -0,652263 0,583563 3,047011 -0,038595 0,595584 3,440916
-0,034264 -0,182900 3,416456 0,207008 0,637961 3,102416 -0,737990 0,682092 3,027066 -0,046239 0,599641 3,466471
-0,017925 -0,179456 3,420477 0,188927 0,472136 3,046031 -0,737081 0,739364 2,982442 -0,042007 0,611650 3,428380
-0,014071 -0,165921 3,416386 0,257420 0,360319 2,943069 -0,649306 0,735935 2,985776 -0,041408 0,615297 3,428219
-0,018299 -0,173837 3,425760 0,339073 0,317070 2,918620 -0,533940 0,707959 2,958893 -0,041023 0,608011 3,427541
-0,022053 -0,176669 3,382460 0,450788 0,343131 2,877800 -0,426975 0,677696 2,973363 -0,044637 0,598740 3,414601
-0,035508 -0,171874 3,376412 0,516587 0,422858 2,882317 -0,385487 0,639500 3,002818 -0,041622 0,604957 3,453655
-0,047029 -0,167678 3,370710 0,539126 0,524033 2,924856 -0,424209 0,609551 3,053529 -0,038003 0,606538 3,441138
-0,056280 -0,163222 3,361011 0,485678 0,624580 3,016294 -0,504736 0,590074 3,060140 -0,042215 0,601796 3,479774
-0,058106 -0,173336 3,378051 0,358297 0,673891 3,001433 -0,591368 0,610207 3,022057 -0,034371 0,601354 3,454028
-0,057866 -0,176612 3,362494 0,226138 0,653969 3,038001 -0,658243 0,665579 2,980942 -0,027411 0,598163 3,480183
-0,050017 -0,169784 3,364739 0,176326 0,557563 3,045576 -0,637164 0,726476 2,939717 -0,042016 0,605470 3,479760
-0,046764 -0,165850 3,365147 0,185044 0,457880 3,001549 -0,533793 0,729900 2,892557 -0,042006 0,612796 3,479875
-0,049107 -0,168980 3,368177 0,242647 0,390751 2,929735 -0,396906 0,715547 2,867988 -0,041419 0,609066 3,479055
-0,054468 -0,167403 3,357441 0,321375 0,362300 2,864064 -0,288107 0,703910 2,917336 -0,033776 0,604925 3,453358
-0,060453 -0,172926 3,351643 0,399423 0,411553 2,857412 -0,255678 0,675355 2,971614 -0,037397 0,603287 3,465684
-0,065596 -0,171266 3,366009 0,456914 0,500621 2,865186 -0,305902 0,631901 2,987873 -0,033981 0,601327 3,453632
-0,068440 -0,173250 3,372240 0,447255 0,598766 2,865776 -0,391413 0,609838 3,002475 -0,034371 0,601354 3,454028
-0,074205 -0,162510 3,366846 0,389522 0,714648 2,971494 -0,491360 0,615033 3,011929 -0,038932 0,611174 3,493036
-0,069519 -0,176031 3,357338 0,262995 0,717037 3,006705 -0,583115 0,662636 2,993026 -0,042981 0,601589 3,479167
-0,070584 -0,163967 3,351690 0,176665 0,649678 3,026304 -0,624874 0,714489 2,948006 -0,034579 0,590436 3,453927
-0,064159 -0,164447 3,334602 0,154167 0,555235 2,970178 -0,568711 0,721803 2,919608 -0,045840 0,614314 3,466817
-0,060605 -0,175920 3,348190 0,186074 0,449398 2,918132 -0,476545 0,711393 2,881222 -0,044812 0,609574 3,415082
-0,057944 -0,158032 3,355769 0,252500 0,393404 2,872597 -0,356832 0,674113 2,885179 -0,052796 0,611122 3,491686
-0,065094 -0,166010 3,333960 0,337029 0,380963 2,872442 -0,285365 0,625085 2,935037 -0,052532 0,606927 3,465525
-0,064022 -0,169044 3,357540 0,406678 0,418680 2,829612 -0,256269 0,551960 2,992808 -0,042006 0,612796 3,479875
-0,074141 -0,169991 3,362455 0,475086 0,495735 2,821188 -0,299190 0,503306 3,024713 -0,042006 0,612796 3,479875
-0,081477 -0,161836 3,345941 0,476501 0,567405 2,830495 -0,362889 0,482697 3,036878 -0,038194 0,610154 3,441260
-0,079144 -0,168764 3,346792 0,446053 0,653680 2,855200 -0,435168 0,487907 3,021652 -0,056823 0,604348 3,427682
-0,076778 -0,163449 3,353722 0,371763 0,697104 2,934515 -0,512403 0,538360 3,022300 -0,049853 0,604844 3,453487
-0,078153 -0,180752 3,338672 0,263536 0,706060 2,952116 -0,588171 0,605872 2,977485 -0,042405 0,589875 3,427770
-0,066812 -0,165747 3,340550 0,175952 0,629544 2,964874 -0,631532 0,700134 2,927226 -0,050098 0,601689 3,479370
-0,063130 -0,166299 3,328497 0,139329 0,532170 2,948888 -0,588523 0,738845 2,891015 -0,042207 0,609122 3,479892
-0,056026 -0,170254 3,353019 0,138576 0,434730 2,942620 -0,504754 0,751988 2,888124 -0,042006 0,612796 3,479875
-0,057997 -0,155115 3,352834 0,193799 0,371708 2,918452 -0,402744 0,749322 2,900586 -0,060315 0,611083 3,491317
-0,060801 -0,168704 3,337552 0,252904 0,333500 2,883669 -0,324501 0,718058 2,929614 -0,048707 0,612642 3,478349
-0,061263 -0,163767 3,334736 0,324981 0,346866 2,869880 -0,296898 0,642976 2,957222 -0,044851 0,610555 3,465484
-0,071391 -0,165975 3,338356 0,387469 0,419704 2,854054 -0,311179 0,559714 2,997238 -0,049302 0,616420 3,479462
-0,077429 -0,167994 3,339574 0,429740 0,508178 2,817332 -0,346271 0,496361 3,009513 -0,045647 0,610674 3,466683
-0,079236 -0,164514 3,347246 0,436883 0,625431 2,823147 -0,393252 0,448602 2,999073 -0,057393 0,620010 3,479449
-0,083977 -0,169100 3,334345 0,415094 0,745802 2,941371 -0,431598 0,421945 2,977715 -0,057495 0,608380 3,453059
-0,084001 -0,159674 3,326348 0,339911 0,835807 3,034051 -0,456047 0,442749 2,950754 -0,058165 0,605076 3,478300
