26 12
-0,066262 -0,158918 3,431022 0,304737 1,186547 3,212985 -0,390022 1,384714 3,394415 -0,079050 0,615657 3,452193
-0,068839 -0,173037 3,437986 0,291428 1,062580 3,065014 -0,386615 1,380378 3,390565 -0,075525 0,606289 3,439548
-0,067605 -0,166111 3,438388 0,287899 0,881291 2,948460 -0,385059 1,387344 3,390592 -0,080019 0,597238 3,451555
-0,072137 -0,177736 3,428854 0,268714 0,691594 2,773644 -0,387620 1,395373 3,396579 -0,087749 0,597713 3,477292
-0,066061 -0,166867 3,429239 0,279113 0,524243 2,625858 -0,389216 1,380858 3,397066 -0,091056 0,606636 3,464368
-0,069475 -0,166374 3,445951 0,298820 0,365153 2,493644 -0,385835 1,376739 3,380031 -0,086766 0,623503 3,477586
-0,062835 -0,160182 3,454532 0,330422 0,232525 2,392780 -0,385096 1,379641 3,383133 -0,056520 0,647098 3,530913
-0,069001 -0,162550 3,462564 0,378798 0,146909 2,340362 -0,387982 1,380010 3,395420 -0,068316 0,645647 3,544306
-0,062472 -0,159194 3,464119 0,397053 0,080317 2,358065 -0,387253 1,384745 3,395557 -0,067870 0,652931 3,543176
-0,062455 -0,142333 3,447388 0,416351 0,050428 2,367080 -0,388177 1,376593 3,400326 -0,074874 0,640267 3,489927
-0,065967 -0,154171 3,442481 0,408962 0,019433 2,347589 -0,390650 1,379827 3,396919 -0,059952 0,641023 3,516594
-0,064265 -0,162534 3,430516 0,400684 0,002589 2,346488 -0,390957 1,389411 3,404825 -0,067739 0,637369 3,516767
-0,070162 -0,157021 3,428348 0,399411 0,004396 2,369268 -0,396106 1,361333 3,398217 -0,071703 0,647004 3,530071
-0,066850 -0,145197 3,427778 0,395644 0,009322 2,343866 -0,393706 1,396473 3,415372 -0,089606 0,639478 3,463433
-0,066565 -0,161380 3,435584 0,401193 0,019392 2,348630 -0,395618 1,359279 3,389502 -0,075499 0,645419 3,542581
-0,069690 -0,162250 3,440423 0,396601 0,053744 2,354486 -0,393567 1,392094 3,418114 -0,067499 0,648385 3,516293
-0,069436 -0,157138 3,449570 0,381976 0,127251 2,391685 -0,394908 1,373612 3,398021 -0,093389 0,637912 3,475570
-0,077649 -0,164881 3,452115 0,361318 0,219664 2,427499 -0,396051 1,389831 3,412366 -0,097298 0,628511 3,463221
-0,083346 -0,164799 3,441402 0,350791 0,367385 2,502453 -0,398424 1,384042 3,405270 -0,094254 0,623438 3,477095
-0,084987 -0,175174 3,418417 0,340647 0,536494 2,599825 -0,398475 1,374661 3,393287 -0,097929 0,610316 3,463844
-0,084385 -0,177204 3,417866 0,331887 0,728866 2,734493 -0,399630 1,373510 3,407499 -0,099071 0,595382 3,463015
-0,080470 -0,169134 3,414616 0,321723 0,896766 2,866950 -0,405237 1,346111 3,385084 -0,086802 0,596808 3,425820
-0,074978 -0,167991 3,412459 0,320348 1,034709 2,992006 -0,403553 1,340522 3,362443 -0,094332 0,608212 3,451305
-0,070580 -0,165446 3,401938 0,308429 1,136353 3,108309 -0,396939 1,387532 3,388797 -0,086223 0,607784 3,426170
-0,059297 -0,158176 3,416652 0,303304 1,205322 3,212283 -0,403256 1,384290 3,407302 -0,079252 0,612004 3,452244
-0,057352 -0,173988 3,405824 0,299738 1,257703 3,287923 -0,400137 1,368764 3,381642 -0,079252 0,612004 3,452244
