17 12
-0,114504 -0,158573 3,365904 0,233842 1,257464 3,157717 -0,394238 1,408700 3,336857 -0,124078 0,622447 3,449383
-0,110899 -0,153816 3,363087 0,220521 1,169204 2,968044 -0,394342 1,407749 3,343700 -0,124078 0,622447 3,449383
-0,108892 -0,159496 3,368470 0,170026 1,078512 2,836164 -0,393035 1,412577 3,346250 -0,139114 0,611302 3,447933
-0,100923 -0,164052 3,399702 -0,023415 0,702910 2,378764 -0,390163 1,417286 3,354645 -0,094030 0,651825 3,627451
-0,082774 -0,150996 3,373975 -0,086581 0,382765 2,341592 -0,392931 1,406321 3,350866 -0,076260 0,700053 3,598348
-0,081365 -0,139173 3,373835 -0,141931 0,241104 2,311003 -0,397331 1,395986 3,356539 -0,064487 0,676974 3,532078
-0,080470 -0,151490 3,387313 -0,184355 0,024960 2,295372 -0,396818 1,396595 3,363988 -0,068664 0,679222 3,421164
-0,078420 -0,151532 3,380293 -0,194178 -0,035303 2,382352 -0,394148 1,394833 3,351926 -0,081349 0,691237 3,487079
-0,079880 -0,165285 3,375565 -0,185686 -0,034510 2,371561 -0,392680 1,396411 3,356364 -0,088381 0,679113 3,460324
-0,076385 -0,142952 3,377747 -0,181479 0,026335 2,343910 -0,399416 1,386829 3,356970 -0,101074 0,710307 3,550370
-0,088124 -0,141409 3,391629 -0,156782 0,181639 2,264143 -0,401743 1,399907 3,374355 -0,099946 0,712315 3,520882
-0,088486 -0,155364 3,384518 -0,151517 0,318991 2,269073 -0,398103 1,405047 3,362725 -0,098841 0,679846 3,568789
-0,106782 -0,170717 3,354729 -0,042921 0,681030 2,512638 -0,398821 1,409014 3,360172 -0,116466 0,615888 3,569130
-0,109877 -0,168269 3,362085 0,050453 0,984364 2,649156 -0,404670 1,408640 3,370608 -0,111856 0,574042 3,469145
-0,108988 -0,157647 3,349974 0,118086 1,114727 2,826964 -0,406863 1,395851 3,363844 -0,105579 0,605916 3,437523
-0,109952 -0,152434 3,331171 0,249264 1,257618 3,197990 -0,407049 1,400100 3,367303 -0,098129 0,628551 3,464265
-0,103732 -0,155938 3,308728 0,250984 1,254315 3,297147 -0,404099 1,405110 3,364721 -0,079448 0,622890 3,452434
