26 12
-0,077384 -0,156612 3,426820 0,300109 1,176123 3,193303 -0,378602 1,407079 3,385189 -0,086968 0,627170 3,477853
-0,080236 -0,158783 3,429706 0,306020 1,059985 3,007601 -0,376025 1,420366 3,397516 -0,087373 0,627124 3,477998
-0,079193 -0,177179 3,425613 0,333003 0,934567 2,873526 -0,381707 1,390897 3,392596 -0,080709 0,616669 3,504313
-0,079505 -0,174485 3,419889 0,348916 0,724281 2,725645 -0,384556 1,395526 3,391407 -0,088798 0,605249 3,502664
-0,076612 -0,171684 3,438403 0,366167 0,567545 2,580529 -0,387722 1,394410 3,397485 -0,091946 0,610684 3,490133
-0,067308 -0,151669 3,439354 0,378697 0,396961 2,448647 -0,378542 1,414676 3,398784 -0,091060 0,641075 3,516882
-0,068942 -0,159314 3,431832 0,397051 0,244615 2,390498 -0,377566 1,416955 3,403785 -0,079910 0,638970 3,504794
-0,063276 -0,138789 3,461847 0,419664 0,134441 2,360413 -0,381445 1,410382 3,406020 -0,060099 0,672359 3,569490
-0,059549 -0,151674 3,443461 0,433287 0,040163 2,327670 -0,381263 1,414807 3,412056 -0,048933 0,662828 3,557921
-0,058765 -0,142681 3,455336 0,448692 -0,014289 2,320626 -0,381417 1,412209 3,415871 -0,048728 0,658960 3,557091
-0,058131 -0,140037 3,454693 0,438714 -0,050894 2,349249 -0,384802 1,405159 3,406842 -0,053048 0,660670 3,545370
-0,061657 -0,148625 3,449973 0,453980 -0,056905 2,360113 -0,391784 1,354016 3,383842 -0,060361 0,648607 3,517937
-0,058287 -0,153292 3,447315 0,435133 -0,053872 2,377000 -0,384856 1,407377 3,419598 -0,068302 0,653111 3,544437
-0,057455 -0,138712 3,441968 0,425995 -0,042281 2,361887 -0,384440 1,411909 3,418338 -0,064877 0,659247 3,558807
-0,054270 -0,152865 3,437882 0,404451 -0,014638 2,406835 -0,386767 1,396216 3,405605 -0,081918 0,643119 3,463423
-0,057507 -0,166775 3,439894 0,378799 0,033806 2,408736 -0,389114 1,392254 3,399291 -0,056277 0,658156 3,530447
-0,061052 -0,150769 3,438675 0,351131 0,102618 2,451435 -0,391754 1,391189 3,402578 -0,056049 0,661756 3,529756
-0,060078 -0,159410 3,450996 0,324008 0,214256 2,491908 -0,392082 1,391847 3,397402 -0,060684 0,653159 3,544853
-0,062212 -0,160072 3,429247 0,304449 0,373575 2,556437 -0,386965 1,389758 3,387739 -0,083239 0,640403 3,491193
-0,063226 -0,161375 3,430574 0,291505 0,562783 2,656963 -0,386741 1,402943 3,394355 -0,084121 0,637449 3,517946
-0,062936 -0,179580 3,430952 0,287106 0,765870 2,752369 -0,386722 1,401991 3,395562 -0,084974 0,599388 3,489078
-0,058877 -0,160897 3,410133 0,289083 0,949569 2,904212 -0,385437 1,399371 3,389462 -0,080709 0,616669 3,504313
-0,046568 -0,169202 3,403661 0,301051 1,093078 3,033656 -0,389492 1,371658 3,380899 -0,083857 0,621971 3,491233
-0,038094 -0,156980 3,410819 0,292760 1,191916 3,172251 -0,391418 1,394797 3,396354 -0,068456 0,625114 3,465988
-0,033511 -0,158568 3,407246 0,277417 1,228165 3,246026 -0,388816 1,394535 3,387186 -0,068456 0,625114 3,465988
-0,024487 -0,154301 3,424329 0,267014 1,246185 3,316997 -0,387286 1,405094 3,386315 -0,056988 0,627381 3,479480
