173 12
-0,038160 -0,155411 3,303106 0,171677 0,375269 2,812404 -0,119602 0,656447 3,012113 -0,026295 0,583445 3,478787
-0,045337 -0,162943 3,305204 0,185237 0,459868 2,775285 -0,126367 0,605989 3,053501 -0,011499 0,575903 3,453610
-0,045394 -0,168754 3,307670 0,198195 0,615274 2,863357 -0,162187 0,545029 3,038400 -0,008710 0,566983 3,467123
-0,043909 -0,171083 3,305816 0,147850 0,762711 2,968243 -0,228847 0,517666 2,993716 -0,016212 0,570888 3,493129
-0,039362 -0,170285 3,322656 0,032677 0,752964 3,067873 -0,306554 0,540174 2,941463 -0,019631 0,572894 3,506244
-0,035403 -0,172135 3,341599 0,012092 0,620732 3,088786 -0,332963 0,612983 2,867942 -0,027175 0,572877 3,506029
-0,029556 -0,167782 3,353799 -0,007364 0,492692 3,029891 -0,299747 0,710644 2,811710 -0,022889 0,581541 3,466617
-0,029085 -0,163498 3,352444 0,050866 0,417082 2,859726 -0,222278 0,784212 2,868073 -0,033266 0,579293 3,451462
-0,024674 -0,185864 3,358479 0,156393 0,400851 2,782224 -0,158069 0,789186 2,990175 -0,034416 0,572283 3,453586
-0,027730 -0,184580 3,376849 0,220011 0,463309 2,697160 -0,129048 0,738844 3,071450 -0,034583 0,561603 3,479333
-0,034648 -0,181848 3,379720 0,254840 0,600844 2,741052 -0,148393 0,652277 3,036082 -0,023365 0,570908 3,492925
-0,040974 -0,186500 3,376835 0,240386 0,757398 2,852067 -0,186549 0,592450 3,022213 -0,023733 0,570871 3,492944
-0,040276 -0,179233 3,357342 0,133970 0,809494 2,988493 -0,263587 0,563775 2,994241 -0,019707 0,568681 3,454032
-0,037581 -0,183233 3,360059 0,059322 0,717910 3,118188 -0,327631 0,569060 2,934927 -0,023649 0,574241 3,466900
-0,027887 -0,180462 3,346667 0,024081 0,575742 3,123221 -0,341399 0,627690 2,867039 -0,038406 0,577865 3,466523
-0,027980 -0,166897 3,359945 0,000082 0,446225 2,993463 -0,290845 0,697831 2,811286 -0,037435 0,588702 3,465460
-0,018394 -0,172926 3,349645 0,070859 0,339173 2,898182 -0,208419 0,747840 2,862225 -0,036905 0,584267 3,413799
-0,020812 -0,180219 3,354664 0,158320 0,345439 2,844804 -0,130792 0,744936 2,980397 -0,037835 0,581499 3,466109
-0,020831 -0,184228 3,364071 0,197632 0,396954 2,755076 -0,096627 0,702977 3,063513 -0,041854 0,579519 3,453427
-0,024610 -0,187211 3,373996 0,229757 0,506604 2,728180 -0,116382 0,631453 3,058056 -0,030812 0,573952 3,440967
-0,030168 -0,186702 3,360460 0,239103 0,679884 2,746548 -0,146760 0,572806 3,027638 -0,023533 0,581905 3,493159
-0,036535 -0,183358 3,373577 0,213204 0,800535 2,847466 -0,204678 0,537947 2,987320 -0,024284 0,559699 3,492110
-0,037727 -0,179261 3,373209 0,131132 0,840271 2,964700 -0,271470 0,547645 2,946871 -0,036163 0,557609 3,503484
-0,034822 -0,191489 3,366206 0,037569 0,780060 3,092625 -0,327510 0,602890 2,910800 -0,026921 0,569437 3,532205
-0,028710 -0,184956 3,353899 0,007585 0,640760 3,063946 -0,357392 0,687926 2,866386 -0,030694 0,574552 3,492601
-0,024476 -0,181014 3,359946 -0,012225 0,522228 3,001449 -0,325049 0,763566 2,823422 -0,037670 0,570537 3,465605
-0,020903 -0,174607 3,367763 0,001400 0,411098 2,866378 -0,254929 0,813890 2,863665 -0,040165 0,567941 3,424044
-0,018293 -0,179982 3,366967 0,101624 0,373304 2,825439 -0,199327 0,805461 2,935905 -0,034210 0,583175 3,453599
-0,026173 -0,180162 3,384144 0,182217 0,376711 2,737651 -0,172794 0,755185 2,983719 -0,029865 0,577476 3,439848
-0,028791 -0,184470 3,378859 0,251469 0,440420 2,722547 -0,186744 0,688008 3,003133 -0,033847 0,575858 3,452921
-0,034046 -0,185772 3,378341 0,289342 0,542165 2,724716 -0,225967 0,626098 2,985116 -0,034597 0,575902 3,453705
-0,043335 -0,184984 3,373471 0,306782 0,673640 2,742716 -0,276145 0,580456 2,959784 -0,034968 0,575832 3,453568
-0,043833 -0,179016 3,369944 0,279247 0,752883 2,848636 -0,327540 0,574467 2,951256 -0,031554 0,559284 3,440114
-0,048051 -0,184206 3,365903 0,181962 0,839967 2,948298 -0,354920 0,590532 2,901737 -0,027812 0,561487 3,479264
-0,040445 -0,183520 3,366203 0,078443 0,810097 2,998622 -0,356663 0,641194 2,868033 -0,027457 0,580573 3,532862
-0,034443 -0,183970 3,371353 0,018439 0,723301 3,049968 -0,303213 0,693969 2,839187 -0,023621 0,578563 3,519567
-0,028028 -0,173726 3,377366 0,016103 0,599584 2,897649 -0,263753 0,761586 2,881134 -0,030680 0,581890 3,492721
-0,020005 -0,170491 3,363968 0,100888 0,508018 2,816041 -0,265649 0,812976 2,940022 -0,033454 0,568663 3,477169
-0,018924 -0,182776 3,359917 0,216731 0,520160 2,778724 -0,322706 0,880843 2,970763 -0,025952 0,564649 3,426579
-0,016025 -0,177501 3,352012 0,300095 0,568269 2,703599 -0,402735 0,953664 2,994251 -0,027051 0,572014 3,428309
-0,013753 -0,173203 3,362592 0,409030 0,687982 2,704580 -0,486363 1,046638 2,995809 -0,031177 0,581123 3,440932
-0,015509 -0,170491 3,368216 0,475573 0,837834 2,748986 -0,537299 1,145710 3,016793 -0,027415 0,579161 3,428265
-0,017388 -0,171811 3,369889 0,506954 1,001490 2,798695 -0,565733 1,217708 3,049905 -0,015711 0,588094 3,416121
-0,017721 -0,164230 3,384386 0,506122 1,135743 2,944161 -0,566794 1,284860 3,094687 -0,023352 0,595702 3,441505
-0,020597 -0,166927 3,377970 0,483292 1,250240 3,063977 -0,544673 1,332182 3,165264 -0,019463 0,601396 3,454474
-0,019860 -0,163163 3,377563 0,446909 1,309498 3,156558 -0,512175 1,368472 3,226902 -0,019366 0,593274 3,403522
-0,019282 -0,168507 3,374866 0,414667 1,372451 3,241143 -0,469646 1,396103 3,296129 -0,023154 0,599336 3,441504
-0,013369 -0,160174 3,373114 0,376839 1,363457 3,299359 -0,424879 1,395618 3,339125 -0,019413 0,597307 3,428823
-0,016484 -0,172815 3,360246 0,340150 1,373294 3,374135 -0,375503 1,359492 3,336872 -0,019277 0,597752 3,454280
-0,014527 -0,165459 3,356386 0,331701 1,329372 3,328871 -0,373155 1,360152 3,391026 -0,015722 0,599352 3,441697
-0,014066 -0,169637 3,364407 0,390801 1,267803 2,990184 -0,367860 1,382461 3,393108 -0,015921 0,595719 3,441691
-0,016597 -0,169602 3,375760 0,325220 1,350067 3,324736 -0,358441 1,403918 3,402367 -0,027116 0,597731 3,454269
-0,020113 -0,172130 3,372424 0,331612 1,321254 3,254200 -0,372037 1,384277 3,398369 -0,019662 0,597750 3,454470
-0,021073 -0,168964 3,378334 0,378386 1,240982 3,181882 -0,379419 1,379672 3,406298 -0,008290 0,599364 3,441859
-0,020291 -0,163448 3,387471 0,476443 0,826915 2,708356 -0,380090 1,378425 3,395028 -0,008305 0,592116 3,441753
-0,019974 -0,166174 3,398041 0,486396 0,655656 2,615905 -0,374555 1,383121 3,390448 -0,016260 0,580492 3,390830
-0,017946 -0,168755 3,413488 0,470557 0,352503 2,571678 -0,376360 1,385538 3,375825 -0,012002 0,589310 3,378735
-0,012511 -0,167018 3,432613 0,479317 0,139812 2,426965 -0,374627 1,390775 3,372504 -0,007518 0,602377 3,415468
-0,014622 -0,160821 3,427215 0,484254 0,061371 2,376346 -0,373735 1,394722 3,373345 -0,014925 0,606475 3,440739
-0,011900 -0,163692 3,435519 0,482824 -0,019570 2,345516 -0,382766 1,369134 3,374609 -0,025723 0,603833 3,401916
-0,017727 -0,165752 3,457189 0,493839 -0,038788 2,292884 -0,375835 1,380578 3,379681 -0,048677 0,604868 3,452750
-0,025854 -0,170061 3,438557 0,508147 -0,029009 2,335154 -0,377946 1,382661 3,379607 -0,041039 0,600789 3,427439
-0,044018 -0,179655 3,404972 0,466014 0,016087 2,308964 -0,376420 1,388280 3,382861 -0,037024 0,602729 3,439436
-0,055996 -0,168292 3,441291 0,396075 0,170765 2,461867 -0,390278 1,381951 3,388913 -0,029148 0,617053 3,438674
-0,060569 -0,175714 3,413514 0,386657 0,315617 2,502638 -0,389779 1,378254 3,406078 -0,036909 0,591118 3,389341
-0,073355 -0,182348 3,387946 0,430306 0,669106 2,673733 -0,389661 1,374116 3,403623 -0,030875 0,573635 3,415536
-0,058472 -0,167689 3,369905 0,378722 1,039631 2,962231 -0,382060 1,377398 3,381418 -0,042218 0,586324 3,427907
-0,054678 -0,167089 3,360091 0,373477 1,171098 3,101535 -0,381415 1,391167 3,368975 -0,038014 0,599289 3,441031
-0,039811 -0,172093 3,376173 0,365557 1,294602 3,202348 -0,381739 1,382856 3,372455 -0,042016 0,605470 3,479760
-0,021120 -0,169906 3,348482 0,330949 1,301845 3,297353 -0,387426 1,357558 3,347171 -0,030584 0,599315 3,441283
-0,018343 -0,170552 3,345021 0,343036 1,271550 3,167467 -0,385299 1,376509 3,364385 -0,026917 0,601377 3,454265
-0,015631 -0,173933 3,361581 0,322348 1,301925 3,337324 -0,385804 1,384853 3,350296 -0,023352 0,595702 3,441505
-0,015297 -0,164206 3,357263 0,375567 1,190565 3,130080 -0,431441 1,377580 3,388053 -0,019612 0,593687 3,428821
-0,017209 -0,164979 3,344862 0,408988 1,105149 3,089914 -0,455060 1,287211 3,296168 -0,023476 0,588043 3,415948
-0,024382 -0,166330 3,326161 0,337211 0,899637 2,937329 -0,487189 1,077508 3,054674 -0,015945 0,581229 3,441478
-0,030242 -0,180499 3,353255 0,219919 0,677749 2,984210 -0,341008 0,841204 2,789491 -0,022767 0,556013 3,465906
-0,035573 -0,181497 3,360202 0,190047 0,593561 2,885520 -0,276421 0,753697 2,740555 -0,019566 0,576263 3,480020
-0,040024 -0,181779 3,347003 0,234542 0,571197 2,885908 -0,195732 0,625994 2,929742 -0,034416 0,572283 3,453586
-0,049398 -0,183594 3,371298 0,317688 0,594841 2,684620 -0,310664 0,545130 3,104617 -0,034597 0,575902 3,453705
-0,051336 -0,184495 3,380831 0,308123 0,643544 2,811882 -0,397458 0,545239 3,112462 -0,027051 0,572014 3,428309
-0,042731 -0,185375 3,376714 0,159681 0,612434 2,731551 -0,504276 0,623096 2,835829 -0,019886 0,572287 3,454049
-0,036011 -0,184145 3,369143 0,140132 0,457403 2,703528 -0,331287 0,693540 2,602089 -0,019516 0,572322 3,454036
-0,034817 -0,174311 3,379751 0,215622 0,431657 2,685614 -0,237167 0,703295 2,702165 -0,026107 0,575525 3,427218
-0,038968 -0,184992 3,373491 0,324459 0,537986 2,762288 -0,147059 0,630561 2,961781 -0,023278 0,574278 3,466881
-0,045286 -0,188843 3,377023 0,213646 0,773355 3,102585 -0,239758 0,575049 3,023683 -0,023850 0,555988 3,466492
-0,039748 -0,185937 3,377514 0,126143 0,710109 3,140940 -0,282399 0,587259 2,911950 -0,023480 0,563338 3,466767
-0,031546 -0,178633 3,389542 0,018648 0,493314 2,968668 -0,239126 0,727892 2,914427 -0,037835 0,581499 3,466109
-0,026848 -0,184606 3,378089 0,194619 0,406605 2,649083 -0,117236 0,650068 2,915219 -0,034393 0,586812 3,453807
-0,025822 -0,183077 3,390756 0,240738 0,449051 2,668801 -0,115361 0,605943 3,059875 -0,026578 0,579544 3,453557
-0,034873 -0,180440 3,374104 0,311215 0,664494 2,763358 -0,242393 0,455172 2,836327 -0,019896 0,565025 3,453939
-0,035345 -0,182525 3,369732 0,150133 0,768458 3,124674 -0,387021 0,566920 2,946298 -0,016212 0,570888 3,493129
-0,027492 -0,187163 3,366231 0,086664 0,677645 3,042229 -0,411591 0,647614 2,785332 -0,015844 0,570923 3,493124
-0,012371 -0,176497 3,387629 0,069479 0,497496 2,935286 -0,365624 0,897032 2,847467 -0,033667 0,572179 3,452451
-0,015692 -0,177197 3,397896 0,241222 0,409705 2,594575 -0,260883 0,873038 2,794460 -0,036592 0,562550 3,412264
-0,024849 -0,182011 3,409220 0,334684 0,434061 2,494215 -0,248670 0,852445 2,889277 -0,040747 0,564611 3,426009
-0,048159 -0,175155 3,360222 0,542305 0,622277 2,716636 -0,330667 0,735786 2,809837 -0,037653 0,577821 3,465717
-0,069416 -0,178613 3,389691 0,581120 0,891195 2,818656 -0,557870 0,848598 3,050693 -0,026859 0,575632 3,428306
-0,071462 -0,170612 3,372500 0,576472 1,034611 2,942561 -0,608037 0,907511 2,985594 -0,026846 0,582848 3,428409
-0,069680 -0,163769 3,366713 0,523671 1,164265 3,017525 -0,588562 1,114464 3,051261 -0,030411 0,588441 3,440974
-0,053591 -0,168551 3,330502 0,451591 1,317543 3,301155 -0,524354 1,242857 3,045890 -0,027020 0,593667 3,428620
-0,047591 -0,165771 3,327053 0,420705 1,352358 3,336393 -0,487342 1,306933 3,135476 -0,026821 0,597289 3,428617
-0,037781 -0,172930 3,343299 0,362988 1,338112 3,297410 -0,416899 1,437895 3,382399 -0,030584 0,599315 3,441283
-0,029687 -0,164269 3,312031 0,397466 1,264007 2,973564 -0,374315 1,365772 3,345504 -0,012005 0,597321 3,428999
-0,029933 -0,165970 3,318344 0,423400 1,228381 2,818655 -0,370943 1,367769 3,362820 -0,023082 0,595275 3,416030
-0,023262 -0,165312 3,328661 0,356386 1,324285 3,236456 -0,372880 1,378564 3,387479 -0,023280 0,591666 3,416031
-0,024982 -0,164193 3,334478 0,388390 1,260769 2,993914 -0,363025 1,394425 3,385698 -0,023082 0,595275 3,416030
-0,024588 -0,165187 3,343920 0,372958 1,288734 3,116430 -0,374767 1,358781 3,368404 -0,015722 0,599352 3,441697
-0,028450 -0,162391 3,333246 0,373228 1,284522 3,105139 -0,373877 1,365323 3,369273 -0,019366 0,593274 3,403522
-0,031932 -0,161734 3,334703 0,344293 1,312749 3,267481 -0,376360 1,385989 3,389069 -0,023082 0,595275 3,416030
-0,031587 -0,160834 3,337290 0,363824 1,287242 3,182184 -0,383385 1,388368 3,410099 -0,008290 0,599364 3,441859
-0,028621 -0,159763 3,354498 0,406585 1,212381 3,120734 -0,392000 1,372057 3,369313 -0,008290 0,599364 3,441859
-0,027350 -0,157385 3,353501 0,389940 0,961121 2,926557 -0,391675 1,369741 3,375994 -0,012204 0,593701 3,428992
-0,026710 -0,165126 3,362263 0,333650 0,820051 2,865874 -0,389124 1,367496 3,367383 -0,020333 0,575148 3,402670
-0,015400 -0,166716 3,382165 0,086659 0,439632 2,504184 -0,378585 1,395754 3,370735 -0,026527 0,596838 3,403226
-0,007529 -0,153640 3,368651 -0,065837 0,239280 2,564151 -0,373334 1,386359 3,364269 -0,034450 0,614729 3,403420
-0,008012 -0,165544 3,376578 -0,145046 0,139809 2,520734 -0,375231 1,392183 3,375151 0,002820 0,628876 3,534271
-0,003531 -0,169757 3,403392 -0,222697 0,041639 2,389810 -0,373794 1,384070 3,388655 -0,019626 0,664523 3,381073
-0,007287 -0,183106 3,412115 -0,250460 0,019636 2,344290 -0,377094 1,376228 3,399907 -0,027392 0,664992 3,383295
-0,015314 -0,174904 3,420033 -0,253668 0,027292 2,366813 -0,374400 1,379092 3,398896 -0,042001 0,673486 3,430264
-0,024650 -0,172560 3,400141 -0,244223 0,068936 2,388288 -0,376677 1,377213 3,395412 -0,038530 0,687758 3,469151
-0,031884 -0,157287 3,403061 -0,176567 0,213535 2,349122 -0,381403 1,382673 3,407290 -0,049265 0,608566 3,453572
-0,040880 -0,166481 3,390113 -0,123236 0,300914 2,349917 -0,381966 1,384241 3,398441 -0,023348 0,616741 3,574086
-0,049399 -0,177489 3,371310 0,076581 0,668002 2,705796 -0,380173 1,388934 3,381485 -0,024094 0,578110 3,492718
-0,042007 -0,172363 3,356995 0,200971 0,964440 2,720758 -0,389196 1,373445 3,371448 -0,031790 0,555316 3,413858
-0,043040 -0,159293 3,352366 0,287616 1,115899 2,929569 -0,386637 1,377893 3,372386 -0,023742 0,588389 3,441243
-0,034995 -0,167720 3,360064 0,391230 1,276754 3,227066 -0,386371 1,367921 3,363553 -0,030792 0,588435 3,441182
-0,024374 -0,163579 3,337474 0,534636 1,038755 2,097683 -0,378616 1,358240 3,328881 -0,019624 0,586465 3,428717
-0,020777 -0,160917 3,340634 0,484629 1,067690 2,520666 -0,375163 1,368571 3,346865 -0,015933 0,588473 3,441584
-0,017605 -0,178163 3,361281 0,486242 1,109045 2,417763 -0,364979 1,388302 3,362763 -0,015945 0,581229 3,441478
-0,019393 -0,169326 3,358284 0,362472 1,251258 3,305185 -0,391412 1,417745 3,398067 -0,015750 0,584860 3,441484
-0,019830 -0,162004 3,350271 0,376884 1,207323 3,220102 -0,425951 1,422382 3,428307 -0,008910 0,577243 3,415992
-0,023929 -0,169114 3,341316 0,318273 0,986932 3,038849 -0,474881 1,240593 3,181864 -0,005250 0,568135 3,403355
-0,029799 -0,181570 3,355680 0,266517 0,766395 2,929688 -0,300912 0,945305 2,840035 -0,004782 0,528846 3,402976
-0,028483 -0,186522 3,360188 0,225335 0,669519 2,839387 -0,229405 0,819064 2,805788 -0,019606 0,554336 3,479674
-0,032772 -0,179897 3,369364 0,189958 0,628619 2,755576 -0,184405 0,608651 2,905985 -0,012259 0,572610 3,480189
-0,042243 -0,187884 3,387362 0,164868 0,740814 2,855647 -0,257226 0,534659 2,997955 -0,020088 0,554098 3,453647
-0,039963 -0,185061 3,390510 0,104558 0,752452 3,027147 -0,311716 0,562248 2,947232 -0,019955 0,561605 3,479800
-0,034295 -0,184395 3,412033 0,026510 0,592968 3,051536 -0,364785 0,705542 2,772617 -0,019339 0,568687 3,453844
-0,029038 -0,176294 3,390375 0,104010 0,396591 2,870150 -0,242503 0,733102 2,712679 -0,030046 0,581144 3,440311
-0,034750 -0,171458 3,391747 0,228878 0,458996 2,717319 -0,183285 0,710018 2,845227 -0,030228 0,584799 3,440685
-0,040171 -0,176042 3,375216 0,275955 0,635655 2,714052 -0,148705 0,585559 2,993376 -0,012259 0,572610 3,480189
-0,040181 -0,179564 3,388594 0,131006 0,741012 3,169181 -0,232653 0,541544 3,067827 -0,004983 0,572312 3,454353
-0,038199 -0,176728 3,367855 0,094837 0,636461 3,126202 -0,290590 0,564260 3,020370 -0,015969 0,566751 3,441265
-0,029917 -0,172031 3,376345 0,103258 0,400510 3,019677 -0,316184 0,706958 2,900497 -0,018683 0,582752 3,427555
-0,025404 -0,170657 3,375966 0,272432 0,358572 2,718114 -0,149433 0,655484 2,785115 -0,029664 0,581029 3,439406
-0,031713 -0,169324 3,385706 0,316012 0,408446 2,711978 -0,091006 0,632372 2,948576 -0,026664 0,579235 3,428215
-0,040580 -0,172085 3,387043 0,354239 0,657055 2,716185 -0,102514 0,497601 2,969986 -0,012244 0,575958 3,454315
-0,042310 -0,180110 3,360161 0,158186 0,831725 3,164022 -0,211715 0,507808 3,030640 -0,016194 0,559687 3,466858
-0,040833 -0,178423 3,363987 0,118566 0,687270 3,056436 -0,248826 0,551500 2,895951 -0,012085 0,572907 3,506426
-0,037388 -0,177318 3,342443 0,031383 0,462127 3,020880 -0,184824 0,740928 2,940828 -0,018998 0,579856 3,479380
-0,038431 -0,178938 3,358096 0,177351 0,383497 2,825069 -0,066648 0,704203 2,921645 -0,034186 0,576200 3,479164
-0,041236 -0,176668 3,359010 0,219823 0,411646 2,799826 -0,038198 0,669436 3,020893 -0,026500 0,568397 3,427832
-0,053664 -0,175263 3,348164 0,210339 0,590982 2,739253 -0,099475 0,537917 2,939391 -0,012082 0,568964 3,480087
-0,059150 -0,178143 3,350310 0,096747 0,780696 3,095969 -0,193075 0,574643 2,988198 -0,015872 0,574894 3,519647
-0,061865 -0,178674 3,351490 0,079606 0,684035 2,995122 -0,230333 0,619858 2,898736 -0,008512 0,567256 3,493274
-0,054291 -0,175546 3,330322 0,001480 0,528723 2,953665 -0,164700 0,760711 2,964666 -0,015433 0,574266 3,466714
-0,050604 -0,173667 3,333557 0,143955 0,449429 2,743224 -0,086803 0,708601 2,972501 -0,008308 0,578272 3,493407
-0,053637 -0,174322 3,341763 0,185639 0,475029 2,726877 -0,085950 0,679206 3,071108 -0,011893 0,576582 3,506349
-0,062197 -0,175523 3,329849 0,241495 0,593040 2,834159 -0,175529 0,540988 2,905871 -0,012082 0,568964 3,480087
-0,062783 -0,168977 3,307777 0,193273 0,712532 3,053826 -0,314754 0,546442 3,052920 -0,004729 0,569226 3,506559
-0,060161 -0,175418 3,324850 0,150569 0,670185 3,115347 -0,360977 0,583421 2,956034 -0,008500 0,574593 3,493391
-0,050543 -0,166478 3,320590 0,062200 0,469022 2,986187 -0,327964 0,677821 2,943581 -0,004244 0,572315 3,454028
-0,046167 -0,171001 3,329073 0,179872 0,400760 2,813294 -0,153756 0,642647 2,776685 -0,026674 0,583534 3,479535
-0,041115 -0,168101 3,326177 0,206466 0,362745 2,742145 -0,096030 0,624756 2,906048 -0,022511 0,581452 3,465884
-0,050701 -0,164457 3,332138 0,321778 0,477361 2,739196 -0,116395 0,533601 2,945819 -0,011696 0,576248 3,479841
-0,059173 -0,172779 3,325077 0,325662 0,655247 2,854885 -0,245237 0,556827 3,068433 -0,008520 0,570651 3,467228
-0,054527 -0,173599 3,318713 0,294554 0,733212 2,992987 -0,310626 0,595724 3,001909 -0,005006 0,557791 3,454135
-0,050635 -0,164800 3,312727 0,117091 0,677400 2,805054 -0,357008 0,709511 2,868298 -0,004629 0,565082 3,454260
-0,041513 -0,166727 3,290860 0,085289 0,542127 2,866663 -0,219558 0,723119 2,734813 -0,008323 0,570933 3,493291
-0,042674 -0,168288 3,300681 0,107404 0,490973 2,866251 -0,151264 0,719061 2,801117 -0,008323 0,570933 3,493291
-0,047160 -0,167567 3,278606 0,183653 0,466770 2,879958 -0,078888 0,648836 2,984307 -0,015626 0,570644 3,466885
-0,052429 -0,169063 3,306445 0,232115 0,519771 2,777504 -0,132046 0,559887 3,043368 -0,004613 0,572344 3,454367
-0,057165 -0,163716 3,305826 0,245668 0,600032 2,755579 -0,184819 0,539609 3,042347 -0,008335 0,577629 3,441542
