20 12
-0,033665 -0,175445 3,350780 0,381843 1,271479 3,140335 -0,373867 1,418832 3,326674 -0,034393 0,586812 3,453807
-0,035071 -0,175042 3,355543 0,433375 1,264183 3,096949 -0,371876 1,425159 3,344217 -0,027030 0,586447 3,428518
-0,032151 -0,165847 3,360021 0,493925 0,945810 2,814159 -0,372349 1,416208 3,339815 -0,030411 0,588441 3,440974
-0,025407 -0,164940 3,357673 0,471308 0,822708 2,754354 -0,372145 1,411995 3,335379 -0,034054 0,586430 3,428075
-0,027142 -0,168382 3,354517 0,384925 0,518710 2,693545 -0,372105 1,416217 3,333052 -0,033855 0,590020 3,427891
-0,023368 -0,174520 3,364407 0,314708 0,322098 2,930176 -0,368706 1,414116 3,331452 -0,046045 0,603335 3,466631
-0,028553 -0,169127 3,365507 0,281940 0,268514 2,958297 -0,366472 1,420881 3,336439 -0,063640 0,600733 3,427016
-0,029360 -0,161030 3,349662 0,265564 0,279888 2,924725 -0,365007 1,419952 3,332095 -0,052860 0,606471 3,440546
-0,037499 -0,164640 3,373550 0,319858 0,399759 2,792007 -0,363598 1,415425 3,329828 -0,045230 0,595199 3,415281
-0,039431 -0,167011 3,371382 0,329803 0,432567 2,769666 -0,364774 1,418211 3,333186 -0,041244 0,597213 3,427715
-0,038223 -0,170606 3,364824 0,313601 0,444538 2,762707 -0,365334 1,417042 3,324672 -0,056440 0,597167 3,427495
-0,035727 -0,166980 3,352755 0,265870 0,348084 2,938786 -0,373268 1,411291 3,343017 -0,049657 0,608526 3,453643
-0,037847 -0,165443 3,336137 0,237720 0,310482 2,991407 -0,369010 1,421726 3,338720 -0,057397 0,612681 3,479331
-0,037987 -0,157270 3,348385 0,239490 0,285059 3,036386 -0,370429 1,413299 3,333747 -0,065234 0,624269 3,505470
-0,040758 -0,174292 3,335865 0,289712 0,378164 2,870527 -0,373422 1,421378 3,339339 -0,045253 0,595631 3,440533
-0,040097 -0,163538 3,343821 0,316830 0,479866 2,791731 -0,370835 1,416982 3,326272 -0,041445 0,593623 3,427907
-0,045752 -0,175172 3,346234 0,411635 0,818538 2,874825 -0,374410 1,416576 3,330799 -0,046088 0,589169 3,492524
-0,045817 -0,168892 3,359732 0,428682 1,116036 2,998966 -0,373465 1,420553 3,326396 -0,045834 0,591972 3,440701
-0,049853 -0,175569 3,353251 0,422947 1,236817 3,116171 -0,375960 1,418638 3,333025 -0,034393 0,586812 3,453807
-0,046478 -0,163638 3,331475 0,381062 1,274699 3,133126 -0,373259 1,409484 3,318310 -0,034765 0,594044 3,453958
