19 12
-0,117835 -0,143242 3,404343 0,290270 1,260028 3,228769 -0,410407 1,399440 3,359943 -0,109012 0,626287 3,450531
-0,121897 -0,151484 3,396699 0,221011 1,171105 2,987259 -0,405980 1,400156 3,361677 -0,105989 0,621092 3,463629
-0,120794 -0,160869 3,406957 0,174948 0,971914 2,766542 -0,411029 1,378957 3,350747 -0,117879 0,608314 3,475254
-0,118307 -0,156415 3,407151 0,112857 0,807751 2,655054 -0,402591 1,388223 3,355784 -0,123970 0,583796 3,508915
-0,101121 -0,147785 3,413028 -0,107373 0,418478 2,271290 -0,400462 1,394833 3,360346 -0,111797 0,671998 3,610614
-0,100303 -0,149945 3,423752 -0,204501 0,177675 2,298865 -0,402052 1,410428 3,375707 -0,059921 0,693941 3,543563
-0,100252 -0,147483 3,450246 -0,244851 0,076375 2,325390 -0,399426 1,403384 3,370005 -0,059885 0,739593 3,510271
-0,099770 -0,149162 3,420684 -0,230251 -0,000017 2,431254 -0,405479 1,394953 3,376154 -0,088107 0,689908 3,459478
-0,107447 -0,155279 3,424708 -0,248984 -0,010907 2,403435 -0,403078 1,406414 3,371516 -0,107180 0,696472 3,494844
-0,105728 -0,155895 3,428592 -0,259715 -0,015497 2,450367 -0,403165 1,390014 3,361835 -0,106938 0,692545 3,493446
-0,104577 -0,156116 3,422563 -0,237365 0,034160 2,413112 -0,402804 1,389187 3,359583 -0,097158 0,703888 3,436444
-0,106555 -0,143819 3,436582 -0,226923 0,178313 2,327961 -0,407904 1,395510 3,375047 -0,088332 0,709954 3,508474
-0,114494 -0,147198 3,437672 -0,206515 0,282863 2,351518 -0,406708 1,397518 3,370414 -0,126870 0,692125 3,531478
-0,133928 -0,174233 3,428963 -0,068123 0,658123 2,587267 -0,405777 1,402097 3,367205 -0,127905 0,605892 3,553700
-0,128091 -0,158222 3,401181 0,031636 0,975914 2,658824 -0,410992 1,411773 3,388207 -0,102624 0,580812 3,562871
-0,128692 -0,159349 3,412486 0,113388 1,101432 2,850229 -0,412058 1,404676 3,373778 -0,125724 0,608007 3,473995
-0,121390 -0,152717 3,381793 0,252559 1,275855 3,225018 -0,412526 1,403503 3,373043 -0,117316 0,626826 3,475941
-0,110917 -0,155341 3,360306 0,252539 1,285292 3,346959 -0,413899 1,397326 3,378835 -0,105792 0,624793 3,463732
-0,108118 -0,154869 3,348137 0,260204 1,269385 3,362170 -0,410517 1,409595 3,369219 -0,109213 0,622615 3,450520
