28 12
-0,040821 -0,182229 3,276443 0,348551 1,057446 3,121840 -0,402706 1,110495 3,130726 -0,015606 0,608648 3,366565
-0,038512 -0,185292 3,280278 0,255702 0,820049 2,927041 -0,368802 0,883358 3,034961 -0,008716 0,591265 3,391243
-0,036609 -0,189763 3,302407 0,204939 0,672010 2,874358 -0,253776 0,683982 2,766688 -0,004475 0,582532 3,403578
-0,038301 -0,194431 3,328803 0,163283 0,594835 2,775565 -0,232753 0,628126 2,699802 -0,015505 0,580560 3,390819
-0,030941 -0,198539 3,355121 0,090307 0,513233 2,593427 -0,248200 0,544744 2,560767 -0,007746 0,594805 3,390679
-0,036427 -0,190416 3,364594 0,144995 0,460301 2,424056 -0,271553 0,522683 2,493100 -0,004466 0,600001 3,378898
-0,033182 -0,183457 3,378347 0,226315 0,446481 2,429066 -0,351070 0,516191 2,491925 -0,015207 0,597518 3,341677
-0,037357 -0,187797 3,361450 0,383040 0,437352 2,593658 -0,509843 0,446812 2,286503 -0,015570 0,582750 3,293955
-0,032361 -0,192755 3,344911 0,578065 0,368283 2,335969 -0,823954 0,489557 2,623090 -0,011625 0,573895 3,281869
-0,029660 -0,188009 3,329797 0,679016 0,395968 2,462725 -0,943765 0,509621 2,694456 -0,018890 0,585346 3,353600
-0,036507 -0,194025 3,295200 1,010811 0,509282 2,908600 -1,025322 0,582708 2,790208 -0,004548 0,581849 3,354095
-0,029037 -0,187006 3,273059 0,978269 0,691169 3,171073 -0,970689 0,666114 2,854796 -0,004529 0,588925 3,354180
-0,032901 -0,188898 3,263737 0,859102 0,763855 3,207891 -0,876325 0,681666 2,864440 -0,012175 0,599991 3,378913
-0,040052 -0,188362 3,257828 0,496345 0,729609 2,826581 -0,732961 0,843260 3,273708 -0,026532 0,592430 3,353822
-0,041537 -0,193082 3,280079 0,297417 0,763293 3,153178 -0,420354 0,710264 2,885787 -0,026465 0,578591 3,378083
-0,045785 -0,191372 3,274945 0,189754 0,707685 3,038393 -0,330005 0,679602 2,865285 -0,026556 0,582495 3,403031
-0,037186 -0,193801 3,316219 0,039907 0,572203 2,743567 -0,276476 0,591256 2,804745 -0,011657 0,582851 3,428449
-0,042010 -0,196397 3,337589 0,049789 0,512058 2,598709 -0,218528 0,530092 2,635835 -0,015936 0,607111 3,467629
-0,043475 -0,191313 3,355321 0,087847 0,493808 2,456693 -0,232250 0,514835 2,584963 -0,011987 0,596436 3,378827
-0,044788 -0,190415 3,370028 0,209352 0,496159 2,555037 -0,350064 0,462484 2,321036 -0,022796 0,601990 3,390908
-0,044964 -0,195489 3,352231 0,409746 0,424321 2,297703 -0,651622 0,531567 2,634503 -0,012002 0,581511 3,329811
-0,047419 -0,192209 3,351625 0,517385 0,450022 2,420447 -0,758482 0,554412 2,635906 -0,007995 0,583420 3,341681
-0,045269 -0,190955 3,340104 0,775906 0,576097 2,702473 -0,864175 0,614234 2,588496 -0,008400 0,579599 3,317857
-0,032747 -0,188070 3,296457 0,826784 0,799525 2,929713 -0,977316 0,795666 2,780663 -0,004713 0,592471 3,354337
-0,034283 -0,184190 3,299463 0,874759 0,994337 3,220644 -0,937361 0,888486 2,879483 -0,011785 0,599993 3,378748
-0,038380 -0,175390 3,257735 0,652783 1,016185 3,070657 -0,856141 1,205974 3,430615 -0,019231 0,606611 3,354195
-0,040033 -0,172188 3,254755 0,531015 1,235225 3,506180 -0,582741 1,185431 3,171416 -0,026390 0,614223 3,378545
-0,040635 -0,170427 3,254647 0,456611 1,227219 3,493341 -0,500491 1,223008 3,224355 -0,026576 0,622581 3,428837
