29 12
-0,031728 -0,183676 3,312134 0,297634 1,318298 3,282411 -0,365226 1,387509 3,309913 -0,023140 0,606586 3,441611
-0,028428 -0,186097 3,331327 0,291431 1,317354 3,168322 -0,362439 1,393505 3,324901 -0,026809 0,604514 3,428721
-0,032835 -0,174521 3,340080 0,267038 1,294452 3,067169 -0,359911 1,390960 3,319107 -0,026998 0,608118 3,428830
-0,029025 -0,171699 3,359804 0,221752 1,221038 2,918925 -0,357672 1,396870 3,325619 -0,026998 0,608118 3,428830
-0,026731 -0,174190 3,340925 0,161888 1,111012 2,763936 -0,356181 1,390723 3,325113 -0,034803 0,600798 3,428365
-0,024580 -0,184714 3,345986 0,094054 1,008081 2,624784 -0,358776 1,396786 3,314831 -0,025020 0,588593 3,490446
-0,022451 -0,191433 3,356796 0,021326 0,876381 2,501643 -0,348564 1,431547 3,343988 -0,016233 0,608680 3,547079
-0,015134 -0,189836 3,357889 -0,066615 0,661273 2,408405 -0,354666 1,398688 3,342125 -0,037960 0,607550 3,492620
-0,012016 -0,183997 3,365602 -0,136421 0,469352 2,346366 -0,354421 1,396122 3,332156 -0,018277 0,660870 3,613545
-0,006207 -0,168904 3,365741 -0,180325 0,310655 2,299214 -0,352956 1,398831 3,339301 -0,039733 0,671346 3,500231
0,000519 -0,167548 3,363463 -0,238318 0,174724 2,338327 -0,350261 1,393992 3,330633 0,000375 0,658083 3,467137
0,000686 -0,168300 3,378320 -0,270113 0,090301 2,374660 -0,355527 1,397580 3,347624 -0,027220 0,680055 3,407196
-0,003723 -0,187418 3,376277 -0,262001 0,031941 2,408416 -0,359571 1,396424 3,346616 -0,039476 0,681398 3,474193
-0,001358 -0,200911 3,365911 -0,260601 0,019308 2,419543 -0,358685 1,390314 3,343134 -0,027891 0,663379 3,434685
-0,007990 -0,198560 3,370482 -0,247347 0,008177 2,492151 -0,355269 1,395784 3,341678 -0,020532 0,658264 3,385696
-0,002258 -0,190438 3,372243 -0,255716 0,017297 2,474632 -0,358084 1,387340 3,339037 -0,009526 0,660498 3,398560
-0,004733 -0,179715 3,389263 -0,231916 0,058160 2,496130 -0,357799 1,388625 3,347308 -0,023618 0,675137 3,419876
0,001088 -0,157842 3,374126 -0,236249 0,108809 2,506761 -0,361413 1,388069 3,349574 -0,020045 0,683921 3,408804
-0,002845 -0,171509 3,385599 -0,220354 0,199645 2,438577 -0,359391 1,397654 3,345455 -0,006499 0,654066 3,464916
-0,011926 -0,173796 3,385967 -0,223491 0,307193 2,404082 -0,359365 1,379014 3,317232 -0,021611 0,646085 3,439363
-0,016262 -0,187284 3,386467 -0,193761 0,460509 2,401728 -0,361546 1,389366 3,326650 -0,043989 0,624762 3,463081
-0,020987 -0,194383 3,387453 -0,136121 0,632160 2,416841 -0,359688 1,387443 3,322844 -0,007654 0,604918 3,546465
-0,029119 -0,200934 3,384751 -0,085764 0,848979 2,536518 -0,361307 1,393593 3,332981 -0,015648 0,593368 3,519814
-0,030766 -0,198194 3,377091 -0,010810 1,014177 2,650311 -0,350242 1,459627 3,371497 -0,025105 0,566199 3,463295
-0,031253 -0,189779 3,367842 0,075826 1,142106 2,812338 -0,366831 1,382694 3,312351 -0,038787 0,591902 3,440667
-0,029684 -0,187622 3,357561 0,149014 1,207755 2,898063 -0,364388 1,384391 3,321816 -0,030654 0,598844 3,415920
-0,033144 -0,192144 3,357260 0,207580 1,256255 3,011147 -0,371940 1,389775 3,325130 -0,030644 0,606045 3,416022
-0,033728 -0,189748 3,359233 0,250909 1,276022 3,120370 -0,374530 1,384302 3,326260 -0,033874 0,603991 3,403084
-0,033797 -0,184934 3,344945 0,277686 1,301366 3,216288 -0,366850 1,395154 3,319539 -0,019731 0,607594 3,403731
