33 12
-0,014510 -0,083438 3,271267 0,306178 1,354543 3,238032 -0,481984 1,151773 2,811002 0,042918 0,651314 3,367522
-0,015963 -0,082392 3,274750 0,307234 1,356979 3,249421 -0,616263 0,928799 2,788730 0,032076 0,646386 3,379875
-0,018226 -0,081382 3,286189 0,305948 1,350538 3,247858 -0,677265 0,744755 2,661935 0,031878 0,649958 3,379922
-0,018065 -0,079186 3,284067 0,306481 1,349631 3,245404 -0,718233 0,512780 2,517772 0,027645 0,646998 3,343009
-0,032936 -0,075745 3,320748 0,302921 1,364131 3,278008 -0,563626 0,404508 2,352291 0,039553 0,674157 3,455553
-0,041869 -0,073183 3,328062 0,301713 1,357079 3,259481 -0,423730 0,352815 2,252737 0,017723 0,695837 3,535079
-0,053734 -0,075145 3,313051 0,285791 1,345716 3,232943 -0,119046 0,330957 2,649697 0,002719 0,699633 3,535324
-0,055370 -0,071918 3,319982 0,278760 1,348632 3,224554 0,060007 0,283099 2,484071 0,003356 0,717231 3,590469
-0,049532 -0,068618 3,315608 0,279201 1,348131 3,234426 0,052184 0,277931 2,529587 -0,004835 0,719616 3,562701
-0,034126 -0,072659 3,338310 0,285715 1,352073 3,254985 -0,118296 0,232322 2,267130 -0,005292 0,704423 3,561846
-0,012013 -0,084050 3,307828 0,296233 1,357971 3,269539 -0,395737 0,294769 2,550207 0,009806 0,693056 3,561304
-0,007498 -0,077456 3,306338 0,296592 1,350627 3,271817 -0,494491 0,304292 2,457174 0,010034 0,704433 3,561957
-0,001253 -0,087418 3,316724 0,297728 1,348140 3,269875 -0,531926 0,355970 2,427488 0,031599 0,673135 3,429626
-0,016518 -0,082422 3,335661 0,292451 1,355018 3,295301 -0,290225 0,318194 2,173012 -0,001212 0,703233 3,575903
-0,026294 -0,077980 3,332598 0,286551 1,357179 3,284363 -0,140399 0,285634 2,109311 -0,001278 0,698284 3,548522
-0,033082 -0,081302 3,315140 0,270926 1,344684 3,258092 0,069142 0,281256 2,412700 -0,012060 0,707147 3,535424
-0,024224 -0,071636 3,285371 0,273937 1,339563 3,257672 0,023661 0,258920 2,441834 -0,008685 0,709578 3,548860
-0,017188 -0,083790 3,301247 0,276291 1,341495 3,259743 -0,061962 0,254514 2,440567 -0,009131 0,701938 3,548157
0,002552 -0,082542 3,319574 0,285604 1,356540 3,290451 -0,244642 0,255035 2,206459 -0,001278 0,698284 3,548522
0,010262 -0,082908 3,305293 0,285979 1,350049 3,286406 -0,285706 0,284351 2,253591 -0,012509 0,699612 3,535114
0,005924 -0,075697 3,311291 0,292097 1,352329 3,300034 -0,213994 0,283893 2,200858 -0,012501 0,707081 3,535244
-0,015149 -0,070616 3,282345 0,281417 1,355149 3,282886 0,030557 0,308209 2,528140 -0,023350 0,707145 3,495188
-0,028490 -0,072161 3,291820 0,276498 1,342626 3,276102 0,281602 0,245850 2,340710 -0,027504 0,710816 3,535097
-0,034992 -0,069380 3,291832 0,267599 1,343517 3,252251 0,360126 0,245723 2,483779 -0,027070 0,704686 3,481904
-0,037669 -0,067099 3,285921 0,270503 1,343218 3,253152 0,366547 0,250440 2,529038 -0,027070 0,704686 3,481904
-0,030035 -0,067407 3,281392 0,274541 1,342675 3,245260 0,285351 0,365028 2,600307 -0,011832 0,710885 3,535438
-0,025155 -0,074119 3,276706 0,281504 1,345238 3,249110 0,213981 0,461595 2,594290 -0,008243 0,709643 3,549052
-0,018122 -0,076429 3,291233 0,280830 1,356920 3,247513 -0,002265 0,650431 2,275333 0,006254 0,699383 3,575541
-0,004043 -0,081620 3,265677 0,288446 1,353949 3,251144 -0,291458 1,027450 2,625264 0,051184 0,644821 3,391692
-0,004711 -0,082750 3,258262 0,290169 1,342125 3,236306 -0,380895 1,128094 2,667627 0,050198 0,644162 3,367362
-0,001949 -0,074871 3,253882 0,300136 1,362808 3,268688 -0,421110 1,295690 2,898492 0,057100 0,646921 3,342838
-0,000599 -0,071980 3,239512 0,301904 1,363651 3,264797 -0,448641 1,346425 3,157874 0,042855 0,662864 3,392354
-0,005705 -0,069067 3,238922 0,299761 1,353378 3,253691 -0,411469 1,345730 3,267285 0,035414 0,654898 3,367613
