25 12
-0,141707 -0,088549 2,975309 0,256797 1,337967 3,003457 -0,533926 1,436100 3,118598 -0,100146 0,649745 3,079154
-0,133212 -0,098467 3,005449 0,248430 1,343790 2,998141 -0,618169 1,228706 2,620230 -0,087049 0,636666 3,079925
-0,140363 -0,099532 3,022146 0,247716 1,348241 3,005601 -0,548867 0,782139 2,281010 -0,079262 0,623112 3,059347
-0,136699 -0,083287 3,028088 0,238567 1,349719 2,994074 -0,587609 0,447607 2,218997 -0,084293 0,651735 3,090446
-0,134084 -0,083618 3,022137 0,240394 1,342119 2,982555 -0,640120 -0,132343 2,216859 -0,088547 0,665397 3,144095
-0,127142 -0,092235 3,016077 0,242402 1,339303 2,980930 -0,727062 -0,434110 2,349543 -0,111346 0,670980 3,208946
-0,127919 -0,091402 3,025363 0,244363 1,340015 2,997859 -0,672093 -0,492367 2,301720 -0,110769 0,666697 3,186462
-0,136718 -0,083679 3,018473 0,241162 1,335142 2,990850 -0,487586 -0,645555 2,597040 -0,103063 0,666017 3,164984
-0,131972 -0,086439 3,012886 0,234255 1,347697 2,985113 -0,315584 -0,604078 2,426824 -0,109549 0,659326 3,164720
-0,125292 -0,082927 3,002406 0,226722 1,341344 2,977790 -0,383271 -0,675796 2,535322 -0,124480 0,669999 3,185714
-0,106075 -0,090330 2,988911 0,224226 1,353170 2,978852 -0,452458 -0,655105 2,481301 -0,110563 0,676975 3,186787
-0,110329 -0,088439 2,998409 0,231152 1,338667 2,964677 -0,336417 -0,655083 2,356053 -0,096185 0,670486 3,187913
-0,113620 -0,098213 3,011654 0,229246 1,352489 2,982062 -0,275186 -0,638854 2,375735 -0,103276 0,662553 3,164721
-0,110398 -0,089874 3,007700 0,228190 1,344200 2,967169 -0,322612 -0,661867 2,385248 -0,098851 0,659779 3,132416
-0,107989 -0,091409 2,987080 0,232526 1,347132 2,986372 -0,388065 -0,672048 2,463703 -0,103282 0,669299 3,164777
-0,116503 -0,085512 2,997539 0,227756 1,335380 2,971104 -0,337024 -0,662985 2,400299 -0,106799 0,668095 3,175824
-0,118307 -0,090791 3,002619 0,237559 1,351024 2,978236 -0,366519 -0,602483 2,324511 -0,108990 0,655171 3,142797
-0,123452 -0,084713 3,009994 0,247274 1,349253 2,987257 -0,499692 -0,532316 2,385163 -0,117130 0,669124 3,163839
-0,125870 -0,080891 3,014954 0,241241 1,344150 2,978344 -0,518970 -0,409242 2,262696 -0,106481 0,673868 3,153610
-0,111627 -0,076147 3,012246 0,239784 1,350145 2,965960 -0,557971 0,011980 2,104465 -0,082899 0,673801 3,188209
-0,111106 -0,090667 3,018453 0,241094 1,352781 2,964061 -0,608819 0,558253 2,102731 -0,066371 0,644197 3,102116
-0,107974 -0,097854 3,016664 0,241060 1,348944 2,984610 -0,646684 0,815522 2,245453 -0,074192 0,644764 3,123179
-0,114118 -0,088714 3,003330 0,240554 1,356872 2,986197 -0,594840 1,289216 2,808124 -0,083640 0,648609 3,090744
-0,118316 -0,092136 2,994176 0,238630 1,346713 2,986960 -0,534619 1,334286 2,923736 -0,090432 0,648542 3,090344
-0,123871 -0,090195 2,985831 0,243623 1,356735 2,999063 -0,496074 1,341923 3,022785 -0,094059 0,650524 3,100726
