23 12
-0,061220 -0,089916 2,956747 0,261606 1,326498 2,973343 -0,473727 1,336264 2,943860 -0,038992 0,646237 3,061351
-0,066959 -0,091382 2,979206 0,256304 1,320383 2,971122 -0,418375 1,251740 2,671654 -0,035241 0,648251 3,071711
-0,071309 -0,093324 2,990181 0,252695 1,317285 2,966162 -0,342904 1,096792 2,441314 -0,034608 0,638321 3,070953
-0,083965 -0,095469 2,993614 0,249905 1,330093 2,975651 -0,281249 0,779865 2,307023 -0,025800 0,598161 3,084424
-0,093580 -0,091504 3,012880 0,243090 1,328296 2,965580 -0,158383 0,487910 2,198473 -0,050717 0,683295 3,201603
-0,093687 -0,086256 3,009921 0,239703 1,313829 2,956654 -0,159919 0,406467 2,232505 -0,064802 0,691064 3,223695
-0,085440 -0,093273 3,023500 0,238353 1,317186 2,952263 -0,343969 0,270593 2,001448 -0,065348 0,692071 3,246647
-0,080220 -0,091438 3,020211 0,253109 1,314912 2,959793 -0,453988 0,223316 2,112372 -0,053905 0,725121 3,241838
-0,080059 -0,095929 3,014984 0,252473 1,321135 2,960307 -0,396148 0,198860 2,038929 -0,058765 0,700086 3,270211
-0,072317 -0,090075 3,021173 0,252151 1,318932 2,959201 -0,272785 0,221448 2,133531 -0,060590 0,726974 3,267240
-0,069423 -0,090183 3,009307 0,251935 1,309241 2,962444 -0,392555 0,222118 2,191747 -0,058992 0,696547 3,270030
-0,068395 -0,089059 3,019732 0,247951 1,314362 2,957672 -0,450654 0,216607 2,134655 -0,065797 0,698882 3,246516
-0,071798 -0,092007 3,013228 0,250650 1,315466 2,964230 -0,366527 0,217569 2,178530 -0,065572 0,695484 3,246618
-0,071694 -0,089523 3,018283 0,246177 1,326230 2,958281 -0,250269 0,247136 2,141976 -0,065256 0,690996 3,223644
-0,072702 -0,090118 3,017552 0,249488 1,311002 2,948648 -0,270083 0,241973 2,194741 -0,069395 0,693070 3,234590
-0,076377 -0,089694 3,011524 0,247071 1,318761 2,951681 -0,433512 0,227424 2,021194 -0,066023 0,702264 3,246341
-0,078177 -0,092934 3,001248 0,245438 1,316017 2,958412 -0,524956 0,277032 2,125631 -0,061658 0,689858 3,235286
-0,074240 -0,100193 2,996388 0,249549 1,326223 2,959922 -0,511653 0,326865 2,081827 -0,032785 0,668392 3,125059
-0,072394 -0,095723 2,999459 0,255033 1,315761 2,954613 -0,462477 0,552612 2,176760 -0,043005 0,659608 3,113944
-0,065751 -0,096418 2,993019 0,258177 1,308474 2,959002 -0,485161 0,875618 2,210548 -0,025283 0,643033 3,061707
-0,063208 -0,093454 2,987446 0,255678 1,321502 2,956716 -0,503839 1,049062 2,362703 -0,028702 0,645004 3,072020
-0,061796 -0,091901 2,979258 0,257724 1,329896 2,963114 -0,481874 1,328304 2,764097 -0,035683 0,648246 3,071872
-0,061720 -0,085920 2,980365 0,262793 1,320506 2,966301 -0,480807 1,328255 2,947368 -0,039129 0,656817 3,082267
