33 12
-0,103121 -0,103939 3,051882 0,268702 1,331499 3,062707 -0,531616 1,430182 3,211436 -0,056727 0,626337 3,113212
-0,100448 -0,102704 3,065711 0,261985 1,323911 3,052922 -0,571426 1,425051 3,143713 -0,053441 0,635651 3,145770
-0,094635 -0,103872 3,104803 0,261103 1,330993 3,043061 -0,658089 1,136694 2,614434 -0,039862 0,632352 3,146265
-0,092598 -0,107176 3,118113 0,256505 1,328543 3,049461 -0,695594 0,756882 2,465588 -0,043579 0,638367 3,179161
-0,090415 -0,099551 3,122328 0,244922 1,330198 3,035259 -0,709567 0,437108 2,287081 -0,054844 0,652016 3,235164
-0,095226 -0,094947 3,123621 0,246697 1,337563 3,064645 -0,737758 -0,126911 2,309445 -0,065804 0,657447 3,246104
-0,092324 -0,100494 3,117804 0,245977 1,333417 3,072673 -0,689614 -0,455749 2,340051 -0,055060 0,641650 3,234920
-0,091186 -0,105003 3,115734 0,250267 1,319854 3,060385 -0,631879 -0,550915 2,379424 -0,061620 0,634129 3,211942
-0,093694 -0,102264 3,117227 0,252511 1,317859 3,061566 -0,505155 -0,727687 2,702282 -0,064457 0,631478 3,178240
-0,102065 -0,100562 3,129863 0,245629 1,333492 3,062106 -0,284392 -0,668970 2,506273 -0,061402 0,644409 3,212100
-0,103895 -0,102610 3,130789 0,247180 1,324227 3,046329 -0,277545 -0,705136 2,594760 -0,064967 0,645682 3,200616
-0,092995 -0,099870 3,139734 0,242906 1,323457 3,033838 -0,373091 -0,708845 2,550702 -0,057970 0,645732 3,200928
-0,082990 -0,100650 3,118792 0,244002 1,324179 3,021249 -0,408471 -0,698034 2,577433 -0,047785 0,651229 3,212518
-0,080900 -0,100955 3,132295 0,246131 1,343429 3,046685 -0,388476 -0,695855 2,504418 -0,043998 0,645035 3,178984
-0,082779 -0,100732 3,134676 0,253938 1,328495 3,029938 -0,300255 -0,704469 2,582926 -0,051182 0,649124 3,201097
-0,076471 -0,097238 3,123688 0,251012 1,340535 3,039682 -0,350160 -0,714118 2,618146 -0,043965 0,652625 3,201530
-0,070775 -0,103417 3,120727 0,248498 1,336174 3,028222 -0,382785 -0,698113 2,587268 -0,051182 0,649124 3,201097
-0,071624 -0,098350 3,119272 0,254202 1,321442 3,024584 -0,363999 -0,699844 2,578770 -0,044394 0,652498 3,201156
-0,080307 -0,104106 3,134374 0,257293 1,323321 3,024707 -0,250953 -0,650446 2,487805 -0,047580 0,647073 3,190009
-0,076778 -0,102268 3,128353 0,254788 1,335319 3,034402 -0,271212 -0,682053 2,574829 -0,040438 0,643008 3,168024
-0,071002 -0,096698 3,110292 0,263140 1,324586 3,031781 -0,340048 -0,650340 2,492202 -0,050960 0,659396 3,201329
-0,073328 -0,100035 3,107341 0,258796 1,337453 3,047816 -0,325606 -0,655914 2,443090 -0,040376 0,657349 3,190482
-0,082293 -0,104699 3,115318 0,264904 1,319084 3,036786 -0,289515 -0,651287 2,460726 -0,040221 0,646434 3,168200
-0,084017 -0,100489 3,112888 0,268711 1,327467 3,049700 -0,354877 -0,628729 2,414361 -0,051182 0,649124 3,201097
-0,079995 -0,098086 3,109963 0,268838 1,331051 3,056148 -0,471921 -0,602142 2,485886 -0,040759 0,658100 3,212818
-0,082664 -0,095117 3,119737 0,270277 1,319860 3,047546 -0,490469 -0,542767 2,404748 -0,037462 0,651681 3,178743
-0,072654 -0,102620 3,135243 0,277973 1,331017 3,063401 -0,526966 -0,278724 2,217427 -0,030389 0,652566 3,201572
-0,063908 -0,101660 3,129977 0,279051 1,343031 3,060778 -0,572741 0,131938 2,247453 -0,026629 0,653961 3,190701
-0,059413 -0,107795 3,126529 0,281893 1,343428 3,061516 -0,617112 0,377001 2,174211 -0,005132 0,635830 3,147177
-0,051964 -0,106796 3,127322 0,282576 1,332694 3,057847 -0,649447 0,910852 2,464781 -0,019053 0,648052 3,213600
-0,045885 -0,106921 3,116289 0,281320 1,337430 3,055747 -0,662144 1,162495 2,669664 -0,022419 0,637801 3,157758
-0,049940 -0,098449 3,106897 0,285080 1,327129 3,058883 -0,615240 1,249417 2,834372 -0,018755 0,643212 3,168836
-0,056420 -0,097411 3,076812 0,294660 1,334207 3,075573 -0,505186 1,384077 3,250486 -0,032408 0,635113 3,124828
