24 12
-0,067996 -0,083355 2,955929 0,288322 1,348388 3,052045 -0,458072 1,321839 2,830006 -0,039268 0,667533 3,103453
-0,070067 -0,085886 2,970682 0,283502 1,355131 3,034583 -0,409299 1,181220 2,603874 -0,024966 0,657634 3,103492
-0,069942 -0,084761 2,967105 0,282668 1,352276 3,038171 -0,410020 1,040882 2,478629 -0,007725 0,645697 3,093035
-0,073767 -0,087059 2,980672 0,281783 1,360234 3,048362 -0,461883 0,648133 2,183389 -0,014734 0,659715 3,114436
-0,077742 -0,071251 2,989226 0,276904 1,364854 3,043211 -0,418120 0,423223 2,111083 -0,019708 0,684966 3,125033
-0,074078 -0,074507 2,993081 0,282458 1,352085 3,044125 -0,406123 0,382790 2,068660 -0,009373 0,691500 3,157857
-0,069389 -0,069508 3,005039 0,274071 1,353506 3,032657 -0,381261 0,451082 2,003040 -0,037052 0,711794 3,224914
-0,070218 -0,066902 3,007158 0,274387 1,345519 3,025906 -0,372747 0,503413 2,030746 -0,044148 0,703717 3,201808
-0,069836 -0,070039 3,003851 0,271553 1,363712 3,028805 -0,373872 0,455752 2,019580 -0,037059 0,704919 3,224853
-0,066899 -0,067683 3,003285 0,272510 1,345324 3,032704 -0,400643 0,406693 2,003284 -0,040891 0,717475 3,236139
-0,067895 -0,068011 3,007077 0,272853 1,344767 3,030332 -0,392202 0,511106 1,999903 -0,040442 0,703776 3,236252
-0,066517 -0,067678 3,001707 0,278738 1,348505 3,044902 -0,379638 0,497183 1,978356 -0,044108 0,704881 3,224623
-0,067629 -0,072009 3,003745 0,272975 1,355316 3,033186 -0,398238 0,424560 2,001742 -0,037667 0,709369 3,247448
-0,069413 -0,064994 3,008466 0,274329 1,356457 3,036992 -0,385021 0,496789 2,007599 -0,040668 0,707184 3,236200
-0,068761 -0,070471 3,008605 0,278515 1,352821 3,046295 -0,370397 0,484080 1,969860 -0,047294 0,706058 3,213220
-0,072988 -0,068331 2,999248 0,276510 1,346982 3,034307 -0,390317 0,393085 2,000136 -0,041127 0,707053 3,235813
-0,073201 -0,079208 2,998441 0,274975 1,355985 3,036306 -0,389597 0,464010 1,960532 -0,043197 0,698071 3,224445
-0,069202 -0,097843 2,999042 0,277085 1,349481 3,033983 -0,415619 0,572254 2,011503 -0,038493 0,665540 3,233372
-0,067441 -0,089295 2,999472 0,281123 1,347341 3,036074 -0,428256 0,809562 2,134176 -0,003427 0,647419 3,102170
-0,056650 -0,085384 2,971313 0,284114 1,352701 3,027418 -0,524437 1,005076 2,293213 -0,011723 0,670952 3,104168
-0,051553 -0,081949 2,975644 0,292926 1,340792 3,044693 -0,551299 1,110034 2,408014 -0,008080 0,669721 3,114801
-0,051851 -0,085643 2,964972 0,294000 1,349105 3,035445 -0,533744 1,303600 2,701611 -0,032111 0,660149 3,082454
-0,050012 -0,078337 2,952960 0,299826 1,329100 3,034832 -0,527594 1,336451 2,846072 -0,042584 0,672050 3,092758
-0,054143 -0,085370 2,950661 0,297873 1,338255 3,040981 -0,486768 1,337379 2,936571 -0,032103 0,671751 3,124930
