23 12
-0,143579 -0,086223 2,946664 0,326662 1,345340 2,963161 -0,528004 1,413377 2,970660 -0,116763 0,654092 3,067527
-0,142330 -0,089615 2,947373 0,325890 1,339832 2,951393 -0,506094 1,356360 2,813943 -0,109698 0,646881 3,047329
-0,145414 -0,088915 2,952087 0,325983 1,338438 2,938073 -0,500867 1,158512 2,501712 -0,105927 0,652227 3,057604
-0,146146 -0,093351 2,961119 0,324623 1,342195 2,932919 -0,453158 0,953337 2,372498 -0,099476 0,646464 3,078648
-0,147451 -0,093349 2,964275 0,328826 1,325483 2,928336 -0,461395 0,819731 2,315854 -0,096341 0,641913 3,089362
-0,150450 -0,094322 2,965338 0,334520 1,330864 2,948488 -0,476107 0,592813 2,261207 -0,099428 0,649035 3,058218
-0,145930 -0,092934 2,971146 0,330394 1,330234 2,938272 -0,461423 0,477293 2,246773 -0,130313 0,672536 3,163256
-0,146538 -0,095527 2,970713 0,329492 1,336324 2,950243 -0,472583 0,484309 2,250797 -0,100587 0,656246 3,079199
-0,144689 -0,092615 2,970148 0,334883 1,335453 2,953363 -0,463554 0,517865 2,232710 -0,133196 0,673768 3,152010
-0,141961 -0,090845 2,977792 0,336719 1,335237 2,954806 -0,456814 0,491244 2,221689 -0,103489 0,664066 3,068591
-0,141223 -0,091357 2,980235 0,336317 1,329865 2,951179 -0,471338 0,506032 2,235100 -0,136507 0,668194 3,140771
-0,137666 -0,099254 2,985643 0,331543 1,340612 2,942346 -0,463795 0,540368 2,217941 -0,133442 0,678103 3,173857
-0,140174 -0,095963 2,993653 0,329961 1,332361 2,932240 -0,455956 0,501322 2,208504 -0,127410 0,685939 3,196946
-0,139533 -0,098928 2,994070 0,334267 1,327682 2,934131 -0,461022 0,496127 2,222932 -0,093824 0,667103 3,100796
-0,138194 -0,097777 2,994500 0,338167 1,335632 2,933241 -0,475312 0,461999 2,215509 -0,127410 0,685939 3,196946
-0,140911 -0,097554 2,998106 0,338223 1,330073 2,933713 -0,476040 0,354227 2,213265 -0,123399 0,679382 3,163863
-0,139063 -0,095356 2,994213 0,341129 1,340604 2,950175 -0,465477 0,361204 2,206515 -0,133903 0,684824 3,174121
-0,133943 -0,093159 2,996466 0,336312 1,329277 2,927453 -0,459053 0,472744 2,209020 -0,084481 0,665841 3,111938
-0,130369 -0,096776 2,986433 0,338197 1,331799 2,945139 -0,481020 0,722642 2,187260 -0,092036 0,639273 3,057963
-0,126036 -0,094501 2,985054 0,338551 1,330508 2,938169 -0,516242 0,878352 2,237126 -0,089545 0,651143 3,069269
-0,124302 -0,097077 2,980870 0,339286 1,334563 2,953170 -0,497948 1,235650 2,553959 -0,092475 0,645842 3,058489
-0,124474 -0,090394 2,985367 0,345659 1,333067 2,950686 -0,546117 1,353888 2,806436 -0,100136 0,662899 3,079226
-0,124684 -0,091198 2,967257 0,347131 1,340858 2,962342 -0,507942 1,362762 2,921768 -0,112993 0,648064 3,036821
