39 12
-0,112210 -0,072990 2,986099 0,298064 1,342402 3,068862 -0,552320 1,398567 3,057024 -0,052721 0,650909 3,102782
-0,112443 -0,069600 2,998305 0,300164 1,346372 3,072014 -0,594109 1,342267 2,943477 -0,046078 0,661690 3,124505
-0,112604 -0,072800 3,005938 0,298249 1,336969 3,066670 -0,648294 1,231175 2,815056 -0,048978 0,652205 3,092212
-0,115610 -0,079557 3,004224 0,298723 1,335597 3,060559 -0,744817 1,104413 2,727805 -0,056509 0,657022 3,134840
-0,115124 -0,075193 3,005286 0,296624 1,341954 3,066026 -0,833272 0,958732 2,617367 -0,052947 0,647588 3,102827
-0,115767 -0,076131 3,019681 0,295511 1,337402 3,062244 -0,872494 0,815880 2,516225 -0,052937 0,654208 3,102864
-0,119249 -0,080560 3,029217 0,295543 1,339610 3,067943 -0,848449 0,708604 2,420481 -0,042800 0,649669 3,113895
-0,123705 -0,075912 3,042220 0,283424 1,334838 3,044999 -0,766347 0,638678 2,323216 -0,046317 0,651685 3,124505
-0,124257 -0,076876 3,046231 0,276823 1,352180 3,059001 -0,617704 0,570480 2,174313 -0,039302 0,647663 3,103345
-0,123238 -0,084868 3,045915 0,276373 1,338308 3,055923 -0,482300 0,555920 2,148950 -0,046104 0,648365 3,124424
-0,119711 -0,086718 3,044373 0,267518 1,346076 3,041317 -0,433476 0,551421 2,206351 -0,039397 0,652487 3,146355
-0,115148 -0,087004 3,042892 0,271201 1,328970 3,037049 -0,453776 0,541998 2,260564 -0,039397 0,652487 3,146355
-0,109481 -0,079277 3,048790 0,267153 1,335449 3,035817 -0,521190 0,520320 2,289940 -0,036582 0,665469 3,179603
-0,103430 -0,084700 3,052854 0,267060 1,334192 3,043545 -0,597119 0,518462 2,306610 -0,046926 0,663304 3,168157
-0,098745 -0,073749 3,050010 0,271903 1,332786 3,058309 -0,663094 0,523971 2,259862 -0,040136 0,674374 3,190700
-0,099080 -0,083168 3,063445 0,277489 1,341183 3,086072 -0,660057 0,536120 2,236393 -0,036799 0,668817 3,179544
-0,099977 -0,084262 3,049412 0,276264 1,336919 3,072644 -0,576874 0,522359 2,173365 -0,036001 0,661292 3,157463
-0,099917 -0,083501 3,065384 0,274152 1,332308 3,063627 -0,466586 0,512297 2,076314 -0,046484 0,663338 3,168100
-0,100577 -0,089347 3,055685 0,268972 1,339893 3,060992 -0,387574 0,519868 2,128090 -0,039555 0,656626 3,168309
-0,101817 -0,080184 3,059175 0,268884 1,337469 3,055948 -0,387716 0,523666 2,185527 -0,036001 0,661292 3,157463
-0,099106 -0,076381 3,059712 0,267011 1,340897 3,047503 -0,449144 0,521721 2,227689 -0,043140 0,664614 3,157302
-0,094470 -0,076813 3,061564 0,268377 1,337453 3,053566 -0,527323 0,514431 2,261791 -0,040362 0,670936 3,190591
-0,092507 -0,084118 3,065794 0,269234 1,341407 3,070868 -0,583332 0,501011 2,227758 -0,072803 0,682628 3,269423
-0,093310 -0,078451 3,067449 0,274497 1,334876 3,070269 -0,610228 0,505833 2,214223 -0,039472 0,671000 3,190495
-0,095750 -0,082696 3,063791 0,272955 1,348191 3,073991 -0,589807 0,505217 2,197565 -0,058275 0,678305 3,246833
-0,099278 -0,087239 3,056541 0,269754 1,355476 3,080359 -0,515116 0,495379 2,144474 -0,065140 0,674827 3,246467
-0,101877 -0,079064 3,061375 0,265150 1,346323 3,065215 -0,420932 0,485273 2,089720 -0,068276 0,682952 3,234787
-0,106950 -0,087154 3,056702 0,259615 1,341878 3,036152 -0,319033 0,482549 2,103490 -0,065011 0,679239 3,269480
-0,112573 -0,082791 3,057367 0,259707 1,336979 3,044864 -0,296661 0,496990 2,147604 -0,058057 0,674878 3,246796
-0,110014 -0,086182 3,048804 0,262417 1,328486 3,040330 -0,302562 0,516165 2,180939 -0,042936 0,654532 3,157171
-0,104700 -0,089572 3,048276 0,257579 1,341722 3,051501 -0,318176 0,556649 2,219198 -0,039061 0,657358 3,189920
-0,104118 -0,086737 3,050988 0,266258 1,326237 3,050808 -0,345921 0,614060 2,224741 -0,034740 0,640870 3,155571
-0,101230 -0,087075 3,039147 0,265950 1,329218 3,046314 -0,377901 0,698764 2,264422 -0,027161 0,619895 3,132205
-0,094437 -0,087690 3,035236 0,276780 1,330063 3,040080 -0,410444 0,815599 2,298803 -0,041543 0,629614 3,112459
-0,092853 -0,081899 3,029706 0,285304 1,321369 3,031906 -0,451316 0,950071 2,390354 -0,035324 0,639730 3,113724
-0,088179 -0,080717 3,025617 0,295062 1,333106 3,053885 -0,490854 1,097734 2,499799 -0,039397 0,652487 3,146355
-0,085877 -0,082866 3,026222 0,299657 1,344558 3,063263 -0,521834 1,229596 2,646163 -0,039611 0,655829 3,146433
-0,088202 -0,070878 3,024503 0,305970 1,337176 3,071837 -0,531341 1,298283 2,785317 -0,042734 0,663788 3,135443
-0,084041 -0,071101 3,016238 0,309488 1,338054 3,074906 -0,530337 1,340182 2,921699 -0,039155 0,662539 3,146298
