24 12
-0,060022 -0,083360 3,082221 0,330357 1,338025 3,105855 -0,489805 1,392817 3,086729 -0,039918 0,670999 3,190684
-0,060895 -0,081811 3,075558 0,328770 1,327510 3,092931 -0,519217 1,341070 3,016266 -0,036051 0,673166 3,201846
-0,061510 -0,076983 3,078617 0,330121 1,320374 3,083747 -0,656079 0,922955 2,581712 -0,039487 0,664207 3,190442
-0,065365 -0,084552 3,083355 0,328311 1,317872 3,081780 -0,720897 0,558706 2,559145 -0,032813 0,666773 3,168667
-0,069995 -0,074069 3,089245 0,328644 1,315579 3,082539 -0,640141 0,401961 2,409269 -0,029726 0,671347 3,157691
-0,073807 -0,079384 3,081372 0,315561 1,328132 3,070043 -0,474719 0,291103 2,616987 -0,037230 0,689023 3,179324
-0,067929 -0,070187 3,085402 0,314298 1,328397 3,071270 -0,418856 0,288858 2,729417 -0,037682 0,695614 3,178722
-0,060970 -0,062446 3,078396 0,311923 1,316717 3,050069 -0,530670 0,289468 2,900642 -0,029587 0,685829 3,179965
-0,053210 -0,078024 3,097408 0,312618 1,314111 3,060705 -0,667706 0,309610 2,603206 -0,022920 0,679980 3,202369
-0,056970 -0,085003 3,101554 0,305872 1,318545 3,078550 -0,458976 0,273303 2,313416 -0,023875 0,704656 3,224114
-0,058528 -0,067315 3,119108 0,305182 1,303313 3,057475 -0,366031 0,266211 2,311618 -0,022680 0,690253 3,202548
-0,055737 -0,076901 3,099340 0,310460 1,307806 3,055916 -0,360652 0,287013 2,481085 -0,019195 0,692485 3,213940
-0,051275 -0,071630 3,103409 0,315148 1,299208 3,048724 -0,608412 0,298634 2,686155 -0,026541 0,693460 3,236483
-0,051210 -0,074877 3,105333 0,310941 1,303520 3,059047 -0,569781 0,262068 2,478700 -0,019427 0,689023 3,213810
-0,054589 -0,067163 3,100205 0,306582 1,305313 3,076799 -0,413674 0,241555 2,610165 -0,026816 0,698077 3,190813
-0,054603 -0,085886 3,075711 0,306703 1,317404 3,050673 -0,327257 0,250872 2,678797 -0,020556 0,698856 3,212317
-0,049431 -0,076643 3,082562 0,317057 1,306930 3,058537 -0,430814 0,264705 2,874273 -0,019874 0,695745 3,213451
-0,046359 -0,078642 3,092902 0,320304 1,306590 3,060913 -0,613085 0,281030 2,527463 -0,019206 0,685638 3,213883
-0,040592 -0,082998 3,079523 0,319165 1,310869 3,057312 -0,660026 0,507068 2,425915 -0,018770 0,678823 3,213813
-0,036620 -0,088168 3,085191 0,322192 1,312748 3,069632 -0,639209 0,645853 2,293013 -0,011988 0,664303 3,191389
-0,035903 -0,086458 3,085988 0,330641 1,340297 3,079233 -0,583566 1,067700 2,617766 -0,018478 0,666820 3,168893
-0,033077 -0,084231 3,079535 0,340122 1,327430 3,083956 -0,508865 1,219779 2,737986 -0,018731 0,674486 3,191275
-0,032646 -0,082116 3,067933 0,346815 1,340984 3,092607 -0,460405 1,278377 2,868710 -0,022254 0,676637 3,202420
-0,039153 -0,082330 3,070572 0,344140 1,330535 3,078423 -0,426416 1,328946 3,035720 -0,025424 0,666799 3,168706
