21 12
-0,084271 -0,097281 2,989081 0,249389 1,315842 2,972590 -0,584317 1,302588 2,848844 -0,055737 0,644160 3,050357
-0,087056 -0,095741 3,003352 0,250163 1,318746 2,983624 -0,654421 1,196651 2,706878 -0,052485 0,646162 3,060842
-0,085572 -0,095231 3,003146 0,257389 1,320641 2,998059 -0,787084 0,836187 2,272996 -0,048763 0,648888 3,092005
-0,096125 -0,086731 3,029252 0,258320 1,306842 2,977582 -0,776197 0,564788 2,242789 -0,060145 0,659864 3,081302
-0,101327 -0,087713 3,025373 0,254186 1,311819 2,989094 -0,712375 0,448960 2,158765 -0,053366 0,667390 3,102872
-0,103053 -0,088534 3,023535 0,247914 1,302935 2,980135 -0,564258 0,359361 2,223029 -0,043442 0,666160 3,113769
-0,105043 -0,084222 3,031302 0,250431 1,311846 2,995018 -0,392339 0,291890 2,052805 -0,085712 0,689831 3,199955
-0,104993 -0,091852 3,035119 0,248063 1,308177 2,989179 -0,428947 0,258721 2,096478 -0,082839 0,696565 3,234273
-0,106124 -0,092612 3,036333 0,247614 1,310263 2,992819 -0,452124 0,231849 2,067705 -0,082839 0,696565 3,234273
-0,106852 -0,086701 3,038489 0,251067 1,306691 2,993314 -0,293348 0,211372 1,934589 -0,081980 0,733745 3,266450
-0,105903 -0,093663 3,037341 0,249956 1,316741 2,984035 -0,280531 0,220249 2,010113 -0,087947 0,710041 3,268307
-0,104782 -0,096363 3,037823 0,250133 1,313880 3,009948 -0,356483 0,205338 2,009469 -0,097181 0,699816 3,233421
-0,105155 -0,093829 3,031168 0,249121 1,298711 2,990098 -0,307668 0,199808 1,940396 -0,102730 0,730492 3,217831
-0,107084 -0,086952 3,034007 0,254491 1,304438 3,000348 -0,239893 0,196854 1,935655 -0,094841 0,706580 3,268125
-0,106181 -0,092031 3,024559 0,251384 1,307516 2,995136 -0,196535 0,260339 2,052872 -0,082421 0,692084 3,211455
-0,101053 -0,098889 3,025930 0,247924 1,308916 2,990367 -0,270093 0,424533 2,075378 -0,074953 0,685344 3,211665
-0,098764 -0,111023 3,016885 0,251282 1,305159 2,987010 -0,315637 0,550308 2,105145 -0,073640 0,657748 3,209380
-0,094105 -0,104742 3,030720 0,253315 1,309241 2,987343 -0,340396 0,861787 2,180887 -0,047094 0,621903 3,088048
-0,087414 -0,094212 3,016482 0,263286 1,319997 3,010508 -0,496772 1,172020 2,510151 -0,042403 0,648947 3,092583
-0,087150 -0,095590 3,001125 0,256468 1,323823 2,995546 -0,506668 1,264750 2,687099 -0,058816 0,653397 3,081050
-0,091553 -0,098951 2,990829 0,257826 1,320409 2,986465 -0,464310 1,348890 3,038355 -0,065527 0,646080 3,060032
