14 12
-0,051599 -0,079322 3,010897 0,375183 1,332530 3,034123 -0,472733 1,390235 3,060822 -0,035851 0,663822 3,135685
-0,051945 -0,080378 3,013859 0,369267 1,315408 3,014705 -0,507868 1,230801 2,765447 -0,039611 0,655829 3,146433
-0,052478 -0,076033 3,012452 0,363719 1,325010 2,998189 -0,458159 0,863862 2,557140 -0,039155 0,662539 3,146298
-0,057366 -0,074925 3,020592 0,360650 1,313778 2,992296 -0,473414 0,640779 2,497528 -0,040478 0,669057 3,146072
-0,054154 -0,061851 3,020154 0,360408 1,322540 2,997543 -0,469898 0,293552 2,685419 -0,033104 0,677395 3,103483
-0,050652 -0,068220 3,010097 0,358085 1,318966 2,982947 -0,449726 0,176150 2,789824 -0,026505 0,674041 3,103426
-0,047601 -0,069140 3,010648 0,360360 1,324507 2,993394 -0,432545 0,166596 2,875628 -0,026884 0,685821 3,146267
-0,046450 -0,069314 3,010283 0,361333 1,316587 2,998278 -0,431550 0,212649 2,824054 -0,033673 0,681490 3,124411
-0,044471 -0,069979 3,009539 0,363465 1,309478 2,994358 -0,447919 0,422821 2,685282 -0,022283 0,673902 3,136196
-0,041990 -0,083829 3,015755 0,364636 1,320979 3,001257 -0,459599 0,583670 2,539428 -0,035771 0,664650 3,157364
-0,040855 -0,084176 3,023767 0,367085 1,323040 3,000100 -0,502809 1,018891 2,605605 -0,028652 0,654566 3,157335
-0,037001 -0,073192 3,012715 0,373880 1,314674 3,001179 -0,529406 1,249765 2,767281 -0,021849 0,667211 3,136004
-0,036275 -0,068341 3,017528 0,373910 1,320528 3,007868 -0,504264 1,329151 2,883451 -0,032567 0,665082 3,125056
-0,041710 -0,081947 3,004104 0,383281 1,314159 3,026879 -0,462829 1,401075 3,134290 -0,025791 0,662594 3,146902
