24 12
-0,037418 -0,075056 2,969838 0,374115 1,344591 3,051771 -0,421760 1,348681 2,927862 -0,008046 0,685393 3,093606
-0,042311 -0,085240 2,987676 0,372674 1,353296 3,043613 -0,254274 1,158271 2,552521 -0,016950 0,663131 3,080801
-0,044320 -0,088178 2,990496 0,372844 1,350175 3,047682 -0,179949 1,051448 2,438672 -0,009136 0,650033 3,098617
-0,049944 -0,094347 2,994480 0,364037 1,342799 3,032953 -0,118639 0,838886 2,423785 -0,010622 0,669152 3,146049
-0,057907 -0,089784 2,996019 0,365894 1,329671 3,016110 -0,186386 0,700263 2,525065 0,001818 0,685183 3,125901
-0,055118 -0,081203 3,001428 0,363827 1,330310 3,007339 -0,310326 0,650973 2,552875 -0,022346 0,709625 3,180348
-0,049064 -0,087990 2,996891 0,369295 1,346309 3,019773 -0,467521 0,511639 2,307766 -0,026349 0,705012 3,191263
-0,050741 -0,086682 3,013164 0,368243 1,351027 3,038139 -0,375476 0,445909 2,181790 0,004895 0,688700 3,093884
-0,048401 -0,082428 3,010382 0,370654 1,344813 3,042300 -0,306406 0,431249 2,151870 0,004670 0,691974 3,093789
-0,052237 -0,072334 2,994257 0,370816 1,353220 3,054757 -0,174660 0,478912 2,344868 0,004452 0,701852 3,093661
-0,046756 -0,083505 2,992663 0,374474 1,341653 3,016104 -0,293155 0,538262 2,497742 -0,018841 0,707381 3,169328
-0,046779 -0,084559 3,000255 0,379306 1,343275 3,029362 -0,376144 0,542704 2,470339 -0,025872 0,711883 3,191432
-0,044189 -0,088796 3,000921 0,372086 1,341756 3,022333 -0,374050 0,491197 2,324287 0,008362 0,690848 3,104532
-0,044350 -0,074717 3,005084 0,364885 1,347329 3,042079 -0,231440 0,465624 2,225387 0,004910 0,695317 3,093916
-0,044860 -0,084449 3,004457 0,358663 1,355029 3,033759 -0,225199 0,490349 2,308650 0,011724 0,695318 3,093964
-0,042277 -0,080302 2,995791 0,362395 1,331491 3,023087 -0,361046 0,488920 2,240166 0,011949 0,692028 3,094001
-0,037615 -0,084249 2,994280 0,366665 1,330995 2,999529 -0,536647 0,551271 2,386868 0,012312 0,693031 3,115281
-0,031367 -0,081378 2,995021 0,368417 1,339144 3,025504 -0,547724 0,572518 2,337675 0,008947 0,695206 3,126008
-0,026418 -0,088121 2,995416 0,374152 1,353337 3,030982 -0,535712 0,711284 2,369243 0,012312 0,693031 3,115281
-0,020285 -0,082009 2,983347 0,376939 1,354956 3,040342 -0,517259 0,920459 2,344254 0,005579 0,685406 3,093815
-0,018801 -0,088339 2,980850 0,376141 1,352819 3,039013 -0,519579 1,036035 2,438677 0,002433 0,684197 3,104222
-0,015710 -0,082388 2,978450 0,383668 1,372387 3,062235 -0,479970 1,300080 2,762093 0,008925 0,683283 3,083299
-0,014748 -0,083786 2,968080 0,380935 1,357917 3,042949 -0,448855 1,309829 2,861950 0,008705 0,686591 3,083392
-0,014738 -0,077034 2,968730 0,379167 1,344684 3,044559 -0,412777 1,319733 2,948322 0,005035 0,687753 3,072901
