22 12
-0,107520 -0,091814 2,917084 0,265915 1,303537 2,956900 -0,499271 1,407500 3,096778 -0,055767 0,624620 3,050276
-0,107430 -0,091277 2,920853 0,261636 1,301064 2,941311 -0,504793 1,419217 3,062604 -0,058712 0,611948 2,999382
-0,099700 -0,088599 2,943944 0,259395 1,300741 2,943353 -0,542137 1,324925 2,769922 -0,042318 0,624697 3,050809
-0,101758 -0,083024 2,959548 0,263401 1,305007 2,943644 -0,495542 1,097637 2,513272 -0,018473 0,618580 3,000716
-0,102548 -0,088983 2,971954 0,257742 1,318000 2,961632 -0,494262 0,832777 2,291817 -0,011460 0,602126 2,980735
-0,110043 -0,080432 2,962493 0,245572 1,307830 2,930606 -0,575363 0,184000 2,049370 -0,054249 0,653836 3,101883
-0,106491 -0,074288 2,936938 0,248576 1,302424 2,919776 -0,526040 -0,323740 1,987629 -0,043285 0,642221 3,092383
-0,107069 -0,071737 2,933266 0,252147 1,321875 2,942773 -0,511355 -0,507888 2,147149 -0,056675 0,638894 3,091983
-0,108033 -0,075009 2,903928 0,258627 1,297640 2,920876 -0,421623 -0,774873 2,555244 -0,046569 0,640945 3,102983
-0,111145 -0,077786 2,909578 0,257084 1,323834 2,941817 -0,379508 -0,829704 2,616332 -0,049884 0,631667 3,071107
-0,107797 -0,077636 2,905104 0,258153 1,319356 2,947972 -0,357580 -0,850970 2,672601 -0,053167 0,630367 3,081556
-0,107038 -0,074951 2,926265 0,256588 1,298285 2,915524 -0,349545 -0,838383 2,669854 -0,047001 0,634208 3,102607
-0,101334 -0,071646 2,915832 0,259861 1,304167 2,930744 -0,335528 -0,778251 2,581629 -0,046998 0,640823 3,102645
-0,101052 -0,073838 2,922106 0,261538 1,304162 2,929197 -0,341304 -0,716744 2,501078 -0,036401 0,642999 3,113997
-0,092589 -0,069352 2,949515 0,267630 1,304809 2,948158 -0,405674 -0,507569 2,241839 -0,026259 0,642419 3,146657
-0,081422 -0,090337 2,933426 0,262369 1,311609 2,962037 -0,400872 -0,097972 2,053231 -0,031171 0,663093 3,133360
-0,085123 -0,069907 2,955400 0,264663 1,306062 2,962330 -0,423006 0,157206 2,021918 -0,029653 0,647069 3,135737
-0,078536 -0,088734 2,974043 0,271794 1,302795 2,960496 -0,491133 0,705022 2,118351 0,011819 0,601171 3,010982
-0,077919 -0,087721 2,960206 0,274101 1,309757 2,970073 -0,582208 1,056284 2,359874 -0,008872 0,625363 3,072417
-0,078096 -0,089566 2,957870 0,270578 1,302357 2,959653 -0,572027 1,199603 2,547122 -0,019040 0,627273 3,082684
-0,085359 -0,083663 2,928384 0,266502 1,299434 2,948506 -0,499339 1,401357 2,979248 -0,038883 0,622806 3,040651
-0,090557 -0,090334 2,929913 0,267856 1,297588 2,948470 -0,476870 1,390138 3,066879 -0,048854 0,614389 3,030046
