24 12
-0,092017 -0,073692 2,985176 0,223242 1,311010 2,969103 -0,504406 1,349173 3,099519 -0,066603 0,634262 3,102133
-0,090135 -0,077703 2,994578 0,216398 1,312112 2,965921 -0,497072 1,375311 3,082049 -0,066603 0,634262 3,102133
-0,092967 -0,071857 3,003768 0,202139 1,297558 2,951894 -0,506744 1,317149 2,867431 -0,060485 0,638214 3,123790
-0,094408 -0,079790 3,009094 0,201923 1,294410 2,950274 -0,392086 1,091219 2,559746 -0,059587 0,624407 3,102332
-0,096833 -0,083039 3,010575 0,199667 1,299065 2,958330 -0,390858 0,911174 2,437716 -0,062294 0,619621 3,111847
-0,099432 -0,081547 3,018867 0,204141 1,296978 2,953200 -0,455071 0,579800 2,286911 -0,049665 0,637025 3,135005
-0,098087 -0,078237 3,016100 0,204834 1,301213 2,957331 -0,415568 0,459696 2,193214 -0,046979 0,641576 3,124225
-0,094832 -0,078421 3,019752 0,200462 1,304345 2,973411 -0,426110 0,466948 2,144408 -0,050094 0,636987 3,135063
-0,092437 -0,079728 3,021628 0,204789 1,295447 2,957285 -0,435121 0,512227 2,149733 -0,053862 0,642282 3,145746
-0,084566 -0,077213 3,018907 0,205387 1,304343 2,971150 -0,439510 0,424228 2,116315 -0,054500 0,645421 3,145156
-0,080792 -0,077677 3,020969 0,213227 1,308922 2,980503 -0,430983 0,394630 2,082446 -0,047156 0,653141 3,168006
-0,072630 -0,083483 3,034628 0,213743 1,314965 2,986519 -0,414998 0,473786 2,074040 -0,043602 0,644373 3,157073
-0,073329 -0,073480 3,029899 0,210652 1,293651 2,946112 -0,408777 0,444511 2,088979 -0,047587 0,653016 3,167649
-0,074910 -0,080836 3,031726 0,210379 1,313753 2,983087 -0,418755 0,426220 2,068999 -0,040274 0,645657 3,146127
-0,073238 -0,083095 3,038199 0,212015 1,314713 2,989014 -0,400356 0,477083 2,068403 -0,047162 0,646397 3,167957
-0,075559 -0,076599 3,048531 0,209323 1,300620 2,967643 -0,402268 0,449947 2,109956 -0,050945 0,657655 3,156567
-0,077320 -0,080522 3,043224 0,209249 1,305154 2,973780 -0,394570 0,441644 2,082706 -0,050516 0,651056 3,156867
-0,080084 -0,089938 3,028497 0,209371 1,303165 2,983061 -0,377941 0,563600 2,088692 -0,053025 0,628965 3,145525
-0,079377 -0,087365 3,024208 0,205113 1,294846 2,953974 -0,449920 0,776697 2,184744 -0,028226 0,619281 3,092367
-0,078920 -0,082834 3,031915 0,204485 1,296067 2,950124 -0,478389 0,881869 2,254197 -0,039337 0,627816 3,103237
-0,075341 -0,080817 3,022160 0,211123 1,295408 2,963674 -0,490409 1,120131 2,459575 -0,046158 0,627782 3,102989
-0,074755 -0,082949 3,008818 0,214259 1,307602 2,975347 -0,563120 1,256355 2,690754 -0,052967 0,634355 3,102752
-0,075479 -0,078375 3,007679 0,217971 1,305785 2,973947 -0,546546 1,284969 2,800659 -0,067124 0,641533 3,123554
-0,080645 -0,081751 2,976526 0,225261 1,307694 2,976564 -0,487640 1,323814 3,081498 -0,060274 0,634928 3,123832
