36 12
-0,080013 -0,085465 3,063917 0,276706 1,338421 3,053427 -0,569584 1,373810 3,014987 -0,056482 0,649587 3,113349
-0,081855 -0,081889 3,072397 0,269471 1,337131 3,046737 -0,611876 1,295349 2,889548 -0,056268 0,646280 3,113263
-0,085256 -0,088507 3,080377 0,267203 1,342192 3,053479 -0,668187 1,171696 2,751034 -0,042974 0,653751 3,135438
-0,085507 -0,086732 3,083479 0,269641 1,339293 3,048372 -0,762095 1,058334 2,651220 -0,049857 0,654495 3,156901
-0,087952 -0,082335 3,090125 0,269344 1,345969 3,058078 -0,852801 0,914047 2,565935 -0,049414 0,653719 3,134981
-0,092736 -0,085557 3,091018 0,266931 1,337410 3,052369 -0,894987 0,773110 2,473418 -0,046496 0,656590 3,168050
-0,097035 -0,083530 3,101516 0,270777 1,340289 3,067057 -0,893064 0,650279 2,388143 -0,047333 0,671831 3,212923
-0,099263 -0,077986 3,103261 0,271318 1,336313 3,064471 -0,832087 0,559967 2,297176 -0,047333 0,671831 3,212923
-0,104129 -0,085549 3,111203 0,265337 1,335100 3,060268 -0,714042 0,485542 2,164078 -0,051176 0,662746 3,201213
-0,103807 -0,079358 3,109088 0,263313 1,339452 3,057173 -0,599238 0,463295 2,108768 -0,054333 0,664060 3,190024
-0,103247 -0,072306 3,106616 0,252048 1,346139 3,047522 -0,515794 0,457040 2,133367 -0,047107 0,675276 3,212959
-0,106179 -0,078047 3,105786 0,250823 1,352415 3,053673 -0,502469 0,449337 2,174513 -0,050948 0,665298 3,178893
-0,103760 -0,079754 3,107731 0,255177 1,337438 3,054158 -0,548397 0,420556 2,208726 -0,050950 0,673025 3,201444
-0,103655 -0,078361 3,106689 0,255008 1,336424 3,064290 -0,594415 0,408234 2,200729 -0,050950 0,673025 3,201444
-0,098057 -0,082302 3,110093 0,251550 1,336596 3,059437 -0,611046 0,414619 2,166233 -0,050732 0,669658 3,201489
-0,105719 -0,080970 3,115593 0,253240 1,341308 3,062122 -0,573709 0,429243 2,143954 -0,050732 0,669658 3,201489
-0,100310 -0,074517 3,116637 0,254856 1,331233 3,059545 -0,503785 0,434479 2,087093 -0,054130 0,675233 3,212675
-0,097513 -0,079870 3,112741 0,255352 1,336923 3,055618 -0,424406 0,442585 2,078586 -0,043470 0,674050 3,224371
-0,095261 -0,082398 3,110635 0,258110 1,337037 3,055649 -0,413047 0,457387 2,139268 -0,047557 0,668371 3,212817
-0,092958 -0,084146 3,115178 0,259211 1,335829 3,049966 -0,458868 0,457935 2,179554 -0,047333 0,671831 3,212923
-0,092417 -0,085419 3,115640 0,262491 1,341447 3,068460 -0,526186 0,460320 2,198348 -0,047536 0,677142 3,258834
-0,088639 -0,083045 3,114304 0,265858 1,347599 3,084776 -0,563557 0,470228 2,166830 -0,066113 0,688229 3,317180
-0,089303 -0,083914 3,118155 0,270560 1,333926 3,073599 -0,535175 0,477780 2,138480 -0,062573 0,689470 3,305419
-0,093281 -0,078068 3,111001 0,271451 1,337250 3,080771 -0,452574 0,468832 2,062126 -0,062578 0,682449 3,305339
-0,094395 -0,093188 3,106164 0,273506 1,331141 3,084630 -0,344416 0,482322 2,059723 -0,065783 0,683703 3,293297
-0,093876 -0,092979 3,109786 0,267118 1,333443 3,068376 -0,292622 0,517244 2,115378 -0,065684 0,674148 3,316756
-0,094264 -0,089392 3,095879 0,258727 1,344189 3,054323 -0,268095 0,566178 2,172953 -0,042402 0,656719 3,222814
-0,092947 -0,104367 3,088478 0,258929 1,333950 3,051345 -0,280205 0,613209 2,190356 -0,042011 0,642846 3,221627
-0,089745 -0,102219 3,088225 0,259447 1,331228 3,048446 -0,319086 0,680162 2,206095 -0,060435 0,646935 3,301377
-0,085898 -0,087789 3,086241 0,263330 1,328630 3,050679 -0,359291 0,770504 2,241864 -0,019724 0,620023 3,151782
-0,083707 -0,085740 3,079997 0,270026 1,341915 3,074424 -0,400502 0,885655 2,311056 -0,024760 0,639029 3,145851
-0,080356 -0,090027 3,082002 0,271425 1,339182 3,053907 -0,439658 1,018200 2,411615 -0,025248 0,649907 3,168403
-0,078926 -0,079518 3,074437 0,279347 1,336544 3,077958 -0,473411 1,150857 2,523220 -0,025591 0,652543 3,146792
-0,076810 -0,082657 3,064832 0,277137 1,346519 3,073568 -0,507012 1,256652 2,682047 -0,029091 0,654594 3,157635
-0,072925 -0,081752 3,050935 0,275492 1,337680 3,061097 -0,513546 1,314632 2,823421 -0,035651 0,653788 3,135503
-0,074718 -0,081829 3,046039 0,281653 1,336069 3,075593 -0,504691 1,349777 2,938699 -0,032267 0,655863 3,146491
