29 12
-0,038459 -0,080429 2,899773 0,300375 1,302683 2,971065 -0,335637 1,360560 2,994664 0,015085 0,645655 3,041774
-0,039418 -0,076879 2,909577 0,296352 1,316585 2,959664 -0,338819 1,364493 2,991429 0,021571 0,642394 3,041796
-0,036809 -0,082087 2,916567 0,314465 1,314829 2,905663 -0,351232 1,304636 2,859985 0,008371 0,645658 3,041722
-0,041483 -0,079771 2,927854 0,308196 1,254160 2,770452 -0,244588 1,104885 2,594924 0,015495 0,619076 3,020946
-0,037415 -0,086134 2,933392 0,272283 1,132899 2,644585 -0,214523 1,013723 2,477504 0,026157 0,604595 3,030190
-0,039832 -0,097218 2,960628 0,149839 0,949180 2,372116 -0,225222 0,853323 2,289387 0,000390 0,573874 3,020572
-0,041697 -0,091691 2,981775 0,226114 0,702209 2,046168 -0,181883 0,669135 2,119059 -0,048423 0,654384 3,211667
-0,040976 -0,082523 2,981422 0,243480 0,608264 1,946159 -0,228608 0,579898 2,080900 -0,020420 0,676883 3,258416
-0,035706 -0,048969 2,981575 0,378233 0,471034 2,008056 -0,370640 0,403170 1,906633 -0,011452 0,716629 3,283503
-0,032940 -0,044343 2,961406 0,508848 0,377388 1,900848 -0,606776 0,444621 2,117452 0,022211 0,688495 3,125987
-0,034504 -0,042188 2,959371 0,584120 0,393639 1,970835 -0,652000 0,480487 2,125177 0,011738 0,669628 3,031602
-0,034907 -0,058169 2,953032 0,817921 0,528658 2,239833 -0,672600 0,602904 2,175774 -0,006014 0,644165 3,000782
-0,027037 -0,076336 2,919908 0,897151 0,803398 2,623800 -0,683523 0,723594 2,239944 0,007676 0,627077 2,961669
-0,025988 -0,078207 2,911810 0,841436 0,917935 2,728495 -0,639423 0,788051 2,288946 0,001187 0,630836 2,981250
-0,032774 -0,071036 2,891434 0,620806 0,943561 2,611531 -0,518286 0,963375 2,592594 0,007924 0,641066 3,001225
-0,030394 -0,081381 2,880493 0,473803 1,055188 2,760888 -0,343969 0,900829 2,414456 0,012737 0,620244 3,009905
-0,031312 -0,083670 2,888536 0,381053 1,000165 2,678208 -0,272932 0,857000 2,397997 0,013373 0,601101 3,028568
-0,023649 -0,083571 2,915022 0,218003 0,775798 2,320955 -0,228793 0,702573 2,294678 0,008615 0,620211 3,062170
-0,031065 -0,072471 2,936869 0,230363 0,595348 2,095218 -0,170362 0,557894 2,167096 -0,026892 0,665683 3,146134
-0,031717 -0,069663 2,953467 0,257778 0,510620 1,984583 -0,229657 0,513137 2,163417 -0,037972 0,664031 3,155514
-0,032333 -0,036668 2,949674 0,436906 0,428346 2,064402 -0,405565 0,381707 1,894913 -0,025809 0,717664 3,236770
-0,030340 -0,034611 2,935874 0,566649 0,389576 1,926318 -0,666020 0,488690 2,130991 0,012032 0,684470 3,072931
-0,036304 -0,037829 2,927639 0,671767 0,444224 2,040372 -0,705642 0,538241 2,114882 -0,014817 0,672837 3,031128
-0,035275 -0,053047 2,914552 0,912881 0,675701 2,364747 -0,749204 0,713734 2,184674 -0,002785 0,638389 2,971079
-0,033527 -0,070482 2,888479 0,866377 1,013758 2,744816 -0,745861 0,895525 2,225798 0,001221 0,643599 2,981270
-0,033006 -0,066622 2,875983 0,800390 1,167417 2,918783 -0,691559 1,016656 2,308792 0,001221 0,643599 2,981270
-0,036549 -0,065845 2,857949 0,556405 1,200523 2,752858 -0,572237 1,309146 2,777124 -0,011973 0,649964 2,981071
-0,035715 -0,069340 2,845355 0,402192 1,381077 3,130029 -0,411338 1,261504 2,714969 -0,001758 0,652672 3,011150
-0,038153 -0,066293 2,843899 0,327149 1,368833 3,093238 -0,356343 1,313336 2,822638 -0,001758 0,652672 3,011150
