30 12
-0,139797 -0,089061 3,202462 0,937405 0,945274 2,819470 -0,471098 1,384820 3,246973 -0,061311 0,614287 3,234492
-0,138580 -0,089243 3,205916 0,938137 0,944456 2,854136 -0,439255 1,406662 3,174989 -0,057650 0,612333 3,223235
-0,136729 -0,091792 3,209592 0,940045 0,941621 2,817645 -0,404006 1,388308 3,059152 -0,054109 0,611399 3,257449
-0,137645 -0,085893 3,210090 0,937588 0,942370 2,854875 -0,342183 1,333995 2,913597 -0,061005 0,607878 3,256774
-0,137460 -0,085558 3,211824 0,933859 0,938200 2,864876 -0,266847 1,255751 2,758788 -0,050249 0,605969 3,245718
-0,143435 -0,087691 3,219044 0,929988 0,933850 2,867646 -0,181563 1,140276 2,615278 -0,046233 0,597430 3,256018
-0,145501 -0,091075 3,222385 0,930913 0,938314 2,827691 -0,094121 1,005969 2,468509 -0,061555 0,602921 3,373429
-0,153742 -0,093999 3,230726 0,935229 0,942097 2,834008 -0,020828 0,835689 2,350999 -0,069854 0,621090 3,376184
-0,152636 -0,087612 3,221142 0,923500 0,926160 2,857482 0,030378 0,658053 2,296424 -0,057209 0,633166 3,427850
-0,151896 -0,079611 3,221365 0,921526 0,921636 2,825668 0,063049 0,481886 2,277214 -0,071993 0,652092 3,453295
-0,149674 -0,062302 3,219021 0,920988 0,918260 2,838441 0,092828 0,318106 2,257331 -0,070864 0,653237 3,377504
-0,148322 -0,055646 3,208650 0,925430 0,916744 2,848291 0,103951 0,210078 2,250815 -0,070669 0,715675 3,301406
-0,146174 -0,065893 3,222428 0,930052 0,915938 2,839742 0,113049 0,124966 2,257666 -0,062329 0,705473 3,283559
-0,144255 -0,088391 3,242504 0,931389 0,905059 2,856760 0,111304 0,082711 2,259040 -0,072097 0,692173 3,250451
-0,141736 -0,107768 3,245173 0,932591 0,903812 2,838484 0,113632 0,051660 2,275549 -0,051014 0,689902 3,274307
-0,136603 -0,110710 3,267822 0,936118 0,898414 2,840667 0,117741 0,039176 2,283069 -0,054529 0,697220 3,311816
-0,135256 -0,110323 3,272825 0,933941 0,891134 2,854697 0,115588 0,033716 2,277549 -0,061643 0,688851 3,286783
-0,139783 -0,107756 3,253139 0,940830 0,895943 2,841825 0,118594 0,044121 2,278719 -0,054282 0,692646 3,288038
-0,141195 -0,097158 3,235037 0,940315 0,886676 2,834671 0,118530 0,073914 2,278965 -0,051237 0,694437 3,297885
-0,148947 -0,082049 3,225961 0,937919 0,882829 2,850313 0,113869 0,114443 2,268865 -0,055197 0,706968 3,308655
-0,147894 -0,060419 3,216200 0,935018 0,881357 2,839971 0,112867 0,176655 2,266493 -0,051934 0,711055 3,294370
-0,149402 -0,065016 3,221875 0,941006 0,888627 2,847684 0,106233 0,267681 2,273715 -0,063437 0,652434 3,353172
-0,147705 -0,068992 3,212042 0,940596 0,893224 2,834686 0,088432 0,391457 2,268673 -0,059830 0,651959 3,390436
-0,148985 -0,079767 3,218888 0,940528 0,903694 2,831657 0,069026 0,533644 2,302257 -0,067528 0,641900 3,415037
-0,148197 -0,084752 3,210455 0,934575 0,895703 2,840590 0,035398 0,691989 2,329233 -0,045593 0,639155 3,441421
-0,145997 -0,088616 3,198806 0,935460 0,918533 2,837292 -0,134440 1,038604 2,635909 -0,025727 0,602048 3,305113
-0,141590 -0,083562 3,197443 0,936139 0,921101 2,816113 -0,204921 1,194199 2,796687 -0,032679 0,612461 3,304618
-0,137309 -0,083465 3,198571 0,952009 0,939748 2,857817 -0,298708 1,316228 2,874154 -0,054070 0,604043 3,234576
-0,135255 -0,082791 3,176355 0,944647 0,936530 2,840611 -0,467096 1,427742 3,260567 -0,054256 0,614329 3,234815
-0,134184 -0,083026 3,172772 0,955312 0,949843 2,837515 -0,504119 1,423613 3,332847 -0,064995 0,616252 3,245816
