257 12
-0,122261 -0,076989 3,046138 0,258276 1,324754 3,105619 -0,414779 1,349518 3,099041 -0,067858 0,657238 3,189396
-0,122176 -0,079443 3,046206 0,265850 1,310282 3,110626 -0,415497 1,353553 3,105278 -0,071878 0,656710 3,223030
-0,120682 -0,080023 3,042942 0,265571 1,309233 3,111270 -0,419710 1,329566 3,095267 -0,060727 0,661518 3,212018
-0,120798 -0,078438 3,046844 0,262977 1,316713 3,114183 -0,411652 1,363038 3,109881 -0,071527 0,652505 3,200379
-0,120947 -0,079627 3,054329 0,261495 1,318193 3,101242 -0,415669 1,355797 3,112285 -0,075209 0,654572 3,211483
-0,118627 -0,077600 3,051543 0,260790 1,309634 3,105633 -0,414523 1,363203 3,113238 -0,075209 0,654572 3,211483
-0,122187 -0,079842 3,047664 0,262535 1,307587 3,107953 -0,413557 1,355250 3,110089 -0,068080 0,653817 3,189380
-0,120627 -0,074768 3,047576 0,264656 1,309831 3,112457 -0,414597 1,356019 3,116011 -0,068303 0,662310 3,234593
-0,120765 -0,076076 3,050233 0,266569 1,308749 3,102658 -0,417031 1,337704 3,104503 -0,075209 0,654572 3,211483
-0,121855 -0,079669 3,052591 0,259553 1,309605 3,110532 -0,412511 1,350816 3,105675 -0,061176 0,654680 3,212185
-0,120825 -0,076564 3,043847 0,261873 1,313816 3,113867 -0,417043 1,330283 3,096559 -0,072093 0,660109 3,223077
-0,121282 -0,074489 3,043651 0,263435 1,315528 3,117459 -0,412383 1,349794 3,107223 -0,071741 0,655882 3,200423
-0,118877 -0,076306 3,043078 0,266936 1,309215 3,114834 -0,412557 1,350147 3,111118 -0,067866 0,650451 3,189341
-0,117697 -0,077706 3,046860 0,260106 1,308780 3,104065 -0,409288 1,358951 3,113668 -0,068194 0,654629 3,211847
-0,119091 -0,078046 3,042691 0,262492 1,308072 3,118765 -0,410323 1,347985 3,105989 -0,068526 0,658861 3,234646
-0,118076 -0,081681 3,050237 0,262671 1,300742 3,099313 -0,402867 1,338936 3,067940 -0,067866 0,650451 3,189341
-0,114337 -0,079492 3,052816 0,258043 1,270798 3,049191 -0,382885 1,289060 2,986092 -0,067866 0,650451 3,189341
-0,114024 -0,083269 3,056605 0,239279 1,223072 2,968849 -0,367785 1,193762 2,874211 -0,071400 0,644946 3,178006
-0,111014 -0,091620 3,046958 0,215817 1,129082 2,858435 -0,349590 1,077960 2,768099 -0,067671 0,633508 3,189121
-0,107350 -0,089715 3,059996 0,186533 1,051905 2,749412 -0,334907 0,974660 2,672826 -0,064063 0,611259 3,177998
-0,107346 -0,098824 3,073854 0,138326 1,025367 2,696117 -0,333556 0,896552 2,603629 -0,053606 0,582824 3,189237
-0,106697 -0,096209 3,077697 0,071854 0,979935 2,686737 -0,326614 0,855609 2,559445 -0,067957 0,562455 3,188620
-0,103963 -0,102352 3,086685 0,025801 0,873445 2,724940 -0,289726 0,849918 2,527436 -0,059103 0,568944 3,206702
-0,097235 -0,106668 3,109612 -0,023718 0,759185 2,738602 -0,246544 0,851376 2,558768 -0,057237 0,612316 3,222871
-0,097557 -0,107118 3,110988 -0,031558 0,658503 2,635413 -0,206584 0,782391 2,667756 -0,068356 0,621099 3,234205
-0,101502 -0,103726 3,105046 -0,018743 0,664713 2,603126 -0,258439 0,567964 2,491180 -0,057567 0,625393 3,200823
-0,100440 -0,113480 3,102422 -0,049741 0,760661 2,575144 -0,141005 0,514829 2,723756 -0,061215 0,620557 3,211886
-0,096699 -0,116154 3,100064 -0,038411 0,772196 2,651488 -0,158184 0,466461 2,638983 -0,061215 0,620557 3,211886
-0,093709 -0,107405 3,104325 -0,018603 0,685021 2,656686 -0,179359 0,531982 2,531440 -0,057772 0,628765 3,200853
-0,097082 -0,108374 3,107495 -0,077514 0,559131 2,733387 -0,162869 0,654250 2,523345 -0,063754 0,614109 3,155993
-0,097882 -0,121641 3,098698 -0,055380 0,541055 2,614134 -0,172245 0,721690 2,636872 -0,057639 0,619170 3,223296
-0,095294 -0,109365 3,092611 -0,040469 0,589657 2,523562 -0,160736 0,735232 2,807497 -0,051397 0,632040 3,200735
-0,093988 -0,104469 3,087532 -0,078685 0,718346 2,539091 -0,129191 0,538366 2,677007 -0,067052 0,612153 3,144899
-0,091888 -0,112567 3,085286 -0,036270 0,746470 2,644555 -0,094289 0,489816 2,693792 -0,074504 0,619327 3,166559
-0,091500 -0,105042 3,082167 -0,047793 0,682462 2,686968 -0,096582 0,475121 2,594320 -0,057502 0,631526 3,178556
-0,093382 -0,099383 3,074416 -0,049210 0,649429 2,675159 -0,135570 0,523489 2,544911 -0,057445 0,637569 3,156489
-0,094692 -0,097532 3,074853 -0,066430 0,474429 2,678717 -0,145757 0,571723 2,540520 -0,054313 0,649671 3,167575
-0,096943 -0,094807 3,070659 0,039968 0,485092 2,569189 -0,170154 0,564494 2,567823 -0,070619 0,647630 3,155886
-0,096489 -0,104923 3,067236 0,077865 0,494236 2,471158 -0,188473 0,578611 2,544267 -0,067023 0,632223 3,145037
-0,100099 -0,112052 3,069035 0,130131 0,577440 2,392481 -0,257448 0,636349 2,477685 -0,074299 0,615978 3,166450
-0,096864 -0,104192 3,076955 0,187104 0,722905 2,380418 -0,355588 0,743535 2,460682 -0,061419 0,623939 3,211920
-0,101538 -0,100396 3,078030 0,258485 0,884921 2,418374 -0,416653 0,865270 2,457845 -0,077623 0,596785 3,133503
-0,100590 -0,100217 3,076633 0,321792 1,031327 2,458257 -0,461913 0,976985 2,473345 -0,067248 0,622171 3,145044
-0,101814 -0,092155 3,073790 0,372046 1,160086 2,592178 -0,494950 1,083114 2,536280 -0,073342 0,631540 3,122902
-0,104528 -0,087419 3,059094 0,400136 1,245068 2,714456 -0,529760 1,183586 2,633990 -0,073672 0,648910 3,144643
-0,101599 -0,088580 3,057698 0,421064 1,313306 2,855833 -0,548628 1,254573 2,746214 -0,070619 0,647630 3,155886
-0,105608 -0,085916 3,047268 0,416509 1,341137 2,962791 -0,551651 1,313476 2,862223 -0,067217 0,648953 3,145231
-0,103886 -0,086655 3,038265 0,408394 1,363321 3,056796 -0,546005 1,347057 2,971144 -0,081004 0,648838 3,144498
-0,103831 -0,085839 3,023816 0,386564 1,364656 3,112332 -0,527583 1,364777 3,050241 -0,077747 0,650920 3,155624
-0,105140 -0,083003 3,021369 0,362057 1,371116 3,167953 -0,493358 1,363567 3,107042 -0,081225 0,645460 3,144495
-0,104115 -0,083253 3,021602 0,327343 1,372763 3,197106 -0,445287 1,341069 3,133839 -0,084442 0,647511 3,155113
-0,105913 -0,078252 3,014874 0,281073 1,362311 3,175544 -0,426036 1,214921 3,066769 -0,084879 0,647468 3,155229
-0,105666 -0,077698 3,003033 0,271056 1,346747 3,146029 -0,427263 1,233470 3,104912 -0,081225 0,645460 3,144495
-0,108741 -0,078957 3,017719 0,277919 1,336909 3,138162 -0,426637 1,267303 3,113730 -0,080797 0,638807 3,144338
-0,107977 -0,086573 3,006485 0,269106 1,234769 3,168387 -0,425469 1,251367 3,094735 -0,081017 0,635445 3,144403
-0,110880 -0,078613 3,007773 0,267819 1,342617 3,144858 -0,434192 1,220613 3,088533 -0,074477 0,646271 3,166764
-0,110295 -0,081125 3,015186 0,269576 1,326962 3,142746 -0,421791 1,286293 3,135878 -0,081813 0,650334 3,188592
-0,113964 -0,077534 3,012009 0,275822 1,317452 3,137513 -0,433092 1,236420 3,108634 -0,081225 0,645460 3,144495
-0,109227 -0,085499 3,020708 0,270261 1,338733 3,136103 -0,431732 1,242628 3,109797 -0,084664 0,644138 3,155180
-0,110218 -0,080410 3,018816 0,265055 1,332407 3,135097 -0,428298 1,244776 3,100470 -0,074691 0,649614 3,166806
-0,108514 -0,086414 3,019336 0,275368 1,332248 3,143108 -0,429785 1,256275 3,112606 -0,077912 0,651692 3,177585
-0,105464 -0,084599 3,024828 0,273121 1,332513 3,134310 -0,427343 1,300729 3,131478 -0,074264 0,642914 3,166653
-0,105091 -0,092332 3,032962 0,268377 1,344150 3,138218 -0,421023 1,287821 3,109591 -0,081415 0,639472 3,166329
-0,101406 -0,086061 3,037348 0,271803 1,346864 3,155848 -0,424850 1,284812 3,102895 -0,068080 0,653817 3,189380
-0,097973 -0,086096 3,039577 0,210451 0,945862 3,034198 -0,422870 1,325806 3,118413 -0,071181 0,648355 3,178019
-0,094725 -0,086101 3,054157 0,273942 1,331298 3,156842 -0,419668 1,313484 3,099680 -0,074840 0,650395 3,188980
-0,090582 -0,083922 3,053783 0,276436 1,233547 3,153476 -0,422025 1,332003 3,099093 -0,081813 0,650334 3,188592
-0,092649 -0,087819 3,058757 0,277493 1,337114 3,141913 -0,421558 1,359099 3,064236 -0,071527 0,652505 3,200379
-0,093316 -0,089270 3,063637 0,282678 1,331831 3,150162 -0,420507 1,364519 2,998407 -0,067866 0,650451 3,189341
-0,096369 -0,091917 3,064926 0,282377 1,307694 3,139922 -0,419999 1,330071 2,892787 -0,068085 0,647031 3,189324
-0,098268 -0,087617 3,069781 0,270916 1,187895 3,123813 -0,412449 1,265021 2,764248 -0,064014 0,645038 3,178261
-0,099565 -0,090958 3,065364 0,286731 1,309242 3,137526 -0,399843 1,163921 2,616734 -0,070756 0,641604 3,177730
-0,103256 -0,097270 3,075429 0,140914 0,492725 2,405734 -0,399670 1,037761 2,507407 -0,060763 0,641032 3,211841
-0,103430 -0,098180 3,074305 0,287797 1,311395 3,150556 -0,402935 0,913869 2,426436 -0,067243 0,633490 3,188750
-0,104966 -0,099892 3,088489 0,210685 0,855025 2,937642 -0,404543 0,806841 2,384818 -0,073606 0,616378 3,187135
-0,103443 -0,097250 3,088984 0,289686 1,310175 3,142709 -0,405191 0,722841 2,347636 -0,086213 0,644994 3,290397
-0,101734 -0,097901 3,090978 0,285353 1,316223 3,144043 -0,403931 0,673089 2,346198 -0,082623 0,653399 3,279352
-0,101074 -0,098432 3,099187 0,289258 1,305665 3,144897 -0,393492 0,640083 2,315630 -0,086185 0,658951 3,290550
-0,101522 -0,102063 3,097456 0,291079 1,303920 3,151378 -0,391384 0,608905 2,265636 -0,086415 0,655512 3,290925
-0,096994 -0,097685 3,100242 0,287673 1,323392 3,148944 -0,388766 0,560755 2,258965 -0,080105 0,666997 3,315884
-0,099154 -0,097546 3,100726 0,287817 1,325072 3,152246 -0,389427 0,512070 2,267584 -0,083923 0,671772 3,304072
-0,096218 -0,096176 3,092537 0,287927 1,321880 3,153881 -0,380988 0,472072 2,273762 -0,087285 0,669530 3,291967
-0,089814 -0,096369 3,095363 0,288803 1,314831 3,144567 -0,389842 0,474067 2,258332 -0,077137 0,676296 3,328506
-0,087786 -0,097719 3,101037 0,284605 1,300004 3,130564 -0,400317 0,505981 2,246218 -0,076523 0,668340 3,304341
-0,081845 -0,096739 3,099896 0,286020 1,331820 3,158977 -0,399385 0,550468 2,233626 -0,080105 0,666997 3,315884
-0,082703 -0,101521 3,105953 0,286260 1,318474 3,145115 -0,390949 0,572701 2,202837 -0,073278 0,671498 3,340471
-0,081594 -0,105513 3,102904 0,285575 1,321917 3,141178 -0,390173 0,534871 2,199049 -0,073502 0,667962 3,340605
-0,079592 -0,096364 3,103979 0,287601 1,314172 3,146812 -0,384927 0,496538 2,224333 -0,080540 0,674027 3,316251
-0,078082 -0,095195 3,090020 0,283542 1,333260 3,140760 -0,391619 0,482727 2,228786 -0,073487 0,682132 3,340780
-0,081784 -0,100489 3,096833 0,292725 1,305192 3,143350 -0,394758 0,495593 2,220327 -0,080540 0,674027 3,316251
-0,082405 -0,100911 3,100721 0,291156 1,304741 3,139015 -0,380546 0,536624 2,213325 -0,073278 0,671498 3,340471
-0,077675 -0,096237 3,098767 0,287440 1,321516 3,144159 -0,373509 0,530333 2,193715 -0,077137 0,676296 3,328506
-0,078397 -0,093116 3,103916 0,284254 1,333987 3,137499 -0,378647 0,488873 2,215602 -0,076957 0,675316 3,304541
-0,079158 -0,098427 3,091759 0,288506 1,323238 3,138125 -0,371154 0,460112 2,229242 -0,083489 0,667371 3,280367
-0,077141 -0,105387 3,092902 0,288033 1,318061 3,131439 -0,391443 0,466694 2,223815 -0,070129 0,672797 3,328861
-0,079423 -0,096031 3,097956 0,290229 1,310486 3,143966 -0,379928 0,506516 2,210417 -0,073259 0,685668 3,340645
-0,077812 -0,101745 3,093731 0,289670 1,310670 3,133204 -0,361721 0,524929 2,194491 -0,073268 0,678581 3,340557
-0,081918 -0,099482 3,103993 0,285845 1,324478 3,139414 -0,365775 0,489248 2,205641 -0,073712 0,678579 3,340837
-0,080694 -0,096684 3,101442 0,289209 1,321959 3,139879 -0,364512 0,438426 2,210974 -0,070125 0,679860 3,328948
-0,079122 -0,099515 3,101019 0,290787 1,320289 3,143343 -0,375532 0,431121 2,233798 -0,073771 0,674017 3,316604
-0,084368 -0,098095 3,093828 0,284310 1,322316 3,125226 -0,388462 0,440943 2,229558 -0,080978 0,673954 3,316221
-0,084777 -0,099463 3,100257 0,285066 1,325032 3,129127 -0,381569 0,424645 2,215156 -0,074150 0,678507 3,340792
-0,088382 -0,098167 3,099514 0,286740 1,312813 3,137693 -0,385081 0,368672 2,235243 -0,080759 0,677518 3,316317
-0,085602 -0,092789 3,082949 0,286440 1,314064 3,137641 -0,386693 0,329520 2,258862 -0,074149 0,685596 3,340883
-0,086925 -0,094214 3,083064 0,286060 1,314796 3,135312 -0,395376 0,354356 2,266741 -0,084141 0,675251 3,304140
-0,088497 -0,093634 3,080807 0,286408 1,315645 3,133898 -0,410771 0,417157 2,254892 -0,080342 0,673064 3,292450
-0,085620 -0,095763 3,084594 0,282614 1,321953 3,122453 -0,430141 0,510760 2,252352 -0,076523 0,668340 3,304341
-0,082089 -0,101744 3,081590 0,285971 1,314751 3,136345 -0,436708 0,640937 2,281457 -0,052864 0,633500 3,188799
-0,078522 -0,094898 3,093509 0,286746 1,316760 3,121495 -0,452255 0,788373 2,287996 -0,049063 0,628069 3,177387
-0,077391 -0,091072 3,078232 0,283826 1,329845 3,145534 -0,460887 0,937607 2,341915 -0,060185 0,639645 3,167186
-0,075038 -0,091607 3,080574 0,283544 1,315198 3,134384 -0,477669 1,093660 2,476179 -0,060185 0,639645 3,167186
-0,072612 -0,091359 3,069092 0,287229 1,329275 3,142996 -0,494067 1,216346 2,639094 -0,064014 0,645038 3,178261
-0,078336 -0,091224 3,059512 0,287278 1,323490 3,138426 -0,501361 1,306476 2,786975 -0,056798 0,641009 3,156509
-0,080582 -0,096673 3,054280 0,278426 1,264791 3,188269 -0,499662 1,364788 2,920408 -0,071059 0,640869 3,155931
-0,084593 -0,089201 3,043461 0,287366 1,330217 3,150007 -0,465430 1,380146 3,013529 -0,067429 0,650460 3,189108
-0,086323 -0,095404 3,042762 0,285749 1,321243 3,155000 -0,421851 1,334113 3,070112 -0,068085 0,647031 3,189324
-0,090646 -0,087302 3,024242 0,285538 1,330675 3,147318 -0,408000 1,325414 3,100424 -0,077972 0,640812 3,155568
-0,094237 -0,089325 3,032493 0,286662 1,327461 3,153512 -0,417983 1,330154 3,118145 -0,081627 0,642812 3,166376
-0,100542 -0,081527 3,033378 0,278374 1,313185 3,135384 -0,416257 1,355854 3,117856 -0,075055 0,653760 3,189025
-0,100221 -0,085529 3,023435 0,279931 1,328116 3,140524 -0,418425 1,347393 3,109634 -0,075428 0,651130 3,211470
-0,102699 -0,078578 3,032809 0,270869 1,335031 3,116166 -0,419553 1,322272 3,070930 -0,081011 0,642140 3,144450
-0,106498 -0,079566 3,029606 0,275776 1,341131 3,136365 -0,400575 1,367741 3,054344 -0,088338 0,646146 3,165971
-0,105752 -0,082571 3,031203 0,284046 1,315305 3,094078 -0,393145 1,346022 3,012806 -0,081409 0,646211 3,166381
-0,105247 -0,087419 3,028567 0,270621 1,319897 3,037063 -0,364513 1,318849 2,947425 -0,067762 0,642928 3,167107
-0,105399 -0,078034 3,033659 0,261559 1,270855 2,956450 -0,316571 1,235647 2,850450 -0,081229 0,638763 3,144448
-0,106637 -0,083408 3,040106 0,226887 1,211473 2,872160 -0,245651 1,147273 2,799027 -0,080384 0,625410 3,143867
-0,106216 -0,094338 3,036985 0,170425 1,173676 2,803494 -0,172259 1,040684 2,802350 -0,073503 0,595732 3,165281
-0,107379 -0,096310 3,030048 0,107594 1,141358 2,777222 -0,120573 0,903130 2,818824 -0,079538 0,583665 3,175774
-0,103923 -0,107884 3,050844 0,042741 1,081648 2,799240 -0,106822 0,792686 2,783635 -0,104947 0,597068 3,254816
-0,108698 -0,096652 3,040922 0,023941 0,987214 2,825177 -0,122894 0,768435 2,704808 -0,104784 0,593051 3,231348
-0,104712 -0,114290 3,048918 0,014773 0,810680 2,814210 -0,136768 0,832690 2,617550 -0,100338 0,615956 3,243717
-0,104151 -0,116030 3,033748 -0,025411 0,766314 2,809448 -0,128647 0,917619 2,678811 -0,096968 0,607100 3,232543
-0,104809 -0,100269 3,058040 -0,004313 0,738833 2,722422 -0,139817 0,925022 2,797263 -0,074879 0,609731 3,188644
-0,104797 -0,115934 3,039605 0,016028 0,802204 2,645325 -0,207595 0,740230 2,594881 -0,082465 0,614131 3,233360
-0,108562 -0,113585 3,041685 -0,000087 0,929857 2,696985 -0,128687 0,772382 2,751531 -0,086011 0,532346 3,219126
-0,100742 -0,111711 3,046950 0,024130 0,968110 2,773583 -0,112959 0,783842 2,756499 -0,079165 0,584819 3,222002
-0,099896 -0,115097 3,031826 0,031005 0,875191 2,838938 -0,144566 0,828687 2,693602 -0,079554 0,598369 3,221944
-0,102114 -0,103592 3,040097 0,009560 0,857977 2,822941 -0,142529 0,914100 2,646366 -0,086012 0,605776 3,244364
-0,104327 -0,105429 3,036572 -0,015300 0,852617 2,812191 -0,158871 0,983197 2,715553 -0,075059 0,596631 3,210882
-0,098784 -0,110465 3,039044 -0,011555 0,829170 2,780518 -0,163078 0,969778 2,788208 -0,071533 0,595161 3,222226
-0,099765 -0,108878 3,035511 -0,009180 0,869661 2,687802 -0,225105 0,781068 2,592797 -0,076229 0,607182 3,233611
-0,095934 -0,104298 3,024826 -0,010502 0,983308 2,712232 -0,122322 0,793993 2,770668 -0,105009 0,543854 3,181293
-0,095296 -0,101572 3,033803 0,028318 0,999370 2,776060 -0,120525 0,761150 2,772842 -0,076046 0,586199 3,210496
-0,097754 -0,098178 3,042263 0,026626 0,956356 2,828125 -0,165194 0,766406 2,718553 -0,072526 0,598425 3,222311
-0,096752 -0,105732 3,019052 0,049424 0,864316 2,771679 -0,229971 0,832108 2,641994 -0,068846 0,603343 3,211205
-0,095886 -0,094762 3,026817 0,078642 0,855285 2,706244 -0,272491 0,923650 2,596946 -0,045667 0,572332 3,166106
-0,096393 -0,092176 3,036008 0,147842 0,915896 2,668709 -0,310517 1,041062 2,608582 -0,069208 0,581179 3,141783
-0,095249 -0,095157 3,047278 0,225232 1,024915 2,710365 -0,364601 1,156929 2,687757 -0,064576 0,620677 3,155929
-0,091224 -0,082996 3,035692 0,287362 1,111290 2,739690 -0,419442 1,238668 2,754298 -0,074342 0,632127 3,144774
-0,093424 -0,093434 3,033548 0,337997 1,201285 2,813054 -0,472884 1,296522 2,828987 -0,067023 0,632223 3,145037
-0,093505 -0,089237 3,033656 0,373649 1,274523 2,908423 -0,508316 1,340571 2,910036 -0,060607 0,646376 3,167453
-0,092707 -0,089908 3,034565 0,402839 1,325982 3,024508 -0,526895 1,371143 2,988150 -0,060827 0,642979 3,167433
-0,092645 -0,085376 3,031212 0,413664 1,352918 3,109361 -0,528971 1,380929 3,065547 -0,064226 0,648408 3,178365
-0,092552 -0,090192 3,028832 0,401490 1,370309 3,186684 -0,508146 1,379137 3,103564 -0,067233 0,635557 3,145138
-0,096106 -0,087372 3,022179 0,361314 1,376155 3,218788 -0,456640 1,370044 3,139858 -0,064014 0,645038 3,178261
-0,094503 -0,083423 3,016141 0,313407 1,339845 3,207089 -0,425968 1,271783 3,122134 -0,064226 0,648408 3,178365
-0,094105 -0,089080 3,016525 0,000000 0,000000 0,000000 -0,425927 1,225016 3,117562 -0,068301 0,643596 3,189235
-0,094223 -0,085379 3,019392 0,000000 0,000000 0,000000 -0,431570 1,227457 3,117247 -0,064234 0,641645 3,178312
-0,094670 -0,083663 3,016381 0,299470 1,311782 3,147840 -0,431773 1,259114 3,114903 -0,063714 0,640962 3,156187
-0,096487 -0,083968 3,030932 0,160442 0,606998 2,559747 -0,420697 1,294232 3,124641 -0,064445 0,644999 3,178346
-0,095040 -0,085308 3,031484 0,266984 1,204077 3,185060 -0,416279 1,348559 3,145854 -0,057057 0,645085 3,178588
-0,094647 -0,092486 3,031474 0,145197 0,507965 2,397291 -0,414275 1,365951 3,119220 -0,060833 0,636239 3,167381
-0,093321 -0,091857 3,049270 0,285592 1,312603 3,144840 -0,419843 1,382144 3,081883 -0,064451 0,638237 3,178293
-0,090966 -0,089541 3,058631 0,289733 1,307609 3,139338 -0,417432 1,374273 3,007230 -0,060406 0,636278 3,167304
-0,089686 -0,089952 3,066827 0,286098 1,313949 3,137062 -0,397598 1,323665 2,872755 -0,060406 0,636278 3,167304
-0,091820 -0,093591 3,081195 0,262216 1,250947 3,229742 -0,370007 1,243289 2,705744 -0,082216 0,645011 3,233485
-0,092501 -0,096744 3,097700 0,285763 1,312480 3,146432 -0,346557 1,109290 2,550196 -0,045692 0,629524 3,166916
-0,092741 -0,101937 3,098996 0,277450 1,339960 3,159231 -0,321589 0,951085 2,396036 -0,045753 0,609336 3,166772
-0,099813 -0,099264 3,113336 0,279354 1,332619 3,166610 -0,294859 0,777876 2,280005 -0,077811 0,626659 3,264862
-0,104591 -0,101910 3,118212 0,267650 1,183435 3,161103 -0,277676 0,598387 2,177511 -0,079910 0,649401 3,315419
-0,108175 -0,089638 3,124357 0,271780 1,278559 3,201259 -0,257850 0,426802 2,108748 -0,074317 0,679535 3,365322
-0,109127 -0,084406 3,126358 0,280299 1,316140 3,156107 -0,241801 0,284335 2,078073 -0,092302 0,684206 3,352075
-0,112644 -0,087609 3,134786 0,278907 1,318395 3,162283 -0,226403 0,181191 2,073347 -0,072875 0,729354 3,247358
-0,114669 -0,100088 3,138955 0,278213 1,266322 3,187413 -0,211448 0,108979 2,066383 -0,082792 0,711956 3,262856
-0,110903 -0,103221 3,135832 0,280943 1,307488 3,160282 -0,202915 0,067603 2,067864 -0,082112 0,707222 3,290281
-0,116292 -0,113971 3,134813 0,281602 1,317951 3,171202 -0,190384 0,047742 2,076320 -0,074935 0,700290 3,290529
-0,117252 -0,112360 3,147505 0,266709 1,231907 3,186089 -0,179378 0,047894 2,078503 -0,078715 0,702565 3,302248
-0,117029 -0,109496 3,145768 0,282253 1,314288 3,177161 -0,178721 0,058014 2,082914 -0,078937 0,705894 3,301614
-0,114342 -0,103621 3,141223 0,266057 1,187768 3,190146 -0,173392 0,069605 2,075300 -0,082112 0,707223 3,290282
-0,114967 -0,103334 3,142091 0,248840 1,233384 3,251516 -0,173789 0,081294 2,081308 -0,082335 0,710540 3,289658
-0,111062 -0,102497 3,143869 0,266631 1,284536 3,236746 -0,167712 0,086450 2,069570 -0,079176 0,716229 3,300990
-0,115466 -0,103552 3,146855 0,228977 1,133894 3,253861 -0,175210 0,088160 2,079787 -0,079193 0,723257 3,301076
-0,116370 -0,093845 3,145607 0,275934 1,318163 3,170599 -0,170508 0,085080 2,072056 -0,078741 0,716618 3,302418
-0,119799 -0,105062 3,149053 0,277445 1,312838 3,177678 -0,164137 0,082891 2,081935 -0,078763 0,704560 3,277243
-0,116848 -0,107910 3,142173 0,277376 1,321210 3,178158 -0,168003 0,076660 2,069903 -0,096859 0,706683 3,288159
-0,118889 -0,105587 3,143622 0,196904 0,830483 2,918998 -0,164465 0,075547 2,075899 -0,086583 0,717579 3,325355
-0,118495 -0,095950 3,140044 0,278263 1,307208 3,161868 -0,170592 0,079507 2,071316 -0,089961 0,715166 3,313140
-0,118504 -0,096247 3,134627 0,277189 1,307475 3,172516 -0,176674 0,114291 2,065053 -0,083449 0,732197 3,311212
-0,115963 -0,087297 3,133579 0,277216 1,323610 3,180700 -0,196050 0,180457 2,068501 -0,069627 0,733235 3,233356
-0,112409 -0,075911 3,130219 0,278949 1,310709 3,175699 -0,217787 0,277271 2,057855 -0,080531 0,688108 3,316418
-0,110030 -0,083767 3,122967 0,280647 1,303515 3,158830 -0,247910 0,415793 2,084430 -0,086136 0,712846 3,301362
-0,106305 -0,094689 3,125544 0,274763 1,306753 3,173336 -0,266679 0,583098 2,127003 -0,075822 0,661997 3,326544
-0,101966 -0,103433 3,110778 0,278338 1,304069 3,163347 -0,306438 0,767538 2,216939 -0,074358 0,639573 3,298786
-0,099129 -0,090369 3,108893 0,275985 1,335526 3,171661 -0,344545 0,952324 2,340464 -0,046315 0,634850 3,234304
-0,094676 -0,094844 3,104284 0,284620 1,295510 3,123460 -0,383646 1,120781 2,500544 -0,035718 0,632256 3,201049
-0,091357 -0,100625 3,094866 0,278267 1,331787 3,168075 -0,426569 1,250894 2,682951 -0,043325 0,636350 3,223902
-0,084915 -0,089202 3,094560 0,282537 1,323721 3,167753 -0,444149 1,338325 2,841449 -0,046728 0,641115 3,212462
-0,090306 -0,084357 3,084218 0,285336 1,330764 3,168651 -0,444626 1,380931 2,985959 -0,060973 0,644448 3,212019
-0,091734 -0,093307 3,075085 0,288864 1,319419 3,146828 -0,421624 1,375589 3,083701 -0,068096 0,633466 3,189212
-0,094253 -0,081851 3,063931 0,267884 1,202525 3,191734 -0,404627 1,344848 3,126626 -0,068085 0,647031 3,189324
-0,104211 -0,092598 3,060970 0,284772 1,328710 3,154850 -0,420382 1,295470 3,110463 -0,068301 0,643596 3,189235
-0,104545 -0,094314 3,049373 0,279095 1,181777 3,173114 -0,418228 1,323565 3,119499 -0,067880 0,636884 3,189229
-0,106812 -0,087026 3,057544 0,280365 1,291394 3,208432 -0,414564 1,351751 3,136159 -0,075433 0,644302 3,211408
-0,108502 -0,087588 3,059797 0,279425 1,311697 3,134393 -0,409335 1,349363 3,093856 -0,075644 0,647672 3,211384
-0,110507 -0,088547 3,057509 0,288501 1,312233 3,114746 -0,404281 1,363468 3,064106 -0,068304 0,636814 3,189179
-0,111880 -0,083474 3,066932 0,274755 1,297286 3,060252 -0,390558 1,348082 3,008170 -0,067551 0,639586 3,167071
-0,109068 -0,086607 3,064125 0,260670 1,262566 2,984870 -0,368463 1,289985 2,916384 -0,078527 0,645641 3,199945
-0,108838 -0,082887 3,063726 0,229004 1,211645 2,892880 -0,303558 1,216187 2,847471 -0,071540 0,638895 3,200263
-0,107297 -0,094670 3,068540 0,200497 1,124936 2,807354 -0,231544 1,117601 2,818830 -0,077748 0,614533 3,177135
-0,106892 -0,099195 3,068809 0,139260 1,099760 2,760624 -0,169736 0,986823 2,812984 -0,066949 0,579293 3,187671
-0,104562 -0,103151 3,073361 0,066964 1,091466 2,756663 -0,133241 0,856685 2,791688 -0,087131 0,574161 3,220514
-0,101759 -0,112958 3,082906 0,026548 1,042492 2,808604 -0,126874 0,786477 2,734835 -0,075862 0,572247 3,187689
-0,096087 -0,104943 3,093198 -0,043234 1,024427 2,963727 -0,156509 0,813763 2,679899 -0,080573 0,552948 3,195390
-0,099873 -0,128435 3,081502 -0,035266 0,821923 2,841762 -0,136763 0,896470 2,618716 -0,061051 0,587197 3,256572
-0,097495 -0,117296 3,092474 -0,023392 0,758253 2,758498 -0,129570 0,974113 2,734288 -0,061426 0,601025 3,257236
-0,092347 -0,109823 3,086117 -0,003511 0,762750 2,667544 -0,134274 0,935553 2,819914 -0,080979 0,617736 3,315545
-0,092600 -0,101841 3,072627 -0,002519 0,886855 2,648378 -0,134677 0,774892 2,752277 -0,060823 0,606941 3,211546
-0,090093 -0,109110 3,067831 0,001200 0,969931 2,730949 -0,107302 0,765954 2,785642 -0,071024 0,530097 3,202221
-0,082823 -0,113396 3,070318 0,023105 0,943457 2,805334 -0,114609 0,769617 2,736472 -0,055190 0,601481 3,281111
-0,089253 -0,113867 3,064072 0,022552 0,820107 2,780781 -0,134235 0,837303 2,642392 -0,043984 0,606041 3,246716
-0,087320 -0,115694 3,070921 -0,034300 0,818385 2,799114 -0,136352 0,935592 2,676097 -0,043216 0,591892 3,223306
-0,083607 -0,113223 3,063759 -0,014019 0,792481 2,759999 -0,154485 0,965676 2,741322 -0,060638 0,596713 3,211241
-0,084191 -0,114648 3,063444 -0,013122 0,816940 2,665449 -0,167588 0,928916 2,808338 -0,068573 0,610796 3,234191
-0,083206 -0,125810 3,051189 -0,000154 0,900470 2,610713 -0,132241 0,772653 2,722969 -0,056212 0,554583 3,184509
-0,079425 -0,114846 3,054320 0,021337 0,937634 2,691519 -0,130981 0,713415 2,745546 -0,051629 0,581424 3,222872
-0,084491 -0,117184 3,061854 0,035977 0,880475 2,731922 -0,193593 0,686008 2,686156 -0,055073 0,600476 3,234529
-0,085669 -0,109627 3,063071 0,078910 0,793865 2,659024 -0,269150 0,729403 2,597910 -0,058884 0,624344 3,292982
-0,087463 -0,117334 3,063785 0,162675 0,771034 2,558932 -0,353957 0,814892 2,553500 -0,032415 0,586604 3,212060
-0,087914 -0,099354 3,065862 0,251466 0,829227 2,537693 -0,415963 0,916464 2,530524 -0,065163 0,583554 3,154847
-0,085007 -0,094852 3,061253 0,334006 0,931170 2,558479 -0,473733 1,020366 2,531933 -0,057203 0,613551 3,134558
-0,085886 -0,090265 3,072798 0,378279 1,052849 2,612712 -0,519010 1,116722 2,578692 -0,053451 0,628955 3,145724
-0,087556 -0,088864 3,073639 0,415109 1,139209 2,681210 -0,556632 1,200921 2,653266 -0,056554 0,630309 3,134667
-0,088873 -0,085320 3,062025 0,438096 1,217434 2,760967 -0,583813 1,274577 2,762764 -0,056763 0,633633 3,134757
-0,090113 -0,087906 3,057485 0,447558 1,274184 2,856864 -0,596810 1,319313 2,863362 -0,060616 0,639635 3,167403
-0,092301 -0,090297 3,040292 0,450249 1,321061 2,957353 -0,592088 1,349275 2,951102 -0,060607 0,646376 3,167453
-0,090968 -0,086926 3,032611 0,423710 1,347704 3,045727 -0,574953 1,368309 3,036556 -0,060607 0,646376 3,167453
-0,094249 -0,087331 3,023863 0,393860 1,368895 3,125021 -0,541543 1,380318 3,085422 -0,064445 0,644999 3,178346
-0,094890 -0,083588 3,015905 0,346757 1,375054 3,182544 -0,491852 1,374853 3,124160 -0,071059 0,640869 3,155931
-0,099826 -0,078533 3,009798 0,302949 1,332174 3,158909 -0,438421 1,363853 3,142947 -0,064226 0,648408 3,178365
-0,099847 -0,075886 2,991683 0,000000 0,000000 0,000000 -0,419267 1,251929 3,108173 -0,071400 0,644946 3,178006
-0,099886 -0,075670 2,990564 0,285831 1,311265 3,139748 -0,425310 1,275562 3,146341 -0,067866 0,650451 3,189341
-0,104651 -0,067684 2,993510 0,296364 1,313785 3,150822 -0,431964 1,278812 3,111374 -0,067866 0,650451 3,189341
-0,101481 -0,071779 2,987465 0,279729 1,269270 3,173430 -0,431511 1,314054 3,134835 -0,070841 0,644257 3,155943
-0,104636 -0,069107 2,980697 0,260760 1,121624 3,121661 -0,425253 1,316986 3,126844 -0,067438 0,645576 3,145217
-0,104806 -0,080294 2,984587 0,284545 1,320728 3,146494 -0,417954 1,306176 3,108663 -0,064661 0,641575 3,178257
-0,106572 -0,073225 2,997066 0,151504 0,552724 2,486084 -0,423064 1,330909 3,133205 -0,074477 0,646271 3,166764
-0,105429 -0,074767 2,995044 0,287373 1,309703 3,136946 -0,419800 1,346692 3,144557 -0,074477 0,646271 3,166764
-0,106239 -0,079463 3,006794 0,285215 1,315376 3,140587 -0,423785 1,315477 3,116616 -0,063926 0,644309 3,156286
-0,105369 -0,081668 3,007458 0,282522 1,329349 3,129257 -0,419788 1,333771 3,119444 -0,060827 0,642979 3,167433
-0,105970 -0,082629 3,013591 0,282242 1,317122 3,128722 -0,423280 1,311275 3,101777 -0,064445 0,644999 3,178347
-0,106952 -0,080266 3,018449 0,287774 1,321639 3,150034 -0,429095 1,294061 3,098915 -0,071181 0,648355 3,178019
-0,103763 -0,078434 3,020708 0,278466 1,328545 3,135270 -0,425252 1,321979 3,112048 -0,067643 0,653856 3,189287
-0,105154 -0,084783 3,013778 0,284163 1,307420 3,114692 -0,423605 1,325013 3,105673 -0,068298 0,650381 3,189292
-0,108486 -0,081471 3,025749 0,278456 1,334621 3,133768 -0,421855 1,335136 3,114535 -0,071395 0,651709 3,178060
-0,105062 -0,082912 3,023093 0,254041 1,212282 3,179989 -0,425631 1,340122 3,108922 -0,071395 0,651709 3,178060
-0,109028 -0,078375 3,025072 0,280221 1,316894 3,122023 -0,425397 1,322404 3,100366 -0,067866 0,650451 3,189341
-0,110173 -0,080393 3,028726 0,276219 1,323761 3,135243 -0,424366 1,348056 3,122252 -0,071181 0,648355 3,178019
