40 12
-0,037033 -0,097995 3,202104 0,394841 1,301454 3,193504 -0,436878 1,399460 3,386540 -0,015901 0,635681 3,318333
-0,035299 -0,097894 3,201629 0,613458 1,377636 3,421559 -0,554598 1,260210 3,047344 -0,015901 0,635681 3,318333
-0,043060 -0,098911 3,222823 0,803408 1,002500 2,821282 -0,939698 1,274981 3,433374 -0,012107 0,627246 3,330374
-0,042080 -0,100698 3,235106 0,940422 0,832455 2,755993 -1,118846 1,085360 3,353287 -0,011896 0,622525 3,282664
-0,043042 -0,113373 3,226429 1,237734 0,447345 3,068955 -1,200799 0,487193 2,767056 -0,012541 0,602070 3,305979
-0,046370 -0,114189 3,228580 1,242818 -0,055604 3,070800 -1,272773 0,015027 2,845391 -0,001867 0,589283 3,270684
-0,044495 -0,115904 3,203365 1,220993 -0,267774 3,187213 -1,205902 -0,183637 2,888391 0,005660 0,593595 3,318207
-0,048390 -0,104732 3,185036 1,040974 -0,485222 3,078154 -1,170736 -0,482040 3,250478 -0,019359 0,588140 3,305821
-0,045049 -0,104147 3,173626 1,013049 -0,532977 3,400978 -1,145314 -0,513673 3,242464 -0,023249 0,590437 3,341751
-0,047927 -0,106896 3,179914 1,009781 -0,481467 3,215973 -1,193180 -0,478239 3,277109 -0,019797 0,584938 3,329576
-0,039427 -0,107274 3,226534 1,178521 -0,356198 3,430685 -1,232223 -0,255169 3,010229 -0,015777 0,590088 3,317859
-0,036317 -0,114533 3,219331 1,194171 -0,056538 3,001261 -1,308393 0,051799 3,039550 -0,004973 0,595152 3,306195
-0,035673 -0,118206 3,226260 1,239018 0,105623 3,097336 -1,293878 0,206465 2,985517 -0,005175 0,591635 3,306111
-0,027827 -0,105478 3,237954 1,240269 0,438879 3,085245 -1,284594 0,456072 3,087220 0,002126 0,609633 3,330361
-0,026767 -0,107075 3,246941 1,209172 0,496646 3,071368 -1,284253 0,500687 3,098507 -0,015944 0,607595 3,318019
-0,027183 -0,106963 3,237861 1,224813 0,455709 3,170755 -1,306622 0,417847 3,121104 -0,008712 0,611647 3,342320
-0,033825 -0,118610 3,218150 1,243454 0,264625 3,062778 -1,321814 0,124429 3,043324 -0,001548 0,593591 3,318120
-0,030835 -0,122134 3,209573 1,236663 -0,126578 3,126433 -1,252418 -0,215192 3,048226 0,002295 0,580867 3,282495
-0,034101 -0,120473 3,197959 1,205387 -0,273175 3,195496 -1,190654 -0,334595 3,060294 -0,008583 0,583093 3,317931
-0,030682 -0,106948 3,184402 1,110241 -0,420686 3,237463 -1,177826 -0,465471 3,274462 -0,015756 0,586221 3,294032
-0,030020 -0,106827 3,183076 1,094480 -0,418856 3,355429 -1,220190 -0,431623 3,326205 -0,008592 0,586233 3,294182
-0,025117 -0,112081 3,174882 1,117277 -0,396059 3,258190 -1,282680 -0,375835 3,368634 -0,011989 0,580854 3,282242
-0,020610 -0,109980 3,195171 1,219000 -0,240751 3,262223 -1,302833 -0,113850 3,123114 -0,008592 0,586233 3,294182
-0,021401 -0,111971 3,203997 1,226814 0,034404 3,028065 -1,317627 0,169903 3,110326 -0,005162 0,598624 3,306187
-0,018575 -0,111756 3,221572 1,229550 0,225582 3,075973 -1,311194 0,293574 3,101446 -0,004973 0,595152 3,306195
-0,023849 -0,114669 3,241548 1,227664 0,295360 3,242640 -1,306464 0,405598 3,142759 0,002317 0,606135 3,330374
-0,026267 -0,117713 3,242410 1,239576 0,199935 3,412034 -1,348070 0,258787 3,205143 -0,001412 0,593205 3,294375
-0,028566 -0,124300 3,234935 1,223206 0,086043 3,063367 -1,342134 0,113364 3,150464 -0,001614 0,589700 3,294289
-0,037606 -0,118389 3,203866 1,179143 -0,190963 3,127713 -1,361758 -0,236011 3,352925 -0,005032 0,584323 3,282449
-0,037302 -0,118249 3,208396 1,165827 -0,451930 3,377842 -1,141455 -0,436270 3,152705 -0,022995 0,583064 3,317603
-0,036124 -0,106997 3,193589 1,119290 -0,478996 3,531693 -1,129914 -0,486828 3,244760 -0,015976 0,586560 3,317783
-0,034619 -0,108467 3,185579 1,102921 -0,487081 3,509498 -1,148357 -0,473910 3,258479 -0,019567 0,577641 3,305673
-0,034063 -0,107800 3,182695 1,130407 -0,355232 3,155131 -1,311850 -0,321904 3,401713 -0,019316 0,584299 3,282153
-0,033722 -0,108511 3,201754 1,163935 -0,229222 3,054187 -1,359516 -0,167932 3,381240 -0,019462 0,583930 3,258793
-0,033425 -0,111877 3,208357 1,282275 0,111589 3,172564 -1,355744 0,208157 3,137296 -0,004973 0,595152 3,306195
-0,037657 -0,112248 3,199543 1,263691 0,570824 3,286088 -1,224101 0,585053 2,986778 -0,005354 0,602082 3,306101
-0,041253 -0,106507 3,208430 1,217511 0,769391 3,322810 -1,129533 0,748624 2,957125 -0,012533 0,613096 3,330052
-0,035572 -0,098516 3,205093 0,871687 0,991276 2,978434 -1,036949 1,206319 3,492057 -0,011895 0,630777 3,330374
-0,036379 -0,095675 3,192638 0,674628 1,362472 3,557520 -0,667424 1,224113 3,097436 -0,008899 0,632144 3,318313
-0,035171 -0,102377 3,206453 0,528840 1,398632 3,566638 -0,554518 1,268312 3,162806 -0,011895 0,630777 3,330374
