16 12
-0,077754 -0,090786 2,993196 0,317879 1,335636 3,059813 -0,359968 1,382102 2,869619 0,005762 0,635170 3,072237
-0,080393 -0,084228 3,012708 0,315139 1,338321 3,057670 -0,354366 1,301467 2,647541 -0,007673 0,651216 3,157613
-0,088814 -0,096003 3,034423 0,316163 1,339492 3,062002 -0,197989 1,019869 2,271472 -0,013633 0,631279 3,177093
-0,092480 -0,088385 3,038440 0,310784 1,349446 3,060651 -0,161165 0,846271 2,115848 -0,007213 0,655234 3,179009
-0,092748 -0,068081 3,032794 0,312193 1,331348 3,045822 -0,175320 0,512507 1,968426 -0,026375 0,684595 3,191104
-0,097601 -0,085894 3,041062 0,314511 1,329860 3,058359 -0,132968 0,249352 1,891998 -0,008836 0,711875 3,096152
-0,092652 -0,084050 3,038533 0,314665 1,324418 3,045903 -0,135107 0,166684 1,900142 -0,004376 0,712838 3,131922
-0,092237 -0,081148 3,044734 0,312988 1,336030 3,050805 -0,127318 0,075118 1,926821 -0,014230 0,706529 3,101142
-0,094104 -0,075726 3,045994 0,318814 1,324586 3,057691 -0,124296 0,107630 1,918092 -0,011794 0,716771 3,087556
-0,090904 -0,067618 3,039321 0,319165 1,324491 3,048482 -0,133648 0,160257 1,920978 0,000405 0,732848 3,102118
-0,086625 -0,059269 3,045270 0,316680 1,324007 3,048140 -0,141446 0,343485 1,928131 -0,022608 0,692637 3,180196
-0,086622 -0,090025 3,027202 0,305825 1,380839 3,068928 -0,229137 0,635518 2,037013 -0,024481 0,655712 3,145575
-0,083656 -0,093430 3,024994 0,314645 1,329623 3,046397 -0,262418 0,792400 2,124749 -0,013943 0,658522 3,178406
-0,081486 -0,090049 3,022408 0,311047 1,331921 3,045961 -0,255857 1,098448 2,351801 -0,000890 0,658790 3,180095
-0,074383 -0,085293 3,013660 0,319256 1,329106 3,037342 -0,387326 1,300438 2,662426 0,022150 0,640477 3,083273
-0,072131 -0,085044 3,001296 0,316721 1,326027 3,034946 -0,412729 1,367021 2,799514 0,015312 0,647777 3,104418
