17 12
-0,121774 -0,095386 3,042737 0,283830 1,331188 3,034406 -0,458289 1,419022 3,074867 -0,063347 0,629634 3,112920
-0,120702 -0,100130 3,049468 0,287845 1,334657 3,040769 -0,477741 1,356054 2,827740 -0,060616 0,639635 3,167403
-0,128045 -0,096902 3,061572 0,282253 1,349755 3,052715 -0,342780 1,157822 2,470728 -0,078503 0,636120 3,222203
-0,132623 -0,094553 3,069431 0,292237 1,340930 3,076394 -0,285290 0,990634 2,277400 -0,081119 0,641342 3,231508
-0,135676 -0,094874 3,062635 0,273780 1,325653 3,031307 -0,280217 0,609532 2,054445 -0,067906 0,653392 3,279320
-0,139393 -0,081138 3,072126 0,271413 1,324714 3,035661 -0,191145 0,260348 1,932725 -0,055536 0,735209 3,162176
-0,136297 -0,095996 3,063391 0,273661 1,319421 3,033546 -0,184354 0,146754 1,939906 -0,071511 0,710642 3,205066
-0,136278 -0,100413 3,071696 0,280672 1,324737 3,052598 -0,160550 0,036989 1,982746 -0,070750 0,712934 3,232031
-0,134130 -0,104623 3,066751 0,287901 1,315944 3,046755 -0,159298 0,035098 1,981622 -0,080335 0,694710 3,175118
-0,131970 -0,097720 3,072360 0,288286 1,322899 3,044777 -0,166321 0,069747 1,980664 -0,067870 0,715222 3,194015
-0,127550 -0,086435 3,084429 0,288077 1,314564 3,036134 -0,186196 0,207030 1,952875 -0,057718 0,721509 3,112193
-0,121576 -0,083848 3,074715 0,289789 1,326754 3,042967 -0,252376 0,471145 2,020800 -0,068951 0,679431 3,234795
-0,122970 -0,095110 3,071897 0,286920 1,327139 3,044452 -0,291178 0,637196 2,077780 -0,067906 0,653392 3,279320
-0,116071 -0,105823 3,080213 0,292438 1,320375 3,042310 -0,290331 0,975533 2,270403 -0,067924 0,646436 3,279247
-0,104241 -0,104124 3,055425 0,290720 1,316463 3,046977 -0,441241 1,250665 2,616374 -0,036401 0,641806 3,179439
-0,101586 -0,099777 3,054937 0,286265 1,318931 3,038531 -0,459571 1,326365 2,752654 -0,053012 0,635660 3,145570
-0,106225 -0,097003 3,030907 0,297777 1,324081 3,063024 -0,441851 1,406554 3,052576 -0,053186 0,631022 3,102733
