29 12
-0,118851 -0,064209 2,888082 0,247852 1,224437 2,972317 -0,399608 1,297776 2,913134 -0,084984 0,627786 2,998058
-0,115864 -0,066977 2,892545 0,218859 1,213600 2,800281 -0,405997 1,194580 2,670083 -0,081704 0,622704 2,988297
-0,116094 -0,072558 2,920704 0,245950 1,081293 2,538425 -0,279661 0,983827 2,347780 -0,063832 0,589129 2,978272
-0,117952 -0,085331 2,927196 0,237278 0,956368 2,366806 -0,269866 0,886874 2,246198 -0,070674 0,583252 3,016978
-0,120421 -0,095788 2,922586 0,214210 0,740315 2,177595 -0,298550 0,672479 2,048877 -0,082673 0,598401 3,048806
-0,118925 -0,071790 2,940724 0,342398 0,491510 1,929027 -0,352351 0,471238 2,041550 -0,083730 0,659705 3,186356
-0,118653 -0,052747 2,935153 0,394500 0,412037 1,890317 -0,442597 0,391170 2,076576 -0,086827 0,697536 3,222312
-0,118002 -0,044154 2,931971 0,635063 0,330991 2,098974 -0,617257 0,260756 1,929388 -0,087655 0,688000 3,122753
-0,115345 -0,055904 2,920480 0,751032 0,333468 2,112036 -0,946978 0,354670 2,211012 -0,086124 0,669639 3,079874
-0,110375 -0,066601 2,913066 0,844651 0,388129 2,252959 -0,989713 0,416862 2,200852 -0,089536 0,657700 3,069303
-0,107747 -0,074784 2,888009 1,038322 0,605916 2,561699 -1,010088 0,612128 2,320521 -0,068488 0,622816 2,988992
-0,094112 -0,070485 2,855363 0,958781 0,863616 2,977767 -0,894355 0,741278 2,254958 -0,058843 0,620330 2,959579
-0,093346 -0,071742 2,845344 0,871422 0,960196 3,050351 -0,805215 0,813627 2,293332 -0,064909 0,619819 2,940069
-0,094877 -0,063508 2,851826 0,560495 0,978932 2,710341 -0,673197 0,983834 2,547740 -0,061328 0,634418 2,950066
-0,101332 -0,064705 2,863317 0,423522 1,024236 2,708620 -0,406102 0,860248 2,239527 -0,056507 0,604527 2,958289
-0,102503 -0,069179 2,877815 0,326248 0,938921 2,529652 -0,321668 0,806348 2,194335 -0,071872 0,570687 2,926930
-0,106803 -0,092639 2,883323 0,160824 0,663218 2,156437 -0,277467 0,636268 2,107042 -0,075045 0,600871 3,008472
-0,122512 -0,073511 2,904682 0,246387 0,466949 1,958060 -0,290054 0,451475 2,069047 -0,123792 0,649989 3,117664
-0,116209 -0,054653 2,916932 0,291440 0,387535 1,886020 -0,377804 0,372472 2,084220 -0,093389 0,699812 3,199306
-0,119254 -0,044749 2,896597 0,516448 0,283162 2,077028 -0,567262 0,209777 1,896850 -0,091535 0,706826 3,133438
-0,118644 -0,043857 2,901608 0,664239 0,211929 1,955083 -0,939140 0,228248 2,214262 -0,082753 0,677454 3,069806
-0,118848 -0,050367 2,892874 0,780307 0,243486 2,110262 -1,047156 0,274391 2,224921 -0,085048 0,671190 3,038220
-0,115608 -0,068818 2,876445 1,085325 0,403543 2,485992 -1,121248 0,452228 2,278929 -0,085415 0,634126 2,998062
-0,111546 -0,074264 2,852721 1,134639 0,683744 2,830298 -1,093401 0,632632 2,249068 -0,073992 0,611212 2,911032
-0,113494 -0,074715 2,848287 1,083141 0,823092 2,938205 -1,056438 0,735926 2,277769 -0,071337 0,612921 2,920438
-0,113434 -0,062240 2,836757 0,856490 0,981037 2,815853 -1,001869 1,080438 2,721988 -0,064469 0,626211 2,940233
-0,112878 -0,056068 2,827579 0,694746 1,340054 3,419083 -0,749574 1,087312 2,589079 -0,084794 0,639930 2,978258
-0,119743 -0,057912 2,838982 0,574368 1,366227 3,419899 -0,660473 1,158621 2,672867 -0,091156 0,643081 2,977849
-0,120713 -0,057810 2,838039 0,337255 1,244041 3,083514 -0,515001 1,346619 3,064414 -0,091383 0,639863 2,977867
