25 12
-0,085533 -0,097939 3,115092 1,310297 0,229294 3,074407 -1,421513 0,255342 3,189972 -0,060416 0,629542 3,167253
-0,086670 -0,109413 3,108247 1,311372 0,225550 3,087269 -1,430599 0,256368 3,219962 -0,049928 0,614193 3,156618
-0,086005 -0,101937 3,115038 1,305143 0,226896 3,075469 -1,419498 0,254621 3,191238 -0,060845 0,622767 3,167280
-0,088240 -0,112672 3,119964 1,309565 0,227952 3,073593 -1,412803 0,256891 3,200521 -0,060437 0,616076 3,167154
-0,088981 -0,102087 3,115834 1,292286 0,220804 3,042833 -1,415723 0,256215 3,177034 -0,057295 0,628174 3,178528
-0,090066 -0,107234 3,109568 1,298590 0,222157 3,082659 -1,419103 0,259856 3,200721 -0,060641 0,619428 3,167252
-0,088413 -0,107088 3,111168 1,302716 0,224245 3,077762 -1,421096 0,258792 3,190612 -0,060427 0,622808 3,167203
-0,089961 -0,107231 3,109429 1,298725 0,222125 3,045477 -1,421898 0,256562 3,184476 -0,053733 0,626821 3,189724
-0,092975 -0,099737 3,116256 1,299789 0,222027 3,064033 -1,428551 0,258892 3,198635 -0,060210 0,626173 3,167087
-0,092024 -0,109672 3,116094 1,296040 0,221372 3,045758 -1,421261 0,261512 3,188482 -0,060427 0,622808 3,167203
-0,091577 -0,103161 3,122554 1,293173 0,218502 3,058576 -1,415564 0,259054 3,180150 -0,053289 0,619483 3,167356
-0,091323 -0,110202 3,126393 1,288153 0,220363 3,049165 -1,423176 0,259287 3,182813 -0,060649 0,612697 3,167200
-0,092332 -0,108847 3,112234 1,309386 0,217385 3,070368 -1,420224 0,259049 3,183717 -0,060641 0,619428 3,167252
-0,092635 -0,109313 3,119363 1,296763 0,214414 3,062334 -1,418579 0,260535 3,182653 -0,060641 0,619428 3,167252
-0,087696 -0,101401 3,121414 1,296792 0,216497 3,065294 -1,421596 0,259841 3,199168 -0,060632 0,626161 3,167301
-0,090130 -0,110858 3,120434 1,302290 0,217564 3,088072 -1,420406 0,261508 3,186920 -0,060641 0,619428 3,167252
-0,092155 -0,102983 3,120996 1,294729 0,216568 3,051616 -1,436445 0,260438 3,216507 -0,060845 0,622767 3,167280
-0,091054 -0,107578 3,127957 1,297516 0,218017 3,073545 -1,420448 0,260054 3,188559 -0,060845 0,622767 3,167280
-0,092769 -0,101704 3,128312 1,296837 0,215183 3,068159 -1,423569 0,267607 3,199569 -0,060437 0,616076 3,167154
-0,093055 -0,107210 3,121697 1,286034 0,214324 3,051290 -1,437583 0,265269 3,212419 -0,060427 0,622808 3,167203
-0,093980 -0,106615 3,121100 1,300155 0,213618 3,077460 -1,420233 0,269149 3,212887 -0,057719 0,621349 3,178407
-0,093981 -0,106172 3,126564 1,286457 0,211799 3,064865 -1,415619 0,260667 3,187069 -0,060641 0,619428 3,167252
-0,094657 -0,104542 3,127111 1,275915 0,209297 3,047485 -1,426954 0,264158 3,204281 -0,060641 0,619428 3,167252
-0,094002 -0,106692 3,124257 1,289224 0,211299 3,047790 -1,421197 0,264291 3,197630 -0,061055 0,619358 3,167188
-0,095577 -0,104086 3,129314 1,289168 0,211561 3,075981 -1,432979 0,271896 3,220027 -0,057719 0,621349 3,178407
