25 12
-0,098476 -0,088064 2,866859 0,257189 1,241630 2,961225 -0,459077 1,295418 2,986912 -0,080953 0,627934 2,949070
-0,100548 -0,092379 2,886998 0,271377 1,215147 2,804943 -0,383927 1,222479 2,787808 -0,071310 0,623556 2,959306
-0,099746 -0,097562 2,905743 0,272201 1,166218 2,676422 -0,336017 1,142114 2,638509 -0,077104 0,607263 2,939468
-0,098554 -0,104581 2,936311 0,128631 0,941657 2,370529 -0,320345 0,915046 2,411595 -0,066079 0,566563 2,978267
-0,100914 -0,114543 2,964019 0,166851 0,613780 2,113428 -0,198834 0,664689 2,168891 -0,064938 0,599135 2,998972
-0,100979 -0,100334 2,967842 0,188256 0,478778 2,007857 -0,201084 0,552254 2,092358 -0,080209 0,621500 3,017360
-0,099791 -0,077299 2,971376 0,297542 0,289995 2,080172 -0,320460 0,306363 1,855890 -0,106128 0,736486 3,099100
-0,095420 -0,060489 2,952875 0,506954 0,119152 1,895118 -0,616301 0,187991 2,092312 -0,051439 0,699461 3,081010
-0,092965 -0,062699 2,938336 0,633645 0,088975 1,949527 -0,797145 0,170254 2,133495 -0,076590 0,678411 3,091268
-0,098185 -0,091625 2,916412 0,911289 0,225241 2,303022 -0,907066 0,319192 2,156454 -0,099299 0,624158 2,996786
-0,093306 -0,103298 2,891150 0,956773 0,493930 2,574285 -0,932106 0,546292 2,214725 -0,070707 0,603695 2,920730
-0,090916 -0,101244 2,895662 0,927750 0,672122 2,733087 -0,857399 0,645354 2,237400 -0,063953 0,600211 2,902107
-0,092870 -0,096461 2,890054 0,567191 0,736943 2,374563 -0,713999 0,837412 2,514131 -0,063936 0,612651 2,902109
-0,093673 -0,112030 2,894079 0,406438 0,745681 2,472185 -0,378060 0,663117 2,150419 -0,082855 0,584888 2,919622
-0,094481 -0,103427 2,901783 0,339270 0,614339 2,219076 -0,292721 0,561074 2,093203 -0,081811 0,602437 2,948528
-0,093597 -0,091161 2,920024 0,183334 0,333252 2,066312 -0,278677 0,347752 2,022954 -0,067998 0,666799 3,048840
-0,095926 -0,106474 2,920503 0,304136 0,143399 1,880333 -0,340024 0,195499 2,014474 -0,086553 0,796776 3,059876
-0,101491 -0,097891 2,866544 0,404393 0,098719 1,847030 -0,460067 0,176828 2,043437 -0,077972 0,772301 3,140630
-0,094436 -0,067858 2,907713 0,819469 0,192156 2,225143 -0,626915 0,236842 1,851215 -0,080709 0,682669 3,080281
-0,089817 -0,085916 2,900198 0,945008 0,444174 2,334072 -0,928872 0,538034 2,113574 -0,071811 0,647867 3,018883
-0,089504 -0,097558 2,900760 1,007883 0,635661 2,511757 -0,968050 0,679894 2,165285 -0,083766 0,620324 2,958363
-0,084232 -0,088360 2,883310 0,902871 0,870034 2,483977 -0,968801 1,068139 2,599474 -0,064029 0,626253 2,940164
-0,073910 -0,086961 2,860614 0,784431 1,256813 3,064940 -0,779443 1,156637 2,575870 -0,054569 0,631329 2,950343
-0,075120 -0,085753 2,856137 0,669138 1,323349 3,138324 -0,688859 1,229715 2,707263 -0,057961 0,633189 2,959936
-0,073879 -0,083253 2,851841 0,426572 1,262625 2,932559 -0,546153 1,393357 3,154116 -0,061144 0,638253 2,969524
