31 12
-0,098565 -0,100502 3,298795 0,266302 1,427704 3,258137 -0,510457 1,365732 3,184498 -0,102364 0,649172 3,314639
-0,089985 -0,104756 3,291404 0,258130 1,482409 3,311057 -0,546989 1,282775 3,090120 -0,102918 0,653491 3,338791
-0,089928 -0,105236 3,314143 0,279284 1,452732 3,281772 -0,584391 1,168514 2,954936 -0,105463 0,650527 3,302434
-0,081166 -0,103048 3,320018 0,279119 1,469555 3,302239 -0,607075 0,996259 2,825696 -0,106615 0,652115 3,350643
-0,082535 -0,107078 3,338182 0,294726 1,437785 3,270839 -0,623385 0,812399 2,739958 -0,117175 0,642752 3,337553
-0,078653 -0,108303 3,334740 0,290332 1,459359 3,288356 -0,655729 0,633006 2,713480 -0,113458 0,637110 3,325728
-0,070022 -0,116478 3,335996 0,281222 1,486224 3,309295 -0,723254 0,470909 2,713082 -0,105675 0,632996 3,302271
-0,064821 -0,106250 3,332171 0,281788 1,471760 3,285804 -0,847770 0,326055 2,729240 -0,102363 0,635125 3,314469
-0,061925 -0,110406 3,345840 0,269523 1,499444 3,303032 -0,935213 0,203035 2,695385 -0,102568 0,631568 3,314388
-0,056313 -0,111842 3,349359 0,276042 1,478100 3,283765 -0,928514 0,153594 2,657157 -0,113458 0,637110 3,325728
-0,053378 -0,112419 3,340210 0,260485 1,503744 3,306803 -0,886431 0,139865 2,712869 -0,096090 0,639313 3,338921
-0,047542 -0,103773 3,347880 0,251743 1,493724 3,297101 -0,875403 0,106226 2,723476 -0,102363 0,635125 3,314469
-0,036984 -0,110350 3,337582 0,258033 1,485952 3,290363 -0,931014 0,048662 2,755317 -0,092304 0,641592 3,351517
-0,036766 -0,104326 3,335342 0,259843 1,498194 3,305592 -0,960747 0,028303 2,731677 -0,092021 0,640815 3,327203
-0,031433 -0,117514 3,341911 0,267392 1,490373 3,293692 -0,947145 0,047775 2,712905 -0,084360 0,629663 3,303555
-0,035657 -0,109567 3,339287 0,272252 1,461569 3,267210 -0,940381 0,054243 2,715450 -0,100109 0,645829 3,375682
-0,030688 -0,114558 3,317913 0,269032 1,470990 3,269855 -0,975996 0,023532 2,751455 -0,095884 0,635842 3,339001
-0,037034 -0,107199 3,328629 0,264273 1,509326 3,307378 -1,006569 -0,000388 2,749060 -0,095678 0,639423 3,339092
-0,037844 -0,109835 3,315287 0,276306 1,472830 3,276703 -1,010054 0,006260 2,728836 -0,092304 0,641592 3,351517
-0,040966 -0,108027 3,314433 0,269865 1,483370 3,286269 -1,007502 0,029595 2,743359 -0,088909 0,643774 3,364021
-0,043338 -0,113743 3,312817 0,277495 1,472149 3,298219 -1,013576 0,051370 2,746464 -0,099239 0,640743 3,326745
-0,050142 -0,104206 3,305575 0,270034 1,520768 3,341874 -1,018688 0,098907 2,762421 -0,092512 0,645092 3,351516
-0,053838 -0,105298 3,305325 0,283553 1,463570 3,287595 -1,001472 0,195533 2,765826 -0,099239 0,640743 3,326745
-0,055081 -0,106010 3,279964 0,274033 1,482668 3,311070 -0,965385 0,339494 2,774164 -0,106827 0,648536 3,350642
-0,064514 -0,102007 3,283119 0,276818 1,481116 3,304532 -0,927673 0,507871 2,775192 -0,099354 0,652193 3,351147
-0,068918 -0,100530 3,283114 0,281518 1,456525 3,288906 -0,898566 0,708853 2,823907 -0,092304 0,655785 3,351704
-0,074422 -0,091702 3,286676 0,283205 1,449121 3,289664 -0,838603 0,911208 2,844087 -0,090901 0,647188 3,303241
-0,079634 -0,090852 3,288477 0,274543 1,448786 3,274788 -0,755918 1,101829 2,931000 -0,091812 0,651436 3,327381
-0,086025 -0,090238 3,279845 0,268049 1,485407 3,322332 -0,650676 1,255801 3,024740 -0,091539 0,650600 3,303376
-0,092202 -0,090253 3,272334 0,263480 1,481621 3,323716 -0,504814 1,334081 3,103673 -0,091114 0,650676 3,303391
-0,101850 -0,084343 3,283174 0,264308 1,482735 3,319842 -0,423238 1,399237 3,218022 -0,087968 0,656346 3,315647
