24 12
-0,113527 -0,083614 3,279269 0,297914 1,417364 3,275695 -0,487947 1,306741 3,032097 -0,036948 0,679410 3,270892
-0,115042 -0,085177 3,291072 0,298688 1,409394 3,272859 -0,541736 1,093830 2,986570 -0,040383 0,678140 3,282420
-0,119060 -0,082626 3,286579 0,305059 1,416336 3,268943 -0,558238 0,879971 2,839524 -0,040609 0,674645 3,282448
-0,109224 -0,083549 3,296106 0,289388 1,412151 3,254871 -0,556878 0,543614 2,800621 -0,040609 0,674645 3,282448
-0,103291 -0,086244 3,300081 0,281153 1,415066 3,255469 -0,479784 0,342050 2,717465 -0,041042 0,681554 3,282422
-0,103773 -0,080462 3,322465 0,283606 1,412971 3,263312 -0,451338 0,269938 2,655421 -0,045355 0,695217 3,317691
-0,109281 -0,098614 3,302630 0,285387 1,415349 3,276680 -0,464552 0,166616 2,440962 -0,042277 0,690270 3,329049
-0,083772 -0,107158 3,249092 0,289025 1,403938 3,254454 -0,433268 0,101642 2,471038 -0,034684 0,689374 3,305666
-0,086350 -0,105267 3,271244 0,294069 1,419780 3,282817 -0,413755 0,102179 2,554431 -0,042058 0,693917 3,329500
-0,075919 -0,110603 3,297678 0,294842 1,412742 3,282767 -0,374059 0,139326 2,641998 -0,041837 0,697547 3,329871
-0,095190 -0,127134 3,335678 0,284987 1,410806 3,277816 -0,327321 0,128902 2,472597 -0,053325 0,694881 3,390842
-0,077837 -0,136368 3,283635 0,287281 1,409423 3,263405 -0,353563 0,110944 2,460118 -0,038681 0,693777 3,366183
-0,043895 -0,125183 3,249210 0,288747 1,412659 3,258111 -0,350940 0,053620 2,624186 -0,049988 0,700768 3,403242
-0,022435 -0,126721 3,202600 0,285360 1,400699 3,253774 -0,334281 0,013359 2,631483 -0,042427 0,696093 3,378460
-0,030321 -0,075145 3,209302 0,282129 1,413078 3,260002 -0,311464 -0,040658 2,567455 -0,049988 0,700768 3,403242
-0,054124 -0,063428 3,205770 0,279160 1,421095 3,271971 -0,334857 -0,159435 2,491778 -0,053760 0,694668 3,390088
-0,056608 -0,073031 3,227319 0,288783 1,415787 3,260657 -0,392242 -0,177612 2,637309 -0,049738 0,687727 3,353080
-0,059189 -0,087882 3,240204 0,287042 1,421598 3,265092 -0,416381 -0,122938 2,702561 -0,030925 0,681196 3,317954
-0,061416 -0,091643 3,306180 0,278107 1,411672 3,241056 -0,453613 0,095701 2,682907 -0,027146 0,680013 3,330326
-0,051814 -0,087496 3,298278 0,277652 1,425285 3,235746 -0,546153 0,436880 2,756023 -0,030385 0,682364 3,342659
-0,050379 -0,085025 3,316236 0,282038 1,425497 3,246191 -0,584680 0,642840 2,780107 -0,019197 0,679180 3,306813
-0,052405 -0,086821 3,311698 0,284871 1,420529 3,243892 -0,600425 1,117768 3,015304 -0,030047 0,681392 3,318512
-0,055046 -0,083849 3,317723 0,284929 1,418098 3,232443 -0,495658 1,283468 2,990979 -0,030376 0,689456 3,342745
-0,062622 -0,079895 3,312094 0,285219 1,423894 3,239172 -0,441321 1,378585 3,139607 -0,023044 0,684917 3,318723
