35 12
-0,111908 -0,086634 3,277332 0,257438 1,454159 3,278133 -0,478442 1,359154 3,169898 -0,109559 0,656118 3,314222
-0,111709 -0,096154 3,273776 0,247549 1,490599 3,309570 -0,508946 1,281289 3,052570 -0,100854 0,640751 3,267133
-0,107923 -0,096800 3,290066 0,269490 1,429873 3,252706 -0,520535 1,152902 2,928501 -0,111812 0,642729 3,278081
-0,101673 -0,098216 3,292160 0,264251 1,445702 3,254718 -0,508252 0,968411 2,801396 -0,101508 0,642177 3,313919
-0,105440 -0,101256 3,284709 0,265714 1,439609 3,243806 -0,487570 0,760258 2,738663 -0,100771 0,620511 3,289565
-0,106065 -0,105584 3,286260 0,264305 1,430435 3,222758 -0,463618 0,592885 2,717551 -0,097566 0,628979 3,278943
-0,107540 -0,099381 3,286872 0,257615 1,453250 3,247086 -0,495387 0,474591 2,735653 -0,098401 0,642728 3,279089
-0,104199 -0,087337 3,270900 0,248544 1,482138 3,256537 -0,581283 0,365243 2,731682 -0,091006 0,642001 3,256002
-0,096205 -0,095377 3,289717 0,253932 1,454258 3,227585 -0,735181 0,261684 2,685395 -0,088389 0,649209 3,315384
-0,091267 -0,102186 3,280364 0,253305 1,439097 3,193912 -0,872082 0,188437 2,700549 -0,091059 0,632431 3,279537
-0,084050 -0,109184 3,287420 0,254728 1,435927 3,193461 -0,900872 0,148843 2,667574 -0,080358 0,631161 3,291977
-0,076162 -0,096140 3,266699 0,251049 1,470977 3,229632 -0,843384 0,130179 2,645432 -0,080355 0,638138 3,292055
-0,079005 -0,089503 3,278695 0,265822 1,454058 3,218712 -0,762946 0,158750 2,658702 -0,091538 0,643596 3,303294
-0,079796 -0,095512 3,273674 0,272088 1,441176 3,218519 -0,731807 0,165833 2,676281 -0,091747 0,647036 3,303211
-0,079978 -0,097221 3,273122 0,279098 1,439165 3,226847 -0,786256 0,142303 2,735597 -0,088908 0,650894 3,364116
-0,071558 -0,101575 3,256776 0,293372 1,440245 3,230786 -0,886530 0,109058 2,765834 -0,083720 0,629066 3,279973
-0,063857 -0,104691 3,264133 0,301318 1,460629 3,236157 -0,937095 0,100346 2,715682 -0,076375 0,632632 3,280393
-0,065367 -0,091775 3,244087 0,310185 1,472002 3,259449 -0,897526 0,103334 2,662140 -0,080979 0,638797 3,315798
-0,061577 -0,094832 3,240473 0,322997 1,458636 3,250728 -0,842704 0,131365 2,706712 -0,080562 0,638872 3,315834
-0,060205 -0,085344 3,239776 0,313960 1,502916 3,300975 -0,871226 0,115978 2,746130 -0,088386 0,642183 3,315299
-0,054326 -0,098870 3,234171 0,330098 1,484347 3,290371 -0,953724 0,076228 2,764451 -0,094745 0,642267 3,314881
-0,054024 -0,098911 3,232985 0,334469 1,495284 3,306138 -1,026310 0,060948 2,770681 -0,084383 0,640959 3,327662
-0,053085 -0,091719 3,239796 0,353537 1,425068 3,236171 -1,068943 0,068070 2,749313 -0,087971 0,642291 3,315477
-0,045229 -0,089145 3,230463 0,341124 1,470891 3,286397 -1,104325 0,113871 2,760824 -0,087720 0,641518 3,291630
-0,037063 -0,090834 3,247104 0,350840 1,445095 3,258657 -1,121474 0,201591 2,735366 -0,080562 0,638872 3,315834
-0,032062 -0,092196 3,237526 0,345505 1,476165 3,282613 -1,149989 0,316449 2,764295 -0,080562 0,638872 3,315834
-0,025214 -0,083098 3,244078 0,349092 1,447411 3,250252 -1,143055 0,460662 2,788198 -0,083940 0,643739 3,303747
-0,021773 -0,088773 3,234091 0,333702 1,476791 3,288076 -1,122560 0,615086 2,810303 -0,102364 0,649172 3,314639
-0,025590 -0,090170 3,261832 0,331235 1,456634 3,260356 -1,062042 0,784244 2,845600 -0,080353 0,645118 3,292134
-0,032197 -0,085199 3,255187 0,308282 1,503076 3,318569 -0,980392 0,938169 2,866739 -0,091328 0,647144 3,303382
-0,034470 -0,089905 3,259635 0,316195 1,436332 3,253970 -0,881092 1,085372 2,907811 -0,080353 0,645118 3,292134
-0,042384 -0,085061 3,250028 0,297118 1,453765 3,277449 -0,784349 1,206827 3,003263 -0,084157 0,658598 3,327771
-0,058363 -0,083273 3,265994 0,294805 1,433639 3,257563 -0,679356 1,294293 3,084198 -0,087297 0,648574 3,291731
-0,068243 -0,088716 3,260419 0,268234 1,488633 3,305576 -0,583209 1,351678 3,165870 -0,091327 0,654149 3,303464
-0,081725 -0,083505 3,268475 0,259934 1,472381 3,293356 -0,474783 1,392585 3,212841 -0,091111 0,657682 3,303473
