17 12
-0,086463 -0,085187 3,230894 0,301522 1,403180 3,167002 -0,551834 1,351785 2,928396 -0,043182 0,637717 3,157114
-0,073661 -0,102110 3,208464 0,288227 1,420704 3,163389 -0,765245 1,233734 2,977395 -0,049904 0,627616 3,156712
-0,070077 -0,103912 3,221902 0,285854 1,423398 3,162318 -0,830636 0,908895 2,722628 -0,067888 0,630105 3,189174
-0,072799 -0,099269 3,210927 0,278761 1,420165 3,142937 -0,863826 0,161476 2,438466 -0,067880 0,636884 3,189229
-0,077256 -0,099978 3,223983 0,275092 1,420449 3,134525 -0,714310 -0,350998 2,364043 -0,057027 0,630920 3,156507
-0,083352 -0,099220 3,201307 0,272792 1,408792 3,113853 -0,655018 -0,509543 2,519345 -0,060555 0,632231 3,145447
-0,089299 -0,090706 3,166129 0,276788 1,415623 3,128668 -0,534533 -0,772590 3,102080 -0,050101 0,637680 3,156847
-0,096761 -0,097246 3,161238 0,274428 1,415069 3,132349 -0,447910 -0,796075 3,087283 -0,050320 0,641735 3,178928
-0,096011 -0,092647 3,176055 0,278127 1,412991 3,135074 -0,431151 -0,813322 3,150107 -0,053688 0,632941 3,167659
-0,093341 -0,081507 3,192237 0,277719 1,410741 3,124424 -0,456435 -0,758603 3,042226 -0,046733 0,640421 3,190122
-0,090446 -0,087821 3,186654 0,278809 1,417313 3,125484 -0,515062 -0,619660 3,009599 -0,043182 0,637717 3,157114
-0,079393 -0,076932 3,181962 0,278033 1,418394 3,114367 -0,582322 -0,445366 2,906350 -0,046942 0,643802 3,190213
-0,056344 -0,090973 3,240404 0,273564 1,413682 3,101794 -0,699998 0,075053 2,506111 -0,046545 0,629624 3,167853
-0,040332 -0,091808 3,235099 0,268087 1,421899 3,109782 -0,772371 0,678523 2,374803 -0,043553 0,639075 3,201507
-0,033347 -0,084736 3,242794 0,274559 1,408570 3,106027 -0,754635 0,943266 2,484567 -0,046751 0,632981 3,167939
-0,061532 -0,080650 3,218183 0,288241 1,410241 3,135121 -0,624912 1,440487 3,126116 -0,053233 0,632315 3,145681
-0,074035 -0,076018 3,219517 0,293706 1,401592 3,129829 -0,431969 1,419918 3,107632 -0,046325 0,632989 3,167747
