31 12
-0,106057 -0,078112 3,240735 0,294367 1,443256 3,284783 -0,468992 1,405828 3,177602 -0,087289 0,662542 3,291888
-0,106879 -0,086799 3,249684 0,289768 1,477289 3,324472 -0,500917 1,365688 3,084402 -0,097982 0,656755 3,279400
-0,111524 -0,092941 3,241783 0,293959 1,453471 3,286997 -0,545073 1,268737 2,972141 -0,097982 0,656755 3,279400
-0,114262 -0,086109 3,244232 0,299780 1,454023 3,299215 -0,588787 1,159013 2,863465 -0,094449 0,655487 3,291362
-0,121749 -0,085770 3,236808 0,306083 1,449252 3,286174 -0,620832 1,013405 2,788037 -0,089944 0,652598 3,256334
-0,130247 -0,075570 3,236865 0,300901 1,483877 3,314789 -0,660987 0,875333 2,739056 -0,093735 0,654692 3,267758
-0,133640 -0,090242 3,230093 0,313701 1,405730 3,244161 -0,704120 0,774212 2,675155 -0,097552 0,649840 3,279172
-0,136638 -0,078490 3,235980 0,302785 1,460734 3,283596 -0,717501 0,740740 2,673814 -0,101280 0,647637 3,267362
-0,134491 -0,084861 3,252813 0,301648 1,458887 3,284720 -0,700122 0,672504 2,614510 -0,097557 0,642883 3,279096
-0,134265 -0,085191 3,237895 0,308524 1,411549 3,244871 -0,656910 0,558324 2,580140 -0,090198 0,653388 3,279493
-0,135260 -0,089372 3,249530 0,290451 1,456777 3,269947 -0,624980 0,432092 2,578778 -0,090379 0,645641 3,256398
-0,137028 -0,083557 3,256854 0,299806 1,440902 3,278998 -0,603743 0,363646 2,641740 -0,079350 0,642879 3,222490
-0,132073 -0,095580 3,267449 0,304366 1,399592 3,231086 -0,619440 0,363489 2,673558 -0,082867 0,634668 3,233674
-0,123720 -0,091719 3,271455 0,299515 1,450925 3,279350 -0,654856 0,419145 2,641081 -0,094452 0,648505 3,291283
-0,122697 -0,099525 3,288010 0,303123 1,450166 3,279929 -0,659175 0,495308 2,598070 -0,091328 0,647144 3,303382
-0,113853 -0,091791 3,283939 0,308542 1,420620 3,249045 -0,637673 0,506751 2,587043 -0,096752 0,637997 3,232811
-0,114481 -0,096903 3,285191 0,298688 1,454178 3,270675 -0,608762 0,432750 2,560799 -0,094170 0,640777 3,267752
-0,116920 -0,094601 3,276157 0,304770 1,432973 3,269597 -0,593594 0,319740 2,556356 -0,069176 0,641550 3,234297
-0,120795 -0,094061 3,269547 0,294089 1,473219 3,297165 -0,588499 0,245862 2,628491 -0,076065 0,640713 3,210997
-0,118454 -0,086982 3,269482 0,311920 1,411654 3,246169 -0,601067 0,205006 2,654870 -0,076232 0,648363 3,234013
-0,115637 -0,089396 3,255773 0,310232 1,432513 3,275856 -0,617923 0,222230 2,685668 -0,084346 0,653231 3,279857
-0,108125 -0,088561 3,259159 0,314714 1,446093 3,281713 -0,640642 0,270127 2,677300 -0,096749 0,644863 3,232878
-0,106707 -0,094652 3,253911 0,317354 1,439812 3,279379 -0,663111 0,377099 2,704605 -0,090379 0,645641 3,256398
-0,098420 -0,095485 3,260710 0,311749 1,446583 3,267874 -0,686263 0,514830 2,729758 -0,101605 0,648431 3,290806
-0,094316 -0,091665 3,238303 0,317012 1,436902 3,272617 -0,703577 0,684015 2,739391 -0,080549 0,659956 3,316084
-0,090427 -0,087423 3,234877 0,317663 1,428129 3,264918 -0,713139 0,864901 2,781311 -0,076963 0,661289 3,304378
-0,087828 -0,083354 3,239286 0,292044 1,520200 3,344237 -0,694816 1,018075 2,826081 -0,079907 0,666113 3,292248
-0,089412 -0,081929 3,237413 0,307397 1,489100 3,336315 -0,661986 1,159384 2,914550 -0,083493 0,660406 3,280291
-0,089075 -0,079083 3,236546 0,305805 1,480810 3,321166 -0,618858 1,262048 2,998308 -0,083272 0,663900 3,280227
-0,088622 -0,076797 3,232210 0,302468 1,497076 3,339967 -0,558023 1,345255 3,078851 -0,083493 0,660406 3,280291
-0,090510 -0,083688 3,241446 0,307026 1,490584 3,328520 -0,489630 1,376412 3,133203 -0,087507 0,659020 3,291878
