33 12
-0,108965 -0,101335 3,385639 0,269910 1,407949 3,343649 -0,501535 1,349813 3,212445 -0,082496 0,645363 3,414310
-0,091316 -0,100676 3,391400 0,266213 1,407358 3,331998 -0,560028 1,235329 3,036242 -0,067385 0,641128 3,389945
-0,088704 -0,098849 3,426149 0,260327 1,411742 3,325483 -0,621166 1,033254 2,866130 -0,082982 0,646971 3,465390
-0,085450 -0,104703 3,433452 0,262448 1,416923 3,336029 -0,685499 0,748303 2,713607 -0,078187 0,624614 3,376728
-0,086961 -0,099026 3,435219 0,256271 1,416033 3,316091 -0,758259 0,413464 2,688868 -0,086626 0,643862 3,426682
-0,090407 -0,103933 3,422286 0,258000 1,411652 3,301707 -0,781082 0,094726 2,626934 -0,078803 0,639570 3,401785
-0,098037 -0,097410 3,444740 0,260117 1,420813 3,327214 -0,800114 -0,162686 2,629253 -0,075928 0,649725 3,439991
-0,099922 -0,102576 3,427424 0,255093 1,417852 3,312340 -0,757038 -0,312154 2,688055 -0,079857 0,651922 3,452673
-0,109005 -0,110509 3,437359 0,260204 1,420128 3,333733 -0,630650 -0,419420 2,694910 -0,064746 0,648454 3,453528
-0,114994 -0,116688 3,423403 0,253107 1,417545 3,306448 -0,474388 -0,491221 2,673247 -0,049564 0,636117 3,402927
-0,109538 -0,116100 3,408695 0,249872 1,419098 3,297583 -0,338177 -0,492116 2,689237 -0,053375 0,638254 3,415403
-0,104328 -0,116351 3,415659 0,259074 1,419427 3,322453 -0,300398 -0,512708 2,772971 -0,064288 0,636025 3,402314
-0,094094 -0,113866 3,405159 0,249705 1,422500 3,310909 -0,379828 -0,636865 2,942023 -0,060962 0,641737 3,414895
-0,090841 -0,110897 3,401283 0,248351 1,431159 3,321616 -0,514488 -0,669026 3,029476 -0,049767 0,646828 3,402819
-0,087192 -0,110136 3,382856 0,247271 1,425586 3,305281 -0,536590 -0,620600 2,955082 -0,050005 0,665728 3,428362
-0,090290 -0,108693 3,406135 0,250906 1,418419 3,304554 -0,433524 -0,640782 2,869790 -0,034823 0,657774 3,403723
-0,085269 -0,112157 3,406955 0,246517 1,433067 3,314551 -0,300855 -0,614163 2,792323 -0,035325 0,655776 3,454312
-0,084602 -0,109037 3,387023 0,258375 1,429326 3,316222 -0,264950 -0,601380 2,862603 -0,041990 0,647004 3,403523
-0,088204 -0,109847 3,389616 0,259696 1,437617 3,329677 -0,333118 -0,677529 2,965844 -0,057209 0,647646 3,428066
-0,089736 -0,109023 3,398738 0,259539 1,437703 3,313136 -0,452253 -0,708376 3,049330 -0,038384 0,656439 3,416376
-0,097953 -0,109407 3,391823 0,255632 1,420808 3,306994 -0,479559 -0,701471 3,031002 -0,042212 0,656817 3,378276
-0,100585 -0,114193 3,391764 0,259194 1,425135 3,300846 -0,423272 -0,649474 2,926820 -0,035031 0,661298 3,403499
-0,098827 -0,103598 3,389750 0,257055 1,424893 3,301767 -0,372889 -0,568386 2,860630 -0,027337 0,665971 3,429525
-0,092818 -0,106093 3,381367 0,268337 1,429946 3,311887 -0,375321 -0,468181 2,825784 -0,030992 0,656470 3,416600
-0,089267 -0,096996 3,382957 0,268805 1,429661 3,312663 -0,418749 -0,324371 2,790807 -0,027351 0,651473 3,429314
-0,075228 -0,091459 3,350024 0,267631 1,427074 3,295643 -0,483892 -0,120144 2,758749 -0,041962 0,662326 3,429123
-0,077205 -0,098921 3,379967 0,269772 1,431194 3,307256 -0,552199 0,112954 2,721998 -0,045985 0,668166 3,441751
-0,069404 -0,099008 3,388619 0,269271 1,427760 3,297292 -0,604818 0,352298 2,702755 -0,045577 0,653689 3,441638
-0,071584 -0,103892 3,380327 0,274685 1,424716 3,298570 -0,663069 0,621582 2,690110 -0,049392 0,640553 3,428525
-0,074342 -0,105361 3,404044 0,276897 1,408738 3,301440 -0,703935 0,886863 2,754437 -0,056042 0,628363 3,377860
-0,079672 -0,108684 3,397534 0,286185 1,403600 3,295698 -0,698869 1,096399 2,906415 -0,059632 0,641217 3,390203
-0,091777 -0,104414 3,384094 0,287091 1,423080 3,323496 -0,635998 1,234340 2,998367 -0,059539 0,640471 3,365516
-0,096482 -0,097118 3,376433 0,298669 1,402659 3,328478 -0,525821 1,337567 3,106463 -0,071403 0,651300 3,427660
