31 12
-0,090197 -0,100565 3,280724 0,247364 1,423301 3,275940 -0,563916 1,346534 3,152247 -0,109344 0,652636 3,314131
-0,089276 -0,098938 3,279086 0,260499 1,426167 3,292807 -0,601491 1,283388 3,062084 -0,113249 0,654758 3,325898
-0,091643 -0,098116 3,280560 0,265435 1,414515 3,278287 -0,631060 1,184867 2,977597 -0,113033 0,651249 3,325722
-0,095276 -0,094317 3,290609 0,264959 1,430215 3,291876 -0,657025 1,072873 2,865573 -0,113033 0,651249 3,325722
-0,100550 -0,094877 3,303590 0,261823 1,418025 3,271397 -0,683103 0,964363 2,781037 -0,113033 0,651249 3,325722
-0,095862 -0,098491 3,306521 0,257560 1,430019 3,283658 -0,707395 0,907420 2,734370 -0,111815 0,635777 3,278004
-0,088617 -0,100214 3,316950 0,254104 1,426962 3,283764 -0,720837 0,887004 2,685517 -0,108111 0,637889 3,289582
-0,084002 -0,097505 3,324206 0,242335 1,433114 3,272892 -0,721010 0,885376 2,652245 -0,101178 0,641467 3,290415
-0,076495 -0,101272 3,331822 0,233486 1,433555 3,259721 -0,704384 0,867425 2,630974 -0,108177 0,630264 3,266637
-0,070947 -0,102623 3,342709 0,231619 1,426779 3,253907 -0,665442 0,784671 2,591311 -0,107533 0,633733 3,266088
-0,074961 -0,098901 3,351723 0,241577 1,430556 3,270519 -0,617653 0,616900 2,576335 -0,097561 0,635930 3,279019
-0,084139 -0,100467 3,346802 0,236497 1,422274 3,259617 -0,566900 0,424593 2,594097 -0,080153 0,644332 3,268582
-0,087231 -0,101101 3,326704 0,247236 1,427698 3,271443 -0,543959 0,250645 2,602454 -0,080589 0,653607 3,244541
-0,090970 -0,098742 3,334353 0,242296 1,420136 3,276666 -0,545427 0,192044 2,655966 -0,097805 0,647990 3,232358
-0,089794 -0,096765 3,332423 0,245760 1,425814 3,271585 -0,559053 0,194650 2,639221 -0,076824 0,655964 3,256927
-0,084501 -0,098154 3,342958 0,243497 1,432912 3,274816 -0,564015 0,230263 2,628395 -0,083494 0,644789 3,233404
-0,077534 -0,091304 3,333475 0,241014 1,437698 3,282175 -0,571822 0,267421 2,626545 -0,076612 0,652580 3,257097
-0,075092 -0,095800 3,342593 0,242417 1,431336 3,262397 -0,585272 0,319378 2,643138 -0,076401 0,649182 3,257192
-0,065410 -0,097831 3,319009 0,243959 1,431728 3,275242 -0,615638 0,370385 2,652808 -0,083926 0,646409 3,280112
-0,064413 -0,099580 3,327775 0,244424 1,426321 3,269606 -0,654946 0,443389 2,680928 -0,105464 0,643526 3,302352
-0,061537 -0,102473 3,318939 0,250301 1,424862 3,269862 -0,690193 0,529375 2,718991 -0,105252 0,640042 3,302190
-0,058161 -0,098204 3,319895 0,253264 1,441288 3,281764 -0,731057 0,614258 2,724895 -0,105252 0,640042 3,302190
-0,057190 -0,102886 3,306598 0,254244 1,431331 3,282843 -0,763024 0,715963 2,732592 -0,116961 0,646302 3,337464
-0,053786 -0,099363 3,314136 0,255132 1,428859 3,281833 -0,790369 0,817814 2,761024 -0,112028 0,632285 3,278090
-0,058388 -0,092457 3,291965 0,260061 1,431101 3,292403 -0,809431 0,926696 2,803411 -0,109345 0,645612 3,314046
-0,061544 -0,088104 3,300395 0,261431 1,440238 3,300834 -0,814761 1,038677 2,862250 -0,105464 0,643526 3,302352
-0,064767 -0,091225 3,276593 0,258878 1,432217 3,296071 -0,806065 1,135030 2,951136 -0,105463 0,650527 3,302434
-0,062388 -0,092285 3,284126 0,259009 1,433516 3,294562 -0,779649 1,209050 3,010243 -0,109726 0,653457 3,338104
-0,073726 -0,084412 3,277724 0,259281 1,418729 3,278486 -0,726897 1,265063 3,060449 -0,113249 0,654758 3,325898
-0,074841 -0,092022 3,286522 0,261493 1,423881 3,300470 -0,651936 1,312252 3,110130 -0,106178 0,659224 3,350398
-0,076373 -0,091111 3,277495 0,260089 1,433756 3,302489 -0,550424 1,347317 3,142035 -0,098599 0,658458 3,326846
