43 12
-0,063180 -0,100663 3,280398 0,278139 1,432305 3,274436 -0,461383 1,401031 3,199222 -0,040833 0,671135 3,282400
-0,061106 -0,098300 3,291380 0,281246 1,438623 3,279526 -0,498320 1,385139 3,145464 -0,040833 0,671135 3,282400
-0,058645 -0,099206 3,290998 0,282295 1,438577 3,267452 -0,538319 1,354022 3,062707 -0,048423 0,680010 3,329908
-0,059846 -0,102314 3,288445 0,287997 1,440819 3,283672 -0,590013 1,288582 2,961432 -0,041186 0,680049 3,330172
-0,058997 -0,098448 3,298152 0,287524 1,437262 3,276127 -0,649010 1,164898 2,835052 -0,037646 0,682332 3,342438
-0,058189 -0,102791 3,310227 0,279017 1,452310 3,279823 -0,724789 1,035164 2,756957 -0,041193 0,672983 3,330088
-0,060886 -0,105617 3,300126 0,284106 1,438968 3,272810 -0,788734 0,896942 2,693610 -0,041413 0,669410 3,329955
-0,063736 -0,107049 3,306037 0,286261 1,440827 3,278492 -0,817184 0,760017 2,628905 -0,048874 0,673845 3,354054
-0,068954 -0,098328 3,302052 0,287575 1,442486 3,278082 -0,805422 0,655114 2,578205 -0,034527 0,677416 3,354408
-0,069181 -0,097690 3,293388 0,283346 1,445523 3,262877 -0,738846 0,581640 2,509073 -0,041966 0,683015 3,404027
-0,072953 -0,084758 3,288645 0,285376 1,449499 3,266743 -0,610194 0,530120 2,450122 -0,045541 0,687876 3,391442
-0,073896 -0,082491 3,284137 0,282680 1,457475 3,271961 -0,456624 0,485469 2,401067 -0,030723 0,683331 3,367045
-0,074860 -0,079837 3,287441 0,274161 1,458319 3,279389 -0,266654 0,444532 2,380738 -0,049333 0,690186 3,403863
-0,073707 -0,078951 3,283618 0,269564 1,458489 3,273653 -0,145114 0,417975 2,426049 -0,041768 0,692744 3,379192
-0,075224 -0,080939 3,275266 0,274510 1,452929 3,287948 -0,108780 0,379207 2,484314 -0,034446 0,685615 3,379329
-0,067137 -0,083159 3,283956 0,276053 1,445637 3,271218 -0,123695 0,335701 2,493714 -0,037580 0,690504 3,367031
-0,064701 -0,082416 3,276085 0,282320 1,457044 3,288865 -0,194571 0,307108 2,474850 -0,031057 0,691481 3,391769
-0,054387 -0,079623 3,289282 0,285509 1,451678 3,280985 -0,277846 0,316317 2,476212 -0,038352 0,699831 3,416996
-0,050556 -0,082825 3,294016 0,279927 1,444785 3,290513 -0,346056 0,340778 2,458111 -0,056366 0,684408 3,353740
-0,055818 -0,087223 3,288794 0,277597 1,406269 3,324117 -0,345121 0,367674 2,421570 -0,034804 0,693808 3,404225
-0,052165 -0,087061 3,297024 0,284178 1,445273 3,305464 -0,282347 0,377968 2,414588 -0,034587 0,690262 3,404362
-0,057639 -0,088145 3,291770 0,292632 1,431957 3,294655 -0,141980 0,377464 2,374312 -0,034587 0,690262 3,404362
-0,066750 -0,092130 3,290644 0,292907 1,431900 3,311058 -0,052913 0,383015 2,401251 -0,045969 0,697296 3,442190
-0,064488 -0,096339 3,287098 0,296311 1,444741 3,316507 -0,037739 0,364978 2,453666 -0,030274 0,690535 3,367262
-0,066763 -0,093893 3,284361 0,302364 1,436831 3,304902 -0,095938 0,338081 2,475080 -0,030723 0,683331 3,367045
-0,065049 -0,099562 3,287270 0,307498 1,427633 3,297237 -0,192860 0,331581 2,448293 -0,027124 0,678482 3,379439
-0,068018 -0,096075 3,275174 0,313475 1,428352 3,303082 -0,286143 0,337860 2,458468 -0,034587 0,690262 3,404362
-0,067359 -0,099287 3,296297 0,314698 1,433756 3,303064 -0,315872 0,361409 2,422800 -0,030960 0,692624 3,417114
-0,076598 -0,100238 3,296218 0,306978 1,426494 3,309179 -0,248843 0,364810 2,410685 -0,034587 0,690262 3,404362
-0,086936 -0,104128 3,301055 0,300250 1,431454 3,320856 -0,113814 0,345101 2,369181 -0,041935 0,691348 3,429547
-0,094356 -0,098809 3,286699 0,296327 1,420068 3,307804 -0,050812 0,322318 2,426885 -0,049111 0,693835 3,404003
-0,098643 -0,101066 3,288050 0,301683 1,413314 3,307162 -0,074921 0,290811 2,454349 -0,030625 0,684394 3,391967
-0,096307 -0,097533 3,278937 0,297282 1,421493 3,293836 -0,159385 0,282908 2,502721 -0,041558 0,682041 3,379144
-0,093587 -0,102248 3,278365 0,307386 1,415653 3,282792 -0,253173 0,306141 2,533723 -0,030508 0,679803 3,367104
-0,091471 -0,103539 3,275581 0,307361 1,415602 3,281750 -0,340519 0,353774 2,575952 -0,041993 0,681939 3,378871
-0,082667 -0,105356 3,276739 0,309957 1,413077 3,254952 -0,418689 0,441123 2,598429 -0,034527 0,677416 3,354408
-0,077092 -0,104152 3,281367 0,309649 1,416826 3,259449 -0,487744 0,559260 2,634699 -0,037441 0,671723 3,342323
-0,073514 -0,103908 3,274366 0,315026 1,428905 3,272114 -0,546194 0,712164 2,655355 -0,033562 0,659874 3,259145
-0,071375 -0,105953 3,278707 0,311297 1,425660 3,284086 -0,593550 0,887353 2,689139 -0,033600 0,672110 3,306340
-0,072100 -0,104905 3,284610 0,309830 1,419363 3,283101 -0,604419 1,053079 2,780257 -0,037120 0,669886 3,294322
-0,073290 -0,104063 3,281620 0,300559 1,422648 3,295249 -0,597878 1,204291 2,881832 -0,037710 0,674253 3,318096
-0,076065 -0,101323 3,279125 0,303591 1,420323 3,305365 -0,552324 1,307209 2,986379 -0,033723 0,683640 3,330467
-0,080273 -0,103528 3,286015 0,300645 1,422682 3,307421 -0,474871 1,381361 3,087714 -0,033458 0,674678 3,282686
