35 12
-0,110387 -0,097074 3,255830 0,281825 1,442262 3,250682 -0,579825 1,412963 3,090708 -0,093682 0,636625 3,244533
-0,101217 -0,095018 3,280738 0,294946 1,409341 3,236632 -0,695033 1,302505 2,933041 -0,085965 0,629203 3,221988
-0,090949 -0,104982 3,275233 0,293298 1,414677 3,233038 -0,824662 1,098341 2,802120 -0,089962 0,631866 3,256121
-0,084172 -0,111794 3,279515 0,287414 1,431640 3,218153 -0,962766 0,840142 2,714138 -0,094667 0,631030 3,291118
-0,089640 -0,111236 3,285554 0,280186 1,421267 3,200850 -1,036165 0,457487 2,659212 -0,093963 0,630412 3,267607
-0,090519 -0,107906 3,266767 0,279821 1,429448 3,199774 -1,079992 0,110251 2,610256 -0,090174 0,628397 3,256189
-0,099384 -0,114584 3,289871 0,275550 1,435007 3,190142 -1,076677 -0,164127 2,619657 -0,086853 0,630478 3,268052
-0,110473 -0,111429 3,282156 0,276239 1,423854 3,186453 -1,028738 -0,333558 2,735881 -0,087025 0,622816 3,244657
-0,115656 -0,109386 3,293797 0,266930 1,422805 3,182686 -0,920861 -0,458782 2,778006 -0,087471 0,626877 3,267867
-0,121605 -0,109248 3,274132 0,259443 1,422966 3,171158 -0,747741 -0,549301 2,753714 -0,091330 0,633142 3,303218
-0,131660 -0,109836 3,268436 0,256747 1,412164 3,167856 -0,585625 -0,574105 2,733153 -0,098711 0,636524 3,302759
-0,136050 -0,118349 3,276367 0,254480 1,408990 3,161664 -0,479405 -0,541384 2,721164 -0,102774 0,635014 3,314314
-0,134857 -0,099543 3,279799 0,251682 1,417991 3,171237 -0,458531 -0,547854 2,730422 -0,095584 0,642112 3,314863
-0,136053 -0,092965 3,282012 0,247353 1,417631 3,150829 -0,532184 -0,648487 2,866673 -0,088180 0,645758 3,315470
-0,136505 -0,097487 3,289248 0,240294 1,420312 3,146104 -0,657931 -0,669583 2,960061 -0,084769 0,636523 3,303297
-0,130562 -0,098113 3,285923 0,234800 1,417729 3,149345 -0,690858 -0,597085 2,900826 -0,084778 0,650529 3,303463
-0,131801 -0,097244 3,290741 0,235819 1,413764 3,154249 -0,575815 -0,626900 2,862231 -0,077597 0,650594 3,303847
-0,131446 -0,115458 3,297038 0,240684 1,420431 3,156481 -0,456082 -0,590139 2,767160 -0,088583 0,631570 3,314961
-0,131946 -0,100459 3,281970 0,248534 1,410117 3,160367 -0,452347 -0,552297 2,740850 -0,102779 0,642036 3,314400
-0,131844 -0,109749 3,285540 0,257726 1,409238 3,158666 -0,520873 -0,628122 2,842966 -0,084800 0,640883 3,327632
-0,134962 -0,106363 3,282907 0,265126 1,416095 3,183328 -0,659833 -0,682106 2,995700 -0,088386 0,642183 3,315299
-0,139621 -0,101647 3,281202 0,264144 1,420829 3,202163 -0,704192 -0,641167 2,961245 -0,084360 0,643664 3,303719
-0,141352 -0,105293 3,271715 0,260151 1,421416 3,192410 -0,617160 -0,650894 2,914818 -0,083926 0,639451 3,280035
-0,141155 -0,107538 3,266253 0,260662 1,412887 3,186874 -0,565986 -0,601366 2,850397 -0,091329 0,640142 3,303299
-0,141720 -0,103845 3,266610 0,268278 1,413121 3,191017 -0,592424 -0,505511 2,794787 -0,103339 0,653380 3,338637
-0,127584 -0,104877 3,266028 0,272981 1,431631 3,211823 -0,651801 -0,381435 2,756217 -0,091744 0,640033 3,303129
-0,121271 -0,104256 3,267193 0,274861 1,428079 3,209818 -0,721991 -0,198886 2,723320 -0,091537 0,636595 3,303212
-0,110396 -0,098956 3,274714 0,272536 1,429695 3,198240 -0,802288 0,028868 2,683316 -0,090590 0,635228 3,256244
-0,097406 -0,103895 3,259580 0,272132 1,415269 3,192092 -0,866206 0,304602 2,648760 -0,097173 0,631056 3,232740
-0,093500 -0,102496 3,264732 0,278565 1,421152 3,198868 -0,910401 0,604914 2,678808 -0,109177 0,641294 3,290238
-0,098516 -0,098885 3,283732 0,277735 1,406980 3,187531 -0,886178 0,896185 2,694804 -0,126485 0,642503 3,277155
-0,105877 -0,088754 3,271135 0,284283 1,421010 3,217305 -0,795492 1,129998 2,778014 -0,118936 0,641823 3,254383
-0,113642 -0,090289 3,258350 0,286072 1,409142 3,223265 -0,668326 1,295944 2,891791 -0,122148 0,639699 3,242549
-0,121476 -0,082971 3,258110 0,291020 1,407083 3,222093 -0,509852 1,402058 3,007148 -0,104558 0,645493 3,255473
-0,127925 -0,081192 3,246819 0,281116 1,384892 3,290808 -0,421872 1,450682 3,142175 -0,093681 0,643513 3,244604
