45 12
-0,031879 -0,102328 3,294220 0,307437 1,436164 3,274872 -0,452941 1,397443 3,174591 -0,012227 0,680152 3,330944
-0,030668 -0,108860 3,310925 0,303994 1,429058 3,261037 -0,486519 1,346378 3,059399 -0,008669 0,662103 3,271406
-0,028489 -0,109918 3,314890 0,300543 1,433483 3,266521 -0,524046 1,241525 2,912244 -0,012460 0,669515 3,330704
-0,028669 -0,111823 3,313852 0,293819 1,431963 3,255930 -0,571617 1,106331 2,768488 -0,008870 0,662921 3,294824
-0,033012 -0,114200 3,308544 0,285813 1,427793 3,253993 -0,629934 0,956711 2,669511 -0,005009 0,666035 3,330905
-0,032107 -0,110630 3,314577 0,281337 1,431947 3,246368 -0,695844 0,797800 2,623078 -0,016092 0,671736 3,342775
-0,036651 -0,114407 3,322050 0,279763 1,440222 3,239376 -0,733294 0,638819 2,565577 -0,016092 0,671736 3,342775
-0,037037 -0,109587 3,323279 0,277147 1,433057 3,231260 -0,758235 0,529080 2,540972 -0,008810 0,676257 3,367435
-0,040967 -0,108865 3,312905 0,274020 1,434093 3,215234 -0,737439 0,453415 2,506789 -0,012683 0,670377 3,354822
-0,042032 -0,108256 3,318657 0,268494 1,441163 3,215501 -0,640799 0,391295 2,451976 -0,005146 0,671378 3,379788
-0,047861 -0,110631 3,317881 0,259020 1,438979 3,221161 -0,503304 0,340360 2,420704 -0,012686 0,674887 3,379510
-0,050139 -0,109614 3,327463 0,256521 1,443275 3,235147 -0,331549 0,299345 2,395781 -0,012686 0,674887 3,379510
-0,052620 -0,110139 3,321152 0,259020 1,435233 3,219663 -0,219054 0,265528 2,440949 -0,012686 0,674887 3,379510
-0,048176 -0,110387 3,326882 0,264182 1,436524 3,226702 -0,179749 0,228841 2,538589 -0,019276 0,721431 3,382300
-0,042752 -0,121030 3,342345 0,261556 1,435584 3,204327 -0,207501 0,181389 2,557301 -0,018580 0,711503 3,385762
-0,038912 -0,127930 3,358780 0,260238 1,438685 3,208625 -0,289843 0,156296 2,551322 -0,010339 0,693331 3,364491
-0,018904 -0,120689 3,327193 0,265612 1,438352 3,210521 -0,391559 0,167471 2,561090 -0,006004 0,685366 3,378625
-0,008198 -0,115322 3,351496 0,268437 1,420511 3,199393 -0,489694 0,206015 2,550540 -0,009031 0,672632 3,367183
-0,002536 -0,113147 3,359440 0,274476 1,427556 3,207690 -0,527064 0,254952 2,496082 -0,009031 0,672632 3,367183
-0,006057 -0,109039 3,369142 0,263721 1,431194 3,227111 -0,489090 0,305705 2,469514 -0,008994 0,681776 3,417232
-0,009850 -0,109450 3,372785 0,264141 1,439076 3,257035 -0,383488 0,330010 2,453958 -0,005316 0,679472 3,404644
-0,018810 -0,113908 3,367048 0,263616 1,436243 3,243001 -0,255068 0,343383 2,442510 -0,012483 0,680523 3,430062
-0,022345 -0,109304 3,365627 0,275294 1,426190 3,223385 -0,194404 0,316540 2,482997 -0,019853 0,675894 3,404546
-0,022856 -0,110913 3,364487 0,279014 1,430739 3,251004 -0,208913 0,280614 2,527063 -0,012475 0,671365 3,379669
-0,015304 -0,110530 3,354002 0,284687 1,422384 3,247775 -0,276625 0,249567 2,544834 -0,020713 0,689971 3,403426
-0,011935 -0,109847 3,348873 0,285932 1,419296 3,238474 -0,370905 0,236320 2,559663 -0,002308 0,687684 3,391119
0,000070 -0,115527 3,348999 0,290519 1,415229 3,220631 -0,478487 0,248926 2,572934 -0,001880 0,673518 3,391786
0,003442 -0,114854 3,358195 0,290624 1,415384 3,225900 -0,531114 0,272125 2,528773 -0,005407 0,663282 3,354847
0,001915 -0,107205 3,359103 0,292626 1,418740 3,248523 -0,529079 0,295937 2,492448 -0,012269 0,672350 3,404771
-0,005554 -0,109103 3,360332 0,276041 1,424544 3,258293 -0,448343 0,304308 2,448300 -0,008591 0,670087 3,392282
-0,016740 -0,110790 3,357498 0,270227 1,419541 3,270331 -0,309503 0,300391 2,441086 -0,019853 0,675894 3,404546
-0,032953 -0,109243 3,348790 0,277786 1,417740 3,255255 -0,172701 0,281290 2,441078 -0,015969 0,674626 3,417337
-0,041344 -0,103699 3,333343 0,285787 1,422598 3,262303 -0,121588 0,252265 2,526134 -0,019632 0,679539 3,404713
-0,050272 -0,100019 3,328789 0,281364 1,419407 3,248054 -0,153555 0,210318 2,584854 -0,016358 0,684342 3,392008
-0,048331 -0,117519 3,320150 0,291100 1,408135 3,237235 -0,230965 0,168521 2,626152 -0,013772 0,692236 3,377472
-0,042550 -0,119654 3,311164 0,294652 1,406570 3,229976 -0,334434 0,174031 2,629525 -0,009677 0,683061 3,366205
-0,035883 -0,103646 3,298761 0,293285 1,401267 3,206279 -0,449641 0,241597 2,664653 -0,005827 0,677338 3,354359
-0,029973 -0,099198 3,305924 0,291847 1,411275 3,213120 -0,534329 0,353037 2,681530 -0,005357 0,674901 3,379621
-0,028783 -0,100439 3,283088 0,297756 1,400384 3,200522 -0,598820 0,517093 2,721735 -0,001503 0,676267 3,367538
-0,025523 -0,102658 3,286914 0,300892 1,409404 3,222618 -0,649048 0,720064 2,736757 -0,004758 0,666953 3,355271
-0,023374 -0,089335 3,281508 0,305428 1,417026 3,244800 -0,665528 0,917860 2,760918 -0,012027 0,669576 3,330861
-0,026050 -0,092925 3,268530 0,306777 1,417816 3,260761 -0,636670 1,100894 2,849088 -0,008587 0,679865 3,367605
-0,027859 -0,094789 3,282279 0,309719 1,427111 3,282044 -0,582512 1,254457 2,964208 -0,008383 0,678902 3,343155
-0,034933 -0,097660 3,282157 0,317137 1,436634 3,310512 -0,501719 1,370487 3,091896 -0,008383 0,678902 3,343155
-0,039507 -0,095598 3,272975 0,326687 1,418096 3,299983 -0,413435 1,426154 3,206212 -0,012014 0,676641 3,330941
