24 12
-0,071254 -0,078140 3,225627 0,291363 1,444653 3,264415 -0,469758 1,447314 3,262741 -0,051458 0,707106 3,341973
-0,069293 -0,069085 3,233263 0,292803 1,445029 3,270669 -0,502093 1,462580 3,298802 -0,058773 0,715348 3,365978
-0,061550 -0,075157 3,254369 0,292561 1,443057 3,272950 -0,608689 1,245648 2,928214 -0,051692 0,703568 3,342090
-0,056009 -0,085885 3,253064 0,290121 1,439984 3,257400 -0,803434 0,990559 3,002888 -0,054744 0,694098 3,329299
-0,053234 -0,085065 3,258682 0,291954 1,452612 3,252605 -0,846260 0,685464 2,822717 -0,054965 0,697661 3,329582
-0,056808 -0,086969 3,281994 0,299935 1,453292 3,263215 -0,911888 0,178454 2,736987 -0,047536 0,677142 3,258834
-0,062715 -0,077355 3,295259 0,299001 1,455088 3,262198 -0,833137 -0,130775 2,667846 -0,048636 0,698791 3,354455
-0,069393 -0,082876 3,291631 0,301920 1,444744 3,256476 -0,731221 -0,219751 2,636950 -0,058952 0,703520 3,341770
-0,078212 -0,084563 3,299127 0,291671 1,439470 3,260710 -0,561625 -0,371489 2,865969 -0,062797 0,685916 3,305310
-0,074575 -0,087020 3,279902 0,297981 1,450289 3,250375 -0,468051 -0,421061 2,831820 -0,058908 0,681238 3,317437
-0,072474 -0,081076 3,287324 0,301787 1,447883 3,260528 -0,549371 -0,488063 3,022068 -0,059416 0,689297 3,341688
-0,065642 -0,079971 3,300091 0,298793 1,453238 3,263777 -0,640364 -0,524824 3,024668 -0,049093 0,715489 3,404306
-0,071141 -0,079541 3,317625 0,300729 1,446871 3,262995 -0,390077 -0,465006 2,693300 -0,041307 0,707148 3,379486
-0,074010 -0,082685 3,324632 0,294497 1,441378 3,248060 -0,351477 -0,471897 2,777841 -0,040902 0,698862 3,354659
-0,079076 -0,078751 3,300118 0,313080 1,447143 3,270505 -0,407004 -0,530340 2,882977 -0,052435 0,702280 3,391447
-0,075753 -0,074579 3,300061 0,316981 1,452225 3,281268 -0,529089 -0,561665 3,050231 -0,027001 0,702416 3,355100
-0,072553 -0,080375 3,293592 0,320485 1,455101 3,290799 -0,492934 -0,498515 2,958479 -0,030033 0,701256 3,367337
-0,062552 -0,075376 3,305009 0,317477 1,457359 3,292217 -0,497220 -0,289135 2,854094 -0,044892 0,696482 3,342361
-0,043752 -0,084462 3,266967 0,316597 1,459167 3,293746 -0,557832 0,134155 2,774557 -0,030821 0,709523 3,392200
-0,041204 -0,082884 3,281294 0,318055 1,456917 3,294513 -0,603790 0,373810 2,706923 -0,019276 0,695382 3,355330
-0,040967 -0,087852 3,268934 0,315502 1,454526 3,294647 -0,688781 0,907408 2,799368 -0,025792 0,694239 3,330401
-0,049257 -0,082435 3,293427 0,325731 1,458669 3,300707 -0,657780 1,157667 2,831285 -0,040942 0,697748 3,330392
-0,056393 -0,078730 3,284015 0,324815 1,442488 3,292051 -0,589838 1,240393 2,888001 -0,033605 0,706018 3,354998
-0,076302 -0,072826 3,249331 0,316085 1,448095 3,284370 -0,443175 1,487276 3,307314 -0,044431 0,703610 3,342382
