21 12
-0,039842 -0,076127 3,202627 0,289259 1,413380 3,230514 -0,478915 1,433472 3,299822 -0,092993 0,681483 3,244659
-0,043295 -0,078602 3,208315 0,290897 1,408385 3,231399 -0,547362 1,423717 3,302482 -0,100065 0,681407 3,244183
-0,049236 -0,084262 3,208773 0,307390 1,426195 3,270573 -0,701069 1,031339 2,736952 -0,107134 0,681326 3,243680
-0,057985 -0,086803 3,236081 0,318200 1,409673 3,246186 -0,982574 0,834253 2,993625 -0,103875 0,683584 3,255514
-0,055993 -0,079552 3,231787 0,314344 1,420454 3,257644 -0,970847 0,689883 2,804461 -0,096735 0,672354 3,233146
-0,063248 -0,084085 3,243319 0,309738 1,411285 3,248484 -0,860824 0,566146 2,752501 -0,090148 0,676805 3,256689
-0,066057 -0,081171 3,247631 0,290998 1,424916 3,266652 -0,509836 0,410750 2,467988 -0,082677 0,663703 3,188377
-0,054129 -0,087748 3,239848 0,281443 1,425008 3,248060 -0,572076 0,370448 2,729356 -0,082460 0,667173 3,188594
-0,048168 -0,079721 3,260290 0,273441 1,426272 3,239274 -0,711682 0,239968 2,586058 -0,082628 0,672496 3,234015
-0,048542 -0,077320 3,274405 0,275281 1,409062 3,217728 -0,562922 0,245988 2,373968 -0,080403 0,684768 3,245208
-0,052942 -0,086749 3,266443 0,282303 1,404577 3,222194 -0,516112 0,245238 2,476063 -0,090786 0,682446 3,233123
-0,059237 -0,077213 3,253757 0,296294 1,413704 3,258589 -0,597512 0,156499 2,581069 -0,079562 0,673659 3,222657
-0,062653 -0,077427 3,267703 0,303350 1,408053 3,267943 -0,697585 0,189302 2,596951 -0,090810 0,673209 3,256526
-0,067037 -0,082828 3,258118 0,305813 1,408124 3,269838 -0,608766 0,239322 2,458106 -0,083510 0,679170 3,233745
-0,076752 -0,080494 3,252935 0,298773 1,400400 3,258263 -0,508299 0,458474 2,635570 -0,104779 0,676576 3,255772
-0,073595 -0,075936 3,236494 0,293137 1,415089 3,261158 -0,601580 0,756265 2,724506 -0,110975 0,669658 3,254852
-0,075605 -0,077613 3,241641 0,299339 1,409306 3,270475 -0,661670 0,905152 2,763047 -0,112023 0,680999 3,278634
-0,082603 -0,070997 3,225132 0,304153 1,405464 3,271116 -0,671368 1,223379 2,955200 -0,118282 0,679952 3,254620
-0,090231 -0,072221 3,226340 0,309335 1,405324 3,270128 -0,518500 1,262156 2,867201 -0,118510 0,676477 3,254715
-0,092355 -0,067327 3,216213 0,309410 1,409468 3,284411 -0,459162 1,348456 3,028380 -0,122823 0,686607 3,289518
-0,094980 -0,077337 3,214465 0,299684 1,401138 3,266082 -0,460042 1,418964 3,197010 -0,122382 0,678638 3,266088
