42 12
-0,094756 -0,087321 3,218649 0,287008 1,422242 3,213929 -0,490984 1,404557 3,158714 -0,069644 0,660455 3,281021
-0,095514 -0,081717 3,215461 0,290093 1,431335 3,225853 -0,515352 1,390184 3,136261 -0,062367 0,671948 3,305212
-0,101219 -0,091635 3,226329 0,288935 1,425134 3,212830 -0,542596 1,339324 3,086259 -0,069213 0,660526 3,281072
-0,100957 -0,081413 3,236791 0,282850 1,447293 3,222095 -0,577011 1,264928 3,009676 -0,069213 0,660526 3,281072
-0,097155 -0,089264 3,223179 0,286871 1,418082 3,215514 -0,621333 1,172547 2,939238 -0,062374 0,664934 3,305131
-0,097680 -0,093401 3,236842 0,287601 1,432686 3,224838 -0,665300 1,082919 2,914193 -0,072967 0,662668 3,292701
-0,092855 -0,095605 3,236777 0,289348 1,429636 3,215766 -0,714467 1,005462 2,868488 -0,068999 0,657055 3,280945
-0,089573 -0,099524 3,266245 0,301183 1,440393 3,228247 -0,764024 0,975166 2,837164 -0,072607 0,651402 3,269078
-0,081871 -0,103191 3,256979 0,306174 1,455204 3,226668 -0,793300 0,950143 2,792367 -0,075974 0,649254 3,257231
-0,073166 -0,101677 3,262228 0,308907 1,452908 3,226468 -0,794535 0,892955 2,735488 -0,079941 0,647845 3,268674
-0,067243 -0,104576 3,278108 0,317411 1,446198 3,242270 -0,765787 0,785256 2,692688 -0,075974 0,649254 3,257231
-0,068590 -0,107271 3,270267 0,315660 1,452895 3,258200 -0,735995 0,644562 2,677052 -0,076575 0,649996 3,280601
-0,071389 -0,111722 3,264861 0,313296 1,445526 3,255365 -0,721635 0,486779 2,667038 -0,087056 0,647781 3,268264
-0,071781 -0,103077 3,271740 0,298620 1,492910 3,370544 -0,707074 0,378443 2,697164 -0,079725 0,651343 3,268689
-0,067200 -0,110023 3,261262 0,310129 1,481983 3,310953 -0,719730 0,338494 2,719399 -0,075811 0,641596 3,234132
-0,064710 -0,109750 3,281053 0,313071 1,462017 3,296042 -0,738076 0,372673 2,737472 -0,082864 0,641535 3,233741
-0,058784 -0,108763 3,270969 0,301911 1,487781 3,316343 -0,756784 0,454554 2,717978 -0,082864 0,641535 3,233741
-0,047350 -0,106157 3,284538 0,298148 1,487220 3,312064 -0,762026 0,521351 2,669948 -0,097983 0,649795 3,279323
-0,052308 -0,111267 3,280736 0,302103 1,467169 3,288917 -0,745734 0,548486 2,668161 -0,076966 0,654280 3,304297
-0,051831 -0,107588 3,285324 0,289642 1,475926 3,301652 -0,722715 0,496460 2,659062 -0,076966 0,654280 3,304297
-0,061729 -0,111112 3,273980 0,276954 1,505751 3,317315 -0,700238 0,397418 2,642181 -0,090380 0,638729 3,256325
-0,062559 -0,107575 3,270047 0,271047 1,504315 3,315012 -0,689092 0,305917 2,668892 -0,076190 0,645769 3,257214
-0,065229 -0,113419 3,265061 0,287824 1,509563 3,328724 -0,696784 0,269188 2,717081 -0,079749 0,640156 3,245353
-0,063906 -0,110740 3,256474 0,294043 1,489275 3,309249 -0,712677 0,282882 2,706944 -0,079730 0,644406 3,268616
-0,065881 -0,105748 3,257382 0,295720 1,486268 3,313397 -0,729995 0,330581 2,656334 -0,083075 0,638057 3,233657
-0,062420 -0,108324 3,258996 0,286952 1,482147 3,343766 -0,738764 0,376471 2,657428 -0,101065 0,651136 3,267359
-0,066225 -0,111253 3,262478 0,299061 1,447253 3,271807 -0,705869 0,351494 2,642031 -0,086610 0,643582 3,245036
-0,074132 -0,105944 3,254535 0,303603 1,477059 3,307976 -0,686189 0,258120 2,637855 -0,076402 0,642267 3,257120
-0,082073 -0,102745 3,243620 0,288765 1,506574 3,347089 -0,672105 0,180144 2,692139 -0,075980 0,642340 3,257161
-0,094157 -0,103557 3,242510 0,293571 1,462502 3,289978 -0,681976 0,162918 2,739445 -0,079730 0,644406 3,268616
-0,092919 -0,097124 3,233285 0,265756 1,542407 3,398669 -0,702733 0,189383 2,736652 -0,079748 0,647047 3,245423
-0,085877 -0,095179 3,227089 0,290927 1,465310 3,296628 -0,735482 0,250525 2,733248 -0,097982 0,656755 3,279400
-0,089258 -0,104697 3,234657 0,295904 1,458847 3,287421 -0,769585 0,331787 2,744953 -0,097469 0,645569 3,255949
-0,087298 -0,095802 3,234112 0,287041 1,485717 3,310479 -0,790079 0,440183 2,772388 -0,084136 0,649828 3,280022
-0,082498 -0,096907 3,232370 0,303840 1,439834 3,262928 -0,807770 0,563439 2,746373 -0,080563 0,648564 3,292118
-0,080794 -0,098038 3,231447 0,293466 1,480386 3,307897 -0,809079 0,715774 2,764300 -0,091111 0,657682 3,303473
-0,085486 -0,095580 3,232466 0,287326 1,490965 3,322132 -0,798098 0,897914 2,862997 -0,083711 0,656895 3,280278
-0,087372 -0,088873 3,237289 0,268150 1,528173 3,366558 -0,755313 1,034405 2,835312 -0,091326 0,661157 3,303546
-0,088679 -0,087353 3,235732 0,290659 1,465851 3,314177 -0,704363 1,187114 2,947498 -0,090630 0,660338 3,279860
-0,090937 -0,083405 3,233368 0,273624 1,469904 3,314694 -0,642884 1,284801 3,029683 -0,069644 0,660455 3,281021
-0,097944 -0,092082 3,248314 0,284919 1,441212 3,286163 -0,574059 1,344566 3,096512 -0,076786 0,660396 3,280657
-0,098008 -0,091240 3,248079 0,277113 1,429393 3,274120 -0,491533 1,393872 3,137284 -0,083711 0,656895 3,280278
