33 12
-0,100434 -0,097492 3,265180 0,302327 1,456406 3,253987 -0,615361 1,394307 3,047322 -0,082248 0,636697 3,188452
-0,095626 -0,101483 3,274432 0,311563 1,420669 3,223464 -0,736549 1,234974 2,877425 -0,085960 0,636045 3,222052
-0,088563 -0,105407 3,269810 0,312282 1,406054 3,206088 -0,865010 1,000286 2,716449 -0,082867 0,634668 3,233674
-0,091648 -0,099858 3,276226 0,299181 1,433444 3,220717 -1,006723 0,686420 2,673311 -0,076024 0,631252 3,233975
-0,091190 -0,104180 3,264807 0,295864 1,406825 3,185720 -1,061019 0,286815 2,582490 -0,075445 0,623835 3,211224
-0,099355 -0,109579 3,272835 0,294230 1,404381 3,184254 -1,117679 -0,056068 2,610672 -0,079543 0,629869 3,245305
-0,103596 -0,108403 3,262267 0,294714 1,413638 3,196306 -1,108494 -0,275627 2,695753 -0,096965 0,627671 3,232745
-0,111091 -0,108662 3,272549 0,289627 1,417516 3,187226 -1,039773 -0,405991 2,737958 -0,086588 0,625647 3,221812
-0,120255 -0,105748 3,260629 0,284909 1,410861 3,183183 -0,908828 -0,531188 2,789832 -0,093203 0,625686 3,221552
-0,123269 -0,101475 3,269188 0,280487 1,409459 3,186114 -0,727260 -0,603022 2,807576 -0,090997 0,628183 3,255856
-0,124305 -0,110659 3,250665 0,276128 1,412259 3,186763 -0,535020 -0,573339 2,741493 -0,094585 0,633737 3,267516
-0,130705 -0,106846 3,264961 0,270545 1,415106 3,176136 -0,434350 -0,490663 2,700454 -0,094875 0,641448 3,291193
-0,121763 -0,101618 3,261884 0,260520 1,406003 3,154702 -0,448994 -0,504840 2,675803 -0,087474 0,633806 3,267942
-0,116142 -0,099689 3,268955 0,253351 1,416884 3,152400 -0,540477 -0,617977 2,813984 -0,087476 0,640739 3,268017
-0,113835 -0,102107 3,283227 0,254049 1,422756 3,162138 -0,658308 -0,633826 2,915905 -0,084134 0,642869 3,279945
-0,110482 -0,100448 3,269903 0,244283 1,415951 3,135058 -0,646736 -0,622055 2,872774 -0,083705 0,638689 3,256570
-0,112900 -0,112598 3,268294 0,246607 1,422812 3,161750 -0,495739 -0,631495 2,790494 -0,080361 0,640804 3,268415
-0,115399 -0,099406 3,258143 0,253219 1,420972 3,162452 -0,420354 -0,607979 2,751554 -0,084134 0,642869 3,279945
-0,115977 -0,110773 3,245202 0,261432 1,426033 3,168387 -0,460152 -0,659938 2,822704 -0,087929 0,644946 3,291543
-0,119761 -0,106298 3,251864 0,267623 1,426704 3,180575 -0,580684 -0,731879 3,010449 -0,088133 0,641379 3,291300
-0,120531 -0,106902 3,239828 0,261844 1,428285 3,233424 -0,679000 -0,706625 3,052056 -0,091272 0,649759 3,279609
-0,122605 -0,101963 3,238920 0,271117 1,422881 3,190943 -0,653156 -0,730607 3,037317 -0,080563 0,648564 3,292118
-0,120820 -0,104719 3,239142 0,273408 1,422631 3,194050 -0,585682 -0,672056 2,899007 -0,080361 0,640804 3,268415
-0,118422 -0,103184 3,231163 0,260982 1,434952 3,221261 -0,598506 -0,571972 2,833258 -0,084134 0,642869 3,279945
-0,109894 -0,107980 3,238345 0,280659 1,426189 3,199564 -0,652254 -0,418193 2,772982 -0,077404 0,635808 3,279756
-0,094891 -0,106821 3,243792 0,276509 1,430875 3,201606 -0,725500 -0,209508 2,716743 -0,076789 0,639513 3,280428
-0,084900 -0,113595 3,264246 0,280993 1,445146 3,205134 -0,791404 0,071332 2,691170 -0,073611 0,638092 3,292241
-0,074210 -0,107850 3,264260 0,287492 1,439270 3,200257 -0,847189 0,373617 2,663747 -0,080154 0,637397 3,268508
-0,074879 -0,105603 3,263259 0,286624 1,439164 3,199015 -0,893854 0,716350 2,698077 -0,096965 0,634534 3,232813
-0,078786 -0,105285 3,258507 0,296944 1,438434 3,212914 -0,832586 1,004939 2,752507 -0,100014 0,635907 3,221156
-0,086448 -0,097474 3,253060 0,305824 1,424988 3,220693 -0,735778 1,225031 2,833889 -0,096963 0,641399 3,232879
-0,103614 -0,098890 3,274339 0,307983 1,437645 3,246128 -0,577308 1,355493 2,974366 -0,097174 0,637920 3,232808
-0,113553 -0,086553 3,243511 0,293050 1,453956 3,290967 -0,442437 1,405606 3,107591 -0,096250 0,640724 3,210105
