23 12
0,014712 -0,092062 3,238496 0,344600 1,440798 3,257707 -0,423065 1,372964 3,121987 0,024238 0,681717 3,283569
0,021016 -0,093295 3,254261 0,334376 1,444096 3,243208 -0,446178 1,173427 2,835598 0,016910 0,677288 3,260112
0,016493 -0,108664 3,263876 0,326227 1,459290 3,255177 -0,329390 0,832264 2,570613 0,025380 0,645598 3,257192
0,012948 -0,104360 3,276755 0,320200 1,459014 3,253403 -0,289932 0,691689 2,492061 0,028295 0,662888 3,294799
0,000224 -0,094817 3,262131 0,311152 1,439463 3,223785 -0,249290 0,533348 2,609962 0,038469 0,680129 3,331204
0,001846 -0,096304 3,256986 0,323058 1,437248 3,192230 -0,474261 0,391887 2,907487 0,045498 0,683604 3,330994
0,006285 -0,096246 3,253682 0,327580 1,431432 3,191699 -0,662599 0,310094 2,923290 0,038163 0,675643 3,307158
0,011132 -0,102514 3,272158 0,343513 1,437330 3,216366 -0,778001 0,241366 2,741924 0,034632 0,669953 3,295325
0,005561 -0,106348 3,289396 0,345388 1,431552 3,230783 -0,656252 0,267820 2,644755 0,037632 0,667696 3,283237
0,001836 -0,110938 3,275198 0,348757 1,432974 3,248685 -0,667299 0,302612 2,760005 0,030688 0,664263 3,283405
0,003481 -0,109972 3,265646 0,350893 1,442746 3,261486 -0,767251 0,262403 2,725711 0,027019 0,669915 3,295126
0,010872 -0,108777 3,255016 0,357356 1,438219 3,221027 -0,928413 0,232336 2,827041 0,041690 0,662084 3,271677
0,013389 -0,106207 3,258470 0,357231 1,446464 3,226018 -0,865239 0,228733 2,742026 0,041484 0,665557 3,271701
0,011851 -0,107459 3,249334 0,355960 1,435656 3,218800 -0,811412 0,250293 2,868717 0,027456 0,669969 3,295349
0,012572 -0,105781 3,246208 0,349773 1,439902 3,209471 -0,994003 0,183379 3,127223 0,019894 0,661287 3,248502
0,016316 -0,106008 3,232851 0,340768 1,439970 3,204727 -1,082445 0,155487 3,115151 0,016779 0,672194 3,307240
0,017486 -0,102644 3,235083 0,343171 1,446789 3,217100 -1,102870 0,188629 3,007912 0,023977 0,672185 3,307255
0,020875 -0,099494 3,216408 0,340030 1,447130 3,226666 -1,004112 0,342728 2,874000 0,020070 0,673459 3,295315
0,022963 -0,091893 3,212822 0,339628 1,462465 3,247279 -0,958698 0,483831 2,867457 0,016568 0,675684 3,307213
0,021514 -0,090324 3,195920 0,330498 1,464310 3,245771 -0,910935 0,879589 3,099541 0,009613 0,686241 3,307343
0,012615 -0,091063 3,212651 0,322236 1,449313 3,253107 -0,648028 1,072191 2,826075 0,016813 0,686237 3,307387
0,010000 -0,086510 3,211766 0,318102 1,446759 3,251296 -0,537339 1,182181 2,892140 0,016657 0,688716 3,283713
-0,005047 -0,087278 3,192974 0,309827 1,435164 3,240108 -0,386805 1,404912 3,229826 0,013521 0,692039 3,319379
