21 12
-0,081434 -0,081443 3,307109 0,354469 1,419536 3,282663 -0,493838 1,494599 3,435364 -0,054671 0,685033 3,281923
-0,076960 -0,090161 3,323160 0,357166 1,418119 3,284194 -0,617896 1,465251 3,485301 -0,054977 0,690591 3,329499
-0,060937 -0,089158 3,349404 0,346680 1,406029 3,253846 -0,806303 0,829413 2,687257 -0,051445 0,683801 3,293940
-0,070186 -0,094094 3,370196 0,343239 1,411322 3,250754 -0,923828 0,179725 2,702768 -0,061323 0,663206 3,257852
-0,077389 -0,091738 3,369233 0,344031 1,415662 3,248613 -0,961484 -0,058533 2,732849 -0,058342 0,672338 3,269989
-0,092223 -0,089191 3,343062 0,343919 1,414780 3,263069 -0,944756 -0,398488 3,046325 -0,055435 0,683524 3,329657
-0,105435 -0,089805 3,362834 0,338371 1,417121 3,270841 -0,492283 -0,470421 2,588857 -0,063203 0,691576 3,353747
-0,106978 -0,083629 3,362912 0,332177 1,413133 3,254186 -0,367919 -0,475148 2,637783 -0,062578 0,682449 3,305339
-0,099095 -0,087720 3,378485 0,327564 1,423342 3,237629 -0,323929 -0,528895 2,847181 -0,052135 0,681217 3,317666
-0,081745 -0,089167 3,369058 0,309987 1,417891 3,237664 -0,584714 -0,656572 3,271512 -0,041036 0,688532 3,282496
-0,080768 -0,093771 3,377030 0,310436 1,409541 3,231351 -0,606936 -0,615379 3,174204 -0,037472 0,691907 3,318393
-0,078972 -0,091428 3,402978 0,317323 1,417316 3,252457 -0,508574 -0,622046 3,188324 -0,034067 0,698866 3,354955
-0,078604 -0,084140 3,393823 0,330042 1,404827 3,215209 -0,372907 -0,567412 3,012416 -0,051478 0,677771 3,317631
-0,079550 -0,089473 3,374572 0,341475 1,419588 3,239946 -0,471706 -0,590259 3,132909 -0,051919 0,677738 3,317705
-0,076422 -0,089212 3,380856 0,346788 1,416445 3,252879 -0,632717 -0,544505 3,003365 -0,033848 0,695330 3,354929
-0,055431 -0,086958 3,342769 0,339740 1,437796 3,276865 -0,765463 -0,386135 3,123979 -0,030036 0,688438 3,318593
-0,044007 -0,088697 3,341823 0,329714 1,426948 3,262938 -0,766203 -0,231666 3,034338 -0,015405 0,689531 3,343092
-0,026143 -0,098134 3,385118 0,335194 1,429075 3,263390 -0,797567 0,257625 2,867064 -0,026483 0,683668 3,330681
-0,024048 -0,095334 3,375051 0,337299 1,419344 3,271969 -0,739175 0,772384 2,668088 -0,044465 0,682328 3,342122
-0,031048 -0,094164 3,380163 0,339475 1,416369 3,271267 -0,658210 0,986105 2,719793 -0,040517 0,683604 3,330010
-0,043923 -0,087031 3,345634 0,341573 1,413045 3,272430 -0,457622 1,474898 3,343047 -0,059045 0,690376 3,365908
