29 12
-0,071017 -0,090438 3,241407 0,234302 1,584791 3,492654 -0,493036 1,427703 3,183661 -0,087967 0,663378 3,315731
-0,069103 -0,093246 3,254765 0,277926 1,519322 3,359255 -0,540448 1,364857 3,079758 -0,076572 0,656958 3,280676
-0,065281 -0,101417 3,238134 0,276434 1,510453 3,352738 -0,585759 1,287972 2,966218 -0,090379 0,645641 3,256398
-0,069633 -0,093299 3,251234 0,280249 1,513176 3,338466 -0,616519 1,166990 2,852865 -0,091111 0,657682 3,303473
-0,073554 -0,103138 3,238959 0,273071 1,522154 3,398524 -0,649163 1,016134 2,734931 -0,083502 0,646484 3,280139
-0,076396 -0,100205 3,243954 0,280911 1,474797 3,307650 -0,698745 0,873518 2,671288 -0,089950 0,645685 3,256263
-0,082338 -0,094072 3,255500 0,282221 1,499855 3,329601 -0,716892 0,742888 2,626118 -0,082654 0,638131 3,233685
-0,086110 -0,088506 3,240711 0,287972 1,478837 3,302047 -0,690597 0,586390 2,563226 -0,075980 0,642340 3,257161
-0,083154 -0,097657 3,239155 0,286263 1,485065 3,296916 -0,648022 0,439434 2,575406 -0,072827 0,640968 3,268983
-0,084223 -0,085660 3,248285 0,278975 1,473274 3,360065 -0,623252 0,336361 2,608380 -0,058515 0,647211 3,246459
-0,083501 -0,089467 3,251991 0,286539 1,501124 3,324424 -0,626409 0,306607 2,628650 -0,065071 0,639612 3,223235
-0,076655 -0,092159 3,249477 0,301241 1,441488 3,263514 -0,645923 0,339990 2,604754 -0,058587 0,641070 3,269667
-0,069905 -0,100960 3,266377 0,282551 1,483038 3,337875 -0,658730 0,400324 2,577486 -0,061999 0,638962 3,257852
-0,066627 -0,095598 3,273617 0,294953 1,463808 3,278447 -0,651735 0,446175 2,568293 -0,062387 0,650913 3,304973
-0,063573 -0,100590 3,261223 0,299166 1,416284 3,240269 -0,635413 0,426424 2,561941 -0,058587 0,641070 3,269667
-0,071677 -0,094909 3,277123 0,300835 1,431711 3,257916 -0,619285 0,351419 2,594931 -0,061784 0,642447 3,257880
-0,076865 -0,091626 3,257756 0,310968 1,425836 3,263673 -0,619660 0,256685 2,600748 -0,058034 0,639660 3,223557
-0,074908 -0,092911 3,253969 0,295371 1,467055 3,293599 -0,636613 0,244190 2,641714 -0,058582 0,648008 3,269740
-0,076420 -0,100237 3,240957 0,280673 1,525701 3,340114 -0,661612 0,289882 2,615798 -0,058587 0,641070 3,269667
-0,077736 -0,096274 3,260343 0,295223 1,467066 3,293143 -0,674142 0,402074 2,604163 -0,072613 0,644464 3,269005
-0,069655 -0,093506 3,271605 0,288246 1,509729 3,320766 -0,697070 0,526389 2,639507 -0,069225 0,646601 3,280921
-0,062934 -0,095941 3,266231 0,301591 1,459073 3,289209 -0,712727 0,673718 2,667226 -0,069007 0,650093 3,280870
-0,067567 -0,089245 3,257018 0,291286 1,500751 3,315312 -0,724607 0,837294 2,728220 -0,069007 0,650093 3,280870
-0,060271 -0,086185 3,259556 0,301526 1,500633 3,332620 -0,696145 0,979340 2,757095 -0,069219 0,653562 3,280996
-0,057246 -0,088846 3,254306 0,315035 1,456035 3,292298 -0,667466 1,121389 2,846702 -0,065810 0,655735 3,292987
-0,059595 -0,080967 3,258483 0,310461 1,478073 3,318955 -0,623317 1,233409 2,944172 -0,059142 0,663613 3,317236
-0,056928 -0,078770 3,261697 0,297710 1,530897 3,364963 -0,579090 1,325258 3,034334 -0,069088 0,652742 3,257651
-0,060418 -0,086433 3,263532 0,301491 1,480875 3,319588 -0,505405 1,376330 3,109655 -0,069431 0,657016 3,281046
-0,059065 -0,080670 3,251333 0,274153 1,535544 3,433026 -0,416181 1,393297 3,168875 -0,076572 0,656958 3,280676
