18 12
-0,126653 -0,077250 3,309125 0,274138 1,432877 3,327579 -0,456125 1,461154 3,352092 -0,135870 0,690769 3,348943
-0,119324 -0,078945 3,318669 0,282444 1,435798 3,346169 -0,533224 1,369301 3,120394 -0,135185 0,687257 3,348420
-0,124147 -0,085922 3,340849 0,286908 1,437945 3,331532 -0,668956 1,320129 3,148543 -0,135185 0,687257 3,348420
-0,125868 -0,085783 3,342763 0,285828 1,435957 3,330779 -0,713343 1,159300 2,998238 -0,126995 0,672199 3,324306
-0,133092 -0,087599 3,335488 0,282231 1,419187 3,308268 -0,771212 0,699944 2,669608 -0,135413 0,676606 3,348517
-0,138151 -0,083236 3,332299 0,282789 1,414638 3,299110 -0,704434 0,371801 2,672445 -0,134134 0,671178 3,300438
-0,134783 -0,083781 3,328796 0,290362 1,417265 3,321565 -0,694770 0,354102 2,745366 -0,130413 0,665501 3,288897
-0,110158 -0,086489 3,361255 0,278421 1,422908 3,318944 -0,687967 0,516064 2,716641 -0,135415 0,683709 3,348612
-0,112916 -0,085665 3,375813 0,273239 1,441809 3,321204 -0,611293 0,582452 2,595709 -0,131645 0,677931 3,336840
-0,118147 -0,086124 3,383170 0,283736 1,426642 3,330659 -0,585539 0,526456 2,613875 -0,124633 0,674459 3,337458
-0,133375 -0,085352 3,348764 0,288112 1,419023 3,329782 -0,590390 0,353290 2,677693 -0,111271 0,658367 3,232058
-0,134696 -0,089974 3,323957 0,282677 1,424153 3,330828 -0,704699 0,429845 2,790510 -0,139655 0,675242 3,360578
-0,126142 -0,083743 3,323368 0,277177 1,423202 3,302577 -0,750723 0,522475 2,790018 -0,150127 0,672822 3,347308
-0,124607 -0,074751 3,328676 0,285237 1,427398 3,325784 -0,793127 0,782680 2,806465 -0,160758 0,678454 3,357759
-0,125956 -0,079062 3,319402 0,282853 1,431733 3,335500 -0,749652 1,020455 2,765248 -0,146932 0,689384 3,360112
-0,124388 -0,070721 3,319650 0,281894 1,434652 3,334882 -0,700404 1,145050 2,842174 -0,150367 0,690543 3,347640
-0,132819 -0,070154 3,299092 0,275985 1,432692 3,345099 -0,563067 1,463245 3,339929 -0,139891 0,693030 3,360906
-0,140793 -0,074663 3,323161 0,273265 1,435900 3,351063 -0,461067 1,460427 3,321124 -0,136641 0,695416 3,373586
