16 12
-0,070099 -0,073562 3,230332 0,306987 1,463598 3,266747 -0,453214 1,435093 3,101460 -0,062115 0,696528 3,305404
-0,060027 -0,084689 3,220147 0,300325 1,460186 3,255765 -0,502520 1,356532 3,041626 -0,061519 0,680524 3,258181
-0,055062 -0,083772 3,231435 0,297209 1,447219 3,235756 -0,545912 1,183597 2,900562 -0,054452 0,681538 3,281732
-0,056931 -0,087032 3,236640 0,300503 1,465766 3,256049 -0,633794 0,617314 2,562350 -0,047968 0,686079 3,305989
-0,063567 -0,080888 3,247288 0,304290 1,460268 3,255247 -0,610138 0,126170 2,622831 -0,054600 0,683020 3,235528
-0,068345 -0,082193 3,245093 0,310795 1,454854 3,261691 -0,608155 -0,010616 2,827624 -0,054821 0,686422 3,235489
-0,070857 -0,081754 3,232974 0,311267 1,455621 3,258158 -0,550647 -0,092133 3,239693 -0,069405 0,698851 3,281499
-0,071579 -0,077615 3,242623 0,308159 1,459967 3,265800 -0,515809 -0,057724 3,195395 -0,069405 0,698851 3,281500
-0,073283 -0,085628 3,239022 0,303881 1,456248 3,246844 -0,524365 -0,033604 3,159816 -0,054883 0,695492 3,282113
-0,073519 -0,084098 3,231012 0,298951 1,453782 3,247955 -0,582799 0,086766 2,865580 -0,055335 0,695425 3,282040
-0,069456 -0,078798 3,225090 0,303091 1,463642 3,257516 -0,650211 0,443060 2,735259 -0,065555 0,687211 3,293248
-0,069872 -0,084330 3,220573 0,300671 1,463410 3,253309 -0,684766 0,680789 2,676540 -0,068744 0,681437 3,281039
-0,067149 -0,079197 3,231716 0,300933 1,467251 3,251110 -0,678739 1,179304 2,896698 -0,069187 0,688409 3,281372
-0,072345 -0,070845 3,231138 0,301707 1,461515 3,253334 -0,545033 1,296902 2,832008 -0,073317 0,695217 3,316897
-0,073843 -0,071029 3,225168 0,294459 1,452597 3,244650 -0,466976 1,370398 2,970494 -0,076260 0,699916 3,304524
-0,081131 -0,074459 3,211602 0,295876 1,456245 3,256813 -0,433879 1,460137 3,218694 -0,072490 0,690645 3,292744
