17 12
-0,069094 -0,079921 3,338450 0,298184 1,441082 3,279246 -0,565920 1,515300 3,332758 -0,062142 0,675466 3,305166
-0,047943 -0,083225 3,391253 0,295283 1,448183 3,270040 -0,728810 1,085371 2,665496 -0,055712 0,680980 3,353933
-0,041405 -0,094811 3,387460 0,294047 1,464756 3,288599 -0,835583 0,560407 2,544504 -0,056425 0,685494 3,378544
-0,045665 -0,096484 3,403610 0,289686 1,455905 3,262571 -0,813569 0,248359 2,357480 -0,063639 0,682949 3,403209
-0,061093 -0,103120 3,365387 0,286307 1,448015 3,261593 -0,799565 -0,315536 2,723559 -0,089122 0,668661 3,364305
-0,068819 -0,094340 3,349879 0,286759 1,446494 3,246855 -0,599424 -0,560656 2,640447 -0,080350 0,652100 3,292213
-0,071445 -0,098225 3,345140 0,291032 1,448465 3,248153 -0,532773 -0,658438 2,842288 -0,076963 0,661289 3,304378
-0,070680 -0,095520 3,333767 0,266371 1,442410 3,223351 -0,452607 -0,773653 3,227091 -0,059219 0,664517 3,341376
-0,065454 -0,092103 3,323424 0,257106 1,450465 3,226901 -0,452654 -0,771693 3,240102 -0,066472 0,664467 3,341032
-0,061610 -0,095179 3,333451 0,259608 1,447298 3,222481 -0,469337 -0,757776 3,230258 -0,059437 0,660950 3,341336
-0,050812 -0,094825 3,361680 0,267865 1,457278 3,237387 -0,544413 -0,567668 2,903117 -0,073936 0,667924 3,340721
-0,037581 -0,088828 3,332826 0,269888 1,452458 3,229524 -0,668032 -0,161924 2,817020 -0,066901 0,664396 3,340972
-0,030572 -0,088406 3,344128 0,271945 1,455131 3,229143 -0,717652 0,110611 2,632217 -0,059940 0,676035 3,365908
-0,027632 -0,089185 3,363201 0,283435 1,461427 3,245005 -0,798381 0,725550 2,660074 -0,033655 0,677547 3,354645
-0,043969 -0,091466 3,385368 0,302347 1,432281 3,242229 -0,681709 1,059736 2,606026 -0,048655 0,677443 3,354184
-0,055874 -0,088208 3,380881 0,314456 1,428014 3,248077 -0,602113 1,190056 2,739858 -0,055760 0,689152 3,378584
-0,086614 -0,089413 3,323946 0,345393 1,434280 3,308976 -0,408248 1,490941 3,306832 -0,070048 0,677330 3,353100
