24 12
-0,057665 -0,090605 3,279823 0,281034 1,420366 3,257881 -0,456025 1,403608 3,170110 -0,018969 0,682697 3,306805
-0,053367 -0,095491 3,301457 0,284519 1,434737 3,257380 -0,518030 1,198683 2,777356 -0,026318 0,667734 3,282823
-0,062410 -0,092537 3,305783 0,283020 1,451877 3,280340 -0,582934 0,989341 2,729497 -0,019135 0,656486 3,259520
-0,062102 -0,084920 3,301328 0,274878 1,439963 3,248299 -0,642906 0,823501 2,650369 -0,019222 0,665144 3,306660
-0,064941 -0,083439 3,306290 0,264444 1,410590 3,209140 -0,673281 0,575813 2,508940 -0,023293 0,660233 3,318337
-0,061421 -0,080242 3,315015 0,255722 1,415586 3,194013 -0,583473 0,371819 2,475675 -0,023715 0,667140 3,317966
-0,060482 -0,079223 3,297429 0,246923 1,414770 3,188942 -0,608460 0,292720 2,544175 -0,026848 0,665058 3,306348
-0,048720 -0,089670 3,318899 0,249742 1,412602 3,197897 -0,657079 0,214494 2,515217 -0,027557 0,678348 3,378973
-0,038774 -0,094396 3,320278 0,257523 1,419622 3,195520 -0,655369 0,304843 2,496795 -0,034531 0,670305 3,354319
-0,034730 -0,089348 3,314752 0,262989 1,417026 3,192739 -0,629798 0,342654 2,468507 -0,034319 0,666809 3,354456
-0,037518 -0,092607 3,311316 0,286260 1,431885 3,232383 -0,600756 0,295221 2,520823 -0,034531 0,670305 3,354319
-0,040187 -0,089961 3,315296 0,288266 1,437188 3,248529 -0,649370 0,186152 2,604976 -0,030714 0,670707 3,318091
-0,037780 -0,084281 3,292313 0,289226 1,439554 3,256515 -0,679692 0,192864 2,615090 -0,030607 0,678777 3,342514
-0,027934 -0,096892 3,306885 0,294049 1,455749 3,266850 -0,698373 0,318669 2,555600 -0,030828 0,675175 3,342289
-0,033424 -0,094796 3,331258 0,282957 1,447226 3,271519 -0,591230 0,339940 2,447611 -0,030714 0,670707 3,318091
-0,038865 -0,097966 3,322953 0,286452 1,441900 3,266912 -0,559239 0,269153 2,461332 -0,031042 0,678644 3,342069
-0,057130 -0,090408 3,280933 0,282049 1,454415 3,271450 -0,560331 0,098671 2,564695 -0,034255 0,668480 3,306013
-0,062006 -0,079606 3,263051 0,290838 1,445708 3,266625 -0,669535 0,117017 2,723988 -0,030383 0,669851 3,294426
-0,056901 -0,083248 3,257228 0,286221 1,432009 3,242978 -0,691896 0,205148 2,723823 -0,023346 0,678804 3,342702
-0,053849 -0,083714 3,250495 0,286599 1,436448 3,246060 -0,711784 0,507888 2,704523 -0,033805 0,682616 3,306438
-0,049375 -0,077062 3,244195 0,290656 1,441008 3,269787 -0,709097 0,900058 2,661994 -0,033805 0,682616 3,306438
-0,054132 -0,084969 3,245628 0,285000 1,439815 3,277724 -0,662776 1,079661 2,749533 -0,037480 0,684860 3,318311
-0,061399 -0,078224 3,238608 0,284761 1,430138 3,289464 -0,519008 1,461687 3,321046 -0,022816 0,688463 3,318790
-0,074379 -0,085701 3,260364 0,282386 1,428655 3,288650 -0,430952 1,422765 3,261751 -0,029925 0,683909 3,294697
