21 12
-0,047931 -0,092191 3,333967 0,298251 1,444572 3,297040 -0,456365 1,406842 3,172767 -0,019197 0,679180 3,306813
-0,047813 -0,099866 3,339769 0,303410 1,445498 3,289657 -0,538392 1,127412 2,741930 -0,030487 0,681328 3,318392
-0,050923 -0,093815 3,345760 0,310783 1,446292 3,274580 -0,592951 0,830360 2,696438 -0,015622 0,674394 3,318803
-0,054650 -0,100581 3,340188 0,305785 1,447438 3,270015 -0,633556 0,610094 2,603261 -0,023346 0,678804 3,342702
-0,057757 -0,101240 3,340469 0,298057 1,452394 3,236781 -0,663054 0,364417 2,535067 -0,034036 0,672046 3,306225
-0,058095 -0,097983 3,347772 0,285866 1,450021 3,248803 -0,486286 0,370723 2,314258 -0,019739 0,681084 3,355010
-0,058003 -0,107078 3,350269 0,280272 1,453280 3,253513 -0,474440 0,423928 2,388522 -0,030281 0,670805 3,318370
-0,056434 -0,109734 3,341675 0,277446 1,449744 3,246867 -0,467655 0,310963 2,415034 -0,019960 0,677470 3,354771
-0,050407 -0,109198 3,335135 0,285146 1,442819 3,234982 -0,523727 0,174734 2,497881 -0,023561 0,682292 3,342555
-0,054966 -0,114463 3,341301 0,288738 1,451330 3,258399 -0,487910 0,182473 2,430960 -0,028019 0,686678 3,328879
-0,056322 -0,107762 3,354390 0,302943 1,460493 3,286561 -0,419998 0,336511 2,393525 -0,019960 0,677470 3,354771
-0,049069 -0,111129 3,341892 0,305307 1,450777 3,271007 -0,483926 0,243766 2,474193 -0,020830 0,691293 3,353358
-0,048023 -0,110124 3,324370 0,314502 1,452731 3,283666 -0,495871 0,162139 2,522237 -0,016520 0,678694 3,342388
-0,049018 -0,098772 3,329135 0,306023 1,448510 3,277048 -0,518505 0,152652 2,540695 -0,016298 0,682313 3,342707
-0,044310 -0,098225 3,326588 0,303559 1,455368 3,273103 -0,457486 0,405613 2,416879 -0,015870 0,675320 3,342934
-0,038093 -0,100024 3,329595 0,300252 1,460951 3,281970 -0,491936 0,527113 2,430432 -0,015646 0,678887 3,343011
-0,026221 -0,098935 3,340957 0,301370 1,453319 3,261339 -0,545412 0,695977 2,494905 -0,008424 0,669975 3,295057
-0,021402 -0,091105 3,318680 0,299660 1,454916 3,275225 -0,668555 0,964474 2,636557 -0,012441 0,683647 3,330867
-0,023170 -0,088595 3,320150 0,296889 1,458349 3,290291 -0,647687 1,087319 2,728510 -0,008376 0,688499 3,319102
-0,036004 -0,087073 3,286293 0,307668 1,457764 3,333358 -0,566091 1,375670 3,126919 -0,011987 0,690779 3,331104
-0,043772 -0,089076 3,305820 0,315899 1,454383 3,300493 -0,410562 1,394897 3,157432 -0,005002 0,689723 3,307166
