17 12
-0,179122 -0,068447 3,299879 0,266070 1,425220 3,301421 -0,493840 1,472719 3,331671 -0,157610 0,690422 3,346945
-0,176499 -0,071523 3,303324 0,285161 1,436842 3,339188 -0,593918 1,295070 2,938719 -0,160771 0,688062 3,334404
-0,178644 -0,076810 3,317089 0,302668 1,421383 3,302365 -0,643806 1,140027 2,864057 -0,156257 0,678837 3,322295
-0,177763 -0,075101 3,316467 0,306260 1,419835 3,305750 -0,637625 0,951481 2,694609 -0,156027 0,682362 3,322086
-0,180878 -0,073742 3,314804 0,311724 1,424631 3,316880 -0,645568 0,571664 2,649169 -0,148455 0,677969 3,299236
-0,178170 -0,073226 3,301169 0,313996 1,415269 3,305253 -0,623340 0,360068 2,704375 -0,121740 0,673177 3,219936
-0,174480 -0,075330 3,295661 0,321466 1,413432 3,311969 -0,623686 0,390619 2,733971 -0,128783 0,667244 3,242223
-0,157091 -0,082807 3,335775 0,323600 1,423925 3,326423 -0,625758 0,569205 2,662072 -0,134136 0,678187 3,300523
-0,156929 -0,083584 3,335753 0,314412 1,431916 3,348535 -0,554133 0,529774 2,599258 -0,138876 0,684906 3,336306
-0,158067 -0,072707 3,343087 0,305679 1,425443 3,328613 -0,547351 0,428020 2,619241 -0,111276 0,672115 3,232196
-0,164907 -0,078707 3,326124 0,310287 1,428003 3,349129 -0,576107 0,286603 2,669622 -0,108332 0,669649 3,220184
-0,154082 -0,079860 3,304112 0,318145 1,419957 3,327471 -0,662357 0,479845 2,752020 -0,142085 0,675524 3,323781
-0,145173 -0,077112 3,308219 0,322229 1,421912 3,315983 -0,696704 0,614892 2,741327 -0,142311 0,679018 3,323908
-0,140074 -0,069482 3,319736 0,319690 1,423832 3,329041 -0,732590 0,952759 2,839360 -0,135643 0,687247 3,348818
-0,135062 -0,068892 3,307379 0,312297 1,438701 3,362655 -0,686717 1,148513 2,844613 -0,150367 0,690543 3,347640
-0,135684 -0,073942 3,304445 0,310288 1,450104 3,372509 -0,632906 1,232850 2,923880 -0,146330 0,688303 3,335784
-0,138043 -0,075145 3,309630 0,291480 1,428447 3,336203 -0,464120 1,449226 3,343405 -0,124641 0,688624 3,337644
