32 12
-0,057352 -0,105756 3,285672 0,276658 1,423424 3,266316 -0,516044 1,320665 3,179356 -0,048041 0,652597 3,353645
-0,057370 -0,103718 3,291415 0,286497 1,426027 3,273867 -0,534658 1,211893 3,036256 -0,051803 0,654763 3,365780
-0,061518 -0,103684 3,292512 0,285806 1,422407 3,260098 -0,518581 1,046260 2,873583 -0,051349 0,646846 3,341002
-0,070148 -0,107598 3,298295 0,293254 1,418168 3,262432 -0,487375 0,884230 2,758846 -0,047204 0,637582 3,328253
-0,071830 -0,109937 3,296816 0,298874 1,407306 3,237833 -0,430947 0,713698 2,692526 -0,055135 0,634794 3,352863
-0,076270 -0,106422 3,302408 0,295779 1,419086 3,259654 -0,372223 0,607244 2,700504 -0,044535 0,639114 3,317545
-0,082348 -0,105447 3,295876 0,301821 1,428717 3,269063 -0,354029 0,533411 2,766254 -0,044535 0,645365 3,293793
-0,083447 -0,098671 3,300044 0,305810 1,417982 3,254511 -0,392158 0,475873 2,785880 -0,044726 0,656664 3,317738
-0,083533 -0,099945 3,299421 0,302944 1,414300 3,258865 -0,480835 0,415710 2,734505 -0,045153 0,649532 3,317401
-0,079127 -0,102672 3,308657 0,305661 1,425635 3,259408 -0,619986 0,354358 2,677433 -0,058522 0,633428 3,246325
-0,078362 -0,108623 3,306281 0,312824 1,416633 3,258211 -0,719685 0,299978 2,676100 -0,030429 0,646943 3,342232
-0,075270 -0,102155 3,307436 0,318132 1,427110 3,283429 -0,732117 0,244237 2,664759 -0,027167 0,651767 3,329995
-0,075937 -0,104219 3,306387 0,320674 1,420118 3,281820 -0,664020 0,211680 2,646455 -0,030102 0,646205 3,318113
-0,074250 -0,099222 3,305774 0,327107 1,424924 3,305403 -0,570008 0,193788 2,624770 -0,030832 0,668088 3,342203
-0,079515 -0,099003 3,295655 0,325567 1,414072 3,303958 -0,497793 0,206391 2,669259 -0,034958 0,677247 3,353802
-0,080654 -0,094452 3,306170 0,327948 1,409483 3,301608 -0,461064 0,233261 2,741355 -0,049304 0,673708 3,353636
-0,081178 -0,102775 3,295035 0,326217 1,417434 3,312082 -0,494190 0,249120 2,780971 -0,049091 0,670230 3,353840
-0,079076 -0,098365 3,292837 0,335239 1,424633 3,326288 -0,584872 0,242643 2,775637 -0,037729 0,653141 3,317853
-0,079866 -0,094851 3,295897 0,328563 1,410269 3,293326 -0,745264 0,230730 2,761115 -0,033981 0,651837 3,330075
-0,076027 -0,096784 3,291552 0,332724 1,416553 3,292104 -0,836504 0,195401 2,735917 -0,030102 0,646205 3,318113
-0,078703 -0,101640 3,283752 0,335188 1,416796 3,289305 -0,852579 0,145509 2,726497 -0,044535 0,639114 3,317545
-0,081026 -0,101833 3,279747 0,334306 1,409362 3,273893 -0,840456 0,121842 2,787444 -0,047816 0,640502 3,305407
-0,084698 -0,100000 3,268222 0,337715 1,408160 3,280951 -0,827342 0,135561 2,816495 -0,044535 0,639114 3,317545
-0,083368 -0,098509 3,272656 0,339642 1,406810 3,288860 -0,821227 0,199186 2,864071 -0,044320 0,642637 3,317516
-0,082224 -0,096545 3,274705 0,341729 1,409240 3,291732 -0,807711 0,297368 2,850199 -0,044930 0,654801 3,366313
-0,076846 -0,097021 3,255153 0,337280 1,416998 3,297693 -0,804837 0,440556 2,854287 -0,041009 0,648303 3,329808
-0,073383 -0,093903 3,255188 0,332987 1,423132 3,288233 -0,815034 0,600114 2,873743 -0,040792 0,651839 3,329783
-0,066194 -0,092010 3,250743 0,329020 1,432497 3,299314 -0,810896 0,791163 2,916720 -0,048249 0,656155 3,353846
-0,067682 -0,092854 3,264381 0,317019 1,430280 3,277210 -0,767633 0,968987 2,968564 -0,040971 0,656192 3,354129
-0,066941 -0,090378 3,254616 0,307815 1,425299 3,285627 -0,705194 1,110347 3,022766 -0,037411 0,658407 3,366554
-0,066685 -0,089714 3,250293 0,290919 1,429387 3,272083 -0,615902 1,227035 3,087417 -0,037253 0,654025 3,342045
-0,065568 -0,094796 3,255341 0,274098 1,419684 3,256898 -0,512954 1,312266 3,185176 -0,048466 0,667720 3,378613
