20 12
-0,067625 -0,073824 3,298706 0,310450 1,451012 3,259544 -0,501107 1,263771 2,962353 -0,068940 0,705867 3,281469
-0,069286 -0,083878 3,301952 0,313298 1,436343 3,243360 -0,477850 0,886136 2,776456 -0,058143 0,697754 3,293544
-0,068194 -0,077286 3,295079 0,314651 1,443718 3,263176 -0,476383 0,693192 2,686892 -0,055100 0,705941 3,282226
-0,061835 -0,079821 3,308860 0,315069 1,440782 3,265013 -0,474761 0,434635 2,710128 -0,033703 0,699186 3,213383
-0,061374 -0,081479 3,313560 0,314277 1,444165 3,277665 -0,411028 0,347087 2,533825 -0,037444 0,699067 3,247586
-0,053860 -0,081882 3,314991 0,313126 1,442768 3,281220 -0,418260 0,316615 2,428884 -0,034415 0,708137 3,258805
-0,042624 -0,083095 3,334207 0,316522 1,442499 3,274814 -0,405443 0,239700 2,490975 -0,020974 0,727714 3,304929
-0,029207 -0,085328 3,306396 0,320277 1,444222 3,260704 -0,411976 0,215936 2,593856 -0,028086 0,729904 3,281154
-0,023870 -0,082536 3,296775 0,319415 1,449441 3,272929 -0,384591 0,224475 2,636537 -0,035605 0,731003 3,304053
-0,020276 -0,091628 3,333107 0,323454 1,450994 3,291216 -0,341799 0,238731 2,654178 -0,038892 0,725240 3,292663
-0,031565 -0,106664 3,359413 0,321190 1,449685 3,287961 -0,306396 0,206961 2,487475 -0,058124 0,748884 3,428051
-0,037540 -0,123004 3,347250 0,322410 1,444877 3,282441 -0,339093 0,175639 2,440865 -0,050474 0,752720 3,428880
-0,033373 -0,122422 3,287853 0,329099 1,443640 3,295090 -0,353295 0,109089 2,513660 -0,038914 0,740140 3,366364
-0,039387 -0,088076 3,313828 0,333148 1,444691 3,299334 -0,404551 0,217199 2,621648 -0,027852 0,726555 3,281674
-0,038181 -0,085133 3,315297 0,334082 1,439864 3,282206 -0,435071 0,327433 2,657006 -0,034222 0,717661 3,306562
-0,038918 -0,081673 3,295605 0,327676 1,456068 3,275521 -0,479460 0,633088 2,683608 -0,040521 0,703690 3,306385
-0,042800 -0,077523 3,305088 0,324662 1,437436 3,258305 -0,585951 0,973652 2,767684 -0,055137 0,707113 3,305932
-0,050088 -0,069554 3,300384 0,323773 1,434580 3,255775 -0,568798 1,100928 2,831703 -0,047706 0,710680 3,306190
-0,059945 -0,071144 3,273350 0,330704 1,440924 3,268777 -0,460667 1,406712 3,238055 -0,054640 0,705973 3,282145
-0,067908 -0,073384 3,278611 0,326911 1,442264 3,271941 -0,400673 1,425975 3,262180 -0,058643 0,712965 3,317722
