19 12
-0,064678 -0,095595 3,334043 0,252634 1,387646 3,261923 -0,628057 1,365541 3,276129 -0,084588 0,658557 3,327904
-0,063684 -0,101951 3,330190 0,251056 1,380027 3,254154 -0,712350 1,220305 3,145686 -0,074110 0,661736 3,365068
-0,064249 -0,103311 3,344062 0,249612 1,381607 3,246703 -0,849105 0,692058 2,658358 -0,084379 0,648008 3,327748
-0,069403 -0,103666 3,363770 0,248332 1,391656 3,267103 -0,847436 0,281912 2,586556 -0,074364 0,660737 3,340425
-0,079914 -0,093948 3,372767 0,241571 1,384108 3,248513 -0,740249 0,129366 2,499183 -0,077178 0,657739 3,304279
-0,080876 -0,103586 3,352022 0,227916 1,383792 3,229731 -0,524214 -0,022908 2,870913 -0,089071 0,664067 3,339470
-0,048358 -0,094529 3,263301 0,224117 1,384782 3,228119 -0,355203 -0,020648 2,783267 -0,103769 0,667356 3,338348
-0,070904 -0,096683 3,327393 0,218462 1,382594 3,217592 -0,429300 -0,070118 2,979540 -0,103213 0,662943 3,314196
-0,070621 -0,092557 3,365664 0,210197 1,377410 3,206871 -0,556954 -0,084815 2,837156 -0,079022 0,686300 3,402314
-0,047557 -0,102512 3,285024 0,215711 1,365747 3,210453 -0,411966 -0,071438 2,631391 -0,071930 0,685032 3,376780
-0,047351 -0,136054 3,262034 0,215542 1,388741 3,207693 -0,333926 -0,062334 2,685980 -0,068652 0,683650 3,388860
-0,053049 -0,101381 3,256989 0,237373 1,392285 3,240299 -0,381053 -0,064251 2,756556 -0,102124 0,654292 3,266844
-0,073171 -0,092287 3,365261 0,242587 1,389852 3,253134 -0,625361 -0,022374 3,005966 -0,085013 0,658450 3,327719
-0,064228 -0,104672 3,344239 0,237355 1,389370 3,247504 -0,687720 0,070758 2,945019 -0,074748 0,665165 3,364924
-0,056443 -0,098795 3,355653 0,249631 1,390286 3,276599 -0,744183 0,359518 2,773716 -0,070858 0,667538 3,377699
-0,052947 -0,095821 3,359008 0,256938 1,380045 3,259257 -0,759497 0,776484 2,745142 -0,085491 0,660263 3,376799
-0,051425 -0,096244 3,339958 0,255380 1,379631 3,267676 -0,727845 0,959589 2,774934 -0,074894 0,670726 3,415071
-0,060027 -0,093997 3,343831 0,264374 1,386056 3,270390 -0,629633 1,348059 3,219024 -0,085736 0,668360 3,401812
-0,067726 -0,095248 3,347420 0,262508 1,380008 3,276943 -0,470154 1,374191 3,185822 -0,092802 0,667343 3,376452
