18 12
-0,016494 -0,091081 3,212921 0,329382 1,398044 3,215676 -0,543130 1,282328 2,870363 -0,025829 0,642481 3,146771
-0,028240 -0,093135 3,240663 0,338819 1,404836 3,191260 -0,704804 1,072068 2,904318 -0,025569 0,643897 3,190741
-0,030868 -0,091363 3,244174 0,335185 1,392602 3,182837 -0,779438 0,780734 2,780443 -0,022198 0,641170 3,157738
-0,049818 -0,089758 3,218890 0,337348 1,397798 3,180863 -0,850864 0,305445 2,673218 -0,022419 0,637801 3,157758
-0,054915 -0,097638 3,234380 0,329560 1,401159 3,180622 -0,648368 0,067227 2,510087 -0,029442 0,643767 3,135803
-0,053589 -0,094516 3,226530 0,324348 1,407192 3,179108 -0,519016 0,056755 2,517513 -0,033037 0,645028 3,124835
-0,049887 -0,098996 3,218396 0,320364 1,401370 3,166904 -0,433951 0,095656 2,666802 -0,047370 0,656459 3,167887
-0,048408 -0,101396 3,217484 0,310875 1,404239 3,182196 -0,667322 0,003697 2,979167 -0,042995 0,640389 3,135352
-0,047923 -0,102917 3,227019 0,311647 1,395155 3,179819 -0,681150 0,000099 2,867512 -0,033060 0,649877 3,168527
-0,059504 -0,109477 3,232255 0,320029 1,406052 3,197273 -0,579298 0,028350 2,877821 -0,032849 0,646529 3,168520
-0,058102 -0,103648 3,210143 0,326115 1,404580 3,180099 -0,543991 0,043278 2,867613 -0,046543 0,635690 3,146047
-0,060097 -0,100161 3,211648 0,330449 1,409033 3,196223 -0,647063 0,019906 3,003186 -0,043351 0,648537 3,179248
-0,054256 -0,101323 3,208804 0,327833 1,402907 3,189566 -0,748154 0,072902 2,820959 -0,039633 0,642424 3,146344
-0,051616 -0,094327 3,208902 0,330991 1,410950 3,214348 -0,804680 0,347449 2,783544 -0,050091 0,644400 3,156895
-0,045924 -0,094244 3,208968 0,330629 1,411080 3,229645 -0,794730 0,524870 2,659343 -0,039633 0,642424 3,146344
-0,049974 -0,092663 3,197512 0,330513 1,415531 3,234435 -0,761799 1,092102 3,006389 -0,040162 0,653994 3,190537
-0,052946 -0,080656 3,210284 0,326281 1,398648 3,228991 -0,519405 1,245956 2,831464 -0,033060 0,649877 3,168527
-0,060679 -0,088504 3,217484 0,329384 1,401362 3,237859 -0,429941 1,351824 2,963698 -0,039951 0,650624 3,190523
