28 12
-0,002431 -0,098766 3,209736 0,330767 1,439965 3,261395 -0,441463 1,394731 3,154397 0,013137 0,683983 3,295458
0,000404 -0,099809 3,205664 0,332225 1,439116 3,257143 -0,463413 1,355361 3,075841 0,005959 0,683983 3,295400
0,002413 -0,096734 3,204040 0,333708 1,445701 3,259049 -0,494136 1,293831 2,985370 0,009567 0,673841 3,260118
-0,001066 -0,100297 3,210018 0,334890 1,441148 3,250876 -0,530268 1,190881 2,882608 0,002540 0,678256 3,283468
-0,004444 -0,098955 3,219516 0,335671 1,445485 3,264213 -0,575648 1,054629 2,826189 0,002540 0,678256 3,283468
-0,007887 -0,096629 3,217980 0,338903 1,443889 3,250997 -0,610528 0,861055 2,761124 0,002540 0,678256 3,283468
-0,011496 -0,101673 3,212858 0,335290 1,432228 3,241269 -0,608334 0,640569 2,754807 0,002540 0,678256 3,283468
-0,016720 -0,100506 3,216370 0,343305 1,444395 3,253339 -0,590384 0,445766 2,812938 0,002156 0,672917 3,236971
-0,019100 -0,100367 3,214244 0,341075 1,431034 3,249926 -0,564709 0,280905 2,902326 -0,004659 0,673833 3,259934
-0,023708 -0,098326 3,220166 0,341668 1,431499 3,243751 -0,519442 0,187604 3,042766 -0,001070 0,676038 3,271666
-0,025973 -0,098015 3,219187 0,341026 1,430299 3,246175 -0,466860 0,148152 3,180518 0,002156 0,672917 3,236971
-0,031763 -0,094216 3,223520 0,339074 1,430607 3,234193 -0,422118 0,122782 3,298449 -0,001625 0,674155 3,225460
-0,034998 -0,094777 3,236215 0,346659 1,420228 3,240148 -0,407021 0,128468 3,258325 -0,001625 0,674155 3,225460
-0,034844 -0,096547 3,236542 0,344179 1,429181 3,235829 -0,408647 0,113634 3,271084 0,001942 0,676339 3,236953
-0,039909 -0,097904 3,235832 0,340834 1,423449 3,238237 -0,408155 0,126847 3,240051 -0,001625 0,674155 3,225460
-0,035236 -0,091149 3,242243 0,345053 1,426712 3,226011 -0,404105 0,151171 3,222741 0,005425 0,674160 3,225537
-0,038160 -0,095517 3,244513 0,341580 1,428464 3,235435 -0,409864 0,189995 3,176371 0,005531 0,678537 3,248514
-0,030725 -0,100212 3,242230 0,339049 1,420969 3,219404 -0,439028 0,254823 3,109694 0,001726 0,679746 3,236861
-0,030958 -0,099156 3,237577 0,340884 1,442675 3,248893 -0,479493 0,354482 3,021040 0,001942 0,676339 3,236953
-0,029720 -0,096880 3,239627 0,337586 1,433438 3,237882 -0,528945 0,510633 2,929975 -0,001005 0,680484 3,295249
-0,023394 -0,095633 3,238271 0,341818 1,437554 3,263791 -0,571851 0,699170 2,882087 0,002540 0,678256 3,283468
-0,021342 -0,092942 3,233597 0,335028 1,442924 3,243951 -0,612014 0,899332 2,897388 0,002540 0,678256 3,283468
-0,018779 -0,095303 3,240031 0,344500 1,438635 3,254620 -0,615719 1,103648 2,949029 -0,000940 0,684989 3,319145
-0,016301 -0,091042 3,230695 0,345806 1,437719 3,269250 -0,581453 1,232635 2,944727 0,002540 0,678256 3,283468
-0,020177 -0,093538 3,235470 0,348339 1,440773 3,278811 -0,548254 1,360993 3,045001 0,002540 0,678256 3,283468
-0,017973 -0,096904 3,231137 0,349951 1,446072 3,274995 -0,478985 1,416383 3,119240 0,002540 0,678256 3,283468
-0,016873 -0,096462 3,235005 0,349556 1,447127 3,287402 -0,404755 1,428986 3,179775 0,002540 0,678256 3,283468
-0,017554 -0,093321 3,223005 0,346410 1,437750 3,286827 -0,393755 1,407354 3,210601 0,002312 0,674764 3,283460
