22 12
0,013898 -0,086285 3,290076 0,321859 1,446949 3,278986 -0,442466 1,195691 2,840080 0,017201 0,687263 3,331393
0,011780 -0,081277 3,296767 0,321196 1,453575 3,273416 -0,514029 0,763037 2,479324 0,013743 0,666452 3,294997
0,014019 -0,081303 3,298565 0,313838 1,455343 3,239964 -0,502979 0,463929 2,495325 0,005947 0,689534 3,343425
0,021465 -0,078365 3,292184 0,314642 1,462536 3,249129 -0,483640 0,406845 2,456755 0,002271 0,687242 3,331240
0,037057 -0,078229 3,334055 0,297524 1,448755 3,202544 -0,432136 0,496287 2,427824 0,009646 0,691840 3,355685
0,053525 -0,078983 3,302554 0,290789 1,457322 3,235427 -0,413447 0,592641 2,392321 0,010281 0,681174 3,355492
0,058199 -0,082831 3,311917 0,289807 1,455850 3,240735 -0,391292 0,517515 2,389499 0,006161 0,686007 3,343439
0,059505 -0,077647 3,317393 0,303712 1,461371 3,263240 -0,417925 0,339450 2,460480 0,009646 0,691840 3,355685
0,066307 -0,079799 3,318442 0,308471 1,461428 3,277913 -0,381270 0,445701 2,358611 0,009711 0,676661 3,331245
0,065233 -0,084298 3,313299 0,309606 1,468913 3,282942 -0,398002 0,507845 2,351425 0,009844 0,681185 3,355617
0,060483 -0,075909 3,306521 0,317573 1,464319 3,294997 -0,382315 0,441603 2,382773 0,009632 0,684722 3,355599
0,058472 -0,079559 3,302098 0,312643 1,455098 3,280903 -0,429563 0,319400 2,504896 0,005731 0,693043 3,343330
0,059303 -0,079457 3,296968 0,315334 1,455753 3,288555 -0,414223 0,330020 2,464203 0,009200 0,691746 3,355322
0,054140 -0,083814 3,295546 0,312276 1,461022 3,288884 -0,370826 0,488493 2,377343 0,017130 0,681181 3,355661
0,050505 -0,087489 3,309694 0,311844 1,446693 3,269092 -0,451257 0,400609 2,505646 0,005933 0,682440 3,343343
0,044135 -0,087197 3,293531 0,315762 1,450882 3,273269 -0,498657 0,360726 2,601275 0,002043 0,683668 3,331069
0,037761 -0,090752 3,277993 0,314702 1,445981 3,269052 -0,558424 0,417292 2,542584 -0,001674 0,676921 3,295071
0,038236 -0,089657 3,276078 0,315316 1,466851 3,299919 -0,685383 0,754077 2,641186 0,002184 0,682706 3,307184
0,036694 -0,091535 3,285386 0,316468 1,454254 3,282173 -0,668803 0,915491 2,649908 -0,004829 0,681733 3,283430
0,020376 -0,086862 3,250233 0,317423 1,453107 3,293550 -0,575438 1,311642 3,047903 -0,005087 0,680737 3,259989
0,002531 -0,089123 3,275989 0,317145 1,444991 3,285182 -0,405953 1,330368 2,959563 0,020333 0,690978 3,295558
-0,002026 -0,089894 3,277329 0,316775 1,444165 3,287356 -0,373531 1,425755 3,173356 -0,004857 0,684225 3,260064
