26 12
-0,051996 -0,105400 3,332478 0,447856 1,230825 3,081051 -0,460625 1,264342 3,177433 -0,004787 0,669588 3,330990
-0,054179 -0,103428 3,323827 0,456318 1,139871 3,037174 -0,438706 1,143527 3,063074 0,006562 0,671817 3,343146
-0,046227 -0,114733 3,351743 0,337979 0,857078 2,851491 -0,419987 0,889339 2,927758 0,002393 0,641363 3,330773
-0,043594 -0,106017 3,366721 0,246821 0,564746 2,868856 -0,252721 0,571248 2,646564 -0,001797 0,661079 3,342676
-0,041064 -0,110074 3,371879 0,199674 0,466677 2,776187 -0,198811 0,476494 2,603330 -0,008172 0,675362 3,343075
-0,034117 -0,103965 3,396600 0,154749 0,300833 2,495556 -0,204737 0,326057 2,482599 -0,012251 0,670474 3,355145
-0,034143 -0,099169 3,403668 0,267689 0,156223 2,199691 -0,354178 0,179970 2,533696 -0,048684 0,755494 3,405764
-0,034557 -0,116755 3,386602 0,365900 0,064783 2,177726 -0,507780 0,113478 2,540136 -0,057243 0,735926 3,434228
-0,033460 -0,103661 3,401617 0,704200 0,017370 2,505273 -0,676461 0,085075 2,333249 -0,046204 0,672768 3,467628
-0,037613 -0,122049 3,390567 0,814563 0,202518 2,463564 -0,937375 0,247023 2,643827 -0,004858 0,634305 3,330587
-0,036345 -0,121533 3,390431 0,925623 0,335942 2,649255 -0,967538 0,358629 2,679728 -0,005515 0,633516 3,306239
-0,053972 -0,118280 3,340177 0,948915 0,619963 2,785074 -0,941854 0,663143 3,009265 -0,008225 0,656817 3,318712
-0,057804 -0,108375 3,341588 0,792331 0,917061 3,294610 -0,639204 0,762291 2,692572 0,002439 0,662533 3,331011
-0,059124 -0,107689 3,335866 0,637198 0,960357 3,273660 -0,496581 0,785341 2,679370 -0,022518 0,657608 3,342403
-0,055484 -0,121030 3,361213 0,269297 0,730933 2,749378 -0,324410 0,789204 2,885230 -0,022302 0,628639 3,317733
-0,064129 -0,107569 3,377608 0,199813 0,524727 2,647834 -0,143939 0,556590 2,538314 -0,030628 0,657521 3,342258
-0,060512 -0,107640 3,383619 0,170557 0,406578 2,488954 -0,115127 0,463856 2,479787 -0,034247 0,667758 3,379197
-0,061916 -0,095034 3,404850 0,204356 0,246417 2,402431 -0,204253 0,275003 2,272399 -0,051303 0,737190 3,386585
-0,058207 -0,098973 3,400666 0,342684 0,132463 2,239411 -0,521593 0,177796 2,541739 -0,054421 0,735451 3,450403
-0,054599 -0,099906 3,402552 0,414359 0,116774 2,241879 -0,673313 0,170519 2,546119 -0,047782 0,703042 3,452666
-0,056295 -0,109572 3,382052 0,638357 0,179152 2,486242 -0,826000 0,254207 2,399484 -0,045561 0,668235 3,441857
-0,060687 -0,114182 3,384455 0,717262 0,390635 2,506591 -0,996087 0,508011 2,575178 -0,019409 0,650314 3,282797
-0,061826 -0,113439 3,365556 0,785135 0,568641 2,670361 -0,990882 0,653727 2,615403 -0,019662 0,658067 3,306442
-0,068999 -0,110512 3,337288 0,776692 0,915686 2,769677 -0,951033 1,055220 3,064831 -0,019313 0,674034 3,355068
-0,071753 -0,105306 3,332349 0,640816 1,346617 3,392040 -0,700667 1,153704 2,870220 -0,026931 0,676537 3,330469
-0,076898 -0,105522 3,329768 0,529767 1,425231 3,495723 -0,573754 1,233405 2,944459 -0,026483 0,683668 3,330681
