23 12
-0,171948 -0,005775 3,211298 0,203307 1,383502 3,251771 -0,499701 1,433292 3,225367 -0,149512 0,678905 3,323249
-0,167061 -0,005904 3,207783 0,204920 1,371592 3,266394 -0,505076 1,453821 3,189661 -0,144912 0,668732 3,287702
-0,164770 -0,003998 3,209955 0,197298 1,387608 3,263270 -0,517032 1,440697 3,128799 -0,133109 0,662367 3,253481
-0,155519 -0,003024 3,252452 0,202165 1,383009 3,255444 -0,562660 1,296295 2,778743 -0,109408 0,672655 3,290500
-0,155563 -0,015366 3,253702 0,201648 1,380533 3,279442 -0,486363 1,000280 2,507236 -0,089312 0,635273 3,255397
-0,154099 -0,016648 3,253265 0,197832 1,369130 3,260308 -0,475325 0,803531 2,345350 -0,115885 0,642019 3,312833
-0,154754 0,005029 3,256411 0,196543 1,393404 3,269596 -0,500543 0,353037 2,177252 -0,158723 0,684287 3,371426
-0,153292 -0,049651 3,223163 0,198465 1,367532 3,268517 -0,455644 0,096968 2,180385 -0,140396 0,687861 3,335230
-0,130970 0,075486 3,158820 0,199426 1,396136 3,272407 -0,439111 0,020621 2,187772 -0,134108 0,688862 3,359718
-0,129495 0,063793 3,163477 0,200479 1,393589 3,282321 -0,420823 -0,064294 2,238933 -0,133912 0,692582 3,360267
-0,134309 0,046302 3,183563 0,198029 1,394420 3,275942 -0,409963 -0,085095 2,226654 -0,151875 0,693380 3,346067
-0,125215 0,055591 3,170125 0,197756 1,386615 3,267502 -0,408043 -0,082480 2,240086 -0,114768 0,685940 3,325018
-0,127295 0,051264 3,185496 0,199788 1,392497 3,277020 -0,408596 -0,067227 2,222342 -0,126419 0,689258 3,361194
-0,105376 0,079268 3,131331 0,196498 1,394804 3,267630 -0,422253 -0,025995 2,242464 -0,117851 0,687276 3,313197
-0,126891 0,013369 3,200400 0,195841 1,387412 3,256526 -0,433801 0,005241 2,242779 -0,135126 0,679991 3,275377
-0,141725 -0,034013 3,239414 0,200634 1,383163 3,267310 -0,464119 0,123026 2,193826 -0,117417 0,679132 3,288913
-0,144337 0,010651 3,270131 0,200541 1,377745 3,255002 -0,521174 0,337670 2,228238 -0,136304 0,683548 3,348758
-0,142512 -0,004760 3,268619 0,200930 1,381975 3,241485 -0,555032 0,473456 2,252817 -0,090160 0,656043 3,256475
-0,137792 -0,017027 3,260347 0,204430 1,389085 3,250358 -0,560065 0,797711 2,412596 -0,061799 0,628624 3,257742
-0,135856 -0,005203 3,247815 0,210413 1,388874 3,213727 -0,636770 1,085800 2,609494 -0,099032 0,658415 3,327006
-0,133826 -0,014587 3,235097 0,207272 1,374851 3,204992 -0,633068 1,198695 2,741116 -0,098717 0,657533 3,303009
-0,141068 -0,009899 3,233736 0,185986 1,371561 3,167374 -0,573888 1,433416 3,173694 -0,106111 0,667903 3,302546
-0,142627 -0,015587 3,229394 0,165038 1,390054 3,207093 -0,484824 1,416846 3,216062 -0,128327 0,672058 3,324948
