24 12
-0,119093 -0,011238 3,179451 0,408694 1,268298 3,039812 -0,539183 1,272336 2,995246 -0,115676 0,679710 3,290000
-0,126088 -0,015618 3,173419 0,399662 1,179952 2,930677 -0,542961 1,025018 2,743766 -0,125827 0,666899 3,277013
-0,136118 -0,028589 3,185364 0,362449 0,971689 2,826481 -0,388958 0,707421 2,523406 -0,130186 0,641110 3,288544
-0,135416 -0,036852 3,180505 0,295232 0,871720 2,817830 -0,334607 0,622071 2,529311 -0,145472 0,641598 3,311114
-0,135868 -0,025966 3,189645 0,125562 0,636602 2,655968 -0,205023 0,589054 2,747678 -0,134344 0,653636 3,300298
-0,146727 -0,034542 3,196121 0,074896 0,594325 2,554139 -0,065069 0,596132 2,700067 -0,139878 0,638601 3,335274
-0,143949 -0,029375 3,209458 0,061393 0,608331 2,512089 -0,052974 0,603839 2,769524 -0,146696 0,638679 3,335047
-0,147763 -0,032035 3,213095 0,149676 0,677012 2,690800 -0,098777 0,616009 2,718592 -0,136052 0,651669 3,348408
-0,139866 -0,029219 3,181774 0,179646 0,707429 2,670369 -0,160677 0,615294 2,796489 -0,150953 0,651301 3,346880
-0,143345 -0,031637 3,203103 0,194609 0,735389 2,724087 -0,163461 0,618826 2,737684 -0,134949 0,635943 3,299824
-0,132826 -0,030349 3,195209 0,153113 0,715936 2,692258 -0,061468 0,700183 2,741757 -0,150741 0,647841 3,346987
-0,129357 -0,021044 3,196337 0,143494 0,711023 2,639190 -0,022092 0,731067 2,796082 -0,130609 0,641026 3,288597
-0,133138 -0,024105 3,187068 0,162715 0,709519 2,684924 -0,032898 0,729985 2,823570 -0,133203 0,646634 3,360611
-0,130082 -0,031085 3,187224 0,176501 0,724274 2,734407 -0,107691 0,654959 2,723779 -0,128998 0,641064 3,348772
-0,131623 -0,036131 3,178354 0,169159 0,729636 2,784009 -0,155656 0,630215 2,711716 -0,136836 0,637123 3,347366
-0,126558 -0,027494 3,194909 0,156214 0,706818 2,791257 -0,118547 0,633102 2,590906 -0,138911 0,637992 3,311458
-0,126021 -0,024031 3,183006 0,088223 0,671929 2,659506 -0,058699 0,722878 2,790490 -0,136044 0,644577 3,348311
-0,126689 -0,025855 3,187073 0,104301 0,724953 2,684283 -0,102609 0,768691 2,872574 -0,113870 0,636997 3,325591
-0,128140 -0,027525 3,185552 0,101521 0,762088 2,649323 -0,152146 0,819136 2,935400 -0,128083 0,640403 3,324631
-0,122483 -0,022625 3,178538 0,180402 0,899408 2,757344 -0,290960 0,869570 2,731679 -0,114029 0,588729 3,285207
-0,123290 -0,018148 3,179594 0,240440 1,011899 2,752704 -0,545978 1,155374 3,028196 -0,121051 0,649921 3,300542
-0,117405 -0,012009 3,162568 0,284382 1,125105 2,853609 -0,606091 1,220782 3,043411 -0,123488 0,669042 3,289502
-0,114933 -0,002448 3,195664 0,396432 1,318025 3,125671 -0,623967 1,324673 3,113294 -0,105900 0,678485 3,302781
-0,107075 -0,006391 3,172536 0,375140 1,400743 3,381195 -0,563471 1,319973 3,084625 -0,108751 0,676289 3,290623
