14 12
-0,093205 -0,090772 3,127707 0,322132 1,448624 3,226227 -0,700112 1,498647 3,189283 -0,043330 0,662073 3,179351
-0,087621 -0,095882 3,146726 0,308519 1,455450 3,192224 -0,842714 1,005048 2,474564 -0,036956 0,659472 3,201819
-0,089676 -0,095911 3,159413 0,299995 1,457549 3,185511 -0,988991 0,634758 2,505850 -0,047563 0,661535 3,212757
-0,086615 -0,094845 3,155837 0,297118 1,448963 3,173517 -0,993810 0,400529 2,402834 -0,057696 0,655154 3,178674
-0,089374 -0,093978 3,160165 0,295942 1,464177 3,172238 -1,000214 0,097466 2,386127 -0,061822 0,657970 3,212018
-0,089241 -0,104338 3,168250 0,286384 1,454243 3,188584 -0,963223 -0,021723 2,365776 -0,048005 0,653704 3,189559
-0,087063 -0,098902 3,188006 0,287138 1,470784 3,189259 -0,961587 -0,031762 2,385518 -0,051836 0,660000 3,223300
-0,087024 -0,095189 3,173456 0,279594 1,462170 3,183108 -0,960982 0,009754 2,373694 -0,051621 0,663517 3,223624
-0,083200 -0,095408 3,153040 0,282709 1,459480 3,180894 -0,987486 0,169489 2,376204 -0,051836 0,660000 3,223300
-0,082386 -0,094904 3,165205 0,284821 1,460422 3,178225 -0,996870 0,295990 2,366934 -0,051407 0,660161 3,223814
-0,073542 -0,092106 3,172283 0,286771 1,447326 3,162462 -1,000961 0,648546 2,499712 -0,043931 0,660299 3,224304
-0,076214 -0,087113 3,176463 0,283991 1,471380 3,196791 -0,860970 0,927839 2,414197 -0,054397 0,665838 3,235367
-0,084779 -0,087698 3,167921 0,280666 1,485290 3,255040 -0,782804 1,078067 2,537007 -0,057567 0,667107 3,223726
-0,095902 -0,084359 3,149364 0,289062 1,442673 3,192770 -0,603775 1,504484 3,236362 -0,071871 0,663564 3,223092
