20 12
-0,094852 -0,082210 3,270678 0,294691 1,462749 3,325877 -0,432081 1,463711 3,254082 -0,097983 0,649795 3,279323
-0,094816 -0,078210 3,280953 0,285524 1,470519 3,319767 -0,449700 1,465489 3,244466 -0,090591 0,655968 3,256462
-0,090079 -0,082143 3,310230 0,290200 1,486441 3,336789 -0,544105 1,291760 2,841557 -0,089944 0,652598 3,256334
-0,098721 -0,091617 3,343618 0,294309 1,510098 3,359329 -0,555521 1,121677 2,682655 -0,082864 0,638838 3,256627
-0,104874 -0,087350 3,317723 0,306435 1,481764 3,343412 -0,560565 0,938621 2,537654 -0,086189 0,636737 3,244841
-0,114641 -0,093323 3,279222 0,325067 1,427350 3,309202 -0,579376 0,518917 2,390364 -0,061576 0,639002 3,257766
-0,104858 -0,092278 3,268598 0,325593 1,435816 3,304181 -0,561985 0,315274 2,536662 -0,077037 0,659332 3,256683
-0,097501 -0,090674 3,261226 0,327309 1,412968 3,257667 -0,561378 0,328637 2,682047 -0,065701 0,649711 3,222919
-0,082506 -0,098314 3,290523 0,324684 1,419331 3,256111 -0,580411 0,434458 2,689525 -0,062200 0,656211 3,257957
-0,083779 -0,098180 3,293893 0,317638 1,429508 3,290263 -0,603641 0,471135 2,573757 -0,079512 0,647887 3,268555
-0,086837 -0,101727 3,312325 0,312272 1,465722 3,331985 -0,602322 0,405107 2,417145 -0,076401 0,649182 3,257192
-0,096878 -0,092924 3,302014 0,338767 1,425557 3,329922 -0,547596 0,251899 2,584006 -0,077250 0,662684 3,256365
-0,090866 -0,098693 3,277491 0,346970 1,419582 3,296126 -0,578089 0,289525 2,743850 -0,072883 0,657390 3,245765
-0,083047 -0,097746 3,267684 0,361105 1,409359 3,293948 -0,640696 0,389265 2,819751 -0,075974 0,649254 3,257231
-0,075618 -0,098063 3,284791 0,372750 1,416081 3,292488 -0,752798 0,698440 2,720879 -0,090379 0,645641 3,256398
-0,071767 -0,090731 3,290469 0,382811 1,392718 3,252980 -0,814750 1,018125 2,802730 -0,090591 0,649052 3,256389
-0,073783 -0,088953 3,287750 0,390566 1,428741 3,298989 -0,770375 1,139899 2,872347 -0,087054 0,654719 3,268338
-0,086586 -0,083938 3,273546 0,389915 1,412163 3,288425 -0,661446 1,419559 3,248036 -0,090377 0,652555 3,256469
-0,095864 -0,085583 3,281251 0,367351 1,439133 3,337016 -0,451670 1,376096 3,064238 -0,090377 0,652555 3,256469
-0,099688 -0,081728 3,281894 0,336444 1,484481 3,387178 -0,435784 1,458967 3,234188 -0,094168 0,654649 3,267901
