25 12
-0,113806 -0,083309 3,193315 0,276065 1,452579 3,249674 -0,523448 1,499382 3,179195 -0,085695 0,687456 3,222430
-0,109357 -0,082730 3,195148 0,276186 1,449370 3,248682 -0,586888 1,464984 3,060122 -0,082618 0,686261 3,234147
-0,108574 -0,084242 3,189974 0,277397 1,446585 3,240550 -0,659632 1,356542 2,886171 -0,075411 0,678466 3,211715
-0,105116 -0,089535 3,199049 0,273665 1,453409 3,230677 -0,724062 1,182587 2,696506 -0,064356 0,684202 3,223395
-0,103939 -0,087374 3,199776 0,267396 1,453978 3,229653 -0,777616 0,965091 2,525054 -0,058049 0,681784 3,246863
-0,101713 -0,081705 3,208048 0,263286 1,451844 3,222778 -0,803571 0,708742 2,377614 -0,062406 0,694252 3,258203
-0,105805 -0,080449 3,221795 0,271273 1,446657 3,221090 -0,836690 0,481292 2,325331 -0,070335 0,711636 3,329273
-0,106447 -0,078654 3,202694 0,271417 1,445281 3,201601 -0,845627 0,290589 2,293722 -0,073990 0,712713 3,316930
-0,107090 -0,082658 3,213096 0,275575 1,447844 3,206494 -0,840427 0,151412 2,283974 -0,081010 0,711380 3,292501
-0,103117 -0,076545 3,214953 0,278284 1,462744 3,233277 -0,834754 0,058094 2,282260 -0,084149 0,705598 3,280643
-0,102063 -0,080149 3,210232 0,272690 1,461890 3,226403 -0,826258 0,009128 2,303828 -0,076389 0,697660 3,257693
-0,097332 -0,085898 3,201959 0,268636 1,453275 3,231387 -0,826282 -0,007911 2,326664 -0,076551 0,698789 3,281133
-0,093355 -0,084997 3,219549 0,280064 1,462707 3,246823 -0,828808 0,006659 2,320771 -0,073020 0,699972 3,269549
-0,091754 -0,076094 3,214722 0,276113 1,461395 3,227464 -0,838905 0,041263 2,323055 -0,062175 0,704716 3,258450
-0,088441 -0,077444 3,218007 0,275529 1,456268 3,225368 -0,849046 0,100680 2,330456 -0,081202 0,712646 3,316557
-0,084566 -0,076718 3,219147 0,277823 1,467672 3,218683 -0,864654 0,194118 2,352994 -0,062784 0,714025 3,305632
-0,082626 -0,082036 3,212103 0,275689 1,465888 3,239844 -0,878365 0,315160 2,339134 -0,055330 0,702407 3,282116
-0,078520 -0,080374 3,222408 0,279184 1,466139 3,230859 -0,887063 0,472950 2,350133 -0,052118 0,709413 3,317995
-0,072534 -0,079170 3,221741 0,282415 1,458799 3,212490 -0,879086 0,658247 2,390507 -0,051650 0,701282 3,294131
-0,067956 -0,083248 3,232423 0,286269 1,470009 3,226527 -0,833367 0,831933 2,437771 -0,037079 0,697883 3,294623
-0,061462 -0,082234 3,231823 0,286920 1,468095 3,228790 -0,786827 1,004881 2,539783 -0,037309 0,694357 3,294571
-0,064521 -0,086128 3,223264 0,285122 1,468600 3,216943 -0,725591 1,160138 2,665212 -0,044032 0,694351 3,294264
-0,062942 -0,084787 3,223857 0,283175 1,463937 3,228121 -0,655009 1,283386 2,823648 -0,058318 0,693195 3,270204
-0,070056 -0,081043 3,233712 0,277355 1,464389 3,236775 -0,556517 1,366357 2,952997 -0,061732 0,690911 3,258367
-0,075553 -0,082047 3,236169 0,282185 1,455069 3,241532 -0,445372 1,408214 3,067492 -0,065213 0,696629 3,269822
