30 12
-0,082017 -0,070842 3,270066 0,307209 1,443498 3,328546 -0,438717 1,460427 3,266124 -0,097529 0,684662 3,279554
-0,079054 -0,075984 3,282950 0,310812 1,442111 3,334600 -0,455236 1,437119 3,167469 -0,083480 0,681310 3,280519
-0,078727 -0,074234 3,274509 0,316040 1,443218 3,320925 -0,457968 1,373019 3,020164 -0,097529 0,684662 3,279554
-0,082006 -0,072846 3,275866 0,323034 1,438180 3,336859 -0,445367 1,255222 2,841745 -0,086373 0,679057 3,268283
-0,087294 -0,076053 3,288291 0,324972 1,438378 3,331250 -0,432438 1,127838 2,713486 -0,090421 0,682208 3,303189
-0,091609 -0,077465 3,280476 0,322390 1,439009 3,328049 -0,420293 0,970563 2,596472 -0,075848 0,671779 3,303619
-0,096713 -0,081188 3,280643 0,322018 1,433415 3,323180 -0,424399 0,804669 2,514862 -0,085967 0,655393 3,290021
-0,099318 -0,073777 3,280526 0,315487 1,421100 3,317981 -0,429487 0,625057 2,461808 -0,068765 0,667498 3,280891
-0,102237 -0,071813 3,271808 0,314809 1,414777 3,298786 -0,436629 0,461103 2,487873 -0,069418 0,677921 3,281274
-0,099825 -0,069994 3,271578 0,320547 1,410693 3,302816 -0,438959 0,375547 2,596915 -0,061821 0,664803 3,212078
-0,091806 -0,081826 3,263690 0,321600 1,421617 3,303930 -0,432939 0,375275 2,715239 -0,077174 0,685799 3,304607
-0,085319 -0,079657 3,257108 0,314256 1,415038 3,307232 -0,433908 0,432942 2,779747 -0,087268 0,678978 3,268552
-0,074859 -0,079384 3,269368 0,318570 1,426300 3,316026 -0,425755 0,512772 2,773363 -0,070619 0,699784 3,378119
-0,077089 -0,078405 3,271574 0,324455 1,422424 3,330612 -0,421917 0,562181 2,705028 -0,092079 0,687790 3,352085
-0,075968 -0,083418 3,283829 0,327473 1,421893 3,342645 -0,430273 0,576835 2,613331 -0,087986 0,682002 3,339939
-0,080611 -0,079787 3,299138 0,330868 1,420304 3,338965 -0,431030 0,525385 2,518410 -0,077535 0,687928 3,352946
-0,085135 -0,078094 3,293554 0,329215 1,416048 3,326072 -0,417026 0,434668 2,499082 -0,077132 0,683359 3,328592
-0,086177 -0,083046 3,282019 0,328398 1,421461 3,330954 -0,407941 0,361126 2,562072 -0,066338 0,684681 3,317150
-0,084625 -0,079701 3,292124 0,330640 1,416228 3,325789 -0,414879 0,343215 2,673661 -0,059215 0,679085 3,269625
-0,082931 -0,081866 3,284435 0,331099 1,425666 3,336053 -0,443279 0,394219 2,759124 -0,043923 0,667157 3,224365
-0,076828 -0,085892 3,284159 0,333211 1,424762 3,312240 -0,484217 0,472589 2,789730 -0,069418 0,677921 3,281274
-0,065982 -0,085058 3,297324 0,322711 1,428171 3,302596 -0,533410 0,594642 2,759946 -0,069675 0,686962 3,328922
-0,058208 -0,084660 3,295488 0,319591 1,429133 3,303677 -0,586178 0,752639 2,727732 -0,084360 0,683294 3,328180
-0,057987 -0,083268 3,295088 0,312801 1,423845 3,286489 -0,632694 0,932944 2,786557 -0,084360 0,683294 3,328180
-0,054825 -0,085930 3,303442 0,326886 1,425857 3,300716 -0,646215 1,072469 2,842853 -0,066113 0,688229 3,317180
-0,054389 -0,075727 3,306713 0,331876 1,430804 3,308348 -0,634834 1,195912 2,914197 -0,069444 0,690487 3,328791
-0,053600 -0,080482 3,298262 0,338616 1,430964 3,317112 -0,608040 1,289430 3,009068 -0,073480 0,689221 3,340868
-0,055826 -0,079929 3,298861 0,339508 1,436663 3,342115 -0,567128 1,349152 3,114327 -0,080309 0,684597 3,316273
-0,057982 -0,082227 3,299660 0,340226 1,440020 3,332201 -0,507609 1,383806 3,183361 -0,073927 0,689185 3,340987
-0,060842 -0,081853 3,305754 0,338671 1,445037 3,349480 -0,418713 1,407608 3,220291 -0,084134 0,686837 3,328115
