20 12
-0,140839 -0,018841 3,245472 0,269988 1,375254 3,298450 -0,557841 1,438779 3,291783 -0,109190 0,669224 3,290565
-0,148030 -0,023735 3,233124 0,315968 1,382267 3,275667 -0,594568 1,321054 3,000882 -0,112244 0,663555 3,278491
-0,158065 -0,024422 3,254961 0,360044 1,257450 3,010903 -0,494403 1,131653 2,782615 -0,108899 0,666706 3,313967
-0,163453 -0,029489 3,265683 0,340746 1,195769 2,928380 -0,447669 0,990000 2,673675 -0,110698 0,646050 3,276349
-0,165097 -0,039478 3,255342 0,211882 0,937532 2,684389 -0,375143 0,787422 2,763011 -0,128482 0,633214 3,324270
-0,171018 -0,044304 3,253469 0,114309 0,765563 2,804875 -0,213083 0,640462 2,603022 -0,144720 0,652116 3,371828
-0,170226 -0,038474 3,266747 0,051014 0,643203 2,757307 -0,144796 0,666155 2,658536 -0,147133 0,664417 3,359852
-0,165954 -0,039518 3,247205 0,038308 0,611285 2,678137 -0,118263 0,657482 2,715303 -0,147334 0,653690 3,359707
-0,171340 -0,040108 3,261837 0,068160 0,691730 2,673967 -0,169237 0,629558 2,779964 -0,143908 0,666704 3,372532
-0,168493 -0,041736 3,247263 0,106933 0,707094 2,685363 -0,222641 0,591349 2,789660 -0,147537 0,650065 3,359576
-0,164233 -0,036384 3,237431 0,153562 0,737187 2,745423 -0,277884 0,570997 2,769722 -0,140077 0,660916 3,360457
-0,166954 -0,041996 3,244719 0,111431 0,745187 2,800636 -0,166552 0,629517 2,632073 -0,164676 0,659588 3,433474
-0,166166 -0,043587 3,248409 0,082114 0,689565 2,741441 -0,104137 0,709119 2,748294 -0,156586 0,658770 3,408752
-0,162484 -0,033424 3,248796 0,087712 0,759963 2,715632 -0,075954 0,763546 2,784859 -0,149894 0,655105 3,346902
-0,155628 -0,027674 3,228784 0,084167 0,835551 2,677694 -0,140210 0,840487 2,872745 -0,132059 0,649552 3,336530
-0,159926 -0,023444 3,244560 0,109045 0,914685 2,727470 -0,200575 0,906414 2,881861 -0,137579 0,593009 3,333017
-0,155417 -0,014923 3,244102 0,219918 1,113283 2,911509 -0,331668 1,010304 2,723298 -0,124482 0,638770 3,273827
-0,152113 -0,013523 3,229443 0,269414 1,236493 3,006432 -0,551545 1,263519 3,067896 -0,123039 0,668082 3,265929
-0,150728 -0,011859 3,213640 0,297197 1,297274 3,121340 -0,597314 1,314933 3,125067 -0,134795 0,674536 3,300465
-0,152714 -0,014381 3,207357 0,325855 1,347440 3,251962 -0,577087 1,434394 3,333112 -0,126720 0,673767 3,277501
