24 12
-0,053678 -0,091778 3,292081 0,409935 1,276174 3,113499 -0,470277 1,338198 3,202946 -0,037157 0,710748 3,342730
-0,060859 -0,094222 3,307778 0,437762 1,209928 3,066761 -0,441341 1,169320 2,985147 -0,043957 0,704671 3,366166
-0,058447 -0,104802 3,320581 0,322460 0,939505 2,820790 -0,405654 0,855559 2,778522 -0,062169 0,654428 3,304928
-0,065641 -0,106363 3,345751 0,234880 0,569197 2,711163 -0,212147 0,532590 2,480902 -0,027618 0,688268 3,281752
-0,063839 -0,101047 3,353066 0,221306 0,417187 2,550359 -0,193110 0,438424 2,528021 -0,041155 0,708338 3,330508
-0,056182 -0,083176 3,348707 0,357182 0,204403 2,489799 -0,371636 0,221212 2,321749 -0,051847 0,755369 3,318608
-0,055793 -0,098000 3,344737 0,585320 0,058911 2,236827 -0,917425 0,056055 2,806869 -0,039859 0,693066 3,305600
-0,055348 -0,111509 3,324309 0,761042 0,045833 2,396833 -1,057635 0,032480 2,767279 -0,040167 0,674645 3,282242
-0,062207 -0,118663 3,286070 1,109258 0,181998 2,878647 -1,109211 0,164477 2,796757 -0,057635 0,661079 3,246434
-0,057766 -0,116700 3,277263 1,109116 0,523682 3,292362 -0,926725 0,416851 2,628869 -0,076343 0,674403 3,280845
-0,062111 -0,105327 3,276811 1,017632 0,667413 3,349186 -0,782840 0,525416 2,566815 -0,072583 0,679179 3,269369
-0,066693 -0,110009 3,286405 0,592593 0,687801 2,776316 -0,557563 0,732976 2,886299 -0,054900 0,681537 3,281964
-0,068390 -0,101480 3,310811 0,353171 0,598714 2,916536 -0,237159 0,506815 2,499524 -0,055267 0,686290 3,235125
-0,067103 -0,097055 3,331002 0,272459 0,460520 2,708296 -0,156230 0,435806 2,493836 -0,055861 0,711747 3,329922
-0,057776 -0,073890 3,348354 0,202849 0,284515 2,464243 -0,210404 0,256994 2,379067 -0,041171 0,832108 3,283851
-0,048990 -0,103415 3,314556 0,376353 0,073621 2,130351 -0,572786 0,084183 2,775110 -0,034304 0,729593 3,244210
-0,039637 -0,098868 3,319573 0,508126 0,037045 2,130826 -0,798893 0,013563 2,813232 -0,039358 0,706971 3,304920
-0,037027 -0,109301 3,323345 0,901096 0,120720 2,593958 -0,991324 0,045637 2,521662 -0,029722 0,668125 3,247775
-0,029761 -0,114672 3,303664 1,022930 0,358458 2,659207 -1,211132 0,264402 2,746415 -0,029615 0,669022 3,270956
-0,034031 -0,109550 3,280912 1,120102 0,539414 2,886555 -1,210476 0,395296 2,729430 -0,040383 0,678140 3,282420
-0,035344 -0,110313 3,261656 1,049622 0,845594 2,937847 -1,222152 0,783809 3,140473 -0,047307 0,680615 3,258799
-0,038931 -0,107179 3,241273 0,939257 1,288637 3,566318 -0,898152 0,944031 2,810433 -0,033307 0,684144 3,259400
-0,043331 -0,096027 3,243966 0,809182 1,437281 3,700567 -0,787176 1,064341 2,857643 -0,033557 0,700203 3,306651
-0,049090 -0,094328 3,227988 0,426399 1,350404 3,231177 -0,580911 1,445329 3,455708 -0,033323 0,703724 3,306630
