24 12
-0,057824 0,322259 3,361797 0,281895 1,566843 3,326395 -0,518218 1,599011 3,369804 -0,086339 1,057683 3,433011
-0,046483 0,321519 3,375975 0,276700 1,575567 3,299532 -0,569949 1,542193 3,227328 -0,083011 1,053994 3,420179
-0,040578 0,319770 3,382425 0,270435 1,577508 3,301063 -0,609581 1,424257 3,087339 -0,075052 1,050358 3,446342
-0,035703 0,318471 3,379947 0,260358 1,599117 3,324895 -0,644198 1,212877 2,925386 -0,071428 1,050470 3,433656
-0,033830 0,322236 3,376616 0,253344 1,591810 3,301673 -0,648427 0,911588 2,820005 -0,071114 1,046778 3,433569
-0,033407 0,316912 3,379455 0,252676 1,587066 3,292036 -0,617443 0,661315 2,826530 -0,064252 1,050600 3,408231
-0,034541 0,329357 3,392135 0,253692 1,579737 3,273007 -0,593719 0,507888 2,926069 -0,064282 1,054219 3,433984
-0,026079 0,336864 3,395648 0,249290 1,579134 3,272648 -0,589879 0,492306 2,949095 -0,065223 1,057637 3,433336
-0,019552 0,337554 3,417700 0,248078 1,583742 3,265984 -0,605304 0,574047 2,886714 -0,057448 1,046720 3,433765
-0,007059 0,323719 3,412335 0,248088 1,575017 3,272528 -0,634350 0,695298 2,787800 -0,058068 1,046445 3,433021
-0,002203 0,324101 3,416959 0,241478 1,573694 3,249335 -0,648033 0,792656 2,838311 -0,061030 1,046691 3,446772
-0,003132 0,321992 3,413810 0,245558 1,578690 3,278438 -0,616065 0,732287 2,806801 -0,056824 1,046885 3,434166
-0,009740 0,334503 3,417994 0,242561 1,583003 3,270310 -0,566594 0,615025 2,834637 -0,058071 1,053852 3,433132
-0,020195 0,329695 3,416562 0,249015 1,582555 3,275961 -0,535443 0,457727 2,864658 -0,069016 1,039106 3,393894
-0,019042 0,318496 3,417358 0,254788 1,575913 3,272299 -0,510157 0,356682 2,919060 -0,071975 1,032040 3,407436
-0,026435 0,328066 3,426207 0,257069 1,570943 3,272715 -0,498959 0,335133 2,960317 -0,079257 1,021162 3,381481
-0,021828 0,314279 3,407582 0,254310 1,568043 3,257555 -0,514570 0,405258 2,969170 -0,072366 1,039163 3,433072
-0,021632 0,332861 3,412460 0,251815 1,576408 3,265499 -0,555264 0,523763 2,932537 -0,076511 1,050035 3,419575
-0,015922 0,315206 3,400009 0,244672 1,565227 3,274977 -0,593609 0,739339 2,940001 -0,060397 1,035869 3,421045
-0,019806 0,312112 3,397712 0,243953 1,581471 3,290183 -0,636058 0,959451 2,907173 -0,068513 1,046613 3,446470
-0,023888 0,313362 3,401865 0,241463 1,570200 3,295275 -0,661433 1,190182 3,008965 -0,068203 1,042966 3,446559
-0,034212 0,318938 3,391668 0,244313 1,567560 3,303565 -0,630144 1,367998 3,118175 -0,064946 1,057751 3,459789
-0,040410 0,319821 3,390001 0,254259 1,583385 3,318897 -0,592674 1,477140 3,241763 -0,082697 1,050367 3,420248
-0,046786 0,317423 3,385338 0,270168 1,574493 3,331762 -0,551097 1,555355 3,346676 -0,079200 1,054043 3,433305
