17 12
-0,073175 0,315934 3,380556 0,247196 1,580520 3,353244 -0,457125 1,529792 3,262743 -0,083945 1,038771 3,471710
-0,051086 0,309563 3,330794 0,248946 1,615559 3,365460 -0,835445 1,571998 3,717341 -0,066913 1,017397 3,420387
-0,033911 0,305641 3,348763 0,233776 1,608929 3,334695 -0,914700 1,235891 3,371049 -0,074451 1,020598 3,445553
-0,018776 0,307200 3,402868 0,233833 1,620324 3,321982 -0,937587 0,343646 2,851939 -0,050457 1,027446 3,512697
-0,032810 0,303571 3,426599 0,223689 1,599193 3,288938 -0,666227 -0,196968 2,651680 -0,062297 1,023518 3,498291
-0,039129 0,307888 3,425451 0,230049 1,600019 3,300948 -0,566249 -0,303802 2,696971 -0,039016 1,002593 3,420523
-0,038272 0,321944 3,409929 0,221244 1,608180 3,298953 -0,277110 -0,462684 3,330379 -0,027512 1,042910 3,486943
-0,029830 0,315013 3,379917 0,213069 1,628053 3,328234 -0,295038 -0,470611 3,371640 -0,055319 1,049613 3,525320
-0,016588 0,317276 3,382805 0,208689 1,625328 3,291798 -0,338897 -0,486238 3,215084 -0,051067 1,049884 3,512453
-0,012211 0,323201 3,407919 0,213166 1,597686 3,275820 -0,300525 -0,438478 3,109532 -0,055319 1,049613 3,525320
-0,018803 0,315349 3,427880 0,219020 1,601568 3,300448 -0,439603 -0,424792 3,258034 -0,031674 1,035153 3,499708
-0,021825 0,317472 3,406843 0,226087 1,578814 3,266392 -0,482180 -0,416567 3,164372 -0,035547 1,038779 3,513033
-0,013110 0,308115 3,410657 0,243458 1,615475 3,317669 -0,562776 -0,164448 2,850107 -0,027522 1,027902 3,486703
-0,000889 0,304639 3,373400 0,234191 1,611611 3,336502 -0,759373 0,361963 2,903697 -0,027226 1,016728 3,486730
0,000311 0,294388 3,383137 0,237291 1,611595 3,328961 -0,807570 0,610439 2,803914 -0,047378 1,023300 3,525541
-0,012644 0,304915 3,355978 0,235848 1,625799 3,351682 -0,804413 1,417328 3,440566 -0,045763 1,020897 3,447066
-0,041778 0,301493 3,411119 0,235922 1,604076 3,357500 -0,478368 1,441144 3,121713 -0,064022 1,031778 3,459574
