17 12
-0,104134 0,368906 3,363101 0,280430 1,612602 3,337507 -0,549296 1,611348 3,489276 -0,066750 1,131602 3,396730
-0,088079 0,360987 3,394192 0,279866 1,623270 3,342843 -0,656318 1,232913 3,075358 -0,081891 1,112992 3,395797
-0,073142 0,352890 3,374529 0,273399 1,611553 3,337070 -0,684126 0,738013 3,015933 -0,065756 1,113051 3,395901
-0,068951 0,348508 3,365865 0,275948 1,599595 3,338963 -0,659379 0,492423 2,985451 -0,058703 1,109536 3,396459
-0,073329 0,361510 3,374962 0,271568 1,603390 3,331544 -0,605501 0,089168 3,250494 -0,060039 1,098725 3,422025
-0,072349 0,355075 3,365457 0,267038 1,617522 3,369483 -0,503458 -0,241526 3,147923 -0,059403 1,080192 3,396333
-0,076835 0,350907 3,388089 0,270951 1,615764 3,380108 -0,501459 -0,336576 3,181296 -0,063599 1,080164 3,408858
-0,075571 0,352932 3,362942 0,263312 1,596010 3,346268 -0,511927 -0,432867 3,190812 -0,041426 1,091689 3,461355
-0,063163 0,344274 3,332326 0,254558 1,615481 3,374859 -0,494899 -0,414412 3,153646 -0,029752 1,091690 3,448593
-0,055789 0,354010 3,323021 0,252882 1,594512 3,333082 -0,483036 -0,369945 3,112530 -0,033742 1,091618 3,435632
-0,053086 0,360474 3,328359 0,264721 1,604472 3,362052 -0,480860 -0,166913 3,087672 -0,029390 1,110284 3,448721
-0,051717 0,362401 3,335728 0,267083 1,614334 3,356227 -0,537837 0,157347 3,169248 -0,025249 1,110111 3,435657
-0,046495 0,346798 3,351169 0,274657 1,602574 3,339963 -0,565744 0,323222 3,146510 -0,041527 1,102692 3,435570
-0,054747 0,358150 3,345666 0,273104 1,600957 3,357374 -0,604327 0,666201 3,051888 -0,036517 1,102386 3,397188
-0,065168 0,358185 3,364177 0,283560 1,616868 3,370349 -0,648172 1,092540 3,027618 -0,033546 1,113638 3,410343
-0,068560 0,345958 3,355318 0,288755 1,623093 3,383046 -0,616212 1,289721 3,128835 -0,047728 1,113462 3,409631
-0,085632 0,359107 3,339890 0,281779 1,628381 3,373264 -0,533141 1,623095 3,520078 -0,051624 1,120699 3,397089
