31 12
-0,017959 0,350630 3,306642 0,324060 1,569432 3,234714 -0,431947 1,611515 3,384264 -0,022474 0,985792 3,371201
-0,018026 0,343632 3,306775 0,330895 1,559964 3,257160 -0,482412 1,544305 3,277210 -0,026394 0,986045 3,358712
-0,014493 0,344551 3,319256 0,331797 1,554537 3,246423 -0,622766 1,574660 3,445559 -0,026394 0,986045 3,358712
-0,015278 0,331501 3,292248 0,332441 1,575865 3,258063 -0,699335 1,534285 3,430534 -0,033418 0,982406 3,358500
-0,009306 0,329815 3,317270 0,338812 1,566439 3,264642 -0,806733 1,289355 3,119199 -0,014865 0,988885 3,396361
-0,011888 0,337003 3,323066 0,334050 1,566340 3,245158 -0,941217 1,171817 3,252576 -0,026108 0,975212 3,358602
-0,008862 0,327742 3,312619 0,338259 1,556471 3,243550 -0,979979 1,072753 3,207688 -0,018897 0,988597 3,408967
-0,010641 0,335949 3,319391 0,336922 1,552421 3,246660 -0,995119 0,871980 3,115736 -0,015173 0,985237 3,396358
-0,003090 0,329996 3,326687 0,338678 1,566612 3,263357 -0,989105 0,719207 3,152901 -0,018897 0,988597 3,408967
-0,007001 0,328305 3,327149 0,335994 1,567337 3,262877 -0,965813 0,634010 3,089540 -0,022270 0,981548 3,396106
-0,006038 0,330729 3,329487 0,331805 1,563583 3,263748 -0,942619 0,534402 3,209578 -0,018909 0,981264 3,408868
-0,010661 0,326800 3,322710 0,328810 1,571391 3,267662 -0,831628 0,434364 3,105967 -0,022655 0,984619 3,421553
-0,009258 0,330533 3,334726 0,326919 1,576936 3,253410 -0,789259 0,403347 3,105353 -0,026322 0,981232 3,408702
-0,009096 0,320543 3,318214 0,330188 1,563520 3,270530 -0,727715 0,376153 3,269692 -0,026626 0,977549 3,408629
-0,007443 0,328286 3,331179 0,318426 1,560050 3,243882 -0,599968 0,339978 3,124232 -0,022270 0,981548 3,396106
-0,009532 0,323650 3,306264 0,325706 1,555743 3,264839 -0,556078 0,340940 3,146190 -0,026322 0,981232 3,408702
-0,012848 0,328522 3,319938 0,321108 1,573085 3,270950 -0,499093 0,372090 3,288891 -0,029659 0,981511 3,395917
-0,007317 0,329802 3,324430 0,324600 1,564974 3,267252 -0,465807 0,383900 3,257564 -0,026514 0,978184 3,383460
-0,011493 0,322562 3,305957 0,325395 1,559844 3,272062 -0,466627 0,384370 3,276572 -0,022576 0,977902 3,396111
-0,014763 0,327700 3,327419 0,331548 1,556331 3,270305 -0,506383 0,377531 3,182466 -0,026322 0,981232 3,408702
-0,013668 0,326056 3,321164 0,330344 1,550571 3,259242 -0,633705 0,412304 3,324271 -0,022564 0,985210 3,396210
-0,008589 0,329682 3,322473 0,332983 1,561181 3,268933 -0,701748 0,443364 3,334514 -0,029965 0,977866 3,395932
-0,013290 0,330945 3,328160 0,330571 1,563711 3,262750 -0,785326 0,499631 3,081897 -0,025914 0,978194 3,383424
-0,013902 0,331443 3,328440 0,335991 1,569458 3,273187 -0,917173 0,670608 3,169853 -0,018897 0,988597 3,408967
-0,013231 0,327360 3,330854 0,333665 1,568548 3,269532 -0,943638 0,764131 3,159090 -0,015173 0,985237 3,396358
-0,017747 0,329866 3,323591 0,332354 1,556288 3,269043 -0,939303 1,004024 3,203326 -0,015173 0,985237 3,396358
-0,018562 0,331780 3,338207 0,328426 1,572497 3,275011 -0,845243 1,183982 3,088915 -0,022564 0,985210 3,396210
-0,025178 0,339497 3,338506 0,334148 1,548674 3,271681 -0,779749 1,273977 3,093924 -0,026504 0,985466 3,383555
-0,026564 0,334206 3,311774 0,323916 1,551941 3,267964 -0,669556 1,554149 3,446323 -0,029522 0,982119 3,370915
-0,041797 0,333259 3,341245 0,330219 1,558530 3,269476 -0,465502 1,497758 3,191935 -0,026504 0,985466 3,383555
-0,046320 0,331104 3,340937 0,326824 1,554782 3,280103 -0,401352 1,522192 3,219366 -0,037208 0,995568 3,421243
