41 12
-0,045234 0,328403 3,343499 0,292823 1,564134 3,293752 -0,449046 1,575476 3,303303 -0,041173 0,959165 3,407976
-0,042329 0,321483 3,335479 0,298496 1,560346 3,294420 -0,517816 1,536326 3,219540 -0,044107 0,958656 3,420044
-0,043911 0,319293 3,352616 0,303305 1,557581 3,295304 -0,591814 1,462424 3,131177 -0,040102 0,948920 3,382205
-0,042267 0,314979 3,334479 0,301521 1,556147 3,279334 -0,646535 1,361012 3,067529 -0,040583 0,959124 3,407734
-0,039403 0,322889 3,359322 0,301403 1,561627 3,293502 -0,671224 1,240356 2,965381 -0,036926 0,945820 3,370234
-0,048386 0,315143 3,341417 0,298777 1,558749 3,277417 -0,655538 1,129823 2,884670 -0,036980 0,955095 3,420508
-0,042995 0,321285 3,346420 0,296464 1,543467 3,277304 -0,605017 1,063759 2,865864 -0,036523 0,944886 3,394810
-0,044767 0,319625 3,342341 0,286472 1,555847 3,282025 -0,515017 0,999249 2,776916 -0,025600 0,954705 3,433393
-0,047752 0,316264 3,336749 0,276288 1,565213 3,279311 -0,379783 0,979097 2,767719 -0,021851 0,944107 3,420557
-0,044623 0,323609 3,341002 0,272430 1,564150 3,280829 -0,207371 0,966595 2,779640 -0,032636 0,953667 3,458225
-0,042223 0,314963 3,336076 0,269584 1,569005 3,284023 -0,147616 0,939865 2,843149 -0,029143 0,939424 3,445601
-0,034173 0,324406 3,347320 0,273244 1,564061 3,281839 -0,200911 0,912965 2,837464 -0,025056 0,939788 3,432453
-0,031299 0,319845 3,331522 0,281771 1,555277 3,281181 -0,310881 0,906779 2,824669 -0,025915 0,943712 3,433467
-0,029053 0,318984 3,340199 0,289707 1,554769 3,296053 -0,434670 0,949726 2,857228 -0,025215 0,944441 3,407450
-0,029967 0,318905 3,360777 0,286308 1,566354 3,305290 -0,475674 0,951789 2,796614 -0,029174 0,930355 3,394851
-0,032408 0,324879 3,373810 0,290628 1,567262 3,318647 -0,429449 0,963054 2,807755 -0,025813 0,937262 3,407891
-0,039411 0,325852 3,349763 0,280899 1,553546 3,291310 -0,297756 0,957419 2,791573 -0,029125 0,946811 3,445712
-0,038932 0,323194 3,350885 0,279657 1,554911 3,286402 -0,192285 0,948646 2,818703 -0,032204 0,943295 3,431760
-0,042710 0,315482 3,328993 0,272037 1,557923 3,277673 -0,200290 0,943344 2,826297 -0,029125 0,946811 3,445712
-0,041460 0,316725 3,349970 0,274720 1,568152 3,279505 -0,282709 0,935315 2,841388 -0,029125 0,946811 3,445712
-0,042651 0,326928 3,353261 0,279193 1,555183 3,272153 -0,386250 0,959368 2,851754 -0,032603 0,951715 3,407318
-0,038521 0,327352 3,354078 0,283107 1,555180 3,286532 -0,445555 0,967276 2,837004 -0,032921 0,940823 3,407487
-0,041051 0,322482 3,356631 0,281507 1,547533 3,284571 -0,406535 0,957392 2,803648 -0,032921 0,940823 3,407487
-0,046436 0,316498 3,336890 0,276378 1,559634 3,286295 -0,279771 0,935442 2,801459 -0,036709 0,944026 3,420105
-0,050587 0,320355 3,357950 0,269370 1,559862 3,289609 -0,146265 0,919220 2,836560 -0,044297 0,953293 3,471269
-0,055849 0,326893 3,354847 0,266427 1,560124 3,266557 -0,092862 0,891005 2,903139 -0,044583 0,957100 3,471682
-0,054681 0,322494 3,341979 0,263104 1,561828 3,257619 -0,124644 0,866828 2,900621 -0,036599 0,946766 3,445459
-0,054507 0,319524 3,359632 0,275913 1,548850 3,282868 -0,209231 0,857424 2,880864 -0,036409 0,947614 3,419828
-0,049222 0,323888 3,355611 0,278360 1,561909 3,282170 -0,327123 0,851472 2,871594 -0,040417 0,938077 3,382303
-0,047670 0,325155 3,371351 0,289036 1,553581 3,289532 -0,446908 0,906435 2,900328 -0,051024 0,938384 3,369196
-0,046899 0,323661 3,370100 0,293057 1,545700 3,288689 -0,544233 0,931663 2,923242 -0,055419 0,941624 3,381952
-0,045184 0,330078 3,366371 0,299496 1,556190 3,296315 -0,617357 0,968782 2,935199 -0,059241 0,952090 3,394466
-0,037930 0,321188 3,363686 0,297146 1,573824 3,292236 -0,686115 1,022311 2,938091 -0,059539 0,948452 3,394515
-0,043173 0,322653 3,374253 0,298481 1,575657 3,313214 -0,741095 1,102929 2,975591 -0,051572 0,948477 3,394551
-0,040691 0,328369 3,355201 0,302668 1,553525 3,289628 -0,770089 1,189469 3,008348 -0,051560 0,955770 3,394651
-0,035205 0,320589 3,361729 0,295814 1,552142 3,277109 -0,764808 1,295193 3,054987 -0,051599 0,945712 3,369710
-0,037623 0,321720 3,365270 0,295079 1,557294 3,289948 -0,718131 1,388575 3,096645 -0,052151 0,955812 3,394915
-0,033507 0,319849 3,354475 0,293823 1,561224 3,289002 -0,653274 1,475995 3,165640 -0,051861 0,952156 3,394775
-0,042924 0,326812 3,355960 0,288188 1,562091 3,279232 -0,580129 1,540269 3,228388 -0,048280 0,962763 3,407682
-0,045582 0,316254 3,357275 0,282391 1,584333 3,300791 -0,504099 1,580557 3,294216 -0,040979 0,952650 3,382730
-0,054078 0,316742 3,379763 0,279365 1,562324 3,269809 -0,432505 1,586327 3,317443 -0,037383 0,955921 3,395427
