17 12
-0,108678 0,342944 3,315577 0,270955 1,577210 3,334962 -0,499661 1,572145 3,368659 -0,101244 1,072275 3,432361
-0,107021 0,349755 3,327754 0,273181 1,573505 3,337547 -0,564577 1,495609 3,286403 -0,097236 1,076035 3,419830
-0,105823 0,350588 3,325031 0,271100 1,567283 3,327009 -0,637547 1,364613 3,234658 -0,093898 1,072304 3,407132
-0,105028 0,338907 3,322883 0,278537 1,587189 3,330389 -0,682379 1,143593 3,113358 -0,101244 1,072275 3,432361
-0,108148 0,348360 3,346766 0,282008 1,581525 3,336037 -0,533263 0,716727 2,734582 -0,075314 1,064977 3,344702
-0,108514 0,335339 3,343478 0,278594 1,579681 3,321670 -0,455813 0,613865 2,639707 -0,094533 1,072095 3,406666
-0,094019 0,328563 3,381371 0,268832 1,574384 3,291502 -0,458954 0,536463 2,744044 -0,104064 1,074659 3,429217
-0,083404 0,332157 3,380986 0,255961 1,583838 3,315822 -0,675004 0,483174 2,873108 -0,098184 1,049997 3,419128
-0,080851 0,337202 3,385894 0,249327 1,570856 3,291378 -0,557094 0,476399 2,694649 -0,103428 1,060331 3,430292
-0,094269 0,344364 3,369151 0,258759 1,587063 3,322788 -0,412702 0,587804 2,877686 -0,095792 1,078707 3,404844
-0,088755 0,331558 3,374963 0,270447 1,577345 3,275002 -0,590819 0,547011 3,026533 -0,087287 1,061195 3,432709
-0,088893 0,329609 3,364367 0,267726 1,578252 3,273821 -0,595703 0,547740 2,892947 -0,095600 1,072078 3,458089
-0,092178 0,333385 3,357273 0,259261 1,567755 3,289591 -0,573173 0,749598 2,908730 -0,082553 1,054123 3,394809
-0,093808 0,336972 3,354542 0,260109 1,574302 3,317194 -0,664977 1,066310 2,970151 -0,101884 1,072179 3,432245
-0,098122 0,342750 3,349071 0,255366 1,581968 3,326505 -0,659806 1,209056 3,000747 -0,108386 1,061078 3,406170
-0,111697 0,333653 3,314106 0,272574 1,582700 3,333812 -0,565507 1,531334 3,408369 -0,108386 1,061078 3,406170
-0,124215 0,342297 3,351441 0,275995 1,572777 3,349385 -0,464597 1,533854 3,347443 -0,108066 1,057432 3,406122
