40 12
-0,054743 0,318422 3,335893 0,304289 1,575851 3,323081 -0,477631 1,584715 3,310204 -0,048291 0,955442 3,407581
-0,053515 0,328992 3,344050 0,304789 1,568025 3,317807 -0,552372 1,542355 3,255490 -0,048280 0,962763 3,407682
-0,051485 0,325421 3,332243 0,308938 1,560189 3,315302 -0,625413 1,456823 3,172707 -0,048291 0,955442 3,407581
-0,052504 0,321861 3,346330 0,312821 1,555287 3,314345 -0,692063 1,349195 3,090141 -0,044396 0,962388 3,420350
-0,049920 0,319941 3,349393 0,313658 1,552171 3,302675 -0,740679 1,232948 3,032994 -0,048291 0,955442 3,407581
-0,053304 0,321297 3,335964 0,309435 1,558671 3,305872 -0,742103 1,110801 2,973645 -0,048291 0,955442 3,407581
-0,058902 0,320308 3,340793 0,309668 1,566692 3,299360 -0,734914 1,018847 2,928964 -0,048002 0,951750 3,407358
-0,053156 0,319577 3,353154 0,308731 1,564041 3,296967 -0,689975 0,961606 2,903601 -0,044490 0,944922 3,394955
-0,059746 0,331177 3,371061 0,297591 1,565499 3,287036 -0,587649 0,939556 2,853669 -0,040008 0,951666 3,407055
-0,055250 0,321019 3,342103 0,291907 1,574924 3,303700 -0,441131 0,952513 2,859091 -0,036106 0,951176 3,419465
-0,060897 0,317468 3,360149 0,288382 1,557366 3,302502 -0,286474 0,930110 2,823019 -0,028999 0,940321 3,419973
-0,054659 0,319241 3,370010 0,291862 1,575357 3,299460 -0,242424 0,930414 2,880467 -0,032636 0,953667 3,458225
-0,054353 0,317772 3,349864 0,285252 1,561390 3,272962 -0,308201 0,916627 2,870760 -0,025617 0,947338 3,433287
-0,051361 0,322468 3,363267 0,292090 1,555074 3,295706 -0,425789 0,929448 2,896648 -0,028980 0,947659 3,420077
-0,052236 0,320221 3,339621 0,294359 1,563855 3,296112 -0,519438 0,942354 2,888432 -0,033190 0,951853 3,407878
-0,049543 0,320884 3,363852 0,301828 1,548157 3,303092 -0,563200 0,967367 2,851542 -0,033190 0,951853 3,407878
-0,048219 0,306006 3,354835 0,298061 1,556015 3,294602 -0,499386 0,980442 2,827629 -0,025617 0,947338 3,433287
-0,057312 0,326642 3,349874 0,299481 1,554065 3,288625 -0,368173 0,995752 2,823316 -0,028980 0,947659 3,420077
-0,062185 0,317566 3,352567 0,293704 1,560561 3,294487 -0,254335 0,975693 2,827375 -0,032938 0,950069 3,458593
-0,056452 0,315018 3,326995 0,290150 1,560615 3,287391 -0,223041 0,973985 2,867733 -0,025335 0,943574 3,432913
-0,053939 0,309899 3,344566 0,291652 1,560247 3,289706 -0,291267 0,964126 2,869206 -0,021494 0,933956 3,394803
-0,054996 0,315404 3,337518 0,297318 1,554702 3,297663 -0,392503 0,963592 2,882334 -0,014120 0,947726 3,420486
-0,045700 0,311601 3,316021 0,298055 1,559446 3,301564 -0,480512 0,978120 2,895399 -0,025900 0,951078 3,433575
-0,046202 0,322069 3,346602 0,298351 1,579738 3,307184 -0,505842 0,978440 2,854620 -0,028962 0,955000 3,420181
-0,050495 0,318743 3,334777 0,296121 1,564145 3,300164 -0,447868 0,990867 2,852247 -0,025783 0,951893 3,408093
-0,054729 0,316005 3,347747 0,296909 1,565038 3,290593 -0,315931 0,989174 2,832160 -0,021494 0,933956 3,394803
-0,059187 0,317623 3,330310 0,286209 1,564045 3,276712 -0,193350 0,994213 2,864733 -0,028999 0,940321 3,419973
-0,054761 0,309143 3,349742 0,286836 1,569211 3,272322 -0,160913 0,985317 2,908935 -0,028999 0,940321 3,419973
-0,053603 0,312634 3,344598 0,286878 1,568254 3,282106 -0,222110 0,982748 2,893574 -0,029281 0,944070 3,420346
-0,055387 0,308568 3,340183 0,290637 1,566082 3,286514 -0,335496 0,997612 2,900406 -0,021774 0,937677 3,395158
-0,048318 0,314612 3,346804 0,300935 1,559126 3,295153 -0,457985 1,042804 2,928055 -0,040417 0,938077 3,382303
-0,051811 0,324703 3,362572 0,305934 1,554782 3,297115 -0,557258 1,114954 2,978488 -0,044178 0,955829 3,394938
-0,044481 0,320803 3,349641 0,312792 1,553198 3,298743 -0,636146 1,206522 2,976561 -0,036926 0,945820 3,370234
-0,046139 0,312387 3,339015 0,315064 1,560733 3,309034 -0,680096 1,302420 3,002678 -0,036640 0,942168 3,370035
-0,039800 0,313465 3,341165 0,313728 1,564798 3,302870 -0,676532 1,379156 3,064036 -0,044479 0,952215 3,395055
-0,043874 0,321988 3,349361 0,316551 1,574313 3,312562 -0,645721 1,453147 3,110452 -0,040583 0,959124 3,407734
-0,045153 0,326507 3,326920 0,311902 1,564545 3,289803 -0,585334 1,507448 3,198427 -0,044396 0,962388 3,420350
-0,044066 0,317990 3,331635 0,309431 1,561904 3,305217 -0,521081 1,554541 3,244601 -0,044479 0,952215 3,395055
-0,050025 0,323058 3,343021 0,311330 1,561075 3,297514 -0,443043 1,566101 3,271386 -0,044768 0,955870 3,395186
-0,050660 0,319679 3,344493 0,311619 1,559266 3,297047 -0,374040 1,538216 3,272452 -0,037442 0,965426 3,446488
