15 12
-0,082924 0,348627 3,402103 0,265604 1,613227 3,371745 -0,578094 1,474276 3,201471 -0,078096 1,091050 3,408293
-0,079479 0,341454 3,432367 0,273170 1,610603 3,351242 -0,675724 1,296666 3,131983 -0,074183 1,087365 3,395767
-0,072956 0,334412 3,409061 0,279156 1,617928 3,366091 -0,701439 1,059829 3,019863 -0,075445 1,102654 3,473255
-0,080581 0,332354 3,401281 0,267378 1,609193 3,338931 -0,713257 0,661128 3,020093 -0,082834 1,091170 3,446634
-0,077187 0,323253 3,406701 0,278809 1,598627 3,337727 -0,665981 0,420606 3,077367 -0,094331 1,087326 3,458949
-0,078181 0,320581 3,398519 0,275309 1,598152 3,335949 -0,642248 0,394824 3,211297 -0,093789 1,079812 3,432927
-0,075535 0,321420 3,387269 0,269935 1,597680 3,324647 -0,608498 0,425718 3,432857 -0,104665 1,075909 3,419364
-0,086064 0,336367 3,404813 0,268245 1,594105 3,335987 -0,607588 0,431656 3,405797 -0,104339 1,079610 3,419345
-0,084052 0,319478 3,401881 0,264120 1,593614 3,313102 -0,619315 0,441311 3,344896 -0,096683 1,068676 3,394344
-0,091119 0,341978 3,413451 0,275073 1,592287 3,315101 -0,637394 0,566962 3,082862 -0,071073 1,098692 3,434349
-0,087728 0,338610 3,407966 0,279617 1,603452 3,347568 -0,596828 0,903983 2,854139 -0,067156 1,094951 3,421632
-0,088520 0,327808 3,404281 0,277968 1,602771 3,335439 -0,614123 1,092205 2,781366 -0,071073 1,098692 3,434349
-0,090712 0,332751 3,413747 0,264422 1,606251 3,343063 -0,557288 1,527621 3,254750 -0,074596 1,094858 3,421279
-0,095706 0,336466 3,403781 0,268536 1,611934 3,369448 -0,526203 1,561887 3,396398 -0,078978 1,113726 3,460143
-0,097342 0,343227 3,402245 0,267000 1,589740 3,359038 -0,505803 1,550557 3,452326 -0,089640 1,120856 3,446487
