14 12
-0,101269 0,341892 3,387867 0,264561 1,570868 3,339333 -0,588559 1,643160 3,516068 -0,109970 1,072044 3,457664
-0,101321 0,337449 3,382677 0,263049 1,564440 3,348689 -0,621866 1,632860 3,434109 -0,116774 1,057097 3,431055
-0,095733 0,333520 3,380347 0,249830 1,584959 3,328404 -0,696766 1,305476 2,936311 -0,116769 1,049692 3,430939
-0,099328 0,325537 3,382251 0,248007 1,567160 3,313764 -0,741578 0,978118 2,918309 -0,116769 1,049692 3,430939
-0,099467 0,327122 3,386506 0,249828 1,557739 3,307489 -0,732820 0,782829 2,945754 -0,116769 1,049692 3,430939
-0,098791 0,327871 3,397416 0,253574 1,569316 3,320632 -0,695706 0,553483 3,270013 -0,124632 1,060632 3,456521
-0,093918 0,326832 3,380155 0,256757 1,587319 3,344783 -0,611926 0,462313 3,265781 -0,124632 1,060632 3,456521
-0,093125 0,322918 3,393769 0,253654 1,562234 3,329919 -0,595608 0,470278 3,324817 -0,124945 1,056844 3,456387
-0,092026 0,319927 3,387809 0,248574 1,568330 3,333131 -0,610680 0,496088 3,276489 -0,124315 1,064392 3,456568
-0,100482 0,324156 3,391008 0,248306 1,565563 3,327309 -0,643613 0,635155 3,213479 -0,116769 1,049692 3,430939
-0,100127 0,329386 3,393995 0,239512 1,582493 3,335463 -0,647841 0,773483 3,092338 -0,113729 1,064547 3,470453
-0,097175 0,331736 3,398993 0,246989 1,565515 3,335796 -0,637567 1,163118 3,013761 -0,106210 1,064680 3,470952
-0,095952 0,338576 3,395301 0,248869 1,563677 3,334381 -0,613302 1,434748 3,079306 -0,109965 1,064582 3,457542
-0,099909 0,338247 3,396155 0,245462 1,570162 3,319413 -0,567014 1,523533 3,217593 -0,114730 1,083278 3,497099
