15 12
-0,119880 0,359312 3,346450 0,251682 1,625175 3,332565 -0,504615 1,472077 3,122591 -0,055519 1,113185 3,384347
-0,116271 0,374800 3,353287 0,244329 1,617408 3,313584 -0,572021 1,385181 3,123525 -0,066729 1,120233 3,371505
-0,117939 0,374043 3,375474 0,251472 1,634345 3,336418 -0,563883 1,225866 2,887904 -0,059388 1,105695 3,371616
-0,127575 0,372117 3,357861 0,250381 1,617447 3,314725 -0,530539 1,023253 2,865716 -0,059703 1,113268 3,396807
-0,123015 0,369521 3,358071 0,252448 1,614231 3,318165 -0,719525 0,923788 3,056401 -0,066395 1,116586 3,371431
-0,121493 0,367445 3,361991 0,254241 1,619324 3,305829 -0,891880 0,900191 3,087935 -0,063573 1,117054 3,409383
-0,124321 0,366952 3,362893 0,262778 1,621498 3,321180 -0,907633 0,841344 2,966698 -0,060037 1,109550 3,396691
-0,126499 0,365573 3,368906 0,263394 1,630084 3,325199 -0,667990 0,824903 2,790765 -0,059703 1,113268 3,396807
-0,124133 0,356511 3,348968 0,255711 1,609604 3,294558 -0,763181 0,841647 2,934459 -0,062895 1,113106 3,384048
-0,123010 0,366170 3,367417 0,256028 1,591973 3,274534 -0,884522 0,820713 2,756618 -0,066740 1,105612 3,371311
-0,122678 0,353251 3,351639 0,258077 1,597065 3,279730 -0,871778 0,868922 2,787388 -0,060034 1,116909 3,396792
-0,124998 0,358737 3,352417 0,257451 1,600821 3,293401 -0,839530 0,938247 2,805537 -0,070937 1,112971 3,383697
-0,123882 0,365883 3,343058 0,257391 1,614470 3,316437 -0,757043 1,246855 3,100996 -0,059714 1,116621 3,371695
-0,123445 0,366851 3,354710 0,255913 1,635121 3,325907 -0,583663 1,355330 2,962756 -0,056187 1,113134 3,384289
-0,126384 0,358847 3,344254 0,255008 1,632192 3,335117 -0,517773 1,449962 3,093320 -0,071600 1,112810 3,383350
