38 12
-0,031943 0,320333 3,301086 0,303149 1,552044 3,283480 -0,415340 1,516639 3,279865 -0,025968 0,949094 3,383045
-0,027538 0,312168 3,284457 0,303873 1,578685 3,298544 -0,446268 1,481651 3,246207 -0,022024 0,955962 3,395624
-0,025069 0,318668 3,305146 0,307595 1,556667 3,283472 -0,491735 1,401205 3,174256 -0,029711 0,952309 3,395525
-0,023438 0,319260 3,317798 0,311417 1,558145 3,300371 -0,533971 1,306502 3,123626 -0,025954 0,956365 3,383139
-0,016192 0,308539 3,321785 0,310126 1,568444 3,294015 -0,560005 1,192140 3,082516 -0,033330 0,949055 3,382840
-0,021189 0,315228 3,308341 0,308618 1,548801 3,279859 -0,604196 1,077590 3,008849 -0,025968 0,949094 3,383045
-0,021643 0,319558 3,333513 0,312978 1,557243 3,287232 -0,683261 0,962427 3,006786 -0,025399 0,941742 3,382583
-0,013861 0,315261 3,352132 0,316392 1,555483 3,283730 -0,795276 0,905351 3,009723 -0,018659 0,955617 3,408465
-0,021069 0,319182 3,331212 0,327254 1,550282 3,280916 -0,950235 0,866242 2,980229 -0,014970 0,958909 3,421296
-0,014589 0,314905 3,330943 0,332151 1,553701 3,260341 -1,047067 0,833032 3,029168 -0,007267 0,948717 3,395837
-0,015912 0,306940 3,324052 0,347174 1,552859 3,269248 -1,044327 0,822750 3,029812 -0,014970 0,958909 3,421296
-0,016396 0,311645 3,353639 0,348287 1,546464 3,271092 -0,988316 0,821480 3,014049 -0,014970 0,958909 3,421296
-0,019051 0,306600 3,352607 0,350767 1,564087 3,282568 -0,863297 0,810104 2,928869 -0,018659 0,955617 3,408465
-0,020464 0,317802 3,333259 0,347742 1,549057 3,281265 -0,787205 0,841651 2,959288 -0,018659 0,955617 3,408465
-0,025115 0,312378 3,343583 0,343403 1,555939 3,287777 -0,779286 0,868484 3,002857 -0,014654 0,948696 3,395697
-0,027565 0,318154 3,336053 0,333617 1,553629 3,296604 -0,861811 0,861626 3,004628 -0,018659 0,955617 3,408465
-0,028063 0,310419 3,345839 0,326118 1,565252 3,296269 -0,959138 0,865027 2,973495 -0,018374 0,951926 3,408279
-0,025480 0,316226 3,343004 0,325107 1,555881 3,290377 -1,033282 0,863961 3,002561 -0,014970 0,958909 3,421296
-0,033036 0,321522 3,349459 0,324010 1,553624 3,290078 -1,011967 0,847679 3,026050 -0,022325 0,952345 3,395715
-0,034551 0,314054 3,337470 0,335073 1,545369 3,295401 -0,944134 0,825219 2,963014 -0,022339 0,945052 3,395617
-0,035334 0,318733 3,336986 0,334699 1,555483 3,301802 -0,855208 0,814088 2,948106 -0,025767 0,959213 3,408193
-0,039003 0,308213 3,335487 0,332161 1,553049 3,305216 -0,785538 0,823066 2,973199 -0,022311 0,959641 3,395812
-0,045512 0,308815 3,329079 0,329995 1,556980 3,297375 -0,778898 0,823380 2,994927 -0,029711 0,952309 3,395525
-0,046607 0,317414 3,332680 0,323538 1,555021 3,299817 -0,834739 0,826944 2,995411 -0,030009 0,948668 3,395539
-0,039688 0,318508 3,335319 0,329401 1,557157 3,296873 -0,904369 0,819003 2,980981 -0,018659 0,955617 3,408465
-0,032081 0,308652 3,318596 0,326874 1,552659 3,279802 -0,996055 0,830240 2,991917 -0,018659 0,955617 3,408465
-0,035992 0,310992 3,337128 0,331570 1,554396 3,289330 -1,035556 0,832615 2,988786 -0,022403 0,958880 3,421134
-0,037676 0,314289 3,337793 0,336555 1,553586 3,287000 -1,042241 0,853038 3,011766 -0,025968 0,949094 3,383045
-0,036039 0,318007 3,329385 0,330732 1,554849 3,272167 -1,011380 0,891001 2,995544 -0,022311 0,959641 3,395812
-0,033489 0,315418 3,333831 0,330221 1,559081 3,284275 -0,964618 0,972384 3,022446 -0,022311 0,959641 3,395812
-0,033224 0,310326 3,331255 0,325751 1,563367 3,294904 -0,888956 1,056738 3,046410 -0,029287 0,949455 3,370353
-0,035532 0,314833 3,332838 0,327073 1,549273 3,287222 -0,821033 1,152586 3,060007 -0,026243 0,960007 3,383245
-0,035630 0,315885 3,319148 0,321650 1,562157 3,308628 -0,748329 1,250029 3,084258 -0,029272 0,956701 3,370447
-0,028937 0,311773 3,312532 0,311527 1,566143 3,301405 -0,675858 1,338848 3,117477 -0,036914 0,953065 3,370327
-0,041804 0,319841 3,308903 0,308431 1,556611 3,284750 -0,601700 1,398135 3,158038 -0,037071 0,966861 3,395502
-0,044843 0,313407 3,306960 0,310216 1,559408 3,288184 -0,535618 1,446805 3,195910 -0,037071 0,966861 3,395502
-0,045595 0,321011 3,312249 0,310750 1,554930 3,300743 -0,478711 1,481702 3,248781 -0,037071 0,966861 3,395502
-0,050284 0,326821 3,307642 0,309741 1,554021 3,293472 -0,425427 1,515127 3,277309 -0,040667 0,963551 3,382798
