14 12
-0,103079 0,359208 3,399719 0,264674 1,604246 3,353348 -0,547844 1,562370 3,283513 -0,098035 1,117327 3,472231
-0,104897 0,355017 3,407919 0,261449 1,621668 3,404207 -0,512150 1,386491 3,087063 -0,097136 1,098370 3,445681
-0,101967 0,336186 3,401410 0,267681 1,609049 3,375901 -0,442569 1,214146 2,916148 -0,103618 1,086823 3,444010
-0,104882 0,335419 3,413665 0,264604 1,619292 3,382841 -0,383146 0,993557 2,889940 -0,093678 1,087309 3,458735
-0,097354 0,345754 3,379377 0,256060 1,606367 3,358200 -0,703906 1,021225 3,239608 -0,089988 1,094791 3,446225
-0,094211 0,352026 3,406988 0,255634 1,604035 3,371361 -0,843954 0,951410 3,090408 -0,078987 1,098766 3,459907
-0,103248 0,351604 3,410646 0,254810 1,602686 3,366150 -0,718060 0,894707 2,996746 -0,093459 1,090948 3,433036
-0,107118 0,349007 3,403065 0,264302 1,594345 3,347208 -0,650431 0,905559 3,029499 -0,089802 1,083544 3,420374
-0,103253 0,349546 3,389740 0,269967 1,576546 3,312333 -0,787513 0,904486 3,072773 -0,082834 1,091170 3,446634
-0,098894 0,336793 3,396936 0,259335 1,583963 3,296016 -0,873041 0,873629 2,899127 -0,092932 1,068727 3,407151
-0,096266 0,335236 3,386698 0,257816 1,587749 3,333186 -0,793299 0,968417 2,858182 -0,093577 1,068685 3,407186
-0,098020 0,343899 3,415260 0,250837 1,592051 3,369117 -0,753358 1,088373 2,925894 -0,082834 1,091170 3,446634
-0,093549 0,360455 3,390038 0,256126 1,615264 3,385694 -0,669659 1,442158 3,286203 -0,096574 1,090805 3,419835
-0,096245 0,365575 3,415365 0,264983 1,604481 3,391660 -0,493675 1,476222 3,182878 -0,098037 1,109820 3,472109
