17 12
-0,108362 0,368607 3,346615 0,300904 1,610621 3,317591 -0,544153 1,550985 3,229315 -0,047890 1,112993 3,359684
-0,108029 0,350934 3,350745 0,288670 1,611712 3,289261 -0,562198 1,448364 3,079626 -0,047899 1,105707 3,359591
-0,109262 0,367527 3,338878 0,286632 1,619415 3,304043 -0,572291 1,247062 2,936620 -0,040763 1,113318 3,384859
-0,112952 0,368572 3,355699 0,276267 1,620884 3,310939 -0,558796 0,996295 2,883157 -0,045016 1,102136 3,372005
-0,108358 0,359247 3,354077 0,273047 1,611895 3,290030 -0,567511 0,804169 2,848540 -0,048237 1,102052 3,359547
-0,103211 0,355839 3,346439 0,259435 1,618615 3,270046 -0,583970 0,708697 2,856815 -0,047899 1,105707 3,359591
-0,092600 0,364074 3,351553 0,252563 1,598649 3,244372 -0,604248 0,805985 2,852080 -0,044688 1,098525 3,372041
-0,090358 0,367086 3,370543 0,248532 1,601786 3,245223 -0,598301 0,922902 2,828715 -0,041970 1,109764 3,409806
-0,084841 0,355364 3,376057 0,247430 1,608042 3,256049 -0,580066 0,975722 2,787668 -0,038020 1,109984 3,422842
-0,088162 0,367336 3,373638 0,245502 1,593455 3,238374 -0,537660 0,889768 2,834949 -0,049395 1,109706 3,409591
-0,097374 0,373827 3,365250 0,254305 1,614164 3,266577 -0,518812 0,686822 2,862166 -0,041437 1,105926 3,384664
-0,102170 0,371519 3,361759 0,253164 1,607164 3,268543 -0,545695 0,669074 2,898953 -0,055519 1,113185 3,384347
-0,086279 0,368730 3,373832 0,270103 1,630352 3,309908 -0,563867 0,957802 2,929883 -0,048237 1,102052 3,359547
-0,086386 0,351995 3,360070 0,262514 1,632375 3,329234 -0,604745 1,278505 2,936999 -0,070888 1,101718 3,358503
-0,091347 0,369412 3,361868 0,264515 1,629851 3,324780 -0,571165 1,393224 3,033937 -0,045687 1,132566 3,448747
-0,101634 0,360238 3,334299 0,268656 1,626297 3,335822 -0,496395 1,598090 3,363812 -0,051689 1,116746 3,372027
-0,114305 0,355948 3,363104 0,282838 1,620630 3,349823 -0,456013 1,612281 3,379768 -0,062894 1,124432 3,409362
