15 12
-0,143357 0,335877 3,316670 0,182778 1,582295 3,264413 -0,539505 1,685174 3,602166 -0,116140 1,057189 3,431134
-0,128799 0,310786 3,347034 0,171491 1,572564 3,254825 -0,634029 1,394614 3,164275 -0,109012 1,046042 3,457258
-0,098111 0,309442 3,308361 0,155770 1,603305 3,278283 -0,609108 0,813842 2,830796 -0,097487 1,042609 3,444962
-0,085831 0,310856 3,321308 0,143492 1,589712 3,268414 -0,599506 0,529690 2,704678 -0,104978 1,027903 3,418630
-0,073283 0,312378 3,349789 0,143940 1,593507 3,263389 -0,577105 0,077494 3,081254 -0,098161 1,013133 3,418572
-0,073801 0,328130 3,346936 0,152556 1,596856 3,259039 -0,494040 -0,263198 3,027381 -0,080423 1,024011 3,431823
-0,072673 0,326717 3,341617 0,154153 1,595044 3,277214 -0,502226 -0,372077 3,159157 -0,075472 1,013831 3,394382
-0,071813 0,333643 3,344384 0,140242 1,577956 3,251986 -0,514578 -0,447134 3,103669 -0,061340 1,035452 3,446360
-0,063927 0,325482 3,329692 0,145861 1,605958 3,279184 -0,490836 -0,388224 3,054153 -0,050242 1,031696 3,459670
-0,059594 0,330099 3,324375 0,140484 1,589045 3,242738 -0,475238 -0,300625 2,996383 -0,057449 1,024515 3,433434
-0,044015 0,316855 3,375004 0,145161 1,603511 3,259325 -0,481292 -0,007591 3,061092 -0,053551 1,024479 3,446706
-0,045252 0,299096 3,373944 0,154824 1,598157 3,249571 -0,506310 0,414315 2,937109 -0,069428 1,027680 3,445228
-0,057085 0,302363 3,400387 0,160817 1,589385 3,243880 -0,531941 0,655144 2,905966 -0,087456 1,027663 3,458267
-0,089455 0,312463 3,339561 0,174565 1,593489 3,270943 -0,589190 1,237337 3,151361 -0,097003 1,021002 3,393644
-0,130557 0,330619 3,391369 0,189119 1,550423 3,229422 -0,476041 1,395149 3,147962 -0,123484 1,035007 3,404685
