18 12
-0,087824 0,354839 3,337634 0,282438 1,621315 3,337430 -0,714723 1,573877 3,597698 -0,055863 1,102174 3,384212
-0,064595 0,340690 3,357821 0,276602 1,633062 3,350126 -0,848030 1,385272 3,451442 -0,054312 1,076449 3,334121
-0,046957 0,340334 3,396371 0,240408 1,622187 3,275791 -0,925347 0,667139 2,923834 -0,041534 1,095263 3,435461
-0,057986 0,361818 3,412290 0,240151 1,618975 3,260878 -0,783579 0,086495 2,758872 -0,041417 1,099166 3,461469
-0,071497 0,369809 3,407546 0,240630 1,614887 3,269152 -0,739631 -0,108647 2,799654 -0,049264 1,095352 3,461164
-0,088110 0,351431 3,372807 0,251154 1,627518 3,290699 -0,624978 -0,354059 3,227387 -0,041754 1,087936 3,461291
-0,096346 0,350564 3,375158 0,249412 1,613437 3,288370 -0,332603 -0,326577 2,893294 -0,041541 1,087838 3,435352
-0,092709 0,348523 3,380430 0,247690 1,609000 3,289661 -0,338141 -0,371094 3,052591 -0,041435 1,084214 3,461240
-0,085444 0,348263 3,401370 0,248304 1,623285 3,307728 -0,388383 -0,356573 3,014354 -0,038051 1,072980 3,422315
-0,086104 0,356595 3,390445 0,252694 1,587693 3,301642 -0,355864 -0,342021 2,999186 -0,037577 1,087929 3,448399
-0,085096 0,341837 3,394844 0,260175 1,582741 3,288192 -0,382948 -0,331692 3,015994 -0,031379 1,080290 3,447890
-0,087953 0,345325 3,373398 0,269801 1,595072 3,311010 -0,399560 -0,239547 2,962145 -0,030545 1,091810 3,474757
-0,083873 0,355560 3,357264 0,274197 1,601155 3,336151 -0,431886 0,011149 3,019351 -0,015364 1,091629 3,423160
-0,083611 0,346201 3,352956 0,274426 1,595036 3,338434 -0,467482 0,179092 3,076663 -0,019069 1,080493 3,410190
-0,082210 0,354219 3,353569 0,279644 1,603655 3,361100 -0,521420 0,533368 2,932089 -0,022804 1,099003 3,423132
-0,104356 0,357592 3,361912 0,293130 1,608025 3,362164 -0,646048 0,943757 3,035179 -0,030123 1,091441 3,397440
-0,112429 0,364516 3,366795 0,297687 1,594463 3,357606 -0,676990 1,126687 3,062458 -0,044256 1,098692 3,397053
-0,131587 0,373389 3,337503 0,309507 1,604079 3,392887 -0,623712 1,517794 3,397097 -0,055198 1,102169 3,384106
