27 12
-0,051456 0,309331 3,326004 0,331356 1,556090 3,326889 -0,573619 1,637308 3,596589 -0,018019 0,949041 3,382869
-0,034287 0,301840 3,321745 0,330433 1,563744 3,320791 -0,679599 1,585344 3,624716 -0,007284 0,942296 3,370767
-0,014059 0,300312 3,366595 0,332319 1,576564 3,332410 -0,828919 1,145846 3,088118 -0,018284 0,931869 3,358051
-0,003781 0,309991 3,345538 0,332472 1,561874 3,323648 -1,044746 0,812910 3,243972 -0,003373 0,928253 3,358092
-0,001669 0,305827 3,345869 0,332081 1,555872 3,309404 -1,039403 0,555806 3,167973 0,003751 0,938246 3,383321
-0,000941 0,297918 3,345969 0,334727 1,561770 3,303031 -1,027562 0,082116 3,278759 0,011228 0,937347 3,408527
-0,015452 0,312404 3,364697 0,330333 1,568089 3,305411 -0,775237 -0,211385 3,018688 -0,004524 0,928315 3,358386
-0,017943 0,310489 3,354813 0,322246 1,558359 3,306467 -0,637445 -0,277125 2,994236 0,013261 0,922552 3,321689
-0,028692 0,318891 3,345856 0,303586 1,555977 3,278043 -0,441790 -0,326325 3,259681 0,029106 0,956030 3,396260
-0,021061 0,321541 3,341643 0,300078 1,557990 3,276751 -0,419560 -0,404992 3,309084 0,032665 0,952771 3,383656
-0,013974 0,314375 3,322860 0,295673 1,559431 3,277962 -0,496561 -0,406470 3,348098 0,025078 0,946366 3,358788
-0,000447 0,313914 3,347859 0,289960 1,560189 3,266656 -0,559791 -0,391959 3,249708 0,032665 0,952771 3,383656
-0,000275 0,305333 3,347696 0,285267 1,561035 3,276679 -0,440627 -0,358843 3,148079 0,028842 0,942315 3,371097
-0,003290 0,313572 3,345383 0,285583 1,553991 3,268679 -0,458204 -0,369408 3,213518 0,036777 0,952354 3,396171
-0,007492 0,321076 3,339749 0,298111 1,558726 3,280118 -0,531823 -0,382318 3,143686 0,021619 0,958914 3,421579
-0,005763 0,320000 3,331261 0,303061 1,543563 3,277548 -0,504202 -0,365406 3,123658 0,029338 0,955244 3,421583
-0,009655 0,312654 3,336597 0,306323 1,547834 3,277376 -0,491487 -0,368924 3,177147 0,032948 0,949135 3,383620
-0,007963 0,321088 3,350644 0,304551 1,551503 3,276559 -0,544299 -0,349478 3,084473 0,032647 0,945502 3,383566
0,016476 0,313198 3,317561 0,303512 1,568261 3,278188 -0,692180 -0,275878 3,290122 0,032647 0,945502 3,383566
0,024812 0,311992 3,302818 0,300679 1,568708 3,277625 -0,752737 -0,172800 3,277952 0,051717 0,938521 3,370650
0,045978 0,311658 3,350694 0,302702 1,573691 3,273789 -0,803926 0,169416 3,090581 0,036427 0,921551 3,346094
0,062063 0,311223 3,312988 0,302344 1,574657 3,293768 -0,811309 0,607491 3,045710 0,021563 0,925210 3,346259
0,053707 0,317064 3,320463 0,307636 1,588151 3,312979 -0,769671 0,812318 3,028431 0,018322 0,939132 3,358615
0,034108 0,305568 3,272159 0,312635 1,562928 3,311481 -0,680704 1,242987 3,360695 0,011304 0,942695 3,358445
0,004879 0,317825 3,329888 0,319139 1,561810 3,299954 -0,537890 1,370836 3,224850 0,000057 0,942309 3,370877
-0,007703 0,314745 3,321025 0,325312 1,561584 3,310486 -0,486373 1,454808 3,279244 0,003789 0,952782 3,383507
-0,030208 0,313582 3,270468 0,325392 1,550772 3,303965 -0,412832 1,574701 3,456230 -0,003333 0,942683 3,358267
