16 12
-0,074303 0,351715 3,374093 0,268543 1,619705 3,323900 -0,498112 1,461829 3,088807 -0,062938 1,087530 3,408837
-0,076754 0,343522 3,386191 0,275510 1,611131 3,322856 -0,438687 1,279918 2,865142 -0,058103 1,072619 3,395339
-0,088708 0,352710 3,402470 0,284936 1,612989 3,317102 -0,343690 1,124034 2,651939 -0,061968 1,076256 3,407862
-0,086616 0,335049 3,387712 0,272925 1,604602 3,303178 -0,045494 1,097113 3,036813 -0,044893 1,095562 3,500601
-0,086877 0,344391 3,396227 0,271286 1,612167 3,317497 0,165068 0,911141 2,968652 -0,049778 1,118410 3,514502
-0,079943 0,333350 3,384576 0,265976 1,604341 3,303874 0,163133 0,942603 3,049994 -0,049784 1,110821 3,514373
-0,068225 0,343233 3,411621 0,285639 1,614667 3,318546 -0,056006 0,935589 2,640804 -0,041072 1,118655 3,541261
-0,068474 0,356547 3,416373 0,278937 1,619066 3,338621 0,012377 0,831315 2,516769 -0,049111 1,125995 3,514531
-0,073134 0,352618 3,402217 0,277929 1,615710 3,343164 0,105938 0,857708 2,743981 -0,045518 1,118300 3,501244
-0,075596 0,360581 3,406684 0,264728 1,609410 3,288538 0,187562 0,865741 2,925011 -0,052817 1,117927 3,474483
-0,067137 0,334693 3,407318 0,260303 1,609141 3,292971 -0,006890 1,031317 3,089851 -0,037107 1,095472 3,474389
-0,067741 0,331133 3,406403 0,259509 1,603476 3,288052 -0,168607 1,110546 3,048346 -0,036803 1,084149 3,473958
-0,068335 0,345431 3,398973 0,273150 1,602453 3,290567 -0,374437 1,172327 2,793856 -0,054232 1,072528 3,407724
-0,067387 0,338316 3,401452 0,264211 1,603817 3,319468 -0,541294 1,420250 3,069422 -0,063270 1,083861 3,408889
-0,074426 0,336979 3,391078 0,269494 1,625174 3,334775 -0,521472 1,444850 3,102088 -0,060044 1,091323 3,421917
-0,081877 0,344008 3,374091 0,260409 1,610158 3,318046 -0,411322 1,557681 3,398389 -0,063270 1,083861 3,408889
