15 12
-0,118735 0,326989 3,325787 0,222902 1,545416 3,330237 -0,476110 1,397839 3,400382 -0,128439 1,060544 3,469280
-0,118952 0,327815 3,342167 0,210047 1,543258 3,297800 -0,534333 1,303132 3,216956 -0,132591 1,064176 3,482195
-0,113028 0,315421 3,343770 0,208814 1,556247 3,307544 -0,495773 1,092986 3,091740 -0,131334 1,045757 3,429861
-0,114236 0,327670 3,350095 0,215890 1,554359 3,303642 -0,479562 0,931105 2,964621 -0,123804 1,045946 3,404697
-0,115259 0,321760 3,368589 0,218718 1,556560 3,315535 -0,474888 0,620694 2,814957 -0,105323 1,046254 3,393029
-0,092055 0,294065 3,309496 0,227692 1,559723 3,315052 -0,405925 0,384645 2,638297 -0,123956 1,088266 3,438735
-0,078998 0,277397 3,259104 0,235055 1,557752 3,311839 -0,401894 0,315258 2,512100 -0,115977 1,082737 3,495841
-0,082956 0,274478 3,313368 0,238985 1,577962 3,331645 -0,454259 0,324413 2,301272 -0,104058 1,090094 3,456625
-0,078925 0,308195 3,336723 0,237668 1,571151 3,329289 -0,457528 0,372011 2,340142 -0,079916 1,114835 3,466052
-0,074294 0,310468 3,352472 0,233363 1,576298 3,337609 -0,445763 0,426638 2,382997 -0,085999 1,089504 3,442373
-0,063766 0,316242 3,380669 0,226877 1,559008 3,315186 -0,413586 0,683078 2,567959 -0,081518 1,068011 3,457335
-0,058250 0,309565 3,371273 0,232819 1,547464 3,337147 -0,505313 0,995156 2,744664 -0,079020 1,046504 3,459079
-0,066631 0,307552 3,359313 0,234125 1,552068 3,343505 -0,525608 1,136097 2,843645 -0,086030 1,039180 3,432679
-0,080135 0,317120 3,336110 0,224336 1,544411 3,299273 -0,487478 1,385308 3,219006 -0,097801 1,053745 3,445202
-0,091062 0,315815 3,345967 0,217831 1,547563 3,290248 -0,465842 1,423096 3,331228 -0,097801 1,053745 3,445202
