15 12
-0,121210 0,348834 3,379039 0,273777 1,567158 3,339615 -0,571883 1,569692 3,321937 -0,116142 1,072007 3,431363
-0,120689 0,340745 3,389844 0,268755 1,574461 3,342043 -0,662264 1,568099 3,321949 -0,113385 1,068263 3,444376
-0,117016 0,344216 3,384316 0,266421 1,576312 3,346364 -0,709960 1,429507 3,213611 -0,112424 1,072078 3,444434
-0,124041 0,338245 3,386639 0,262686 1,561931 3,325614 -0,755130 0,967342 2,965703 -0,116774 1,057097 3,431055
-0,126704 0,329899 3,406467 0,264029 1,566459 3,335406 -0,725890 0,582965 3,028964 -0,120844 1,053257 3,443623
-0,125630 0,329016 3,389051 0,263259 1,576087 3,330772 -0,701075 0,485456 3,115344 -0,117077 1,045903 3,430715
-0,123734 0,320871 3,397325 0,263732 1,584871 3,355311 -0,659990 0,441726 3,418808 -0,124945 1,056844 3,456387
-0,119316 0,332406 3,411358 0,260070 1,567321 3,346893 -0,635597 0,456071 3,386239 -0,124945 1,056844 3,456387
-0,125888 0,332478 3,410228 0,256607 1,577969 3,353667 -0,642191 0,474993 3,379962 -0,124945 1,056844 3,456387
-0,125823 0,333593 3,413539 0,256666 1,583279 3,332484 -0,671278 0,530300 3,185133 -0,120532 1,057032 3,443760
-0,123068 0,335840 3,412294 0,252656 1,562194 3,343313 -0,657941 0,770580 3,071027 -0,117449 1,049533 3,456797
-0,124109 0,337181 3,416044 0,255525 1,565552 3,349301 -0,658862 0,932531 2,961216 -0,109960 1,057123 3,457421
-0,122744 0,329744 3,414254 0,259124 1,586616 3,369310 -0,615952 1,355427 3,154733 -0,110947 1,068309 3,510525
-0,120712 0,324997 3,416553 0,260584 1,569882 3,362051 -0,578700 1,510237 3,232900 -0,118150 1,064387 3,483264
-0,123127 0,350270 3,424417 0,260965 1,567589 3,358706 -0,550383 1,570807 3,351542 -0,117520 1,071992 3,483471
