17 12
-0,167937 0,344968 3,296367 0,333297 1,297066 3,277658 -0,548410 1,216931 3,103716 -0,159176 1,052736 3,376807
-0,165842 0,349947 3,290646 0,273641 1,202262 3,234150 -0,492060 1,078519 2,983760 -0,161710 1,041824 3,363664
-0,165410 0,333838 3,285557 0,082866 0,935489 2,886533 -0,403410 0,977646 3,035186 -0,155203 1,014215 3,279006
-0,165797 0,348743 3,301270 0,042223 0,812244 2,796752 -0,284789 0,866287 2,775398 -0,144565 1,028535 3,291901
-0,163063 0,336170 3,314310 0,020742 0,760309 2,701539 -0,250225 0,840226 2,669517 -0,136609 1,014831 3,268667
-0,158605 0,356072 3,347963 -0,008561 0,671491 2,476219 -0,305261 0,714471 2,329877 -0,140369 1,107786 3,464535
-0,157453 0,371435 3,333091 0,172935 0,522831 2,230261 -0,416293 0,660190 2,316217 -0,147499 1,201256 3,488615
-0,159368 0,377243 3,322792 0,230491 0,471881 2,291099 -0,502503 0,627490 2,330948 -0,117562 1,152460 3,370665
-0,160366 0,359297 3,313499 0,466444 0,451870 2,555204 -0,638460 0,535987 2,177541 -0,133933 1,060229 3,340935
-0,157460 0,334675 3,306741 0,663551 0,427431 2,446826 -1,058252 0,662992 2,630172 -0,095700 0,981681 3,213109
-0,151650 0,325722 3,283787 0,778453 0,465840 2,542905 -1,153108 0,701336 2,707112 -0,103683 0,971103 3,212739
-0,149084 0,324974 3,287641 0,987069 0,606906 2,858449 -1,213957 0,813708 2,983132 -0,108046 0,987111 3,270523
-0,139324 0,315663 3,241814 0,955907 0,809490 3,277837 -1,116917 0,886091 3,004055 -0,113500 1,028782 3,330691
-0,136073 0,323544 3,241334 0,921481 0,916399 3,376860 -1,054455 0,951033 3,066695 -0,119757 1,025363 3,305866
-0,126742 0,344772 3,254431 0,761042 1,043199 3,233719 -0,986685 1,252527 3,544302 -0,136607 1,028987 3,268827
-0,122555 0,341797 3,264162 0,644536 1,394533 3,574666 -0,752226 1,292293 3,272319 -0,150313 1,053080 3,352492
-0,118229 0,355996 3,272159 0,554652 1,487533 3,600732 -0,669102 1,351510 3,293822 -0,150313 1,053080 3,352492
