33 12
-0,116698 0,358481 3,326643 0,371753 1,598276 3,396054 -0,642344 1,633667 3,464315 -0,115812 1,127686 3,432137
-0,115639 0,361420 3,332701 0,452614 1,559287 3,361902 -0,766163 1,575598 3,468616 -0,122198 1,116064 3,405673
-0,116047 0,346953 3,347377 0,583304 1,476929 3,270107 -0,918626 1,481419 3,416882 -0,115478 1,109079 3,431672
-0,118434 0,346719 3,356250 0,761229 1,360838 3,212070 -1,065748 1,278189 3,269275 -0,110780 1,090422 3,393466
-0,116388 0,330182 3,361900 0,935378 1,161827 3,169974 -1,231053 1,083895 3,260675 -0,122208 1,079208 3,405126
-0,114508 0,324091 3,369143 1,043592 0,896961 3,129264 -1,290558 0,806311 3,221820 -0,130044 1,067919 3,429605
-0,115817 0,330936 3,346240 1,090164 0,631440 3,161038 -1,280939 0,537029 3,146440 -0,118543 1,049722 3,417420
-0,113674 0,333915 3,360593 1,088711 0,412887 3,210155 -1,243498 0,302616 3,046642 -0,118180 1,031620 3,392084
-0,119980 0,327107 3,369039 1,048846 0,238523 3,272022 -1,205676 0,161408 3,117655 -0,107130 1,009619 3,404940
-0,111842 0,325216 3,361176 1,027443 0,099535 3,273631 -1,184467 0,060349 3,170631 -0,115515 0,998029 3,429957
-0,115768 0,318989 3,354682 1,005450 0,021417 3,321861 -1,160745 -0,001014 3,138119 -0,115210 0,986919 3,429529
-0,119802 0,323006 3,344181 0,972465 0,014704 3,293541 -1,165902 -0,006141 3,190078 -0,114492 0,980843 3,379271
-0,115807 0,327582 3,353892 1,012070 0,058841 3,289786 -1,181587 0,048939 3,198863 -0,114491 0,988121 3,379373
-0,120579 0,329510 3,346982 1,028338 0,171941 3,242289 -1,232465 0,161181 3,246206 -0,107758 1,002344 3,405234
-0,125059 0,326607 3,365716 1,045341 0,323461 3,194394 -1,247805 0,302267 3,138465 -0,100937 1,016766 3,431440
-0,124235 0,325575 3,356408 1,039513 0,478729 2,993980 -1,271383 0,467496 3,094506 -0,107435 1,028014 3,405452
-0,123935 0,335865 3,372704 1,083048 0,622985 3,144364 -1,278027 0,590170 3,125597 -0,116137 1,042383 3,430903
-0,125561 0,338907 3,367655 1,057441 0,628473 3,117680 -1,290948 0,615514 3,139654 -0,111779 1,057135 3,443770
-0,128504 0,331175 3,367878 1,085951 0,585161 3,093581 -1,306615 0,566923 3,223594 -0,111772 1,042560 3,418284
-0,132988 0,320273 3,382149 1,111381 0,479321 3,194387 -1,294643 0,432488 3,152497 -0,111788 1,042282 3,443536
-0,135155 0,319180 3,370378 1,098274 0,335515 3,191297 -1,275653 0,306665 3,112124 -0,107443 1,013331 3,405237
-0,137371 0,314626 3,367486 1,066497 0,235168 3,221796 -1,232835 0,204574 3,121094 -0,110826 0,995191 3,392100
-0,136997 0,314007 3,358154 1,041650 0,184231 3,180483 -1,229218 0,152264 3,152734 -0,118567 1,005524 3,416755
-0,136521 0,323484 3,372769 1,011793 0,191723 3,185342 -1,204240 0,168773 3,129822 -0,111154 1,005660 3,417312
-0,139232 0,313662 3,353571 1,028309 0,241342 3,176119 -1,236157 0,238579 3,135948 -0,113838 0,988680 3,354580
-0,137841 0,313413 3,354836 1,033164 0,348330 3,132370 -1,264280 0,368560 3,190859 -0,111460 1,024112 3,417840
-0,132133 0,322677 3,362562 1,041469 0,500584 3,154991 -1,230300 0,526491 3,015490 -0,103439 1,024568 3,393030
-0,130268 0,327766 3,370219 1,024407 0,707990 3,189828 -1,179670 0,734474 3,103397 -0,104020 1,061119 3,418909
-0,135764 0,325436 3,356505 0,968793 0,958079 3,180014 -1,103870 0,952448 3,066360 -0,107416 1,064773 3,405990
-0,129111 0,327938 3,359612 0,867152 1,174209 3,320392 -1,003510 1,197474 3,195289 -0,111764 1,086866 3,418952
-0,134302 0,329610 3,361166 0,719511 1,368365 3,350488 -0,874302 1,391258 3,253044 -0,115815 1,105395 3,431790
-0,134312 0,338022 3,350668 0,462807 1,319017 3,167651 -0,737450 1,494656 3,294827 -0,111422 1,112735 3,419175
-0,137331 0,347456 3,354468 0,438604 1,635435 3,454774 -0,602326 1,590948 3,376235 -0,116161 1,131767 3,457938
