19 12
-0,074706 0,334052 3,431020 0,383129 1,467694 3,222950 -0,528809 1,499543 3,242136 -0,101562 1,053716 3,432060
-0,073063 0,328230 3,440870 0,401683 1,439374 3,139792 -0,523358 1,410191 3,075813 -0,109330 1,057218 3,457520
-0,069988 0,329949 3,457275 0,327429 1,278487 2,892493 -0,513895 1,175563 2,833899 -0,113009 1,020259 3,417769
-0,078860 0,333070 3,481341 0,281656 1,025306 2,829178 -0,364988 0,856276 2,680789 -0,114636 1,038099 3,469484
-0,081974 0,333060 3,500645 0,231840 0,896778 2,775617 -0,317181 0,744976 2,663781 -0,112778 1,059932 3,508446
-0,079624 0,348962 3,487401 0,072809 0,699537 2,577977 -0,215371 0,685712 2,884564 -0,109814 1,146485 3,636788
-0,081793 0,333657 3,504290 -0,076436 0,709747 2,678566 -0,059637 0,618990 2,770353 -0,123916 1,131801 3,559533
-0,076494 0,328057 3,494468 -0,056608 0,721167 2,653816 -0,072123 0,630636 2,801586 -0,112020 1,165476 3,621686
-0,077709 0,330811 3,488729 0,030643 0,733642 2,694120 -0,146037 0,647904 2,681092 -0,112008 1,165003 3,594188
-0,075882 0,333174 3,486827 0,047947 0,738434 2,734548 -0,180844 0,690935 2,737598 -0,099698 1,141819 3,621578
-0,075475 0,323167 3,477818 -0,023997 0,780321 2,822703 -0,104378 0,639892 2,608279 -0,115184 1,149070 3,579364
-0,074382 0,334629 3,480821 -0,040810 0,773187 2,751481 -0,069237 0,667516 2,761715 -0,118346 1,117854 3,564254
-0,070041 0,334226 3,471136 0,030857 0,768443 2,620933 -0,151167 0,770325 2,852994 -0,116609 1,098017 3,534856
-0,074912 0,330522 3,473851 0,077290 0,817553 2,628732 -0,227959 0,840295 2,861881 -0,102111 1,068511 3,484357
-0,073092 0,329119 3,471703 0,262315 1,038548 2,909285 -0,351627 0,976198 2,720465 -0,099294 1,034726 3,470621
-0,076025 0,344418 3,454712 0,344737 1,213688 2,880945 -0,567628 1,285366 2,996070 -0,113371 1,045967 3,444019
-0,078738 0,327857 3,447626 0,394396 1,353979 3,052560 -0,586831 1,357789 3,032426 -0,113409 1,053356 3,470267
-0,081240 0,339878 3,454361 0,430555 1,477019 3,253479 -0,555993 1,527879 3,329757 -0,117837 1,068203 3,483412
-0,082470 0,343117 3,448211 0,404175 1,523739 3,358938 -0,528461 1,520301 3,316489 -0,101245 1,057454 3,432133
