28 12
-0,109272 0,366241 3,382067 0,288124 1,516982 3,252485 -0,503893 1,522296 3,261525 -0,114409 1,079568 3,497122
-0,109625 0,376293 3,388403 0,415732 1,423226 3,209798 -0,635621 1,478681 3,269120 -0,117841 1,075717 3,483541
-0,108355 0,364068 3,399368 0,588668 1,267895 3,145462 -0,808830 1,328520 3,216862 -0,113766 1,079603 3,497030
-0,105799 0,333370 3,371229 0,759769 1,075423 3,108024 -0,981994 1,142899 3,209575 -0,110947 1,068309 3,510525
-0,105095 0,336095 3,387186 0,909485 0,853985 3,128048 -1,118860 0,913090 3,170688 -0,102430 1,049732 3,484115
-0,108058 0,326336 3,368182 0,984263 0,615714 3,171737 -1,183342 0,661500 3,188321 -0,095442 1,049691 3,511174
-0,109685 0,341691 3,374671 1,003732 0,420462 3,213394 -1,187295 0,455260 3,183913 -0,087027 1,038715 3,484778
-0,109638 0,324606 3,375916 1,005609 0,287277 3,229180 -1,215417 0,322168 3,212204 -0,084115 1,027312 3,498053
-0,110188 0,318998 3,368613 1,015762 0,230681 3,272062 -1,226153 0,250401 3,215639 -0,087648 1,016175 3,484421
-0,109398 0,329293 3,374308 1,023166 0,263630 3,338521 -1,211742 0,283909 3,187677 -0,079347 1,012977 3,458591
-0,105331 0,339358 3,369307 1,012376 0,343069 3,245411 -1,201879 0,389777 3,176403 -0,079344 1,020420 3,458710
-0,109346 0,329146 3,373262 1,023094 0,486753 3,247558 -1,228683 0,564315 3,273180 -0,087341 1,027456 3,484645
-0,110716 0,338509 3,382607 1,017819 0,608245 3,237478 -1,202602 0,684674 3,226624 -0,084115 1,034838 3,498182
-0,108335 0,336055 3,380055 1,016413 0,608077 3,201562 -1,200859 0,693399 3,201493 -0,087340 1,034955 3,484769
-0,108437 0,321478 3,387040 1,004895 0,520199 3,209973 -1,184464 0,601700 3,160803 -0,092297 1,034573 3,497433
-0,106124 0,310291 3,391688 0,990232 0,377758 3,196496 -1,160213 0,444372 3,123938 -0,087951 1,019856 3,484357
-0,107099 0,312941 3,377445 0,956116 0,252698 3,208554 -1,159956 0,307198 3,167128 -0,087949 1,012363 3,484231
-0,105156 0,317998 3,375232 0,972231 0,160897 3,252186 -1,144805 0,189239 3,165029 -0,090639 0,998167 3,444746
-0,103359 0,311563 3,361103 0,952925 0,140892 3,223938 -1,134054 0,159019 3,170843 -0,101848 0,990809 3,430989
-0,107627 0,308521 3,366904 0,936284 0,185850 3,188641 -1,127442 0,213217 3,169714 -0,105573 0,990535 3,443723
-0,104121 0,315038 3,364425 0,956268 0,279259 3,179929 -1,123735 0,322253 3,135114 -0,101248 0,990908 3,431111
-0,101233 0,310814 3,354132 0,982204 0,425606 3,172584 -1,119854 0,496376 3,117654 -0,083637 1,012685 3,471413
-0,100080 0,327983 3,354646 0,967434 0,616926 3,169296 -1,101764 0,710388 3,082750 -0,090332 1,024155 3,445182
-0,103532 0,320283 3,357904 0,944666 0,841601 3,184986 -1,085325 0,988501 3,156769 -0,086034 1,031780 3,432568
-0,107890 0,325156 3,361366 0,866029 1,094983 3,247267 -0,952822 1,189716 3,190719 -0,090641 1,050108 3,445557
-0,104236 0,327678 3,356954 0,752301 1,298868 3,280513 -0,812448 1,359349 3,200448 -0,102749 1,068471 3,484417
-0,103730 0,346330 3,363806 0,592698 1,456492 3,317539 -0,675054 1,481223 3,244650 -0,104345 1,057450 3,419013
-0,108521 0,339011 3,361161 0,422066 1,532236 3,294666 -0,558975 1,533222 3,270082 -0,113413 1,075811 3,470639
