32 12
-0,121126 0,336112 3,352650 0,378983 1,493674 3,281139 -0,658688 1,611081 3,410222 -0,100904 1,120534 3,433030
-0,121067 0,320976 3,347631 0,531360 1,526646 3,312810 -0,770470 1,550219 3,383867 -0,113800 1,090240 3,380393
-0,119137 0,329206 3,359888 0,682335 1,406321 3,209125 -0,930018 1,437832 3,337331 -0,113800 1,090240 3,380393
-0,120386 0,315898 3,348922 0,836147 1,229252 3,085572 -1,081273 1,237394 3,215281 -0,118164 1,075594 3,392718
-0,122217 0,313237 3,356873 0,982380 1,001464 3,052039 -1,159216 0,951014 3,052397 -0,121550 1,064354 3,404297
-0,121059 0,312682 3,362979 1,069213 0,768040 3,058065 -1,248475 0,697769 3,045992 -0,122217 1,049778 3,404690
-0,122611 0,312308 3,366747 1,085788 0,528447 2,974595 -1,267737 0,467157 3,041735 -0,113836 1,039078 3,379676
-0,121565 0,309971 3,334532 1,012338 0,340182 3,061819 -1,250085 0,292670 3,092929 -0,098839 1,013740 3,380043
-0,131863 0,309515 3,351851 1,005384 0,223561 3,097764 -1,216375 0,194268 3,103624 -0,105591 0,999534 3,354537
-0,134574 0,313857 3,342353 1,003312 0,158278 3,117269 -1,215717 0,164041 3,150661 -0,113542 1,006196 3,378889
-0,135006 0,309344 3,349123 0,998840 0,155642 3,131232 -1,230298 0,181603 3,138072 -0,114488 1,002685 3,379578
-0,133374 0,313930 3,338166 1,000800 0,194840 3,128497 -1,260410 0,260803 3,173440 -0,117508 1,002832 3,366701
-0,134440 0,307422 3,333933 1,015732 0,280468 3,100796 -1,281210 0,383568 3,152451 -0,114487 1,009971 3,379679
-0,135864 0,320491 3,344707 1,030509 0,418922 3,087873 -1,280424 0,542498 3,151081 -0,114168 1,020887 3,379669
-0,141887 0,317533 3,355253 1,044318 0,550503 3,064110 -1,277027 0,685225 3,106308 -0,110805 1,039081 3,392729
-0,145528 0,319043 3,352397 1,066926 0,630283 3,093256 -1,273146 0,749110 3,094973 -0,111447 1,053604 3,418284
-0,143926 0,319187 3,354040 1,065318 0,601911 3,107134 -1,309640 0,736065 3,182394 -0,107747 1,046405 3,405882
-0,138640 0,309749 3,368095 1,065008 0,490209 3,110847 -1,300455 0,612764 3,123723 -0,117885 1,049539 3,416645
-0,140429 0,311704 3,382078 1,063711 0,337508 3,120949 -1,294935 0,446113 3,076629 -0,121904 1,024019 3,404048
-0,136249 0,308197 3,364443 1,038530 0,195844 3,175603 -1,260321 0,291858 3,148058 -0,117874 1,005974 3,391461
-0,138548 0,310694 3,352489 0,986603 0,088706 3,206782 -1,231008 0,181250 3,227350 -0,113556 0,991635 3,378687
-0,137119 0,302743 3,353935 0,949487 0,032696 3,138134 -1,197933 0,094426 3,163553 -0,117210 0,977401 3,366107
-0,135128 0,312381 3,341403 0,945532 0,032613 3,165478 -1,204780 0,083696 3,181593 -0,128551 0,987781 3,377809
-0,137177 0,314509 3,354478 0,958330 0,082223 3,112707 -1,215352 0,143952 3,174500 -0,129172 0,987842 3,378253
-0,138879 0,315468 3,326255 0,989050 0,187798 3,127051 -1,245593 0,260770 3,178263 -0,128544 1,002338 3,378013
-0,136518 0,316246 3,332340 1,006133 0,339982 3,118378 -1,270459 0,436080 3,133402 -0,120818 1,006612 3,354114
-0,137588 0,319985 3,334924 1,016079 0,540115 3,114912 -1,224643 0,644654 3,082200 -0,117496 1,031895 3,367099
-0,137424 0,321539 3,321783 1,001165 0,776852 3,140704 -1,182481 0,897715 3,139899 -0,118496 1,057282 3,392626
-0,143097 0,319827 3,332083 0,933722 1,077088 3,259945 -1,070321 1,151308 3,199015 -0,122539 1,075552 3,405252
-0,145276 0,342833 3,340955 0,799371 1,320323 3,338696 -0,916765 1,366979 3,265803 -0,122538 1,097654 3,405580
-0,146108 0,351556 3,343848 0,520404 1,349533 3,481655 -0,742761 1,498180 3,285454 -0,141109 1,112081 3,416828
-0,143347 0,340443 3,335850 0,465172 1,606594 3,464581 -0,609251 1,565543 3,368999 -0,151772 1,107983 3,403052
