21 12
-0,127891 0,334423 3,410865 0,212814 1,548972 3,300272 -0,487214 1,548356 3,269252 -0,135146 1,067901 3,442772
-0,125189 0,337548 3,412518 0,212191 1,555014 3,301143 -0,516153 1,484812 3,233386 -0,135146 1,067901 3,442772
-0,114056 0,344757 3,421248 0,216781 1,551708 3,304808 -0,513876 1,382904 3,171854 -0,135464 1,064156 3,442742
-0,104483 0,342949 3,425867 0,228012 1,554540 3,329193 -0,497080 1,240927 3,067943 -0,131026 1,064296 3,430128
-0,094272 0,329702 3,440642 0,219097 1,559892 3,318401 -0,431414 1,084209 3,000395 -0,123670 1,056913 3,456157
-0,089951 0,333027 3,444410 0,218181 1,559826 3,333757 -0,362804 0,885419 2,911169 -0,105300 1,053658 3,418925
-0,077971 0,331741 3,450647 0,215055 1,552812 3,331511 -0,272718 0,704097 2,834113 -0,084583 1,075977 3,471798
-0,078173 0,341532 3,473171 0,214954 1,548913 3,322401 -0,182711 0,534960 2,786800 -0,087149 1,076200 3,459164
-0,073215 0,331909 3,477897 0,219206 1,551722 3,324807 -0,083127 0,386680 2,716344 -0,101259 1,115945 3,468974
-0,076172 0,318845 3,500845 0,214446 1,550455 3,337350 -0,009886 0,276090 2,615821 -0,077214 1,142262 3,533133
-0,072052 0,319383 3,507725 0,217838 1,561735 3,350730 0,049732 0,206313 2,555313 -0,075946 1,136104 3,537106
-0,067058 0,314727 3,513136 0,213683 1,566434 3,352708 0,079319 0,175204 2,513488 -0,093918 1,105285 3,496270
-0,069404 0,312799 3,519287 0,217183 1,571719 3,358028 0,101483 0,166525 2,495066 -0,091746 1,114412 3,477596
-0,056778 0,325723 3,503583 0,222782 1,550955 3,330116 0,101110 0,192336 2,521950 -0,083649 1,137915 3,480540
-0,052905 0,342802 3,514364 0,225951 1,557917 3,325422 0,086382 0,228866 2,581738 -0,079460 1,142678 3,495933
-0,053292 0,320057 3,484846 0,229345 1,556103 3,315681 0,013762 0,380264 2,585386 -0,063966 1,139365 3,497205
-0,046137 0,324706 3,438499 0,230509 1,556405 3,332388 -0,184932 0,643210 2,893027 -0,061993 1,098731 3,473099
-0,048166 0,320190 3,434357 0,226850 1,565468 3,321307 -0,258658 0,801384 2,950585 -0,068889 1,061401 3,472775
-0,060300 0,316038 3,378414 0,229994 1,559868 3,324030 -0,383965 1,049913 2,849504 -0,077813 1,043168 3,407480
-0,073470 0,326751 3,401326 0,226538 1,542026 3,285898 -0,568830 1,368356 3,168288 -0,094652 1,068623 3,458625
-0,086356 0,329259 3,399493 0,223680 1,555838 3,301304 -0,563756 1,435852 3,235035 -0,102194 1,060971 3,431888
