32 12
-0,135888 0,359224 3,365494 0,524378 1,529939 3,340303 -0,753689 1,567537 3,384973 -0,121861 1,104942 3,405244
-0,132984 0,357295 3,369287 0,692439 1,413082 3,252531 -0,915645 1,487901 3,353391 -0,122592 1,097733 3,430667
-0,129122 0,340277 3,366620 0,838775 1,199784 3,125156 -1,101184 1,330016 3,327151 -0,115485 1,086814 3,431327
-0,127582 0,339412 3,377983 1,005109 0,986778 3,097358 -1,235861 1,079962 3,273172 -0,115159 1,075638 3,430895
-0,123884 0,332176 3,357473 1,111644 0,771410 3,183700 -1,270618 0,756849 3,059812 -0,115496 1,057170 3,430870
-0,126858 0,334989 3,359744 1,114138 0,499076 3,192412 -1,315713 0,497798 3,119815 -0,123992 1,045760 3,456163
-0,131421 0,326799 3,360448 1,076325 0,306979 3,167895 -1,268341 0,281514 3,080345 -0,115189 1,023832 3,430098
-0,132550 0,333148 3,342781 1,023804 0,183557 3,224431 -1,230345 0,139677 3,114281 -0,125981 0,998024 3,416055
-0,139427 0,326235 3,350049 1,005202 0,116507 3,249701 -1,195087 0,071023 3,121043 -0,121919 0,994683 3,403615
-0,136928 0,332551 3,323271 1,016133 0,111000 3,304837 -1,200268 0,074582 3,150947 -0,127040 1,001266 3,442009
-0,143239 0,332020 3,330183 1,023565 0,128741 3,289338 -1,228325 0,136214 3,143567 -0,130997 0,997756 3,429085
-0,139612 0,326863 3,326988 1,046960 0,215934 3,162198 -1,265449 0,265222 3,186189 -0,115510 1,012796 3,430184
-0,133096 0,341180 3,329160 1,068719 0,361642 3,245884 -1,287044 0,427829 3,144203 -0,115189 1,023832 3,430098
-0,136904 0,349548 3,355880 1,099567 0,564077 3,260866 -1,262163 0,604854 3,061523 -0,107733 1,046154 3,430982
-0,135439 0,339219 3,349340 1,044007 0,747414 3,112454 -1,243587 0,789671 3,111701 -0,104632 1,061037 3,444608
-0,143592 0,346382 3,359737 1,003112 0,870770 3,189531 -1,234201 0,887124 3,105649 -0,109656 1,083305 3,457939
-0,138374 0,351529 3,342440 0,985543 0,928847 3,126423 -1,228357 0,901415 3,102697 -0,116867 1,102042 3,483702
-0,140775 0,345005 3,350613 0,965716 0,893092 3,093531 -1,251890 0,842570 3,128619 -0,119944 1,094312 3,469850
-0,138313 0,335677 3,347261 0,968862 0,762277 3,037536 -1,249528 0,701221 3,095625 -0,127032 1,068036 3,443069
-0,138332 0,335050 3,348388 0,973298 0,595003 3,001969 -1,292590 0,522821 3,082513 -0,136996 1,049461 3,403485
-0,136628 0,331990 3,334768 0,993989 0,431782 3,053758 -1,260189 0,350414 3,072109 -0,129394 1,045526 3,428447
-0,142166 0,336596 3,316673 0,999988 0,288940 3,083534 -1,235970 0,217646 3,101228 -0,129407 1,030743 3,428219
-0,146442 0,339458 3,331729 1,002409 0,196485 3,147221 -1,221666 0,137154 3,115204 -0,125974 1,012737 3,416277
-0,149447 0,341976 3,341027 0,992505 0,158133 3,103632 -1,205267 0,109194 3,105522 -0,125557 0,994916 3,390986
-0,142502 0,333715 3,311751 1,020350 0,183368 3,168808 -1,248914 0,132434 3,182771 -0,132917 0,994767 3,390383
-0,148364 0,335348 3,332206 1,036732 0,254179 3,168508 -1,273085 0,210585 3,215889 -0,129480 0,991473 3,378404
-0,149666 0,336991 3,323112 1,048795 0,372430 3,172418 -1,277021 0,316957 3,119240 -0,132915 1,016688 3,390701
-0,147114 0,339206 3,313323 1,046804 0,528415 3,132127 -1,282447 0,476814 3,150365 -0,115180 1,038618 3,430325
-0,151150 0,338814 3,321088 1,030096 0,743454 3,207490 -1,241003 0,676008 3,052905 -0,119191 1,049796 3,417859
-0,156405 0,350012 3,324976 1,007341 0,981388 3,228517 -1,202373 0,913246 3,099120 -0,124323 1,086781 3,456933
-0,153251 0,354754 3,321561 0,906625 1,216098 3,341218 -1,092007 1,134467 3,181789 -0,115817 1,083132 3,431446
-0,149347 0,361336 3,338108 0,766253 1,429993 3,444430 -0,957389 1,336424 3,244722 -0,130708 1,105080 3,430658
