18 12
-0,046334 0,317073 3,379282 0,312950 1,598406 3,269505 -0,454969 1,499434 3,159268 -0,019146 0,935491 3,358245
-0,032016 0,314902 3,361732 0,310540 1,592643 3,259358 -0,351437 1,319229 2,827617 -0,004027 0,915979 3,309609
-0,028767 0,301611 3,380366 0,308303 1,593076 3,257179 -0,314897 1,183767 2,680026 0,003374 0,899315 3,285581
-0,030179 0,308212 3,377604 0,307464 1,577619 3,249249 -0,313949 0,885515 2,504168 0,019625 0,906211 3,356567
-0,028931 0,314273 3,383516 0,308417 1,582125 3,258880 -0,207315 0,561870 2,335448 -0,000274 0,986693 3,403037
-0,031826 0,306084 3,395751 0,307272 1,567795 3,242500 -0,194803 0,460472 2,320205 0,014155 0,964307 3,305295
-0,034840 0,300191 3,389746 0,313887 1,595983 3,288492 -0,169917 0,338997 2,351228 0,022807 0,957301 3,332197
-0,028795 0,290945 3,379095 0,312663 1,580968 3,273364 -0,148982 0,303361 2,360990 0,020653 0,960309 3,370860
-0,027821 0,297332 3,377508 0,315193 1,574571 3,286482 -0,156058 0,311286 2,372339 0,024435 0,963561 3,383334
-0,033665 0,295405 3,407779 0,315758 1,583876 3,283065 -0,160348 0,361689 2,359162 0,027157 0,953618 3,345346
-0,027048 0,311383 3,383232 0,320306 1,574868 3,268845 -0,216736 0,502110 2,494301 0,007579 0,940561 3,421243
-0,021764 0,311272 3,376860 0,315721 1,593521 3,273467 -0,249596 0,603082 2,546326 0,028320 0,915452 3,321812
-0,022733 0,305607 3,383856 0,309114 1,592895 3,263363 -0,264721 0,820279 2,646963 0,018401 0,922044 3,333763
-0,024540 0,308166 3,378738 0,300677 1,591321 3,260494 -0,401590 1,114478 2,909821 -0,007567 0,945100 3,395911
-0,033085 0,307538 3,377511 0,305197 1,588127 3,281198 -0,447767 1,223693 3,004651 -0,018374 0,951926 3,408279
-0,049461 0,304046 3,357822 0,313192 1,597760 3,290884 -0,448074 1,420952 3,232719 -0,010957 0,945486 3,383193
-0,060772 0,303740 3,373149 0,315846 1,588737 3,278597 -0,446276 1,503451 3,355835 -0,029849 0,951499 3,420838
-0,069361 0,309362 3,364860 0,313417 1,597336 3,293560 -0,424412 1,529230 3,431332 -0,026082 0,948265 3,408188
