13 12
-0,096737 0,337432 3,315120 0,269048 1,203874 3,056764 -0,520987 1,371598 3,302100 -0,108066 1,057432 3,406122
-0,097174 0,326804 3,323305 0,298415 1,177327 3,076482 -0,473560 1,160826 3,165144 -0,114800 1,035491 3,380123
-0,093022 0,317481 3,308194 0,176265 1,090646 3,159027 -0,242054 0,923417 2,796421 -0,088768 1,000466 3,319477
-0,095289 0,319563 3,327992 0,147969 0,955278 2,915144 -0,189346 0,871070 2,742234 -0,085069 1,000364 3,331983
-0,090014 0,328175 3,349164 0,006930 0,654654 2,483336 -0,218727 0,701347 2,454108 -0,112429 1,074190 3,425748
-0,092066 0,367285 3,352782 0,137446 0,480013 2,202089 -0,412311 0,658201 2,626957 -0,099970 1,178020 3,499487
-0,093209 0,344983 3,362857 0,177650 0,445346 2,201840 -0,543808 0,607661 2,561467 -0,092496 1,118265 3,388882
-0,103011 0,339347 3,358004 0,427187 0,519171 2,518150 -0,703185 0,548252 2,334316 -0,100222 1,021541 3,331019
-0,109767 0,305102 3,371319 0,529634 0,645198 2,480900 -0,994469 0,775820 2,664985 -0,084768 0,975271 3,331783
-0,115751 0,315139 3,372614 0,628664 0,778349 2,709709 -0,995719 0,842128 2,692143 -0,106868 0,986037 3,305981
-0,126983 0,326971 3,333906 0,736564 1,020393 2,984869 -0,977399 1,180894 3,219019 -0,102510 1,043030 3,368053
-0,129278 0,345814 3,335775 0,613991 1,480148 3,706714 -0,704061 1,211769 2,942708 -0,118776 1,053652 3,367589
-0,132255 0,349243 3,323622 0,527155 1,563450 3,861957 -0,616745 1,282648 3,012509 -0,119143 1,064580 3,392832
