22 12
-0,077591 0,340692 3,333489 0,260915 1,613862 3,297361 -0,491703 1,567097 3,347509 -0,069945 1,102000 3,383456
-0,072139 0,345828 3,346889 0,248369 1,625024 3,305532 -0,474387 1,554151 3,194656 -0,062238 1,094619 3,358787
-0,068567 0,350111 3,355987 0,236718 1,632653 3,304913 -0,441462 1,451064 2,986501 -0,061569 1,094503 3,358348
-0,072867 0,341446 3,357577 0,239329 1,608578 3,256554 -0,393333 1,305150 2,801837 -0,053020 1,061582 3,332494
-0,070571 0,339016 3,364310 0,229733 1,620607 3,294617 -0,353601 1,064867 2,597023 -0,046439 1,090867 3,407806
-0,071068 0,349499 3,374115 0,234013 1,618510 3,275219 -0,296557 0,864721 2,488569 -0,040846 1,117559 3,435717
-0,080447 0,363836 3,385349 0,239703 1,612487 3,271232 -0,264646 0,648233 2,428328 -0,058317 1,131825 3,421582
-0,083489 0,361299 3,360190 0,242416 1,624683 3,301619 -0,239280 0,472459 2,411882 -0,051249 1,184575 3,460747
-0,085049 0,345390 3,375593 0,243233 1,623937 3,294578 -0,222253 0,347960 2,412643 -0,049207 1,162775 3,462207
-0,092022 0,336893 3,371994 0,243838 1,610736 3,299284 -0,203956 0,271836 2,407314 -0,061491 1,138219 3,358911
-0,095553 0,331060 3,393278 0,252452 1,624196 3,323380 -0,199951 0,248074 2,431841 -0,044981 1,146032 3,372571
-0,092081 0,334931 3,374709 0,246905 1,623614 3,325289 -0,195923 0,261826 2,431588 -0,055443 1,146693 3,409987
-0,090153 0,335609 3,388226 0,252792 1,618723 3,323721 -0,196324 0,300008 2,439452 -0,037131 1,139258 3,397911
-0,086889 0,345189 3,381556 0,254283 1,613364 3,316625 -0,200465 0,360241 2,443904 -0,049375 1,154059 3,410213
-0,081204 0,356062 3,388781 0,251586 1,609474 3,295091 -0,230535 0,449489 2,487962 -0,065938 1,179031 3,408103
-0,080028 0,355177 3,373275 0,246238 1,614900 3,301478 -0,273425 0,573340 2,526285 -0,061682 1,158276 3,447911
-0,074702 0,355843 3,389238 0,251465 1,597766 3,277893 -0,315563 0,716545 2,565646 -0,056045 1,144371 3,487674
-0,069982 0,337651 3,378834 0,251874 1,607023 3,280613 -0,363084 0,904111 2,632831 -0,075408 1,065341 3,308467
-0,070906 0,328887 3,364946 0,256701 1,613377 3,299669 -0,421539 1,097302 2,745845 -0,057406 1,087020 3,394601
-0,071922 0,347183 3,364598 0,254325 1,603879 3,294316 -0,485973 1,254235 2,871310 -0,064766 1,083352 3,369659
-0,079619 0,341843 3,367681 0,259450 1,617760 3,314240 -0,517359 1,400508 3,056379 -0,065740 1,101905 3,370946
-0,087451 0,352451 3,354252 0,262972 1,613684 3,330235 -0,527838 1,534178 3,218804 -0,069936 1,109331 3,383557
