34 12
-0,069680 0,334731 3,294037 0,308713 1,569286 3,270792 -0,468148 1,584235 3,322326 -0,055084 0,967035 3,382116
-0,060904 0,333465 3,319805 0,305515 1,567251 3,268954 -0,496595 1,568789 3,238021 -0,055389 0,963432 3,382245
-0,056557 0,332735 3,300649 0,306373 1,572334 3,266922 -0,512288 1,551987 3,139202 -0,055682 0,967079 3,382387
-0,056473 0,324286 3,328294 0,308617 1,584916 3,276884 -0,526074 1,498468 3,014300 -0,051578 0,960203 3,369899
-0,061618 0,329198 3,306250 0,310831 1,575098 3,279903 -0,531307 1,431441 2,906494 -0,047792 0,956993 3,357629
-0,052773 0,321044 3,316281 0,306087 1,565047 3,274210 -0,528137 1,337706 2,767585 -0,044241 0,960262 3,370174
-0,058509 0,325971 3,307360 0,305668 1,561069 3,261527 -0,529274 1,229876 2,634708 -0,044330 0,950211 3,345468
-0,065952 0,336570 3,305717 0,305928 1,563510 3,270516 -0,523060 1,126832 2,547635 -0,040288 0,950633 3,333314
-0,066521 0,339811 3,318588 0,307266 1,561870 3,279078 -0,522485 1,018987 2,474622 -0,043738 0,950173 3,345233
-0,067846 0,322877 3,292340 0,307137 1,567932 3,279643 -0,519759 0,919149 2,415195 -0,036460 0,943029 3,345397
-0,069750 0,314100 3,309678 0,303665 1,559550 3,272944 -0,515200 0,838941 2,388723 -0,036011 0,933107 3,320734
-0,077912 0,328656 3,301568 0,305263 1,558642 3,271380 -0,505718 0,776840 2,365165 -0,025076 0,937185 3,309072
-0,074995 0,312969 3,288077 0,305634 1,552979 3,273886 -0,504352 0,719226 2,372354 -0,018786 0,939996 3,333836
-0,068042 0,319057 3,294678 0,299085 1,548939 3,266899 -0,494900 0,671697 2,400589 -0,021857 0,950304 3,345903
-0,064490 0,324920 3,309290 0,293980 1,562026 3,265367 -0,488630 0,620149 2,462437 -0,036902 0,960313 3,370420
-0,061046 0,326049 3,323889 0,289191 1,551511 3,249074 -0,478824 0,579385 2,565141 -0,022943 0,958232 3,321706
-0,059336 0,328416 3,288032 0,285335 1,552824 3,244558 -0,473332 0,563907 2,698204 -0,019291 0,955055 3,309687
-0,053558 0,337278 3,312877 0,279482 1,557926 3,229157 -0,477738 0,571651 2,847354 -0,015633 0,945620 3,273965
-0,049190 0,334761 3,297900 0,276656 1,554776 3,228280 -0,480856 0,592184 2,974954 -0,037144 0,961776 3,321488
-0,048874 0,329433 3,315684 0,270266 1,550461 3,210535 -0,489481 0,603228 3,075467 -0,040978 0,954942 3,309169
-0,055333 0,328027 3,333449 0,268881 1,540593 3,201678 -0,495001 0,613204 3,144156 -0,044403 0,954572 3,321182
-0,060469 0,332377 3,320935 0,265844 1,542680 3,195111 -0,503709 0,620306 3,189748 -0,055712 0,954056 3,332845
-0,055627 0,322824 3,316662 0,269649 1,553785 3,205824 -0,510432 0,630880 3,209438 -0,055692 0,964148 3,357534
-0,059058 0,324030 3,310189 0,265279 1,556006 3,192163 -0,513783 0,655897 3,233223 -0,048075 0,967840 3,357848
-0,061530 0,327354 3,316472 0,262249 1,552612 3,208569 -0,516994 0,711088 3,221494 -0,045043 0,974102 3,395432
-0,065624 0,318507 3,315928 0,258361 1,546534 3,200655 -0,534049 0,793641 3,227387 -0,048321 0,967141 3,382670
-0,060684 0,319732 3,309937 0,259858 1,548400 3,200692 -0,549506 0,898714 3,221524 -0,052134 0,970408 3,395116
-0,060719 0,323922 3,318667 0,261048 1,558652 3,207174 -0,561229 1,034343 3,260469 -0,052096 0,980738 3,420502
-0,063600 0,328317 3,315198 0,263891 1,561248 3,211864 -0,563537 1,181441 3,281427 -0,040754 0,980480 3,433540
-0,062588 0,332466 3,320018 0,263590 1,570216 3,230348 -0,556280 1,320100 3,325296 -0,040754 0,980480 3,433540
-0,056974 0,330859 3,314772 0,262221 1,576682 3,223264 -0,528023 1,429109 3,354449 -0,041048 0,984206 3,433760
-0,055326 0,322449 3,334528 0,262078 1,575656 3,238473 -0,496691 1,497793 3,387764 -0,044371 0,977087 3,420561
-0,061014 0,328464 3,314394 0,264997 1,560592 3,216609 -0,463298 1,548214 3,391291 -0,044676 0,973446 3,420678
-0,068949 0,332357 3,327985 0,272080 1,568221 3,227004 -0,419921 1,569943 3,374641 -0,044371 0,977087 3,420561
