16 12
-0,061361 0,318974 3,349770 0,197166 1,611482 3,293624 -0,487395 1,529770 3,450801 -0,094110 1,046428 3,432391
-0,054538 0,321068 3,361623 0,198349 1,613837 3,295747 -0,542566 1,412585 3,160799 -0,090128 1,042883 3,419739
-0,046947 0,318581 3,374184 0,199165 1,617584 3,275892 -0,601486 1,296275 3,068709 -0,079201 1,046636 3,433193
-0,045782 0,309367 3,377802 0,195449 1,609586 3,269270 -0,627062 1,092783 2,874459 -0,078765 1,032108 3,407442
-0,044135 0,315199 3,387990 0,197630 1,598995 3,260413 -0,669033 0,634133 2,555637 -0,083008 1,024485 3,419741
-0,054109 0,337559 3,394043 0,205347 1,606894 3,259405 -0,679370 0,334745 2,544708 -0,086969 1,042770 3,432631
-0,056439 0,337105 3,404209 0,201652 1,628636 3,294070 -0,685871 0,240699 2,534301 -0,088884 1,053245 3,484012
-0,058161 0,340244 3,391872 0,213109 1,627191 3,302438 -0,691870 0,153249 2,531412 -0,077904 1,060923 3,525099
-0,055770 0,341628 3,379508 0,199046 1,611609 3,294426 -0,689863 0,184579 2,534078 -0,058675 1,049807 3,458442
-0,052455 0,342047 3,363688 0,197506 1,621703 3,292389 -0,687645 0,233209 2,525185 -0,050357 1,039334 3,407614
-0,043168 0,333293 3,381965 0,201532 1,619542 3,287354 -0,662349 0,414627 2,648129 -0,061325 1,031897 3,420282
-0,033343 0,319005 3,364022 0,195340 1,607819 3,292305 -0,633429 0,686862 2,657080 -0,071589 1,017718 3,382052
-0,030942 0,313736 3,361784 0,199652 1,617204 3,300014 -0,630421 0,857797 2,746157 -0,075167 1,017581 3,394648
-0,047116 0,325730 3,337965 0,196425 1,612867 3,292951 -0,588560 1,224616 3,093249 -0,078455 1,028472 3,407433
-0,055303 0,332672 3,363856 0,203487 1,608185 3,292684 -0,552190 1,362825 3,179268 -0,097801 1,061178 3,445319
-0,062061 0,327768 3,341889 0,198272 1,603207 3,290238 -0,518349 1,437061 3,311267 -0,094965 1,057367 3,458334
