15 12
-0,128320 0,330310 3,407691 0,240299 1,546842 3,351103 -0,533476 1,489112 2,981135 -0,120929 1,068180 3,469976
-0,137896 0,334119 3,400298 0,236119 1,531938 3,324371 -0,516589 1,336294 2,796769 -0,120213 1,053349 3,443692
-0,148446 0,320173 3,381590 0,235865 1,526934 3,330554 -0,542701 0,988929 2,591656 -0,122856 1,027753 3,404637
-0,157605 0,352152 3,403178 0,232249 1,535743 3,328028 -0,519202 0,848850 2,501076 -0,100093 1,043050 3,381203
-0,162106 0,330923 3,392486 0,235845 1,531631 3,343700 -0,509649 0,786501 2,449725 -0,097319 1,046576 3,393908
-0,159552 0,339088 3,407874 0,225775 1,528918 3,311113 -0,487363 0,687640 2,576483 -0,097937 1,039043 3,393348
-0,143639 0,323255 3,378216 0,230341 1,522534 3,325751 -0,525504 0,706963 2,803095 -0,116769 1,049692 3,430939
-0,138235 0,326899 3,374035 0,229155 1,517062 3,312341 -0,527696 0,728327 2,919391 -0,123789 1,031248 3,404474
-0,151008 0,321021 3,349971 0,225329 1,536613 3,334175 -0,507414 0,841330 3,162394 -0,121558 1,060603 3,469782
-0,168159 0,331566 3,369604 0,222502 1,536259 3,324309 -0,576534 0,973937 3,328679 -0,132906 1,060392 3,482155
-0,169372 0,323972 3,352281 0,221804 1,531298 3,315101 -0,598234 1,049271 3,369117 -0,133217 1,056580 3,482027
-0,174858 0,335620 3,350853 0,206063 1,526373 3,275694 -0,600951 1,236210 3,449568 -0,128754 1,056773 3,469237
-0,168913 0,334625 3,337451 0,203401 1,530882 3,270681 -0,552492 1,413827 3,417131 -0,137413 1,075280 3,495296
-0,164666 0,343273 3,345113 0,203143 1,533058 3,273327 -0,528171 1,497363 3,435307 -0,139611 1,067772 3,455469
-0,161520 0,352462 3,364854 0,218131 1,547141 3,291857 -0,497994 1,597407 3,448082 -0,143790 1,078896 3,468401
