16 12
-0,146501 0,343022 3,354289 0,332065 1,415572 3,284314 -0,529747 1,356921 3,285711 -0,140598 1,042158 3,390646
-0,145444 0,338535 3,347318 0,341885 1,381443 3,289609 -0,495514 1,222400 3,131088 -0,137320 1,045812 3,403628
-0,146164 0,323538 3,372216 0,185986 1,111276 2,977239 -0,432314 1,067323 3,162338 -0,134943 1,016238 3,416262
-0,141397 0,323478 3,395165 0,094238 0,960700 2,986088 -0,307615 0,898550 2,957453 -0,119058 1,013560 3,366876
-0,145128 0,329831 3,402069 0,050617 0,879838 2,903642 -0,277615 0,861786 2,892493 -0,119373 1,024350 3,366791
-0,144269 0,327721 3,409998 -0,000111 0,751408 2,676312 -0,286891 0,780490 2,680259 -0,106803 1,050214 3,380599
-0,137548 0,348232 3,412829 0,077558 0,645323 2,370515 -0,292509 0,714110 2,462177 -0,140331 1,134884 3,456399
-0,136776 0,366711 3,411151 0,119119 0,618131 2,307838 -0,355921 0,694988 2,423525 -0,140693 1,158673 3,509705
-0,140308 0,359489 3,403822 0,272944 0,595524 2,476327 -0,493030 0,609419 2,268301 -0,147363 1,204079 3,522753
-0,135463 0,356833 3,367272 0,396556 0,531577 2,374167 -0,740059 0,652692 2,530275 -0,109780 1,079168 3,392319
-0,136618 0,332953 3,357335 0,468485 0,549969 2,415646 -0,857110 0,674467 2,599648 -0,106203 1,028610 3,355466
-0,139621 0,325162 3,330288 0,763811 0,705793 2,785355 -0,954875 0,756508 2,678899 -0,105341 0,997043 3,306541
-0,142823 0,317686 3,323422 0,850195 0,885023 2,995867 -1,093250 0,936216 2,915319 -0,113811 1,003564 3,330370
-0,147378 0,323211 3,322140 0,875517 1,028043 3,244521 -1,053688 1,005836 2,963965 -0,107154 1,024963 3,355635
-0,145052 0,322251 3,308719 0,680948 1,117751 3,123775 -0,989947 1,330120 3,524091 -0,124033 1,025129 3,317729
-0,147029 0,334480 3,306818 0,514483 1,431214 3,616543 -0,686037 1,306156 3,229530 -0,137646 1,056837 3,403910
