26 12
-0,051712 -0,222175 3,082870 0,349921 1,329614 3,072590 -0,495119 1,333949 3,003300 0,008231 0,548739 3,103885
-0,052572 -0,224286 3,085840 0,355918 1,335522 3,080172 -0,534914 1,294100 2,889389 0,004654 0,537162 3,072289
-0,051877 -0,227184 3,085661 0,350934 1,335725 3,074987 -0,541906 1,210516 2,722050 0,015399 0,542156 3,103822
-0,053868 -0,223652 3,092435 0,354801 1,347944 3,077765 -0,510870 1,069702 2,542072 0,005228 0,543847 3,114355
-0,051179 -0,227999 3,091046 0,353760 1,347486 3,084340 -0,414853 0,891937 2,392930 0,008901 0,528963 3,103340
-0,054409 -0,227982 3,091558 0,345021 1,358555 3,080276 -0,292539 0,709430 2,303413 0,010724 0,488452 3,095586
-0,061891 -0,227833 3,097965 0,338636 1,332132 3,059207 -0,161900 0,570511 2,318292 0,002255 0,525642 3,102944
-0,064063 -0,228650 3,085216 0,335639 1,325739 3,050049 -0,079671 0,472191 2,390970 0,015540 0,538916 3,125133
-0,065665 -0,218957 3,083184 0,332418 1,342064 3,051677 -0,060425 0,402631 2,447493 0,018529 0,543836 3,114566
-0,061896 -0,216411 3,072126 0,331077 1,333712 3,051839 -0,111404 0,368003 2,464794 0,022267 0,555621 3,146942
-0,056751 -0,205946 3,084810 0,325708 1,323916 3,039109 -0,223473 0,367149 2,444713 0,021869 0,548822 3,125242
-0,048834 -0,214807 3,080121 0,325436 1,326325 3,028599 -0,384406 0,406767 2,416344 0,015030 0,542154 3,103907
-0,045957 -0,215853 3,074774 0,331237 1,333592 3,055250 -0,532078 0,464350 2,443783 0,015030 0,542154 3,103907
-0,042854 -0,210976 3,078725 0,336323 1,314112 3,047122 -0,616003 0,494469 2,435977 0,011836 0,547244 3,136006
-0,040190 -0,210153 3,073625 0,346190 1,311537 3,056713 -0,601432 0,472613 2,414009 0,008337 0,545538 3,125200
-0,050448 -0,213315 3,071733 0,362145 1,324538 3,080242 -0,567889 0,478022 2,428993 0,004858 0,543842 3,114456
-0,053698 -0,212488 3,060978 0,365611 1,325083 3,096835 -0,541033 0,494245 2,427851 0,001575 0,538874 3,103737
-0,059876 -0,215373 3,064065 0,372807 1,325319 3,097321 -0,527167 0,538607 2,433140 0,008686 0,538920 3,125067
-0,060840 -0,221090 3,057750 0,377547 1,336453 3,133055 -0,530029 0,615750 2,431617 0,001728 0,529004 3,103603
-0,062400 -0,214172 3,061379 0,377802 1,333683 3,119239 -0,539061 0,726902 2,464831 0,001575 0,538874 3,103737
-0,060449 -0,214470 3,050620 0,370415 1,348624 3,110582 -0,551161 0,865526 2,494111 -0,005195 0,542231 3,124971
-0,056057 -0,213229 3,054322 0,369200 1,333143 3,109176 -0,547327 1,012540 2,578796 0,001659 0,542235 3,125082
-0,053035 -0,214244 3,056269 0,369260 1,341278 3,102451 -0,529820 1,153592 2,706326 0,005138 0,543932 3,135901
-0,050971 -0,215885 3,054389 0,368277 1,334461 3,086969 -0,499119 1,251999 2,845138 0,008707 0,545542 3,125103
-0,052009 -0,215552 3,061988 0,373177 1,339322 3,109163 -0,461139 1,301999 2,960756 0,008513 0,542235 3,125167
-0,053843 -0,223750 3,059376 0,376406 1,326575 3,108584 -0,410166 1,314739 3,029193 -0,002041 0,540478 3,093148
