39 12
-0,056343 -0,223279 3,006907 0,319163 1,332160 2,998374 -0,485831 1,321923 3,001184 -0,015438 0,543752 3,092874
-0,055601 -0,222767 3,012205 0,325143 1,330524 2,993677 -0,511957 1,288762 2,935151 -0,012410 0,545408 3,103518
-0,053522 -0,224993 3,004504 0,317456 1,329752 2,991197 -0,540479 1,239203 2,849465 -0,012410 0,545408 3,103518
-0,049976 -0,221801 2,999812 0,318672 1,331201 2,984492 -0,572696 1,158325 2,755805 -0,005461 0,538810 3,082585
-0,051707 -0,220264 2,996919 0,316050 1,337958 2,989016 -0,605903 1,063872 2,667461 -0,005371 0,545532 3,125015
-0,046726 -0,219906 2,998321 0,319869 1,346867 3,001160 -0,640482 0,945934 2,582933 -0,012231 0,542140 3,103537
-0,046773 -0,210317 2,999577 0,317315 1,342082 3,001713 -0,673269 0,797716 2,520950 -0,008686 0,533903 3,072040
-0,042862 -0,213106 2,997967 0,315575 1,350450 3,001544 -0,693634 0,642430 2,490804 -0,012038 0,545443 3,103525
-0,045551 -0,214129 2,983955 0,315787 1,345326 3,001455 -0,692660 0,499190 2,492139 -0,008811 0,543831 3,114246
-0,042661 -0,212935 2,979222 0,315434 1,341317 3,005044 -0,688485 0,396031 2,463138 -0,005371 0,545532 3,125015
-0,040964 -0,212515 2,977402 0,315239 1,345787 2,998275 -0,701041 0,329671 2,465240 -0,008836 0,540470 3,093031
-0,034115 -0,215975 2,981393 0,316887 1,341329 3,010181 -0,700984 0,288099 2,475852 -0,005461 0,538810 3,082585
-0,034796 -0,209556 2,983485 0,313449 1,347506 3,011493 -0,700179 0,268254 2,461574 -0,005461 0,538810 3,082585
-0,030338 -0,210612 2,982490 0,310507 1,349529 3,012564 -0,690865 0,284804 2,454195 -0,005639 0,542058 3,082559
-0,024472 -0,207072 2,971651 0,313964 1,351301 3,016383 -0,689065 0,324614 2,466904 -0,019258 0,548797 3,124716
-0,021987 -0,208974 2,970056 0,314280 1,348348 3,031085 -0,681411 0,380884 2,440694 0,001221 0,545425 3,103744
-0,019706 -0,211111 2,981618 0,314960 1,358785 3,021213 -0,671187 0,463276 2,451770 -0,002041 0,540478 3,093148
-0,011690 -0,208344 2,981003 0,309646 1,349576 3,026537 -0,657746 0,538634 2,403156 0,001221 0,545425 3,103744
-0,010404 -0,207920 2,981986 0,309923 1,354027 3,020897 -0,659252 0,637434 2,428801 0,004592 0,550305 3,093240
-0,005965 -0,211894 2,979573 0,307873 1,353623 3,023011 -0,640880 0,704131 2,428111 0,007736 0,545306 3,082635
-0,006942 -0,211472 2,986777 0,312882 1,356065 3,028037 -0,646778 0,759284 2,459159 0,004772 0,547043 3,093271
-0,005737 -0,207384 2,973945 0,310885 1,359072 3,025482 -0,640608 0,771998 2,472774 0,004398 0,546990 3,093112
-0,003109 -0,209307 2,968292 0,312456 1,342849 3,025934 -0,621337 0,762908 2,462600 0,011516 0,547123 3,114487
-0,008622 -0,215401 2,979382 0,315283 1,355685 3,035005 -0,625174 0,740170 2,462116 0,004772 0,547043 3,093271
-0,008822 -0,212511 2,979236 0,314031 1,348798 3,021646 -0,622716 0,712013 2,447393 0,008037 0,545427 3,103818
-0,011723 -0,212705 2,965949 0,317626 1,354651 3,034052 -0,628206 0,689244 2,448027 0,004578 0,543741 3,093209
-0,013340 -0,213917 2,978166 0,318947 1,342829 3,020650 -0,630050 0,681162 2,457471 0,011625 0,546952 3,072384
-0,014559 -0,211529 2,988265 0,315857 1,345447 3,018419 -0,644490 0,698314 2,454004 -0,008542 0,557547 3,179508
-0,016798 -0,214765 2,987030 0,322185 1,356995 3,027313 -0,654696 0,732384 2,462370 0,008093 0,538816 3,082769
-0,012495 -0,217547 2,988844 0,319845 1,350903 3,011244 -0,649446 0,780691 2,472498 0,011412 0,537161 3,072356
-0,014385 -0,216409 2,986829 0,320629 1,354655 3,026762 -0,642375 0,844170 2,481139 0,011605 0,540429 3,072358
-0,014490 -0,219774 2,988002 0,329296 1,344723 3,027665 -0,633160 0,911805 2,510808 0,014709 0,548608 3,082812
-0,015134 -0,222542 3,002553 0,328809 1,363245 3,030747 -0,625027 0,998950 2,559057 0,011429 0,543682 3,072382
-0,014940 -0,220757 2,997797 0,326840 1,343955 3,023044 -0,607147 1,082138 2,622207 0,011250 0,546924 3,072344
-0,016132 -0,225845 3,006108 0,327064 1,334129 3,009227 -0,578303 1,156958 2,702965 0,021487 0,548602 3,082837
-0,019295 -0,222885 3,014990 0,330097 1,339272 3,019931 -0,539180 1,226347 2,774479 0,014551 0,545248 3,061984
-0,018112 -0,225773 3,020310 0,331015 1,337664 3,020355 -0,504909 1,277980 2,858725 0,011390 0,550305 3,093302
-0,024322 -0,220073 3,015820 0,331877 1,333014 3,024753 -0,472839 1,313973 2,937400 0,007931 0,548609 3,082762
-0,028350 -0,230326 3,009741 0,339432 1,333911 3,031894 -0,435755 1,315352 2,981138 0,001249 0,542017 3,061892
