25 12
-0,036058 -0,226028 3,223370 0,321754 1,313788 3,202389 -0,445455 1,306546 3,112668 -0,008633 0,565359 3,293963
-0,036692 -0,231643 3,220808 0,319726 1,310009 3,213743 -0,467646 1,313793 3,110945 -0,023096 0,565787 3,341488
-0,037288 -0,229375 3,223196 0,320439 1,301468 3,205791 -0,471099 1,293519 3,069488 -0,015768 0,551180 3,247058
-0,036315 -0,230320 3,224324 0,315755 1,297033 3,191195 -0,511710 1,158589 2,838134 -0,008494 0,551334 3,270329
-0,035747 -0,232071 3,234916 0,319523 1,308967 3,190642 -0,551445 1,028337 2,787880 -0,012228 0,556580 3,282033
-0,035302 -0,225727 3,232784 0,326263 1,298467 3,201341 -0,585165 0,885113 2,697896 -0,004851 0,563741 3,305826
-0,034822 -0,233503 3,234024 0,321566 1,297580 3,204721 -0,600023 0,505243 2,593980 -0,015787 0,554764 3,270246
-0,035947 -0,234674 3,234413 0,319822 1,310302 3,203264 -0,637544 0,210338 2,696209 -0,012596 0,556519 3,281876
-0,035658 -0,232896 3,230279 0,326404 1,303936 3,204990 -0,642256 0,095952 2,750657 -0,019504 0,556376 3,258528
-0,034584 -0,233827 3,236523 0,324863 1,291859 3,192705 -0,616575 -0,033993 2,983627 -0,019693 0,552896 3,258385
-0,039051 -0,235955 3,223483 0,318803 1,310275 3,201915 -0,583301 -0,068734 3,016283 -0,023148 0,547564 3,223861
-0,038426 -0,233582 3,235093 0,322315 1,313429 3,221753 -0,563217 -0,074741 3,060442 -0,026872 0,556484 3,281543
-0,039848 -0,232534 3,229041 0,322117 1,310968 3,220185 -0,558748 -0,072098 3,090536 -0,019514 0,549494 3,258461
-0,040405 -0,232931 3,236402 0,320706 1,290550 3,196661 -0,573424 -0,064679 3,077717 -0,026692 0,553060 3,281612
-0,045100 -0,229885 3,236456 0,320920 1,308610 3,220394 -0,582952 -0,061085 3,051662 -0,044240 0,547488 3,223210
-0,042802 -0,230244 3,236923 0,315839 1,317279 3,211082 -0,604934 -0,017251 2,913727 -0,033702 0,549453 3,258065
-0,048009 -0,231855 3,246984 0,317882 1,298072 3,210559 -0,609076 0,081842 2,852850 -0,023146 0,561830 3,293566
-0,047063 -0,232512 3,255260 0,314666 1,310734 3,212303 -0,607994 0,156727 2,777622 -0,012596 0,556519 3,281876
-0,045149 -0,232782 3,247105 0,313595 1,306937 3,208477 -0,608113 0,359206 2,665281 -0,012596 0,556519 3,281876
-0,044889 -0,234260 3,246709 0,310698 1,315529 3,213180 -0,576728 0,649581 2,513234 -0,012051 0,553127 3,281962
-0,048660 -0,232511 3,260971 0,310993 1,307275 3,205989 -0,571563 0,808581 2,530535 -0,012241 0,549654 3,281963
-0,047908 -0,232004 3,243762 0,311122 1,312429 3,216158 -0,521669 1,110688 2,813466 -0,012228 0,556580 3,282033
-0,048216 -0,232421 3,254340 0,311273 1,304549 3,217425 -0,500412 1,230708 2,900419 -0,012228 0,556580 3,282033
-0,053418 -0,235835 3,258060 0,314671 1,315317 3,222797 -0,483419 1,291308 3,018517 -0,012228 0,556580 3,282033
-0,059594 -0,233716 3,237893 0,316749 1,293851 3,224906 -0,446003 1,356678 3,226060 -0,012228 0,556580 3,282033
