33 12
-0,054505 -0,226756 3,058883 0,301060 1,267848 3,015310 -0,378400 1,275250 2,911384 -0,039416 0,581591 3,102985
-0,050872 -0,230299 3,066490 0,301932 1,263636 3,010366 -0,374937 1,206530 2,839262 -0,046044 0,577971 3,081635
-0,050851 -0,232486 3,059690 0,302570 1,262359 3,011217 -0,385357 1,105505 2,761766 -0,032534 0,575311 3,124474
-0,049265 -0,229767 3,061624 0,306658 1,258685 3,010430 -0,423692 0,991625 2,694246 -0,049151 0,573187 3,091804
-0,050001 -0,230819 3,060515 0,307866 1,266894 3,016973 -0,518680 0,836451 2,672118 -0,042716 0,580093 3,113439
-0,052054 -0,235830 3,062853 0,311163 1,264360 3,017498 -0,653255 0,628106 2,692737 -0,039618 0,578267 3,102952
-0,051987 -0,235046 3,058583 0,314691 1,262178 3,011615 -0,752732 0,439521 2,685815 -0,046246 0,574667 3,081609
-0,052599 -0,234890 3,061631 0,315287 1,268860 3,021215 -0,777110 0,264809 2,666679 -0,056530 0,576390 3,091710
-0,051786 -0,235286 3,062427 0,316096 1,264237 3,031575 -0,680928 0,141337 2,646688 -0,063040 0,572803 3,070443
-0,052187 -0,235393 3,063209 0,320795 1,256326 3,016633 -0,546124 0,078840 2,658212 -0,036074 0,579145 3,050764
-0,055014 -0,222273 3,061998 0,320634 1,267685 3,035233 -0,435769 0,073256 2,729144 -0,033046 0,590235 3,040308
-0,053604 -0,222203 3,049227 0,320506 1,264224 3,024909 -0,404445 0,079392 2,820507 -0,033050 0,583757 3,040284
-0,052931 -0,233855 3,048621 0,322666 1,256499 3,025624 -0,486120 0,040184 2,898880 -0,032876 0,584521 3,082038
-0,047182 -0,234268 3,052876 0,316927 1,265725 3,024261 -0,638050 0,004284 2,921746 -0,039811 0,581525 3,102891
-0,043830 -0,236876 3,045692 0,317196 1,267073 3,034886 -0,794873 0,000369 2,892533 -0,029068 0,569731 3,071729
-0,042423 -0,231309 3,048934 0,315103 1,268561 3,033811 -0,813005 0,005680 2,738790 -0,032692 0,574727 3,082074
-0,045489 -0,236635 3,057979 0,317171 1,268456 3,026268 -0,690932 -0,025341 2,630502 -0,043304 0,583320 3,113422
-0,049965 -0,233322 3,061752 0,324722 1,256179 3,025579 -0,525860 -0,033537 2,602553 -0,036726 0,586200 3,092097
-0,050937 -0,228504 3,045699 0,326357 1,269168 3,028341 -0,411990 0,009554 2,674622 -0,033469 0,587608 3,081422
-0,055374 -0,221016 3,049744 0,327118 1,269116 3,027120 -0,408313 0,027164 2,782639 -0,033469 0,587608 3,081422
-0,055779 -0,225993 3,045205 0,327650 1,265925 3,031579 -0,517038 -0,005981 2,839826 -0,056432 0,575741 3,049880
-0,048501 -0,227672 3,040148 0,324024 1,266422 3,024259 -0,677016 -0,000496 2,824413 -0,026034 0,574446 3,061354
-0,043894 -0,241592 3,042315 0,319796 1,268469 3,028790 -0,810440 0,070158 2,739992 -0,035955 0,573232 3,092484
-0,036705 -0,232861 3,045576 0,314314 1,270765 3,036246 -0,906366 0,178069 2,641711 -0,032892 0,571413 3,081974
-0,030420 -0,238519 3,054581 0,312434 1,270237 3,019066 -0,943954 0,322100 2,549809 -0,036145 0,576492 3,092484
-0,024684 -0,236875 3,056282 0,314320 1,272087 3,026976 -0,932639 0,486741 2,498613 -0,032723 0,578615 3,124540
-0,021404 -0,236838 3,046327 0,318353 1,278383 3,034363 -0,936834 0,694329 2,506467 -0,019167 0,578338 3,103542
-0,020564 -0,228094 3,055963 0,317860 1,276376 3,026600 -0,869012 0,882017 2,503071 -0,026034 0,574446 3,061354
-0,019147 -0,233364 3,060515 0,321548 1,268236 3,027464 -0,772714 1,026546 2,575502 -0,015942 0,579808 3,092953
-0,022897 -0,233032 3,058899 0,319934 1,275547 3,030770 -0,702465 1,152488 2,705863 -0,012733 0,584865 3,103459
-0,026595 -0,230244 3,065573 0,322135 1,269254 3,037364 -0,643587 1,253563 2,846708 -0,022487 0,579527 3,071932
-0,032904 -0,231066 3,073752 0,320772 1,263056 3,039480 -0,582879 1,305906 2,955456 -0,025782 0,581641 3,103412
-0,038226 -0,232301 3,057158 0,323284 1,264320 3,044994 -0,519338 1,324586 3,019971 -0,039416 0,581591 3,102985
