25 12
-0,047981 -0,230291 3,225941 0,320249 1,304096 3,214641 -0,466654 1,325332 3,130095 -0,005044 0,560245 3,305820
-0,045505 -0,233773 3,232156 0,320917 1,300688 3,199529 -0,470672 1,311513 3,079016 -0,012228 0,556580 3,282033
-0,043274 -0,229334 3,233480 0,315334 1,292288 3,197272 -0,502685 1,218471 2,899147 -0,008494 0,551334 3,270329
-0,038275 -0,234699 3,237537 0,324912 1,300387 3,201461 -0,528196 1,120664 2,861098 -0,005089 0,556589 3,282170
-0,036879 -0,231871 3,240565 0,318350 1,313377 3,201279 -0,547619 1,024943 2,780028 -0,011859 0,556587 3,281885
-0,036590 -0,233034 3,237964 0,321047 1,303952 3,199676 -0,584229 0,700515 2,604701 -0,004958 0,549551 3,258766
-0,034890 -0,227816 3,237101 0,326262 1,302446 3,203531 -0,606004 0,381208 2,726957 -0,015986 0,561847 3,293739
-0,036305 -0,231335 3,235162 0,329372 1,305539 3,214078 -0,622436 0,244793 2,752168 -0,012406 0,563699 3,305679
-0,034244 -0,235182 3,240137 0,325593 1,301810 3,216263 -0,606648 0,042731 2,970610 -0,019325 0,552959 3,258529
-0,029262 -0,235664 3,244707 0,332033 1,293777 3,210324 -0,579128 -0,035046 3,024671 -0,026692 0,553060 3,281612
-0,027067 -0,232912 3,236779 0,332305 1,300234 3,208005 -0,556249 -0,042771 3,100638 -0,026692 0,553060 3,281612
-0,030186 -0,238024 3,242003 0,328977 1,294201 3,207359 -0,536152 -0,037625 3,171270 -0,023092 0,551271 3,270002
-0,034075 -0,236532 3,233586 0,330023 1,295466 3,206242 -0,543647 -0,040319 3,153219 -0,033702 0,549453 3,258065
-0,034338 -0,239105 3,240975 0,326707 1,309093 3,213867 -0,549807 -0,042989 3,127446 -0,033881 0,552853 3,258001
-0,035229 -0,238158 3,242198 0,335121 1,299296 3,218155 -0,568394 -0,017557 3,031881 -0,019366 0,556567 3,281868
-0,037533 -0,233915 3,240039 0,330699 1,312030 3,229960 -0,588791 0,028363 2,995950 -0,023083 0,558176 3,270072
-0,037056 -0,234017 3,239503 0,332935 1,302975 3,210617 -0,598590 0,068009 2,936871 -0,023146 0,561830 3,293566
-0,035521 -0,231673 3,229116 0,326630 1,315146 3,206584 -0,618362 0,225649 2,753124 -0,012587 0,563448 3,281947
-0,032902 -0,235020 3,235178 0,331738 1,318566 3,225263 -0,597052 0,475922 2,645206 -0,012406 0,560020 3,282028
-0,033209 -0,230255 3,237749 0,330865 1,302129 3,213792 -0,581602 0,626986 2,574946 -0,008494 0,551334 3,270329
-0,032590 -0,231780 3,245846 0,324229 1,314186 3,207594 -0,553123 0,970054 2,732064 -0,004868 0,556767 3,305752
-0,031814 -0,234575 3,252697 0,326658 1,298550 3,210340 -0,520251 1,130771 2,773936 -0,008848 0,558205 3,270387
-0,030252 -0,231131 3,256437 0,326712 1,304020 3,204944 -0,501450 1,220649 2,882315 0,002332 0,563745 3,305942
-0,035696 -0,229665 3,231838 0,333489 1,291354 3,213218 -0,455822 1,343771 3,147906 -0,001184 0,554787 3,270389
-0,040396 -0,229372 3,244506 0,331104 1,296260 3,208826 -0,420836 1,331458 3,164777 -0,011859 0,556587 3,281885
