40 12
-0,018258 -0,238533 3,221105 0,349274 1,293540 3,201118 -0,429207 1,323914 3,183693 0,013114 0,575511 3,270772
-0,017516 -0,230022 3,218069 0,349758 1,293631 3,210754 -0,423607 1,324078 3,161285 0,023904 0,577377 3,282553
-0,009987 -0,237484 3,227399 0,337335 1,288777 3,186664 -0,396342 1,343119 3,186980 0,016939 0,573897 3,282316
0,003305 -0,231733 3,216390 0,332673 1,297876 3,201424 -0,409059 1,334193 3,200157 0,027178 0,578958 3,270959
0,005129 -0,231729 3,214738 0,334440 1,290715 3,189912 -0,438753 1,331932 3,211029 0,023688 0,573632 3,259199
0,017548 -0,236450 3,251539 0,325660 1,306952 3,200804 -0,543003 1,164891 2,891814 0,030667 0,577368 3,282643
0,027265 -0,235649 3,250877 0,322764 1,314022 3,181190 -0,843008 1,171401 3,153345 0,034379 0,579251 3,294423
0,033820 -0,238503 3,249666 0,323546 1,303035 3,190094 -0,981326 1,027003 3,048989 0,041721 0,575755 3,294352
0,029410 -0,237676 3,270090 0,324744 1,305741 3,189290 -1,066208 0,503806 2,468484 0,030908 0,574181 3,306234
0,027797 -0,238470 3,266123 0,325842 1,306856 3,196478 -1,065528 0,063011 2,460513 0,031171 0,577979 3,330209
0,024938 -0,241251 3,271709 0,323330 1,318567 3,215133 -1,026371 -0,118204 2,427368 0,024344 0,578308 3,354460
0,014866 -0,240085 3,250491 0,316442 1,321389 3,211708 -0,959551 -0,413563 2,699079 0,016321 0,570919 3,329900
0,002578 -0,234343 3,266135 0,318189 1,314843 3,205935 -0,782507 -0,538562 2,544515 0,020229 0,576091 3,318177
-0,005299 -0,237429 3,260290 0,318952 1,307392 3,216383 -0,749053 -0,628780 2,571326 0,013177 0,579920 3,342274
-0,013897 -0,234805 3,246984 0,316373 1,292540 3,187148 -0,653459 -0,831843 2,856732 0,016714 0,578000 3,330189
-0,025267 -0,234968 3,270731 0,317603 1,303484 3,215565 -0,471473 -0,800554 2,673666 0,009817 0,585397 3,354455
-0,031009 -0,240462 3,268455 0,312809 1,296977 3,198768 -0,394766 -0,805455 2,680763 0,005926 0,579922 3,342207
-0,036955 -0,236829 3,263939 0,320270 1,289098 3,195165 -0,330791 -0,830566 2,750326 0,002074 0,581495 3,330041
-0,033514 -0,239520 3,273293 0,310803 1,305949 3,209913 -0,469400 -0,906022 2,921680 -0,001310 0,586972 3,342195
-0,030879 -0,237148 3,269127 0,307856 1,301647 3,210518 -0,526288 -0,891443 2,838979 -0,001310 0,586972 3,342195
-0,026337 -0,237883 3,272084 0,308212 1,297932 3,198361 -0,550201 -0,839140 2,713505 0,005743 0,583426 3,342192
-0,028783 -0,239638 3,273977 0,313196 1,300464 3,202693 -0,470086 -0,830890 2,704587 0,002435 0,585753 3,378979
-0,029280 -0,239269 3,276189 0,315306 1,302571 3,233031 -0,484204 -0,847663 2,814099 -0,005111 0,585362 3,354238
-0,032327 -0,232867 3,264441 0,315657 1,302749 3,223493 -0,546642 -0,823609 2,701459 -0,001442 0,587322 3,366566
-0,032796 -0,236139 3,267363 0,323317 1,300123 3,219575 -0,555164 -0,827700 2,692057 0,002250 0,589294 3,378970
-0,031994 -0,234841 3,264902 0,318298 1,297360 3,214970 -0,514781 -0,826271 2,706471 0,002250 0,589294 3,378970
-0,030102 -0,236589 3,266495 0,314656 1,306045 3,223706 -0,528349 -0,808570 2,689827 -0,004713 0,592471 3,354337
-0,035605 -0,237417 3,274186 0,322663 1,300792 3,227285 -0,597313 -0,800395 2,743883 0,002250 0,589294 3,378970
-0,034173 -0,236757 3,269105 0,321927 1,283219 3,207262 -0,622245 -0,784715 2,714711 -0,001442 0,587322 3,366566
-0,030147 -0,234227 3,265172 0,324549 1,287823 3,210435 -0,652505 -0,702847 2,613089 0,009435 0,585370 3,354416
-0,023435 -0,239227 3,251954 0,326908 1,309694 3,230509 -0,679839 -0,589324 2,645700 0,020629 0,583789 3,366772
-0,018887 -0,238704 3,261016 0,322572 1,313767 3,227868 -0,694526 -0,471005 2,619183 0,020629 0,583789 3,366772
-0,012691 -0,239460 3,247721 0,328541 1,318905 3,246493 -0,723211 -0,140638 2,530387 0,016517 0,574466 3,330084
-0,017587 -0,243497 3,250468 0,335065 1,310091 3,233767 -0,843615 0,259007 2,642713 0,013202 0,572602 3,318083
-0,024330 -0,245808 3,240810 0,338558 1,315960 3,240480 -0,900645 0,465760 2,637871 0,005800 0,569096 3,317995
-0,038597 -0,238788 3,205086 0,345932 1,306872 3,246516 -0,932602 0,874409 2,787930 -0,012201 0,570441 3,282174
-0,055582 -0,235100 3,221069 0,346480 1,309253 3,244271 -0,844391 1,062251 2,770582 -0,011989 0,580854 3,282242
-0,064579 -0,235325 3,219313 0,346257 1,296191 3,247694 -0,775763 1,150237 2,858555 -0,022733 0,582735 3,293773
-0,079595 -0,228932 3,177524 0,346658 1,278897 3,241502 -0,642381 1,411829 3,395405 -0,029685 0,575179 3,246855
-0,093003 -0,233610 3,193800 0,342197 1,293635 3,243949 -0,447609 1,316516 3,172368 -0,036721 0,575440 3,269653
