32 12
-0,116753 -0,231305 3,076327 0,293631 1,284211 3,059491 -0,487011 1,338616 3,065874 -0,053304 0,525532 3,102137
-0,110746 -0,228726 3,074946 0,283191 1,290474 3,070482 -0,485866 1,339459 3,050188 -0,053128 0,522275 3,102127
-0,108034 -0,225179 3,086813 0,284223 1,302843 3,071283 -0,503123 1,324696 3,025684 -0,049798 0,523926 3,091714
-0,099364 -0,234053 3,105197 0,271303 1,293507 3,048895 -0,588901 1,085310 2,659433 -0,046322 0,522307 3,102407
-0,091312 -0,236110 3,098834 0,271086 1,291498 3,038570 -0,687704 0,831020 2,621319 -0,053181 0,522242 3,123372
-0,086987 -0,235647 3,103200 0,273114 1,292858 3,045733 -0,727177 0,575916 2,495911 -0,050435 0,527138 3,156056
-0,088292 -0,228506 3,114600 0,274517 1,296271 3,042164 -0,769192 0,158019 2,408376 -0,053763 0,532125 3,145059
-0,083626 -0,232750 3,104358 0,279173 1,296847 3,037456 -0,778156 -0,184836 2,408765 -0,061282 0,528649 3,166357
-0,084445 -0,230553 3,108109 0,280150 1,299473 3,042401 -0,790247 -0,323113 2,453769 -0,067887 0,525290 3,144176
-0,086129 -0,233945 3,106831 0,277960 1,295865 3,043258 -0,825474 -0,530026 2,553995 -0,064416 0,530359 3,155397
-0,086485 -0,228559 3,104931 0,275914 1,295306 3,038428 -0,812137 -0,658160 2,604371 -0,071472 0,537078 3,177146
-0,088612 -0,227786 3,115804 0,271533 1,299461 3,035110 -0,749105 -0,685828 2,624453 -0,060921 0,535446 3,166621
-0,085313 -0,230708 3,104573 0,272338 1,303129 3,043098 -0,625869 -0,747231 2,875588 -0,054180 0,532092 3,166828
-0,079519 -0,230854 3,087980 0,274079 1,300073 3,044203 -0,489628 -0,696038 2,732531 -0,057332 0,533781 3,155809
-0,074671 -0,226460 3,093559 0,273126 1,302268 3,050020 -0,545189 -0,743736 2,829269 -0,057332 0,533781 3,155809
-0,075534 -0,237955 3,093075 0,274772 1,303831 3,052095 -0,608389 -0,722810 2,719331 -0,047256 0,532126 3,167106
-0,070579 -0,229331 3,099256 0,275031 1,301980 3,053560 -0,565123 -0,720612 2,654037 -0,053998 0,535484 3,166929
-0,070520 -0,232845 3,091876 0,270314 1,299677 3,045149 -0,537742 -0,719740 2,665351 -0,050827 0,533794 3,178009
-0,075052 -0,226694 3,076942 0,279956 1,312484 3,062367 -0,598048 -0,707556 2,639603 -0,053998 0,535484 3,166929
-0,081407 -0,228979 3,083362 0,282881 1,293264 3,034071 -0,648035 -0,716570 2,681780 -0,047073 0,535518 3,167212
-0,084526 -0,226635 3,085443 0,288642 1,283982 3,034769 -0,621797 -0,709556 2,644724 -0,050270 0,543967 3,178115
-0,083077 -0,229705 3,077348 0,291290 1,286894 3,059020 -0,630198 -0,650635 2,605279 -0,050645 0,537197 3,178114
-0,086803 -0,224582 3,070436 0,295188 1,292974 3,059824 -0,739848 -0,586182 2,687983 -0,047073 0,535518 3,167212
-0,083724 -0,223659 3,075173 0,298246 1,291909 3,058917 -0,794497 -0,494124 2,649037 -0,047073 0,535518 3,167212
-0,080938 -0,224181 3,072596 0,302595 1,301634 3,071713 -0,852525 -0,207200 2,395699 -0,047073 0,535518 3,167212
-0,075379 -0,235714 3,073639 0,300595 1,294207 3,069486 -0,942177 0,195082 2,424541 -0,060927 0,528747 3,166570
-0,077111 -0,237594 3,085757 0,298786 1,294035 3,073826 -0,939095 0,413316 2,345760 -0,046886 0,525501 3,145294
-0,077231 -0,234256 3,089190 0,294928 1,293753 3,075652 -0,916119 0,916253 2,706146 -0,046886 0,525501 3,145294
-0,082861 -0,230323 3,088192 0,287697 1,295370 3,091451 -0,726410 1,090818 2,638706 -0,046686 0,528840 3,123741
-0,085163 -0,238789 3,092830 0,278698 1,293944 3,091046 -0,636820 1,179543 2,760136 -0,039342 0,519065 3,102597
-0,097926 -0,232991 3,067346 0,279320 1,292568 3,096352 -0,510188 1,364650 3,164272 -0,046149 0,519038 3,102337
-0,106604 -0,234183 3,072865 0,278347 1,292809 3,095373 -0,499203 1,325719 3,105883 -0,053138 0,515704 3,102090
