22 12
-0,136356 -0,222016 3,101153 0,238122 1,308873 3,030082 -0,524571 1,323737 3,023721 -0,080337 0,522111 3,100757
-0,132228 -0,223609 3,096845 0,237470 1,305041 3,008472 -0,543270 1,250249 2,852385 -0,087736 0,521973 3,121654
-0,129607 -0,226723 3,092576 0,229230 1,306292 3,008574 -0,542249 1,214293 2,795958 -0,081506 0,525299 3,165451
-0,125566 -0,230395 3,100858 0,228792 1,322825 3,021206 -0,540226 1,185992 2,758778 -0,077860 0,523671 3,154689
-0,122008 -0,231677 3,105404 0,229926 1,308160 3,014666 -0,536010 1,035575 2,678503 -0,094862 0,515252 3,142701
-0,120969 -0,238173 3,097397 0,235538 1,313090 3,022554 -0,463753 0,750586 2,597761 -0,083657 0,500503 3,131724
-0,120426 -0,236366 3,091698 0,233817 1,304525 3,030729 -0,453407 0,619955 2,619321 -0,091301 0,510269 3,153518
-0,120325 -0,235095 3,089979 0,242473 1,327276 3,047957 -0,425050 0,468992 2,729273 -0,091477 0,513589 3,153697
-0,112664 -0,228901 3,086838 0,239323 1,334181 3,045288 -0,432081 0,426279 2,741029 -0,088342 0,515222 3,143105
-0,112419 -0,231157 3,083647 0,241055 1,333358 3,051644 -0,431024 0,395248 2,735402 -0,074243 0,512113 3,122312
-0,108264 -0,228178 3,082988 0,236829 1,322192 3,041130 -0,433295 0,309388 2,736689 -0,070661 0,510546 3,111803
-0,100404 -0,231669 3,078377 0,241529 1,307633 3,031944 -0,418683 0,265861 2,701773 -0,070485 0,513884 3,111886
-0,100359 -0,232625 3,076567 0,240853 1,315591 3,038347 -0,419923 0,271422 2,709818 -0,057441 0,517078 3,133778
-0,101530 -0,230659 3,082795 0,240875 1,324649 3,054611 -0,419222 0,305242 2,697563 -0,067578 0,515406 3,122551
-0,095767 -0,234442 3,063696 0,244921 1,327824 3,059158 -0,436420 0,434454 2,681749 -0,074071 0,508855 3,122351
-0,096724 -0,233106 3,071899 0,238686 1,318632 3,042804 -0,441302 0,515641 2,647981 -0,070474 0,503895 3,133167
-0,098687 -0,235546 3,071246 0,244893 1,334799 3,051928 -0,470355 0,787317 2,605850 -0,063098 0,500618 3,132903
-0,099124 -0,230216 3,065709 0,243672 1,326159 3,049425 -0,541950 1,060649 2,715112 -0,063665 0,513925 3,112225
-0,099772 -0,234612 3,058509 0,247641 1,326357 3,057257 -0,559756 1,163566 2,787193 -0,078040 0,520301 3,154673
-0,103363 -0,228698 3,063490 0,242104 1,332872 3,058982 -0,550871 1,309762 2,980907 -0,063477 0,523843 3,112286
-0,115622 -0,229835 3,076776 0,248209 1,305216 3,041877 -0,541895 1,312882 3,053892 -0,066736 0,522201 3,101491
-0,117567 -0,232571 3,069328 0,252471 1,306398 3,046020 -0,512903 1,308476 3,074598 -0,070299 0,523802 3,111942
