27 12
-0,088146 -0,224799 3,068985 0,260468 1,289563 3,020340 -0,537157 1,315672 3,136610 -0,046116 0,532159 3,081410
-0,078346 -0,223757 3,083388 0,259193 1,295872 3,024717 -0,550470 1,291888 3,093678 -0,039493 0,535485 3,102733
-0,072650 -0,222485 3,076069 0,257927 1,296446 3,037847 -0,621695 1,306050 3,150393 -0,046491 0,538796 3,123813
-0,065722 -0,217734 3,085139 0,257687 1,288297 3,036037 -0,691417 1,282459 3,112104 -0,053525 0,535424 3,123504
-0,058631 -0,223628 3,116744 0,248149 1,295954 3,013927 -0,811167 0,987009 2,597725 -0,053756 0,538784 3,145103
-0,055901 -0,229206 3,116035 0,251677 1,300842 3,002133 -0,993433 0,794305 2,672157 -0,050215 0,530478 3,134369
-0,051321 -0,224477 3,111970 0,251328 1,297898 3,001647 -1,014790 0,569977 2,557090 -0,046686 0,528840 3,123741
-0,055313 -0,228293 3,112406 0,247603 1,287329 3,003761 -1,009782 0,135096 2,405289 -0,053763 0,532125 3,145059
-0,058332 -0,225354 3,103756 0,255263 1,281148 3,007378 -0,958393 -0,225567 2,384208 -0,061103 0,532053 3,166524
-0,063740 -0,223955 3,107497 0,257451 1,279206 3,015988 -0,933557 -0,372757 2,421822 -0,064057 0,530434 3,155465
-0,075348 -0,222507 3,078594 0,266554 1,267383 3,029923 -0,891307 -0,653292 2,721479 -0,073696 0,528739 3,122399
-0,078622 -0,225182 3,078254 0,268133 1,270224 3,034642 -0,769093 -0,736541 2,687203 -0,059748 0,525545 3,101778
-0,082889 -0,226785 3,075417 0,271305 1,272823 3,030186 -0,725164 -0,781923 2,789099 -0,056894 0,533791 3,134104
-0,079173 -0,223690 3,066206 0,270265 1,276253 3,035460 -0,677778 -0,848586 3,032301 -0,060647 0,532087 3,144753
-0,076644 -0,219573 3,070976 0,266182 1,266742 3,036472 -0,628392 -0,829035 3,000034 -0,049643 0,527228 3,112862
-0,077110 -0,222220 3,070799 0,263562 1,267537 3,020622 -0,626574 -0,835760 3,017834 -0,046511 0,525562 3,123733
-0,077297 -0,227412 3,079010 0,263649 1,275809 3,014052 -0,632698 -0,827550 2,960627 -0,057155 0,530472 3,155790
-0,074936 -0,218390 3,088603 0,260728 1,276113 3,013687 -0,659021 -0,819308 2,938806 -0,053400 0,532172 3,145005
-0,073966 -0,218576 3,085123 0,260790 1,283350 3,017427 -0,676435 -0,778997 2,862963 -0,053763 0,532125 3,145059
-0,069517 -0,224481 3,104008 0,260316 1,280597 3,021771 -0,713254 -0,594745 2,558225 -0,039816 0,528886 3,145589
-0,060079 -0,222056 3,099630 0,257068 1,282973 3,028188 -0,743018 -0,324755 2,518108 -0,036615 0,533875 3,156615
-0,053773 -0,222842 3,107756 0,255955 1,273177 3,025334 -0,764235 -0,114004 2,438809 -0,053770 0,525468 3,145013
-0,040677 -0,231770 3,139629 0,258018 1,284790 3,032164 -0,789277 0,360935 2,304806 -0,036576 0,533923 3,178625
-0,028085 -0,223735 3,135150 0,256858 1,276837 3,039598 -0,782440 0,787447 2,324681 -0,029345 0,533940 3,156814
-0,030387 -0,226426 3,138853 0,257354 1,280789 3,045529 -0,746088 0,965679 2,444228 -0,015904 0,537317 3,179210
-0,047792 -0,234277 3,112708 0,270252 1,287791 3,085504 -0,632867 1,327836 2,999839 -0,012262 0,528960 3,146374
-0,074241 -0,233754 3,143662 0,282643 1,256188 3,085925 -0,486595 1,290503 2,979864 -0,012273 0,522407 3,103436
