24 12
-0,078885 -0,234511 3,020068 0,320709 1,310563 3,014579 -0,509165 1,331707 3,022961 -0,019382 0,538727 3,082177
-0,076397 -0,230031 3,019191 0,315948 1,311158 3,009582 -0,518220 1,336836 2,976693 -0,022413 0,547006 3,092755
-0,068864 -0,235041 3,042849 0,312239 1,315708 3,005673 -0,546077 1,216350 2,788950 -0,019191 0,542034 3,082287
-0,065149 -0,236531 3,025761 0,303911 1,315848 3,003175 -0,553777 1,107646 2,739634 -0,019382 0,538727 3,082177
-0,061875 -0,231146 3,031916 0,300561 1,322000 3,003671 -0,561450 1,034462 2,687312 -0,018836 0,535531 3,082253
-0,051539 -0,234552 3,033005 0,296927 1,334570 3,000561 -0,592325 0,837922 2,560106 -0,012245 0,535560 3,103504
-0,042524 -0,235569 3,016444 0,289784 1,331319 2,989416 -0,576077 0,601790 2,523039 -0,009040 0,530609 3,092946
-0,037555 -0,230563 3,010049 0,290632 1,341789 2,996944 -0,575537 0,503827 2,534540 -0,005665 0,528980 3,082501
-0,025069 -0,233841 3,028815 0,287292 1,336351 2,995617 -0,566818 0,387464 2,608930 0,001194 0,532263 3,103677
-0,017724 -0,231197 3,009603 0,289366 1,370525 3,006063 -0,544987 0,350329 2,609974 -0,005476 0,532271 3,082556
-0,017160 -0,226703 3,015166 0,286575 1,351555 2,993827 -0,535615 0,343383 2,607811 0,001017 0,535520 3,103583
-0,022410 -0,228700 3,021653 0,286595 1,350312 3,005281 -0,531839 0,350823 2,623944 0,001383 0,535574 3,103739
-0,024893 -0,233773 3,027003 0,291184 1,341650 2,990627 -0,525304 0,362611 2,601985 0,001383 0,535574 3,103739
-0,026207 -0,231688 3,018576 0,292839 1,346635 2,995203 -0,526264 0,382002 2,616321 -0,001992 0,537237 3,114328
-0,036704 -0,229347 3,009384 0,290931 1,346744 2,992211 -0,522138 0,437280 2,588449 -0,001992 0,537237 3,114328
-0,043218 -0,233025 3,016577 0,294184 1,338843 2,998998 -0,570054 0,534775 2,603792 -0,012245 0,535560 3,103504
-0,047131 -0,234269 3,018484 0,294368 1,334997 2,988480 -0,564851 0,581150 2,571956 -0,012245 0,535560 3,103504
-0,055317 -0,235192 3,014142 0,303943 1,322987 3,003389 -0,563379 0,726105 2,619473 -0,018661 0,532263 3,082142
-0,069851 -0,234205 3,016364 0,313252 1,302991 2,994886 -0,578711 0,881098 2,618364 -0,019058 0,535547 3,103348
-0,071010 -0,230813 3,029160 0,313158 1,307751 2,992468 -0,576630 0,963365 2,644000 -0,022616 0,537140 3,092679
-0,080110 -0,235929 3,006974 0,320620 1,304824 3,016748 -0,542682 1,153601 2,802322 -0,018820 0,542070 3,082283
-0,087881 -0,230099 3,021275 0,326632 1,301500 3,026335 -0,490903 1,218462 2,796242 -0,025908 0,532198 3,061266
-0,088797 -0,224822 3,027643 0,328633 1,306412 3,014364 -0,459784 1,269996 2,859498 -0,018820 0,542070 3,082283
-0,094438 -0,234178 3,021830 0,326713 1,300927 3,019520 -0,418356 1,325989 2,999208 -0,025526 0,538735 3,061280
