20 12
-0,065593 -0,246039 3,069276 0,323893 1,278183 3,078211 -0,473161 1,279403 2,904092 -0,053268 0,558430 3,102323
-0,064650 -0,248139 3,071501 0,325548 1,283286 3,089643 -0,452374 1,189573 2,729041 -0,053082 0,555166 3,102309
-0,063281 -0,243870 3,078781 0,330173 1,284401 3,092046 -0,427400 0,984455 2,522763 -0,042584 0,550356 3,113150
-0,068367 -0,245440 3,080674 0,312323 1,287917 3,080192 -0,242973 0,695751 2,254865 -0,052789 0,555462 3,144571
-0,069711 -0,239401 3,075720 0,314049 1,287753 3,076291 -0,190826 0,605152 2,231832 -0,046275 0,569306 3,188956
-0,072343 -0,246182 3,063134 0,306682 1,290985 3,061864 -0,086774 0,518029 2,398439 -0,032490 0,562244 3,145881
-0,068834 -0,241453 3,065610 0,307922 1,281919 3,060204 -0,057170 0,474000 2,447291 -0,026043 0,572522 3,168196
-0,069296 -0,238601 3,065683 0,304288 1,295785 3,072990 -0,082882 0,485063 2,527158 -0,029075 0,566920 3,113830
-0,061973 -0,240259 3,064840 0,313012 1,292806 3,077941 -0,230580 0,456597 2,327509 -0,032747 0,565350 3,124460
-0,056830 -0,241133 3,061001 0,316697 1,283517 3,085345 -0,482362 0,523680 2,566509 -0,032548 0,568678 3,124434
-0,056796 -0,243545 3,050567 0,321391 1,277942 3,073647 -0,549868 0,514801 2,541453 -0,036427 0,570407 3,135130
-0,054350 -0,243943 3,059206 0,326815 1,285090 3,097526 -0,605672 0,485176 2,426930 -0,039636 0,565084 3,102879
-0,057760 -0,243345 3,059159 0,326293 1,288306 3,091871 -0,591108 0,500174 2,404738 -0,039449 0,561816 3,102876
-0,056028 -0,247494 3,048823 0,329220 1,293039 3,096565 -0,566845 0,524923 2,378723 -0,039264 0,558537 3,102809
-0,059101 -0,246620 3,049786 0,320155 1,295184 3,078466 -0,526017 0,652588 2,449035 -0,042402 0,553517 3,091976
-0,055338 -0,242556 3,053638 0,318793 1,295813 3,082151 -0,513957 0,845445 2,410639 -0,036313 0,553641 3,113563
-0,056391 -0,242634 3,039191 0,321021 1,292804 3,081028 -0,516586 0,970550 2,492910 -0,036108 0,563578 3,113638
-0,055723 -0,237262 3,048328 0,315754 1,287000 3,071085 -0,473568 1,257375 2,830048 -0,039251 0,565125 3,102845
-0,059617 -0,243669 3,061613 0,317450 1,281272 3,076854 -0,446327 1,293730 2,933651 -0,039438 0,568405 3,102912
-0,063203 -0,240525 3,057162 0,316600 1,283411 3,077988 -0,426931 1,331951 3,047886 -0,039438 0,568405 3,102912
