22 12
-0,062489 -0,233114 3,001607 0,363597 1,244519 3,061248 -0,497644 1,328347 2,918941 -0,015522 0,572777 3,051390
-0,053228 -0,231050 2,985885 0,362829 1,257240 3,057800 -0,652042 1,339254 2,988162 -0,005458 0,571048 3,041323
-0,045851 -0,235665 2,995320 0,356965 1,256700 3,043771 -0,734738 1,213195 2,848822 -0,004975 0,578100 3,082647
-0,037233 -0,242592 3,012769 0,349159 1,250219 2,998832 -0,832023 0,751991 2,261127 0,008217 0,575351 3,125314
-0,037750 -0,231192 3,027160 0,353773 1,247797 2,984750 -0,809030 0,275586 2,119611 -0,016202 0,597853 3,179379
-0,038178 -0,223880 3,032061 0,350592 1,249825 2,974447 -0,766058 0,049999 1,994155 -0,002068 0,608053 3,179861
-0,041117 -0,220708 3,021999 0,344364 1,251354 2,964883 -0,745550 -0,384022 2,253850 -0,019240 0,609496 3,168607
-0,039058 -0,225902 3,009745 0,345396 1,240315 2,973742 -0,611361 -0,542443 2,252482 -0,012324 0,591548 3,103757
-0,040914 -0,228742 3,004836 0,340547 1,259787 2,979688 -0,566223 -0,616143 2,362120 -0,012530 0,588213 3,103641
-0,043135 -0,231333 2,997068 0,355670 1,258752 3,012225 -0,499695 -0,724677 2,618033 -0,005547 0,587908 3,082765
-0,043681 -0,231127 2,992015 0,358827 1,265369 3,043210 -0,475124 -0,744262 2,632418 -0,012131 0,588271 3,103775
-0,045306 -0,232061 2,997035 0,366272 1,259115 3,037307 -0,471665 -0,745577 2,638223 -0,008926 0,589723 3,093231
-0,043529 -0,224525 2,999266 0,367279 1,263254 3,046048 -0,485976 -0,718495 2,584724 -0,005560 0,581351 3,082736
-0,038059 -0,230871 2,983831 0,370063 1,264694 3,033570 -0,509874 -0,658999 2,559443 -0,005720 0,581627 3,103723
-0,036161 -0,225843 2,986110 0,365264 1,261850 3,017242 -0,533272 -0,570931 2,508865 0,012023 0,593438 3,114767
-0,018687 -0,230757 3,017577 0,353968 1,264536 2,988341 -0,600928 -0,290230 2,300351 0,008454 0,591966 3,125456
-0,004112 -0,229251 2,997975 0,349854 1,262986 2,980429 -0,676517 0,197157 2,283843 0,018267 0,583155 3,093486
0,003130 -0,240265 3,013387 0,341633 1,273172 2,968029 -0,743691 0,417959 2,167434 0,008833 0,585327 3,125321
0,011105 -0,243450 3,027874 0,356098 1,271482 2,992088 -0,767799 0,929757 2,523299 0,022138 0,578679 3,125462
0,005098 -0,237397 3,034452 0,380013 1,248637 2,967654 -0,686651 1,093497 2,570497 0,018089 0,579568 3,072509
-0,004488 -0,236610 3,042312 0,391608 1,242189 2,976946 -0,610057 1,171630 2,685965 0,008004 0,581360 3,082904
-0,023841 -0,236061 2,993761 0,426852 1,252717 3,045684 -0,481581 1,357253 3,125681 0,007954 0,571056 3,041502
