40 12
-0,042345 -0,230907 3,042215 0,366721 1,300108 3,055142 -0,441666 1,317786 3,029428 0,014458 0,506272 3,061841
-0,043794 -0,231594 3,059384 0,364968 1,293326 3,048442 -0,441748 1,326792 2,991302 0,011343 0,511100 3,072253
-0,044083 -0,239430 3,064930 0,361981 1,305289 3,048850 -0,453272 1,309449 2,907023 0,021556 0,506135 3,082720
-0,042384 -0,233489 3,068050 0,364595 1,306622 3,048063 -0,455308 1,280218 2,797589 0,021556 0,506135 3,082720
-0,043494 -0,233157 3,074490 0,357440 1,309955 3,040101 -0,453850 1,240050 2,674616 0,025214 0,504424 3,093209
-0,040774 -0,228406 3,085593 0,359140 1,313937 3,042101 -0,446669 1,168112 2,528906 0,032028 0,510960 3,093238
-0,040019 -0,230899 3,077111 0,361496 1,312660 3,046180 -0,429162 1,067265 2,381423 0,038688 0,504550 3,072215
-0,045164 -0,231230 3,085337 0,360040 1,315086 3,043300 -0,399508 0,940743 2,242874 0,052350 0,501232 3,071984
-0,045204 -0,231422 3,083582 0,357999 1,305261 3,039764 -0,368187 0,799396 2,129209 0,049121 0,496261 3,082422
-0,048939 -0,231639 3,093408 0,360352 1,311308 3,048594 -0,337011 0,653541 2,054115 0,033446 0,490636 3,134355
-0,052581 -0,239453 3,086710 0,357599 1,305353 3,041698 -0,290834 0,499800 2,004098 -0,004289 0,505093 3,211481
-0,046704 -0,221885 3,073943 0,356000 1,290713 3,028206 -0,255963 0,364192 1,973422 -0,016153 0,537405 3,246783
-0,053151 -0,219554 3,080173 0,359523 1,300424 3,049049 -0,222619 0,255805 1,976348 -0,026895 0,539014 3,234905
-0,054878 -0,221138 3,073154 0,359738 1,306491 3,037477 -0,192300 0,172694 1,984770 -0,026890 0,545847 3,234968
-0,055839 -0,223890 3,092066 0,359718 1,300430 3,046396 -0,167593 0,106742 1,982417 -0,023395 0,547620 3,246534
-0,058162 -0,216501 3,085665 0,355548 1,298616 3,043620 -0,147768 0,063691 1,983502 -0,007720 0,561196 3,162668
-0,061048 -0,218875 3,096087 0,355771 1,287863 3,041505 -0,136126 0,040505 1,993369 -0,000035 0,561840 3,165789
-0,058657 -0,217989 3,088917 0,360164 1,293384 3,045031 -0,123547 0,022008 1,981070 -0,000487 0,551372 3,142522
-0,056874 -0,218843 3,084901 0,356329 1,304745 3,043618 -0,112623 0,012985 1,983019 -0,000035 0,561840 3,165789
-0,057277 -0,217023 3,092288 0,359089 1,308383 3,056736 -0,113492 0,005423 1,996868 0,007087 0,558619 3,166402
-0,059680 -0,221807 3,099417 0,358688 1,310192 3,057901 -0,110548 0,002871 1,998787 0,003380 0,560078 3,154851
-0,055970 -0,215670 3,091170 0,355868 1,312104 3,058372 -0,107020 0,000677 2,003095 0,009571 0,559468 3,131016
-0,057194 -0,218680 3,084572 0,356635 1,306593 3,056329 -0,105305 0,001828 2,002057 0,003087 0,559764 3,132513
-0,055571 -0,213913 3,084388 0,355625 1,296772 3,044754 -0,113480 0,014737 2,009490 0,003192 0,556600 3,154165
-0,055637 -0,213686 3,082053 0,353138 1,305283 3,050108 -0,116387 0,031513 2,008164 -0,003716 0,556587 3,154124
-0,057039 -0,213317 3,082627 0,358103 1,304399 3,057329 -0,132841 0,057298 2,008700 -0,000690 0,561203 3,141798
-0,054092 -0,211891 3,090358 0,357902 1,305312 3,052998 -0,153993 0,092566 2,003477 -0,001209 0,574224 3,160848
-0,056706 -0,211951 3,092860 0,355951 1,307280 3,061332 -0,182609 0,145556 1,990053 -0,026890 0,545847 3,234968
-0,051306 -0,218457 3,083991 0,360251 1,300433 3,060196 -0,223003 0,219991 2,002842 -0,023401 0,540764 3,246469
-0,050117 -0,215502 3,079436 0,363905 1,304263 3,055247 -0,270833 0,313434 2,009803 -0,019669 0,535668 3,235228
-0,051183 -0,232013 3,081898 0,367389 1,305509 3,070673 -0,321456 0,440894 2,039971 -0,008259 0,517015 3,223751
-0,054389 -0,234958 3,088714 0,364925 1,297155 3,057115 -0,371731 0,579730 2,062123 0,026660 0,497126 3,156446
-0,052420 -0,224391 3,075945 0,367799 1,290411 3,054691 -0,406550 0,715368 2,115944 0,052992 0,491165 3,092433
-0,055568 -0,230675 3,076459 0,368685 1,289691 3,049901 -0,441159 0,850066 2,208735 0,048784 0,496287 3,082585
-0,054930 -0,224181 3,072872 0,377198 1,295505 3,061326 -0,476487 0,970784 2,317580 0,038635 0,507664 3,093193
-0,056079 -0,221805 3,064780 0,373765 1,299521 3,068568 -0,501587 1,073249 2,432076 0,032028 0,510960 3,093238
-0,061002 -0,229092 3,068922 0,369406 1,294134 3,052944 -0,511896 1,169953 2,560149 0,032028 0,510960 3,093238
-0,065946 -0,228220 3,056570 0,368531 1,286453 3,053638 -0,514134 1,252392 2,695114 0,025235 0,510973 3,093238
-0,069190 -0,228950 3,048810 0,371398 1,287758 3,061330 -0,505766 1,296913 2,819031 0,014960 0,515845 3,103781
-0,074128 -0,230674 3,049129 0,374703 1,280888 3,045048 -0,489877 1,326845 2,936377 0,007661 0,506092 3,082464
