27 12
-0,056919 -0,222004 3,054377 0,356390 1,295035 2,965364 -0,466042 1,303999 3,007348 -0,022198 0,533879 3,071724
-0,058476 -0,221098 3,066369 0,359733 1,300191 2,895415 -0,442303 1,239094 2,888746 -0,022300 0,540517 3,113880
-0,055904 -0,223926 3,076781 0,308835 1,248313 2,734610 -0,426291 1,085156 2,746878 -0,019026 0,532249 3,082272
-0,050159 -0,226772 3,072197 0,290381 1,099017 2,621931 -0,326441 0,864774 2,561884 -0,028502 0,507478 3,112680
-0,052844 -0,234175 3,073603 0,241270 1,018346 2,536862 -0,308030 0,767747 2,505158 -0,025101 0,492791 3,102108
-0,042328 -0,235828 3,105533 0,117391 0,788734 2,374952 -0,266100 0,652023 2,539158 -0,016941 0,483808 3,133538
-0,042075 -0,241436 3,093092 0,072396 0,649324 2,406548 -0,144907 0,565130 2,404422 -0,015425 0,503934 3,156892
-0,039871 -0,237310 3,099642 0,044821 0,607534 2,341344 -0,110184 0,566825 2,472166 -0,008861 0,503929 3,157172
-0,037266 -0,233550 3,109197 0,039635 0,577098 2,338902 -0,111437 0,542432 2,503323 -0,005024 0,512225 3,168129
-0,036768 -0,236549 3,098772 0,029175 0,567650 2,366255 -0,126090 0,519591 2,487818 -0,008527 0,507423 3,135368
-0,039397 -0,233934 3,107559 0,042290 0,553861 2,347941 -0,120042 0,531564 2,487117 -0,008317 0,513937 3,156951
-0,041333 -0,232861 3,105957 0,040792 0,584786 2,368029 -0,109328 0,551961 2,505874 -0,011939 0,515661 3,146163
-0,040989 -0,238463 3,117784 0,009606 0,587755 2,422655 -0,136999 0,530287 2,514659 -0,015559 0,510728 3,135330
-0,045160 -0,237950 3,109241 0,035445 0,585629 2,372652 -0,117622 0,526568 2,475290 -0,012122 0,512334 3,146240
-0,043386 -0,235896 3,099957 0,046760 0,596554 2,375283 -0,094366 0,568343 2,510611 -0,001593 0,510617 3,157225
-0,047846 -0,232236 3,101983 0,026285 0,620376 2,423236 -0,115793 0,572540 2,539354 -0,012122 0,512334 3,146240
-0,048909 -0,241410 3,114135 0,028335 0,607251 2,445024 -0,134191 0,555192 2,527808 -0,015407 0,510605 3,156936
-0,047136 -0,231963 3,097136 0,044000 0,600493 2,351920 -0,094749 0,577790 2,532359 -0,015376 0,514045 3,135251
-0,047523 -0,237349 3,102509 0,038414 0,662807 2,376949 -0,091663 0,604218 2,510484 -0,015407 0,510605 3,156936
-0,047567 -0,241594 3,098882 0,037985 0,672117 2,378086 -0,102674 0,624303 2,523195 -0,022620 0,500758 3,135129
-0,046685 -0,233459 3,103045 0,035831 0,785997 2,416890 -0,145358 0,699280 2,442904 -0,031626 0,456862 3,106899
-0,046484 -0,237055 3,098812 0,054596 0,931197 2,416194 -0,272205 0,895626 2,597903 -0,023584 0,471015 3,112356
-0,046749 -0,230289 3,092929 0,113670 0,989995 2,428493 -0,344986 0,998850 2,641353 -0,019493 0,512362 3,124404
-0,050408 -0,223630 3,077621 0,312010 1,259325 2,756163 -0,418401 1,135164 2,670359 -0,025710 0,525679 3,103078
-0,050531 -0,220582 3,078790 0,351411 1,319309 2,919647 -0,537293 1,254764 2,908031 -0,026059 0,532216 3,103124
-0,052105 -0,226626 3,072027 0,373954 1,351213 3,055178 -0,541519 1,281043 2,966321 -0,026059 0,532216 3,103124
-0,054304 -0,223117 3,059761 0,347309 1,302393 3,090090 -0,505509 1,338632 3,172606 -0,032562 0,538750 3,081921
