25 12
-0,086369 -0,237416 3,000703 0,318100 1,317126 3,010793 -0,463431 1,307195 3,013126 -0,032337 0,538653 3,040565
-0,078745 -0,237043 3,017714 0,320997 1,343976 3,031005 -0,523308 1,344588 3,029973 -0,025558 0,541837 3,020464
-0,075030 -0,239683 3,023072 0,311389 1,335715 3,009874 -0,552299 1,345506 2,961574 -0,012416 0,541911 3,041066
-0,071840 -0,231611 3,039047 0,317656 1,321320 3,014123 -0,643308 1,121909 2,525126 0,000889 0,548466 3,061766
-0,067583 -0,237739 3,044912 0,317367 1,320413 2,988963 -0,723948 0,985476 2,474361 0,000877 0,541963 3,061740
-0,070318 -0,227007 3,055385 0,310878 1,323420 2,989733 -0,750379 0,816055 2,327333 -0,005819 0,545295 3,082470
-0,079411 -0,225291 3,039698 0,322533 1,330793 3,003132 -0,767552 0,449220 2,070178 -0,016189 0,553618 3,113860
-0,078588 -0,225102 3,048188 0,319882 1,328276 3,015091 -0,675010 0,175242 1,985858 -0,019689 0,569071 3,168053
-0,079490 -0,223446 3,048938 0,316139 1,338245 3,007238 -0,642657 0,085066 1,979454 -0,023505 0,573822 3,156501
-0,078043 -0,221482 3,056692 0,312878 1,329273 3,008074 -0,591524 -0,015276 2,055022 -0,026890 0,575985 3,189852
-0,070693 -0,220096 3,041116 0,315027 1,326373 3,003256 -0,532877 -0,032823 2,007236 -0,030417 0,580493 3,156379
-0,072330 -0,228202 3,036717 0,314457 1,332773 3,008529 -0,526616 -0,031459 2,015793 -0,027273 0,582575 3,189219
-0,066751 -0,227034 3,039070 0,306432 1,326351 2,995874 -0,521864 -0,021695 2,018090 -0,020493 0,585874 3,188943
-0,067988 -0,235750 3,050727 0,312371 1,319854 2,999747 -0,530193 -0,015290 2,036778 -0,027657 0,582349 3,188253
-0,072744 -0,227951 3,062469 0,316047 1,338114 3,028364 -0,543489 -0,011740 2,045764 -0,030618 0,581123 3,200675
-0,077440 -0,223848 3,051843 0,307511 1,333639 3,002947 -0,564959 0,011700 2,023787 -0,027928 0,582541 3,210055
-0,066246 -0,227561 3,068834 0,311390 1,336360 3,012914 -0,628167 0,119425 2,072420 -0,030238 0,574487 3,201165
-0,070098 -0,234360 3,057637 0,308764 1,329239 3,006633 -0,637106 0,203024 2,063993 -0,019766 0,576360 3,212694
-0,067093 -0,233184 3,073180 0,311447 1,336890 3,014121 -0,633927 0,424786 2,119681 0,011013 0,550229 3,093004
-0,062325 -0,235240 3,065964 0,319685 1,321514 3,008741 -0,668663 0,699100 2,147945 0,000504 0,541862 3,061339
-0,060434 -0,231714 3,071170 0,316627 1,330682 3,019704 -0,662233 0,843278 2,240836 0,000959 0,545302 3,082564
-0,067134 -0,234385 3,043496 0,313051 1,325401 3,015175 -0,592300 1,200596 2,665576 -0,009234 0,546779 3,051297
-0,081055 -0,238190 3,067770 0,314569 1,318310 3,002494 -0,515816 1,251079 2,733367 -0,015965 0,540283 3,051144
-0,087899 -0,237040 3,055171 0,315934 1,316637 3,011929 -0,472003 1,296069 2,849852 -0,032337 0,538653 3,040565
-0,098062 -0,236992 3,032648 0,319553 1,323146 3,005843 -0,416327 1,351284 3,026363 -0,039075 0,538553 3,020021
