15 12
-0,046202 -0,219356 3,053077 0,339869 1,329430 3,106960 -0,528690 1,245428 2,678930 -0,008990 0,547110 3,114225
-0,046094 -0,231036 3,069888 0,353958 1,321442 3,113527 -0,252101 0,931643 2,151340 0,003547 0,505263 3,098280
-0,050121 -0,244935 3,074161 0,337961 1,353744 3,130046 -0,147151 0,739788 1,968354 -0,046444 0,535517 3,255433
-0,056623 -0,225804 3,064646 0,350009 1,332613 3,125851 -0,013594 0,438294 2,006422 -0,040941 0,573798 3,281376
-0,063209 -0,209538 3,075300 0,349860 1,323541 3,135899 0,117875 0,140663 1,896933 -0,051021 0,577836 3,200642
-0,070401 -0,196042 3,076468 0,356753 1,329490 3,144733 0,159994 0,066698 1,942097 -0,040002 0,635080 3,146653
-0,067347 -0,223334 3,075357 0,358489 1,320842 3,135405 0,207433 0,004243 2,010087 -0,036178 0,632755 3,115572
-0,067400 -0,207037 3,061729 0,354963 1,320134 3,133707 0,193006 0,039043 2,032895 -0,016310 0,641971 3,112221
-0,068111 -0,210581 3,072176 0,355572 1,317567 3,133070 0,165788 0,102863 2,032693 -0,046647 0,583177 3,211764
-0,070191 -0,217914 3,068982 0,357930 1,327958 3,135596 0,094813 0,340524 1,978405 -0,023182 0,586543 3,317611
-0,067213 -0,232887 3,071509 0,347555 1,376428 3,131036 -0,068789 0,719597 2,246264 -0,025801 0,542673 3,280889
-0,064515 -0,228220 3,074867 0,353630 1,325940 3,103850 -0,159936 0,919870 2,398017 0,013138 0,513797 3,133840
-0,061478 -0,228940 3,088068 0,352394 1,323545 3,094694 -0,255812 1,179911 2,556215 -0,005058 0,525682 3,124787
-0,061982 -0,225069 3,074085 0,347396 1,328970 3,097164 -0,414476 1,312193 2,946534 -0,001992 0,537237 3,114328
-0,064342 -0,222595 3,068812 0,349464 1,331147 3,094071 -0,396099 1,306924 3,001012 -0,008851 0,533911 3,093001
