42 12
-0,004530 -0,241002 2,969244 0,377129 1,193455 3,007921 -0,391674 1,267454 3,002326 0,001189 0,506598 3,020906
-0,003841 -0,246214 2,978012 0,416584 1,134961 2,987431 -0,385728 1,206879 2,914568 0,001354 0,503393 3,020821
-0,009545 -0,243172 2,993335 0,462572 0,982671 2,727920 -0,251991 0,965287 2,648393 0,005190 0,488792 3,030351
-0,010390 -0,245694 3,012533 0,446855 0,916150 2,640853 -0,213044 0,835357 2,554924 0,005624 0,464054 2,968519
-0,002686 -0,243740 3,028925 0,310125 0,680083 2,449203 -0,176971 0,609086 2,497085 0,014394 0,468171 3,020958
-0,002934 -0,243669 3,053375 0,267052 0,466249 2,457282 -0,087453 0,375307 2,315337 0,023463 0,489244 2,990740
0,000058 -0,238264 3,063163 0,234215 0,378594 2,397616 -0,075839 0,287874 2,270252 0,007243 0,496676 3,040935
0,007167 -0,240006 3,095275 0,124258 0,227223 2,186659 -0,093567 0,148211 2,152786 -0,001526 0,537452 3,224329
0,005730 -0,211168 3,089992 0,190344 0,093346 1,961954 -0,047658 0,058523 2,000342 -0,010919 0,644341 3,103254
0,007261 -0,214105 3,084239 0,200629 0,055189 1,916557 -0,079066 0,020318 1,979408 -0,007545 0,635754 3,092702
0,021894 -0,261907 3,132406 0,240148 0,002096 2,036325 -0,194177 -0,053556 1,858961 -0,004755 0,641149 3,104051
0,056058 -0,287637 3,060212 0,334845 -0,041062 1,910634 -0,399258 -0,097895 2,041210 -0,014176 0,576386 3,091485
0,010120 -0,271046 3,060865 0,461079 -0,043230 1,909256 -0,531841 -0,120763 2,091433 -0,011468 0,548695 3,103063
0,015663 -0,229730 3,087856 0,898394 -0,019861 2,330273 -0,721914 -0,111440 1,985434 -0,002235 0,507538 3,114126
0,020337 -0,243859 3,070438 1,057490 0,070431 2,363878 -1,107439 -0,080779 2,381445 0,032221 0,494369 3,114336
0,023003 -0,248896 3,037085 1,197668 0,125490 2,609385 -1,179204 -0,042433 2,448835 0,028193 0,480346 3,061848
0,017275 -0,245877 3,014395 1,173461 0,236303 2,670967 -1,223728 0,080245 2,635403 0,028193 0,480346 3,061848
0,028504 -0,249772 2,978132 1,136275 0,415647 3,093356 -1,132524 0,228612 2,656126 0,027574 0,477744 3,021038
0,028705 -0,244619 2,959184 1,048938 0,483866 3,181644 -1,047884 0,301888 2,662335 0,037597 0,479483 3,010977
0,030670 -0,238395 2,947123 0,698088 0,550883 2,814401 -0,929304 0,462432 3,043393 0,040671 0,484670 2,981133
0,021695 -0,241051 2,966246 0,540368 0,616093 3,030850 -0,500970 0,453083 2,556382 0,004413 0,485910 3,010848
0,019258 -0,239217 2,982774 0,443160 0,559388 2,936295 -0,375783 0,451929 2,525107 0,010758 0,486165 2,991013
0,016664 -0,235540 3,000954 0,305423 0,463799 2,758563 -0,236372 0,424912 2,663471 0,021003 0,509919 3,001048
0,004974 -0,237788 3,042733 0,263170 0,405167 2,583298 -0,092260 0,339469 2,416020 0,021169 0,506729 3,000979
0,007019 -0,241228 3,060206 0,252009 0,379411 2,513367 -0,066543 0,299094 2,390643 0,024025 0,505203 2,991114
0,007366 -0,236250 3,072467 0,155686 0,264585 2,260310 -0,100875 0,199760 2,201116 0,007683 0,509794 3,021013
0,004844 -0,227903 3,094530 0,186929 0,185817 2,056972 -0,061476 0,108221 2,041659 -0,029031 0,580299 3,137868
0,004632 -0,222476 3,096954 0,199815 0,141143 1,984319 -0,105324 0,079263 2,009436 -0,008727 0,579274 3,073446
0,016158 -0,258655 3,116510 0,287656 0,059606 2,034878 -0,226125 0,013038 1,857301 0,002652 0,624513 3,103427
0,012307 -0,288214 3,022733 0,416589 -0,021289 1,939788 -0,401801 -0,036306 2,026653 -0,004122 0,578540 3,124050
0,009556 -0,221960 3,087063 0,530501 -0,033420 1,973011 -0,503211 -0,038433 2,055258 0,033459 0,550607 3,157408
0,009815 -0,228345 3,083172 0,936790 -0,005969 2,305514 -0,663677 -0,007392 1,939615 0,011568 0,510713 3,135740
0,006534 -0,241988 3,075765 1,052866 0,115959 2,335586 -1,062919 0,071502 2,334728 0,024527 0,482412 3,031154
0,002610 -0,242108 3,068276 1,215567 0,216220 2,565826 -1,172364 0,134338 2,395801 0,031204 0,482400 3,031158
0,003022 -0,245543 3,039533 1,258683 0,403947 2,698006 -1,251764 0,308626 2,540274 0,031609 0,482103 3,051501
0,016687 -0,249573 3,011254 1,259739 0,706475 3,153107 -1,278438 0,505616 2,623339 0,040911 0,484116 3,021007
0,017199 -0,242981 2,999920 1,222867 0,877121 3,345294 -1,245789 0,600063 2,687470 0,028235 0,493309 3,061893
0,022480 -0,240911 2,977642 0,865246 0,974195 3,056409 -1,226615 0,910379 3,217276 0,047617 0,493922 3,000896
0,026586 -0,234891 2,962880 0,728223 1,245648 3,482101 -0,927787 0,987405 2,970515 0,044173 0,498805 2,990999
0,028645 -0,231892 2,971458 0,622372 1,245334 3,403309 -0,822024 1,063887 3,038160 0,040559 0,500499 2,981198
0,025365 -0,237523 2,965136 0,418281 1,175902 3,082572 -0,696811 1,286417 3,385768 0,027815 0,500167 3,021092
0,020489 -0,234213 2,978265 0,368395 1,177165 3,088597 -0,482421 1,220316 3,058389 0,027976 0,496959 3,021025
