31 12
-0,071606 -0,235100 3,029711 0,350225 1,277734 3,040785 -0,438330 1,333471 2,904942 -0,015576 0,566721 3,093018
-0,070747 -0,236750 3,026093 0,354769 1,283419 3,059164 -0,445825 1,286662 2,747064 -0,021936 0,563233 3,071752
-0,073234 -0,232769 3,036928 0,354063 1,281714 3,057523 -0,457480 1,234168 2,596728 -0,025667 0,561486 3,061411
-0,075287 -0,234660 3,042883 0,357379 1,275326 3,060699 -0,457981 1,160727 2,443504 -0,028799 0,560130 3,092483
-0,081247 -0,236995 3,047759 0,356496 1,273688 3,053597 -0,460515 1,031194 2,300208 -0,021771 0,553432 3,071548
-0,081874 -0,236446 3,055746 0,351796 1,273778 3,047104 -0,455449 0,883684 2,182741 -0,035599 0,570657 3,156277
-0,086934 -0,237481 3,044145 0,343321 1,257413 3,022258 -0,450335 0,737213 2,109367 -0,049465 0,564085 3,177325
-0,087126 -0,230778 3,046317 0,346450 1,269081 3,027934 -0,445693 0,594583 2,055761 -0,039664 0,582889 3,189807
-0,090689 -0,232483 3,045136 0,343899 1,261953 3,010910 -0,437371 0,465843 2,037961 -0,040248 0,586231 3,189999
-0,091537 -0,227287 3,045402 0,349699 1,264255 3,033039 -0,421434 0,343833 2,038310 -0,044408 0,598104 3,200697
-0,092463 -0,221326 3,037789 0,348213 1,269541 3,025512 -0,418107 0,242227 2,063365 -0,040630 0,599669 3,189867
-0,088347 -0,220452 3,041833 0,347876 1,262758 3,012166 -0,420189 0,180340 2,134032 -0,037467 0,604380 3,178377
-0,086192 -0,221252 3,036664 0,351841 1,271466 3,038723 -0,418745 0,144833 2,205159 -0,034455 0,619659 3,188903
-0,083453 -0,235875 3,029486 0,350840 1,268276 3,037855 -0,417040 0,113498 2,264393 -0,006951 0,597231 3,080750
-0,081284 -0,230924 3,027739 0,349575 1,276253 3,049385 -0,420181 0,097265 2,319267 -0,010309 0,602801 3,112431
-0,073941 -0,221485 3,027209 0,352358 1,272419 3,057377 -0,425253 0,092931 2,368583 -0,010149 0,598768 3,070762
-0,074015 -0,217967 3,021225 0,350846 1,281047 3,048087 -0,428574 0,111533 2,428021 -0,010149 0,598768 3,070762
-0,070037 -0,216340 3,013327 0,351092 1,275021 3,050549 -0,431521 0,137966 2,476520 -0,002922 0,596097 3,092560
-0,072610 -0,218626 3,022553 0,348611 1,273315 3,046491 -0,434391 0,179422 2,523311 -0,003126 0,592720 3,092180
-0,068477 -0,224837 3,017308 0,351111 1,276949 3,052257 -0,425939 0,225677 2,563248 -0,012937 0,580889 3,061304
-0,066910 -0,225772 3,017997 0,351371 1,271653 3,052309 -0,424651 0,291174 2,607668 -0,012741 0,578269 3,103424
-0,064262 -0,228979 3,020084 0,345933 1,278906 3,047588 -0,417124 0,383438 2,648818 -0,015967 0,576803 3,114153
-0,065668 -0,229051 3,010792 0,349231 1,274303 3,049246 -0,408791 0,500647 2,689231 -0,019025 0,572022 3,124882
-0,063881 -0,229722 3,005990 0,353231 1,264545 3,047844 -0,406152 0,633814 2,750427 -0,018590 0,558429 3,082261
-0,068393 -0,233549 3,014224 0,353559 1,262151 3,053722 -0,418900 0,796686 2,819420 -0,025398 0,565586 3,145942
-0,067097 -0,231473 3,008709 0,355541 1,276437 3,066161 -0,434234 0,946700 2,866235 -0,029167 0,570471 3,135322
-0,067511 -0,230743 3,003526 0,356607 1,269475 3,059913 -0,463856 1,060160 2,890400 -0,032735 0,571981 3,124500
-0,069691 -0,234170 2,999485 0,359593 1,276843 3,069006 -0,476664 1,173528 3,009176 -0,026154 0,572237 3,146289
-0,069299 -0,231482 3,006180 0,356960 1,281503 3,074302 -0,468737 1,256316 3,097030 -0,029262 0,570213 3,113891
-0,067751 -0,234810 3,008729 0,357751 1,280084 3,068179 -0,458668 1,293569 3,159647 -0,022480 0,573805 3,135578
-0,067454 -0,228907 3,010448 0,355554 1,275115 3,073200 -0,443555 1,299776 3,200551 -0,025996 0,571725 3,103335
