28 12
-0,036542 -0,243069 3,030276 0,356019 1,304697 3,090906 -0,453021 1,274644 3,019020 -0,032337 0,538653 3,040565
-0,036273 -0,241606 3,028637 0,421862 1,201993 2,897027 -0,575000 1,331876 3,186960 -0,032337 0,538653 3,040565
-0,030631 -0,246790 3,038372 0,494031 1,124378 2,782108 -0,663098 1,303882 3,209369 -0,029030 0,540308 3,050918
-0,032696 -0,251144 3,048429 0,808087 1,098877 3,053370 -0,809455 1,025389 2,784420 -0,025788 0,538771 3,082124
-0,034036 -0,246423 3,037822 0,939449 0,657029 2,572658 -1,099058 0,898005 3,040137 -0,032172 0,528980 3,040488
-0,033121 -0,245778 3,022633 1,041049 0,516509 2,665111 -1,165999 0,733665 2,956888 -0,036023 0,533844 3,092283
-0,035609 -0,251934 3,022335 1,136343 0,244220 2,831547 -1,214360 0,416226 2,754298 -0,029419 0,530562 3,092458
-0,032153 -0,248714 3,013664 1,147454 0,088300 3,047310 -1,197640 0,178730 2,725350 -0,035976 0,533878 3,113422
-0,036769 -0,250227 3,013075 1,126110 0,071516 3,033069 -1,165304 0,118271 2,770245 -0,036023 0,533844 3,092283
-0,039287 -0,245767 3,001982 1,151551 0,251135 3,029093 -1,144221 0,164733 2,890780 -0,049400 0,530510 3,070838
-0,048242 -0,245784 3,009119 1,118289 0,629465 3,056985 -1,127066 0,385624 2,816720 -0,049783 0,537037 3,091784
-0,047318 -0,239140 3,006403 1,065488 0,804664 3,153039 -1,103148 0,514321 2,726183 -0,053290 0,538684 3,102211
-0,044574 -0,246903 3,034310 0,912019 0,936152 3,022050 -1,064378 0,735124 2,923726 -0,046481 0,545416 3,123854
-0,034338 -0,249940 3,027635 0,971975 0,815838 2,873257 -1,186553 0,752767 3,073451 -0,039189 0,535427 3,060877
-0,031276 -0,243386 3,031726 1,035997 0,735062 2,869231 -1,212830 0,678505 3,033740 -0,042446 0,540333 3,071097
-0,030668 -0,245768 3,044132 1,199993 0,533020 3,036813 -1,233869 0,502162 2,965377 -0,026017 0,542252 3,146120
-0,031214 -0,248937 3,033872 1,223131 0,225311 3,070655 -1,316165 0,328806 3,020540 -0,026029 0,535590 3,146076
-0,029193 -0,248243 3,039436 1,224837 0,111570 3,170693 -1,335672 0,245746 3,006590 -0,019105 0,532268 3,124652
-0,035815 -0,248547 3,025880 1,088340 -0,023801 3,065789 -1,319298 0,111442 2,995566 -0,019105 0,532268 3,124652
-0,037154 -0,252656 3,026368 1,082871 0,064525 2,990175 -1,253508 0,130985 2,961039 -0,022919 0,533862 3,135207
-0,043309 -0,255803 3,031615 1,114652 0,163041 2,966651 -1,266292 0,194860 2,989938 -0,032982 0,535513 3,124260
-0,051239 -0,246467 3,029186 1,189019 0,482691 3,001521 -1,287186 0,399378 2,952165 -0,042993 0,537068 3,092044
-0,049099 -0,246086 3,031243 1,155954 0,878579 3,200810 -1,210260 0,662869 2,832500 -0,039643 0,538824 3,124070
-0,042231 -0,240337 3,027745 1,079595 1,035735 3,267855 -1,127157 0,774100 2,779931 -0,033160 0,538784 3,124192
-0,037181 -0,242555 3,051298 0,788730 1,126706 2,958590 -1,049025 1,123023 3,179018 -0,035873 0,543603 3,071399
-0,033905 -0,239357 3,048033 0,627439 1,406823 3,362402 -0,734722 1,139620 2,872445 -0,015974 0,533803 3,051119
-0,037433 -0,251411 3,055400 0,516891 1,403381 3,314540 -0,624756 1,183459 2,894477 -0,019129 0,535436 3,040897
-0,036684 -0,243622 3,042329 0,316660 1,277467 3,029430 -0,479741 1,322179 3,172314 -0,012434 0,532229 3,061586
