17 12
-0,086662 -0,232909 3,080972 0,352325 1,297700 3,139244 -0,516861 1,369397 3,082848 -0,038880 0,558529 3,102515
-0,079580 -0,239113 3,108599 0,347658 1,286378 3,114476 -0,613257 1,135216 2,564552 -0,032575 0,555421 3,124356
-0,076306 -0,243521 3,120995 0,348998 1,290656 3,127522 -0,515927 0,828977 2,238995 -0,012021 0,552027 3,103559
-0,076932 -0,243852 3,128816 0,343183 1,294659 3,125631 -0,457843 0,583628 2,025279 -0,058280 0,574685 3,222892
-0,080680 -0,232054 3,126833 0,346534 1,295679 3,155836 -0,376046 0,167849 2,007984 -0,037503 0,609391 3,246727
-0,086782 -0,248011 3,137810 0,346947 1,294008 3,157973 -0,165794 -0,104988 1,839065 -0,049023 0,630101 3,209927
-0,086504 -0,246633 3,129029 0,342754 1,300364 3,169123 -0,093105 -0,175080 1,900797 -0,059689 0,638898 3,220963
-0,081256 -0,241722 3,120311 0,343449 1,292183 3,165882 0,062662 -0,251888 2,110478 -0,066516 0,635571 3,221227
-0,076853 -0,212409 3,130727 0,341900 1,286698 3,152412 0,112421 -0,226993 2,089861 -0,070292 0,646836 3,208670
-0,072085 -0,202166 3,138210 0,341731 1,294828 3,170991 0,123549 -0,216578 2,098682 -0,059910 0,649001 3,220412
-0,075486 -0,235536 3,121367 0,348770 1,292938 3,170277 0,073227 -0,172105 2,046551 -0,056464 0,643356 3,208454
-0,069930 -0,221229 3,095199 0,351856 1,293270 3,174275 0,001923 -0,041009 2,098824 -0,054575 0,606362 3,189409
-0,061453 -0,217108 3,084625 0,350887 1,297402 3,178659 -0,054247 0,071715 2,102902 -0,061231 0,606927 3,211768
-0,059930 -0,240976 3,096774 0,354120 1,308752 3,178530 -0,120033 0,375014 2,138167 -0,026689 0,586193 3,190169
-0,054563 -0,240192 3,087198 0,354212 1,292677 3,158415 -0,330417 0,839951 2,441952 -0,021944 0,557176 3,135160
-0,054217 -0,234889 3,082870 0,361788 1,292184 3,157480 -0,421078 1,075528 2,640279 -0,018854 0,562087 3,124790
-0,060255 -0,232228 3,075754 0,364511 1,293564 3,163500 -0,464000 1,333326 2,949340 -0,018839 0,568717 3,124827
