30 12
-0,101149 -0,233680 3,006014 0,279843 1,301593 2,978978 -0,480372 1,289805 2,760255 -0,052486 0,499856 3,039675
-0,101914 -0,234014 3,016796 0,278311 1,288340 2,959368 -0,503336 1,261198 2,664894 -0,052093 0,500060 3,019347
-0,102776 -0,232539 3,016972 0,282951 1,285857 2,965878 -0,524387 1,205244 2,538030 -0,045795 0,499885 3,039948
-0,106905 -0,229493 3,025299 0,282986 1,284529 2,967454 -0,538234 1,130301 2,403375 -0,042007 0,504837 3,029770
-0,110329 -0,234344 3,024749 0,288669 1,275331 2,962849 -0,542981 1,029973 2,279647 -0,045629 0,490463 3,019639
-0,115220 -0,235984 3,029051 0,277629 1,293314 2,959219 -0,545315 0,910411 2,160974 -0,038974 0,490488 3,019887
-0,120419 -0,234441 3,025129 0,285648 1,270726 2,964501 -0,550256 0,790258 2,078176 -0,042224 0,489000 3,009715
-0,125092 -0,234653 3,029891 0,285563 1,277459 2,964560 -0,552645 0,674245 2,010299 -0,032421 0,493489 3,040400
-0,127154 -0,227432 3,016346 0,284127 1,280642 2,972702 -0,552820 0,567571 1,971898 -0,031976 0,490533 3,019976
-0,130787 -0,236889 3,022744 0,282147 1,279542 2,959012 -0,544433 0,475463 1,944187 -0,063617 0,503934 3,133521
-0,136825 -0,230831 3,019247 0,289281 1,262962 2,953416 -0,529597 0,398846 1,932294 -0,074067 0,515462 3,122394
-0,136407 -0,226474 3,021022 0,288787 1,288559 2,977053 -0,522774 0,334179 1,942914 -0,066923 0,512315 3,101436
-0,138824 -0,226219 3,019091 0,286090 1,291444 2,964128 -0,519168 0,283394 1,976473 -0,066970 0,509065 3,080198
-0,135557 -0,227867 3,021597 0,290248 1,282654 2,974178 -0,516831 0,254883 2,032493 -0,049383 0,504714 3,029579
-0,133513 -0,226112 3,016349 0,294082 1,256533 2,958705 -0,543861 0,248393 2,166148 -0,035676 0,495761 2,970270
-0,136117 -0,227418 3,013518 0,294100 1,262669 2,961403 -0,548912 0,256007 2,273855 -0,042074 0,492618 2,970115
-0,133567 -0,230553 3,007874 0,298846 1,264242 2,968002 -0,508911 0,315849 2,583225 -0,045958 0,496950 2,999405
-0,134378 -0,224271 2,988328 0,304350 1,265531 2,975867 -0,533451 0,355390 2,697046 -0,062901 0,501376 3,028868
-0,136095 -0,236576 2,998207 0,300030 1,269099 2,957788 -0,530712 0,362627 2,725595 -0,065921 0,496693 3,018712
-0,136489 -0,232285 2,994243 0,304939 1,259731 2,968715 -0,524905 0,366328 2,769520 -0,065921 0,496693 3,018712
-0,137394 -0,231065 2,996249 0,302719 1,265276 2,966372 -0,512017 0,359893 2,738679 -0,062633 0,498358 3,008709
-0,134039 -0,231388 2,997956 0,299122 1,267958 2,968549 -0,507015 0,363510 2,725434 -0,065746 0,499938 3,018784
-0,129086 -0,233071 3,014314 0,294473 1,265389 2,953743 -0,502026 0,399774 2,659433 -0,056295 0,501290 3,049689
-0,119797 -0,237099 3,004001 0,285547 1,283155 2,964985 -0,477282 0,523741 2,573700 -0,052380 0,489975 3,059986
-0,116998 -0,234578 3,003856 0,284257 1,269926 2,962512 -0,476582 0,622082 2,519218 -0,052380 0,489975 3,059986
-0,104417 -0,231071 3,027213 0,289619 1,278873 2,976441 -0,473102 0,849992 2,477271 -0,049270 0,501235 3,070649
-0,100851 -0,229548 3,007539 0,283246 1,287136 2,984442 -0,491120 1,070605 2,522452 -0,042529 0,501422 3,050314
-0,096552 -0,233446 3,016114 0,283461 1,272243 2,965932 -0,495197 1,169552 2,614739 -0,045795 0,499885 3,039948
-0,102170 -0,221527 3,010254 0,291232 1,276402 2,991099 -0,486663 1,326120 2,823658 -0,042698 0,504626 3,050312
-0,103189 -0,227092 3,007110 0,294272 1,277255 2,983347 -0,477919 1,323502 2,885265 -0,045785 0,506332 3,039972
