32 12
-0,019370 -0,229109 3,084381 0,463704 1,337606 3,239249 -0,573067 1,251078 2,995011 -0,001770 0,530647 3,135725
-0,021111 -0,231410 3,098380 0,648427 1,072858 2,740641 -0,853033 1,284439 3,266371 0,001539 0,525718 3,103671
-0,020429 -0,228332 3,110096 0,777559 0,980846 2,654293 -0,991907 1,191118 3,218426 -0,011903 0,528972 3,146246
-0,018925 -0,233527 3,103752 1,141560 0,833941 2,991416 -1,101105 0,775579 2,656820 -0,008684 0,520749 3,114095
-0,019478 -0,234973 3,099722 1,179959 0,428471 2,742477 -1,240721 0,519001 2,752064 -0,015359 0,520678 3,135291
-0,018748 -0,235760 3,097134 1,204598 0,264288 2,821742 -1,231678 0,369703 2,702548 -0,018962 0,515743 3,124522
-0,014744 -0,245099 3,083775 1,121235 -0,025698 2,804961 -1,241641 0,134306 2,773675 -0,012290 0,515648 3,146291
-0,015843 -0,239340 3,068872 1,059866 -0,164306 3,155051 -1,208143 -0,020584 2,742226 -0,018777 0,519051 3,124440
-0,017699 -0,239412 3,065078 0,981750 -0,155039 3,091832 -1,202950 -0,070697 2,780819 -0,015359 0,520678 3,135291
-0,017971 -0,236534 3,050102 1,002227 -0,084455 3,092216 -1,199665 -0,048044 2,821910 -0,015171 0,523985 3,135146
-0,022902 -0,240094 3,062775 1,063941 0,095441 2,820065 -1,281016 0,099139 2,888352 -0,022039 0,523973 3,134960
-0,023405 -0,236928 3,065000 1,143544 0,236068 2,835781 -1,303865 0,210294 2,855136 -0,025697 0,522291 3,145842
-0,026446 -0,234136 3,052669 1,201373 0,615935 2,892936 -1,295177 0,492209 2,843723 -0,018931 0,528972 3,124599
-0,024837 -0,232552 3,068671 1,122866 1,031469 3,335031 -1,141821 0,721579 2,725296 -0,018759 0,525665 3,124479
-0,027338 -0,229784 3,072320 0,989795 1,103191 3,306945 -1,090474 0,815490 2,794142 -0,011898 0,528995 3,103347
-0,023438 -0,230828 3,061167 0,803739 1,099008 3,039609 -1,060889 0,948535 3,022898 -0,005302 0,529013 3,082518
-0,021278 -0,235755 3,067177 0,827018 1,009504 2,867832 -1,126505 0,922224 3,109372 -0,012087 0,525706 3,103425
-0,019912 -0,238808 3,072865 0,867704 0,929294 2,776455 -1,182357 0,869365 3,131367 -0,011916 0,522420 3,103314
-0,018680 -0,238001 3,073583 1,107074 0,797847 3,001554 -1,223818 0,645084 2,891457 -0,015686 0,524024 3,113995
-0,020619 -0,237392 3,075759 1,150567 0,421458 2,782906 -1,312372 0,460180 2,949931 -0,018589 0,522347 3,124293
-0,016428 -0,239975 3,063694 1,205991 0,284747 2,884070 -1,319417 0,353576 2,926958 -0,018946 0,522356 3,124560
-0,017067 -0,238231 3,070843 1,121571 0,015478 2,876393 -1,302495 0,173865 2,828645 -0,018777 0,519051 3,124440
-0,019969 -0,239988 3,074144 1,077815 -0,054758 3,040923 -1,256168 0,053183 2,806491 -0,012090 0,525643 3,146323
-0,022439 -0,239245 3,062328 1,037534 -0,053151 2,994900 -1,245856 0,035784 2,838799 -0,011733 0,525631 3,146060
-0,028664 -0,241038 3,063056 1,128618 0,051168 3,042116 -1,253631 0,080321 2,852551 -0,018777 0,519051 3,124440
-0,034451 -0,238943 3,069334 1,171394 0,303075 2,858156 -1,332424 0,240841 2,915865 -0,025697 0,522291 3,145842
-0,035315 -0,235217 3,071119 1,229758 0,484506 2,955739 -1,346466 0,350733 2,915791 -0,029266 0,523964 3,135034
-0,035531 -0,234695 3,067055 1,068851 0,803059 2,840845 -1,325743 0,630088 2,968994 -0,025681 0,528947 3,145885
-0,030332 -0,235213 3,059922 0,950866 1,198573 3,327291 -1,098181 0,846911 2,760208 -0,012087 0,525706 3,103425
-0,022963 -0,227832 3,067810 0,809361 1,306694 3,365207 -0,985619 0,953273 2,770861 -0,015470 0,530633 3,092810
-0,015460 -0,224057 3,080348 0,464945 1,257323 2,963686 -0,844157 1,315188 3,319058 -0,002072 0,527360 3,093086
-0,011957 -0,229143 3,066991 0,333925 1,318549 3,124389 -0,522995 1,233638 2,961686 0,005101 0,530649 3,135823
