15 12
-0,068505 -0,235247 3,045442 0,334772 1,260791 3,174993 -0,496872 1,354650 3,034692 -0,042938 0,557121 3,134767
-0,071998 -0,229584 3,053012 0,333727 1,267499 3,196303 -0,507575 1,303967 2,824711 -0,025435 0,552251 3,145857
-0,071817 -0,234014 3,069089 0,329367 1,263610 3,182719 -0,482899 1,179170 2,574554 -0,022159 0,547221 3,135272
-0,072636 -0,232655 3,074755 0,326654 1,269839 3,179978 -0,477935 0,804741 2,120641 -0,014557 0,537112 3,112889
-0,078654 -0,221384 3,077719 0,323649 1,274879 3,191900 -0,241726 0,365494 1,816436 -0,059488 0,599774 3,292249
-0,080975 -0,218840 3,087248 0,316144 1,274901 3,176211 -0,196349 0,260386 1,848710 -0,054878 0,597105 3,234646
-0,084065 -0,191199 3,090274 0,318172 1,271896 3,186369 -0,127931 0,151488 1,954631 -0,062549 0,675641 3,255860
-0,082135 -0,199054 3,091274 0,319128 1,265409 3,178612 -0,119731 0,143576 1,971910 -0,069656 0,618710 3,280567
-0,080531 -0,208300 3,079588 0,318231 1,271960 3,189473 -0,143374 0,176382 1,999889 -0,062323 0,608382 3,280866
-0,072713 -0,221445 3,096098 0,314823 1,261635 3,170700 -0,191600 0,314783 1,973449 -0,066057 0,603386 3,292415
-0,060036 -0,236485 3,078085 0,324631 1,270921 3,193235 -0,366946 0,621347 2,169833 -0,023737 0,518221 3,140181
-0,056580 -0,231373 3,072312 0,324332 1,276463 3,199282 -0,439851 0,804185 2,292583 -0,021893 0,554117 3,178619
-0,056303 -0,233680 3,072600 0,330600 1,267835 3,198753 -0,465922 1,148973 2,619527 -0,033010 0,552363 3,167843
-0,061628 -0,235362 3,072555 0,336021 1,264820 3,196525 -0,487669 1,260346 2,856379 -0,039708 0,562617 3,189649
-0,069900 -0,233404 3,080056 0,332082 1,252231 3,185942 -0,449312 1,312068 3,035151 -0,040281 0,559198 3,189785
