21 12
-0,208385 -0,067168 3,137227 0,271136 1,350495 3,148101 -0,560291 1,385269 3,055777 -0,199074 0,681428 3,156379
-0,199276 -0,061354 3,135117 0,277485 1,334702 3,137073 -0,545574 1,360879 3,040789 -0,185310 0,681723 3,157977
-0,175657 -0,076965 3,181112 0,292499 1,353947 3,167724 -0,558967 1,157647 2,833014 -0,168761 0,680802 3,170875
-0,157730 -0,085211 3,156063 0,307801 1,355083 3,165785 -0,621095 0,985096 2,874151 -0,153171 0,663416 3,149626
-0,149898 -0,091786 3,172942 0,306130 1,341637 3,133537 -0,717606 0,884463 2,874616 -0,140375 0,671234 3,173191
-0,131275 -0,087524 3,214271 0,333003 1,364583 3,172078 -0,897715 0,562231 2,410336 -0,131249 0,681257 3,207872
-0,109547 -0,081601 3,202628 0,339357 1,357176 3,138501 -1,354773 0,386865 2,794112 -0,130313 0,672536 3,163256
-0,101545 -0,093634 3,191389 0,343452 1,363840 3,138708 -1,359866 0,285472 2,693544 -0,129862 0,665872 3,163141
-0,090440 -0,081619 3,224712 0,355465 1,383782 3,163402 -1,329717 0,251126 2,789874 -0,121522 0,676668 3,220056
-0,078143 -0,086519 3,210569 0,354673 1,382567 3,176362 -1,147970 0,261673 2,670252 -0,110341 0,673657 3,186920
-0,071004 -0,086799 3,210895 0,356209 1,377661 3,161349 -1,210606 0,252007 2,798972 -0,103689 0,681552 3,210025
-0,070010 -0,091702 3,220986 0,357701 1,385298 3,168885 -1,289248 0,143005 2,690462 -0,100745 0,684822 3,244565
-0,070118 -0,084891 3,209320 0,365488 1,382606 3,156695 -1,364176 0,042861 2,838190 -0,100444 0,683791 3,221620
-0,070180 -0,093024 3,196169 0,367440 1,375668 3,135611 -1,344935 0,025261 2,822828 -0,089445 0,671496 3,210859
-0,073573 -0,090822 3,200569 0,364950 1,382334 3,123008 -1,300706 0,054171 2,840310 -0,092710 0,682939 3,199475
-0,065623 -0,091258 3,182122 0,364252 1,382699 3,114786 -1,141722 0,210382 2,658669 -0,092709 0,682939 3,199475
-0,063848 -0,085577 3,188369 0,362270 1,384837 3,113295 -1,099342 0,347119 2,644067 -0,103689 0,681552 3,210025
-0,073590 -0,083896 3,172001 0,352078 1,378753 3,093172 -1,032065 0,760395 2,895690 -0,106463 0,679401 3,198479
-0,073311 -0,083481 3,160438 0,350339 1,383040 3,100445 -0,765156 0,986388 2,658977 -0,103235 0,688465 3,210072
-0,079454 -0,087154 3,162110 0,346504 1,383750 3,104820 -0,661755 1,105921 2,728853 -0,095959 0,680720 3,188036
-0,093353 -0,074035 3,144943 0,342033 1,375346 3,103109 -0,491613 1,387422 3,163056 -0,085939 0,693199 3,199943
