21 12
-0,042768 -0,073921 3,111238 0,420030 1,366796 3,056252 -0,566459 1,324954 2,956674 -0,045859 0,689722 3,082186
-0,045605 -0,075152 3,105593 0,415937 1,360277 3,046058 -0,574343 1,173235 2,776906 -0,035421 0,689592 3,114188
-0,045812 -0,078855 3,102605 0,411083 1,353926 3,041536 -0,569915 0,928422 2,624516 -0,031849 0,681735 3,124807
-0,049647 -0,071858 3,097470 0,401226 1,354348 3,030461 -0,559292 0,635904 2,629608 -0,035885 0,689592 3,114358
-0,057362 -0,066588 3,092206 0,393344 1,348109 3,014317 -0,557108 0,370207 2,635725 -0,050244 0,707194 3,135453
-0,058569 -0,064282 3,091363 0,386817 1,345174 3,006247 -0,547788 0,147834 2,737598 -0,043007 0,698441 3,092818
-0,057483 -0,060085 3,085886 0,376903 1,337520 2,983482 -0,539845 0,040612 2,912498 -0,048970 0,682403 3,030283
-0,054281 -0,066824 3,081614 0,366576 1,333131 2,966755 -0,534433 0,022872 3,054828 -0,032980 0,691710 3,125117
-0,052810 -0,072789 3,093669 0,359819 1,329375 2,958657 -0,507822 0,035189 3,102832 -0,025961 0,683167 3,082697
-0,045147 -0,072618 3,086375 0,352233 1,322106 2,952956 -0,474219 0,050155 3,064200 -0,032984 0,679790 3,082356
-0,043878 -0,070222 3,084755 0,350832 1,315679 2,945445 -0,462010 0,044573 3,031726 -0,039542 0,683105 3,082310
-0,038513 -0,065038 3,087820 0,349181 1,320898 2,948655 -0,466147 0,065636 2,962075 -0,039686 0,694000 3,103513
-0,035024 -0,060182 3,081476 0,347147 1,335166 2,961979 -0,466083 0,111375 2,885030 -0,039679 0,700638 3,103549
-0,030529 -0,069673 3,077576 0,354385 1,341382 2,978963 -0,483666 0,212869 2,785335 -0,033898 0,704759 3,124207
-0,030181 -0,067382 3,086598 0,364428 1,346353 2,980887 -0,500082 0,366528 2,678054 -0,029949 0,702757 3,114172
-0,032237 -0,069810 3,090077 0,372432 1,358576 3,009531 -0,509567 0,576554 2,635135 -0,025561 0,694123 3,104009
-0,025806 -0,084355 3,087929 0,383965 1,357825 3,011928 -0,539139 0,809304 2,599175 -0,035453 0,676287 3,114112
-0,025465 -0,077303 3,082712 0,391001 1,355898 3,010619 -0,556656 1,039328 2,663100 -0,025587 0,680852 3,103938
-0,022736 -0,073253 3,089497 0,397640 1,365025 3,027745 -0,566977 1,217961 2,798963 -0,025335 0,690811 3,103948
-0,019488 -0,072539 3,082321 0,406391 1,361344 3,024758 -0,571850 1,342425 2,959729 -0,025335 0,690811 3,103948
-0,020051 -0,075637 3,078987 0,414142 1,358151 3,033860 -0,582807 1,396717 3,111863 -0,018933 0,686525 3,082959
