19 12
-0,128267 -0,044666 3,151649 0,358036 1,360865 3,117375 -0,541075 1,410169 3,240492 -0,061813 0,692165 3,212322
-0,117908 -0,046763 3,176489 0,341877 1,351845 3,099316 -0,567470 1,373674 3,027411 -0,046669 0,686968 3,168336
-0,110811 -0,053002 3,177413 0,339708 1,349107 3,104880 -0,521324 1,212554 2,772791 -0,063441 0,671216 3,156258
-0,119261 -0,056399 3,186387 0,344632 1,343854 3,094595 -0,502397 0,973047 2,545062 -0,057278 0,676464 3,201178
-0,130557 -0,047262 3,154931 0,351363 1,358124 3,114300 -0,511203 0,435082 2,474083 -0,064716 0,690019 3,201057
-0,124465 -0,035115 3,167609 0,364077 1,347759 3,078638 -0,525278 0,014868 2,683944 -0,058390 0,700137 3,201046
-0,126761 -0,026876 3,152603 0,370175 1,346263 3,076486 -0,539524 -0,069146 2,892298 -0,065315 0,705706 3,178175
-0,114090 -0,037647 3,171887 0,370168 1,343368 3,072439 -0,541232 -0,084045 3,212682 -0,068939 0,706989 3,235059
-0,112862 -0,031333 3,156183 0,369070 1,358074 3,090468 -0,482584 -0,069478 3,114513 -0,061808 0,705862 3,212444
-0,108425 -0,034196 3,152941 0,364689 1,368659 3,092767 -0,468113 -0,072943 3,083117 -0,066023 0,702264 3,246341
-0,107293 -0,039021 3,160360 0,372624 1,366165 3,123213 -0,471798 -0,051500 3,031616 -0,065934 0,707946 3,223186
-0,105242 -0,022247 3,169529 0,371514 1,376748 3,143122 -0,490299 -0,027952 3,066035 -0,062037 0,709213 3,212268
-0,112770 -0,038261 3,147402 0,374323 1,374838 3,141601 -0,489574 -0,005143 3,018483 -0,055469 0,709067 3,211910
-0,109931 -0,028879 3,151989 0,371070 1,374562 3,134012 -0,502349 0,115187 2,762622 -0,054992 0,708044 3,189756
-0,104985 -0,059368 3,141380 0,370478 1,379258 3,126482 -0,444143 0,512532 2,483414 -0,049602 0,672173 3,178752
-0,101028 -0,048939 3,146806 0,366840 1,376541 3,112066 -0,479309 0,756024 2,447954 -0,059115 0,664879 3,123332
-0,100526 -0,045429 3,152675 0,354988 1,364464 3,093235 -0,495470 1,250192 2,749096 -0,036333 0,682432 3,179745
-0,101296 -0,037037 3,157278 0,350958 1,363524 3,112067 -0,543630 1,365792 2,997118 -0,033245 0,699281 3,213632
-0,103267 -0,047144 3,153669 0,346389 1,361475 3,121610 -0,510830 1,389215 3,133450 -0,047534 0,695742 3,213054
