35 12
-0,073267 -0,043358 3,110190 0,399884 1,383409 3,151732 -0,470321 1,336859 3,099328 -0,060564 0,680120 3,167706
-0,080192 -0,047169 3,105299 0,396963 1,376929 3,155277 -0,477740 1,257462 3,002620 -0,071145 0,682204 3,178288
-0,090057 -0,042302 3,106533 0,401844 1,386803 3,162984 -0,487024 1,169098 2,890944 -0,077720 0,677826 3,155823
-0,092832 -0,046054 3,140396 0,396244 1,385512 3,156214 -0,506844 1,062177 2,792222 -0,074676 0,669853 3,166962
-0,100195 -0,054616 3,125537 0,391256 1,381011 3,141189 -0,529082 0,950327 2,692993 -0,080322 0,658885 3,144099
-0,102581 -0,065951 3,137474 0,382862 1,380097 3,117493 -0,522791 0,865734 2,617040 -0,080772 0,658903 3,144480
-0,098842 -0,068508 3,134325 0,381419 1,387448 3,132096 -0,477362 0,796251 2,484656 -0,080553 0,655551 3,144299
-0,113726 -0,079706 3,169976 0,374266 1,380084 3,112448 -0,374347 0,776373 2,360937 -0,072324 0,625558 3,162672
-0,117202 -0,078407 3,180466 0,370952 1,379795 3,111285 -0,285536 0,773240 2,347514 -0,069404 0,648036 3,175405
-0,109405 -0,086929 3,195198 0,363001 1,359136 3,093071 -0,224253 0,719257 2,352560 -0,063118 0,651698 3,177307
-0,112520 -0,081686 3,208601 0,359510 1,366845 3,095562 -0,226219 0,634215 2,320910 -0,067175 0,667410 3,189021
-0,105986 -0,081099 3,217147 0,359317 1,363196 3,098068 -0,234002 0,581668 2,291743 -0,050276 0,676509 3,201479
-0,101112 -0,080175 3,225954 0,359504 1,370938 3,099469 -0,163139 0,564685 2,219849 -0,079688 0,699978 3,269202
-0,095617 -0,073300 3,237997 0,351339 1,375825 3,113647 -0,076800 0,593440 2,218801 -0,076775 0,709219 3,281194
-0,092091 -0,079826 3,241693 0,352778 1,363361 3,107617 -0,005087 0,595634 2,272310 -0,063240 0,713887 3,305264
-0,085564 -0,083530 3,260057 0,350787 1,370808 3,103584 0,018826 0,564435 2,277003 -0,059853 0,717586 3,341813
-0,085846 -0,089722 3,263773 0,349789 1,367246 3,100335 0,004699 0,544884 2,259994 -0,063415 0,716458 3,353995
-0,084921 -0,080225 3,271048 0,350790 1,359120 3,119556 0,027069 0,553173 2,234325 -0,063180 0,727194 3,354202
-0,084842 -0,082980 3,258706 0,354313 1,374478 3,129694 0,103316 0,549819 2,210600 -0,069994 0,727166 3,353736
-0,087744 -0,085926 3,263775 0,350379 1,374344 3,133767 0,203862 0,561780 2,348028 -0,059390 0,724795 3,342127
-0,087831 -0,072699 3,261935 0,358389 1,375015 3,133791 0,256327 0,520530 2,468375 -0,070592 0,735651 3,378602
-0,088494 -0,075666 3,272208 0,359631 1,372199 3,120756 0,260385 0,471652 2,518730 -0,073577 0,740297 3,365813
-0,088099 -0,070107 3,264293 0,370731 1,378857 3,110895 0,242002 0,440980 2,552922 -0,066508 0,743953 3,366426
-0,091727 -0,066563 3,262701 0,371098 1,383434 3,115402 0,199353 0,446781 2,571954 -0,066273 0,740359 3,366199
-0,087147 -0,068917 3,244920 0,367371 1,369563 3,092939 0,154884 0,477443 2,570916 -0,062704 0,734356 3,354189
-0,084299 -0,067022 3,239857 0,369474 1,379302 3,107005 0,098883 0,534537 2,560606 -0,059390 0,724795 3,342127
-0,081686 -0,081062 3,231301 0,363299 1,369691 3,093494 0,041206 0,628757 2,597801 -0,033746 0,691014 3,259358
-0,078084 -0,083920 3,227660 0,367292 1,378068 3,094856 -0,048572 0,737413 2,608048 -0,043055 0,660305 3,223904
-0,080967 -0,079555 3,225342 0,368423 1,382107 3,107686 -0,144422 0,863061 2,615088 -0,053838 0,657033 3,280559
-0,075068 -0,078815 3,212693 0,371348 1,376539 3,096240 -0,248658 1,019296 2,674308 -0,052199 0,636657 3,187352
-0,079227 -0,071062 3,210577 0,372228 1,392795 3,152828 -0,360621 1,119826 2,736135 -0,045805 0,666649 3,167520
-0,077569 -0,058843 3,198061 0,364592 1,384574 3,136751 -0,449127 1,219477 2,839399 -0,053875 0,677715 3,190202
-0,081626 -0,057839 3,183935 0,367349 1,390512 3,161944 -0,495512 1,284117 2,916085 -0,061021 0,673299 3,167599
-0,084280 -0,056801 3,185728 0,371660 1,391725 3,169126 -0,515100 1,307839 3,005058 -0,074671 0,676605 3,167014
-0,088109 -0,067127 3,181838 0,371915 1,392727 3,162029 -0,496555 1,333383 3,087237 -0,068506 0,680887 3,189419
