22 12
-0,097963 -0,078743 3,115985 0,379669 1,354879 3,061738 -0,593261 1,422099 3,170942 -0,073946 0,681460 3,123468
-0,098252 -0,081785 3,109021 0,368223 1,342894 3,037314 -0,655710 1,011859 2,638749 -0,053598 0,685922 3,146112
-0,096867 -0,076194 3,114920 0,368261 1,351752 3,042627 -0,658924 0,517246 2,630829 -0,079877 0,672048 3,059637
-0,097104 -0,067619 3,119504 0,366986 1,346269 3,033067 -0,675382 0,308461 2,626122 -0,049836 0,678556 3,092469
-0,083326 -0,074638 3,166926 0,359540 1,347325 3,029591 -0,674830 0,056939 2,785675 -0,046952 0,681570 3,124475
-0,071458 -0,069310 3,149215 0,351057 1,354026 3,044373 -0,607170 0,082262 2,641990 -0,060676 0,688149 3,123983
-0,067527 -0,072046 3,141000 0,352247 1,350355 3,046465 -0,576655 0,208573 2,521305 -0,050707 0,694760 3,157043
-0,052152 -0,073519 3,195154 0,352637 1,351884 3,047071 -0,591300 0,430243 2,428814 -0,037089 0,684661 3,157216
-0,040912 -0,076533 3,173520 0,351457 1,346507 3,052570 -0,622561 0,277397 2,476350 -0,044191 0,702551 3,179214
-0,044800 -0,074736 3,179329 0,362482 1,367874 3,087484 -0,639189 0,182448 2,546273 -0,033457 0,690303 3,168580
-0,040526 -0,061066 3,196139 0,391625 1,387267 3,135883 -0,649382 0,118824 2,622578 -0,036395 0,694934 3,157737
-0,036876 -0,075907 3,192899 0,402999 1,380610 3,123027 -0,553349 0,274503 2,447309 -0,033225 0,693738 3,168760
-0,036939 -0,080420 3,199633 0,411541 1,375002 3,125249 -0,582223 0,303252 2,451127 -0,036770 0,695932 3,179752
-0,037889 -0,076208 3,197887 0,412606 1,383498 3,134060 -0,599306 0,234837 2,500896 -0,040896 0,710575 3,236075
-0,042903 -0,071362 3,193742 0,413104 1,378746 3,125907 -0,615569 0,250337 2,542914 -0,026277 0,693767 3,168947
-0,044762 -0,073678 3,182091 0,414031 1,378723 3,131173 -0,603851 0,312020 2,548737 -0,029587 0,685829 3,179965
-0,042908 -0,077175 3,185768 0,396592 1,361072 3,103405 -0,604498 0,550169 2,558452 -0,036697 0,690196 3,202157
-0,038831 -0,081303 3,168581 0,385835 1,385090 3,127421 -0,629558 0,866480 2,561000 -0,025923 0,684656 3,191219
-0,039715 -0,077754 3,167107 0,381711 1,375275 3,121984 -0,629038 1,027400 2,630352 -0,025689 0,688064 3,191199
-0,045001 -0,061276 3,152712 0,378905 1,376425 3,106865 -0,581178 1,380194 3,031021 -0,029354 0,689243 3,180010
-0,053988 -0,067791 3,172600 0,379430 1,368914 3,107299 -0,549663 1,420574 3,140833 -0,036545 0,692580 3,179809
-0,060545 -0,068414 3,159934 0,391517 1,367809 3,115150 -0,514769 1,421527 3,229892 -0,047125 0,686904 3,168257
