21 12
-0,152640 -0,070830 3,116856 0,303815 1,381350 3,222123 -0,643997 1,472599 3,320915 -0,129629 0,682750 3,163146
-0,142394 -0,083422 3,166090 0,296736 1,381032 3,193069 -0,681560 1,470612 3,268420 -0,122304 0,675176 3,141891
-0,119884 -0,076011 3,252681 0,273416 1,372808 3,138076 -0,770785 1,126560 2,623422 -0,127179 0,682547 3,196779
-0,134706 -0,035482 3,298827 0,276106 1,381602 3,129149 -0,696490 0,490277 2,215847 -0,115432 0,717598 3,220197
-0,139360 -0,026806 3,285752 0,278807 1,367021 3,086006 -0,678457 0,117834 2,142426 -0,115509 0,730868 3,267268
-0,163001 -0,014724 3,232200 0,276257 1,359589 3,086361 -0,647104 -0,528442 2,617036 -0,129499 0,725805 3,242824
-0,166312 -0,001733 3,203792 0,274011 1,360811 3,079156 -0,523068 -0,747683 2,724189 -0,117245 0,701970 3,209184
-0,164246 0,002408 3,177971 0,278066 1,362549 3,090473 -0,447188 -0,785198 2,957411 -0,120428 0,699672 3,197626
-0,155242 0,012104 3,193706 0,279316 1,363523 3,089972 -0,370454 -0,837655 3,441708 -0,117245 0,701970 3,209184
-0,153950 0,005465 3,182133 0,283119 1,361705 3,073704 -0,341727 -0,817558 3,394653 -0,124679 0,709871 3,231328
-0,148938 0,001306 3,206159 0,289390 1,360063 3,076811 -0,376849 -0,837692 3,365028 -0,103228 0,702150 3,210198
-0,141171 0,006974 3,221503 0,297640 1,369510 3,088197 -0,435019 -0,812936 3,163859 -0,107012 0,711241 3,221388
-0,147253 -0,005672 3,225373 0,291673 1,385376 3,098716 -0,474330 -0,803927 3,132488 -0,118269 0,714596 3,254984
-0,147418 -0,010697 3,212824 0,284758 1,364908 3,099730 -0,490814 -0,788116 3,096189 -0,107583 0,708947 3,244279
-0,135648 -0,009360 3,245324 0,287805 1,377774 3,095151 -0,561930 -0,633547 2,774638 -0,104320 0,718239 3,256193
-0,140136 -0,019100 3,254588 0,291026 1,388844 3,118016 -0,654583 -0,294474 2,686137 -0,104084 0,714780 3,256034
-0,137803 -0,009864 3,260409 0,287409 1,369841 3,107147 -0,687769 -0,033925 2,489668 -0,111776 0,726363 3,279009
-0,134659 -0,013727 3,270379 0,288569 1,374733 3,116743 -0,765473 0,571501 2,417456 -0,126745 0,708625 3,277903
-0,135680 -0,032352 3,252783 0,286977 1,355651 3,110591 -0,745229 0,983908 2,485510 -0,123593 0,683798 3,186017
-0,138510 -0,042114 3,238569 0,288442 1,366170 3,131886 -0,715635 1,154749 2,651040 -0,117251 0,674618 3,208930
-0,160118 -0,020185 3,184977 0,300321 1,364666 3,168330 -0,634388 1,449951 3,208868 -0,127639 0,682501 3,196979
