23 12
-0,125510 -0,069323 3,167054 0,399890 1,346363 3,164559 -0,634801 1,463411 3,325629 -0,082618 0,686261 3,234147
-0,114270 -0,066013 3,199033 0,402670 1,360448 3,169829 -0,715324 1,196153 2,815031 -0,082017 0,674068 3,188815
-0,117324 -0,063393 3,212078 0,399742 1,383110 3,185635 -0,721217 0,820177 2,631711 -0,098192 0,663299 3,132734
-0,116782 -0,055049 3,240120 0,391950 1,384263 3,174051 -0,727732 0,509550 2,463188 -0,076521 0,688351 3,210829
-0,132942 -0,039602 3,214038 0,364828 1,363818 3,126208 -0,742759 -0,076488 2,470357 -0,076389 0,697660 3,257693
-0,141309 -0,034853 3,218207 0,347097 1,351585 3,125003 -0,757931 -0,474710 2,542094 -0,061353 0,699112 3,212582
-0,139765 -0,043905 3,192441 0,337150 1,359158 3,119423 -0,713360 -0,584091 2,637891 -0,068716 0,696692 3,235019
-0,141260 -0,051569 3,186471 0,305673 1,344733 3,072068 -0,659413 -0,746436 2,909150 -0,061144 0,682025 3,212424
-0,133273 -0,044498 3,181453 0,287777 1,357319 3,089729 -0,651568 -0,742145 2,920380 -0,050709 0,690118 3,201660
-0,132359 -0,039392 3,180422 0,288464 1,354930 3,104714 -0,598730 -0,715085 2,872353 -0,047087 0,688961 3,213076
-0,117585 -0,044626 3,198473 0,305034 1,364143 3,105011 -0,545320 -0,714904 2,936316 -0,047077 0,695807 3,213136
-0,115087 -0,043157 3,199955 0,326339 1,352406 3,059751 -0,643063 -0,750796 3,002892 -0,047302 0,699207 3,213161
-0,119326 -0,042542 3,197174 0,340048 1,350745 3,066942 -0,642881 -0,703524 2,930642 -0,047534 0,695742 3,213054
-0,120711 -0,048110 3,200892 0,386436 1,379619 3,110842 -0,592465 -0,690158 2,993008 -0,046617 0,695806 3,212929
-0,119835 -0,046677 3,182119 0,405069 1,365411 3,086677 -0,568283 -0,667835 2,931980 -0,039650 0,694807 3,190812
-0,123988 -0,046052 3,182661 0,405502 1,348420 3,088544 -0,602035 -0,652761 2,901319 -0,040118 0,687973 3,190807
-0,121740 -0,036183 3,180597 0,399846 1,350882 3,078778 -0,649123 -0,498991 2,670137 -0,040118 0,687973 3,190807
-0,112462 -0,036702 3,164924 0,402172 1,376256 3,108185 -0,633658 -0,146024 2,538309 -0,043512 0,692543 3,179575
-0,099828 -0,026983 3,167064 0,386151 1,374839 3,121764 -0,641918 0,099430 2,472080 -0,057472 0,700334 3,201453
-0,089415 -0,042297 3,171779 0,365211 1,367156 3,090211 -0,651392 0,735756 2,568123 -0,047546 0,682052 3,212936
-0,085902 -0,047317 3,167676 0,345629 1,365521 3,126928 -0,621047 1,148861 2,674342 -0,047318 0,685514 3,213042
-0,095959 -0,046207 3,175256 0,344957 1,361620 3,142463 -0,558449 1,284739 2,860303 -0,047546 0,682052 3,212936
-0,112216 -0,040162 3,135303 0,353474 1,359348 3,166188 -0,472821 1,416431 3,242792 -0,064716 0,690019 3,201058
