25 12
-0,104090 -0,056901 3,131636 0,316654 1,385270 3,105795 -0,602565 1,371972 3,142015 -0,111447 0,696615 3,131865
-0,107541 -0,054520 3,140568 0,315393 1,383683 3,100083 -0,617300 1,323269 3,029378 -0,111919 0,689880 3,131983
-0,108988 -0,060427 3,144556 0,320485 1,369107 3,077979 -0,634325 1,226915 2,891502 -0,122533 0,691916 3,142076
-0,116997 -0,065720 3,128158 0,321990 1,375481 3,094837 -0,638634 1,001013 2,733198 -0,119012 0,679710 3,131389
-0,122981 -0,053215 3,157784 0,321808 1,368035 3,094416 -0,638681 0,695029 2,635750 -0,122299 0,695301 3,142042
-0,127877 -0,049035 3,137365 0,325471 1,370650 3,085634 -0,616774 0,424519 2,723021 -0,130566 0,709612 3,163497
-0,135921 -0,049087 3,144681 0,330745 1,368122 3,072027 -0,612758 0,168926 2,815522 -0,122767 0,701940 3,142144
-0,131227 -0,056983 3,140412 0,327426 1,351983 3,075513 -0,608056 0,085636 3,016656 -0,132282 0,691818 3,108849
-0,132811 -0,049658 3,135888 0,328419 1,370359 3,062882 -0,608995 0,097808 3,125671 -0,131603 0,687521 3,087600
-0,128174 -0,049191 3,149836 0,327429 1,369273 3,064979 -0,578357 0,110505 3,155382 -0,146680 0,695944 3,129198
-0,121649 -0,049333 3,161474 0,316977 1,368656 3,060508 -0,578609 0,084582 3,060000 -0,132053 0,695204 3,108937
-0,124035 -0,047583 3,170099 0,312431 1,363469 3,053525 -0,573693 0,094604 3,019618 -0,129437 0,697298 3,119738
-0,120731 -0,059420 3,169351 0,313800 1,357203 3,074975 -0,564290 0,094627 3,032305 -0,123452 0,698351 3,141689
-0,119829 -0,057708 3,162253 0,313800 1,367253 3,071817 -0,564581 0,091419 3,046456 -0,136523 0,695018 3,140982
-0,119769 -0,057109 3,172284 0,313457 1,375202 3,081007 -0,571519 0,095370 3,033630 -0,136527 0,701730 3,141034
-0,119561 -0,057141 3,155886 0,314759 1,382165 3,093817 -0,570495 0,107232 3,000286 -0,129210 0,700711 3,119897
-0,114049 -0,049658 3,164135 0,320468 1,384470 3,097719 -0,580608 0,162644 2,913690 -0,119484 0,706339 3,131365
-0,107531 -0,034929 3,162592 0,322734 1,383651 3,094713 -0,595739 0,287043 2,790346 -0,123891 0,726549 3,164038
-0,103675 -0,057011 3,160393 0,321270 1,392058 3,100344 -0,600860 0,494051 2,723135 -0,123229 0,701802 3,141926
-0,103970 -0,066620 3,146028 0,323205 1,387691 3,098819 -0,630967 0,730402 2,695378 -0,116019 0,693057 3,164458
-0,097556 -0,070169 3,156372 0,321138 1,391303 3,099221 -0,646772 0,968579 2,688201 -0,108302 0,685432 3,142886
-0,095468 -0,072214 3,156763 0,326458 1,385486 3,096122 -0,634816 1,162041 2,830961 -0,108764 0,692101 3,143096
-0,091199 -0,057402 3,148157 0,323676 1,381248 3,082850 -0,606069 1,296527 2,984554 -0,102627 0,699918 3,165521
-0,097060 -0,059437 3,162492 0,324960 1,382758 3,090303 -0,586859 1,337192 3,108272 -0,094749 0,695652 3,144004
-0,094940 -0,060888 3,147943 0,320296 1,378357 3,085926 -0,566617 1,362870 3,175957 -0,109894 0,700948 3,187271
