22 12
-0,096017 -0,041797 3,092828 0,390518 1,370396 3,139345 -0,435865 1,394524 3,157152 -0,060460 0,671526 3,124002
-0,072542 -0,045574 3,056747 0,414982 1,368140 3,109386 -0,440376 1,400864 3,138657 -0,053829 0,682524 3,146023
-0,062732 -0,049535 3,068857 0,407537 1,372377 3,105431 -0,452652 1,428252 3,163568 -0,049832 0,672862 3,113769
-0,036964 -0,047998 3,158129 0,400715 1,379522 3,086975 -0,522044 1,334167 2,955350 -0,025985 0,679350 3,146989
-0,023796 -0,062835 3,148964 0,386032 1,388673 3,102142 -0,700526 1,168410 2,970818 -0,021401 0,667150 3,135586
-0,021448 -0,061931 3,195786 0,383521 1,407774 3,119203 -0,762407 0,855741 2,684848 -0,028735 0,667187 3,135808
-0,049306 -0,027152 3,158713 0,365544 1,386499 3,086333 -0,827691 0,141267 2,379947 -0,043921 0,700359 3,201929
-0,072538 -0,010363 3,172389 0,366340 1,380289 3,063962 -0,727187 -0,352369 2,250317 -0,025674 0,694868 3,191251
-0,082791 0,002340 3,129929 0,366918 1,366244 3,038695 -0,672960 -0,515680 2,396165 -0,015608 0,695013 3,158273
-0,098226 0,003212 3,075116 0,369929 1,376773 3,050031 -0,547937 -0,764344 2,952632 -0,018868 0,693851 3,169232
-0,102317 -0,002368 3,076244 0,364196 1,380428 3,074563 -0,449317 -0,739276 2,872426 -0,019568 0,683597 3,168869
-0,100954 -0,007448 3,089345 0,361752 1,379214 3,078190 -0,418724 -0,737121 2,877227 -0,018868 0,693851 3,169232
-0,084716 -0,001407 3,131326 0,360130 1,383281 3,063268 -0,428231 -0,720237 2,811069 -0,011931 0,691500 3,191594
-0,075710 -0,014750 3,098481 0,360350 1,383130 3,067715 -0,472649 -0,706184 2,828942 -0,019184 0,699334 3,213996
-0,074910 -0,002463 3,104567 0,364312 1,396552 3,073875 -0,502356 -0,655388 2,794726 -0,012387 0,691441 3,191456
-0,069509 -0,003927 3,120307 0,360318 1,392534 3,055396 -0,538155 -0,459624 2,590524 -0,005427 0,693824 3,169350
-0,062295 -0,000181 3,115608 0,363146 1,395087 3,049055 -0,543000 0,036050 2,422204 -0,012378 0,693811 3,169242
-0,040502 -0,023864 3,095240 0,361316 1,399551 3,051351 -0,573416 0,318317 2,312995 -0,000953 0,670570 3,136301
-0,039485 -0,039498 3,117519 0,369871 1,400189 3,083684 -0,606834 0,963867 2,651107 -0,018478 0,666820 3,168893
-0,042858 -0,029474 3,115498 0,378697 1,386981 3,070287 -0,551912 1,190302 2,735507 -0,019115 0,683688 3,169132
-0,051857 -0,029398 3,110777 0,382808 1,377403 3,070968 -0,494202 1,258558 2,864754 -0,025765 0,676016 3,146989
-0,074083 -0,028528 3,073763 0,395479 1,371613 3,094121 -0,429762 1,401164 3,181483 -0,032543 0,678421 3,125135
