28 12
-0,095041 -0,074126 3,148391 0,395303 1,350221 3,135032 -0,541472 1,429545 3,236865 -0,056964 0,677992 3,156844
-0,085950 -0,071457 3,164378 0,394130 1,346459 3,113130 -0,570425 1,417768 3,145400 -0,056964 0,677992 3,156844
-0,087577 -0,081504 3,199784 0,394288 1,370609 3,133811 -0,638337 1,354191 2,972244 -0,049821 0,674680 3,157043
-0,089586 -0,079817 3,199909 0,380293 1,350747 3,113946 -0,718988 1,175852 2,726220 -0,046459 0,676842 3,168198
-0,098736 -0,057239 3,213532 0,372522 1,351045 3,115265 -0,776084 0,872939 2,488426 -0,054081 0,694692 3,190341
-0,109156 -0,058457 3,209462 0,363051 1,351383 3,124980 -0,781922 0,469960 2,350718 -0,047759 0,699110 3,212936
-0,123684 -0,040971 3,199729 0,357020 1,346863 3,120553 -0,721114 0,070556 2,231673 -0,072521 0,714928 3,223403
-0,140493 -0,040268 3,170811 0,351952 1,339337 3,105513 -0,673193 -0,251963 2,267412 -0,079791 0,704476 3,222756
-0,146799 -0,035663 3,156646 0,348518 1,330352 3,098324 -0,619859 -0,480922 2,409291 -0,075855 0,705743 3,211785
-0,153549 -0,036826 3,136358 0,345633 1,327361 3,097192 -0,567229 -0,621629 2,554474 -0,079106 0,701219 3,223086
-0,155066 -0,034680 3,142981 0,336623 1,332920 3,098480 -0,519100 -0,703075 2,683822 -0,068047 0,694587 3,189716
-0,158795 -0,032440 3,128338 0,336394 1,324420 3,092734 -0,475891 -0,739583 2,777777 -0,074935 0,699031 3,211787
-0,155617 -0,033038 3,135966 0,330963 1,326646 3,085012 -0,443857 -0,755239 2,839345 -0,067813 0,698015 3,189731
-0,154363 -0,028917 3,131387 0,335155 1,333225 3,101912 -0,437929 -0,754585 2,856422 -0,075171 0,695599 3,211848
-0,150616 -0,029650 3,153721 0,337416 1,329018 3,093993 -0,441463 -0,748338 2,842201 -0,064710 0,696843 3,201115
-0,148845 -0,035261 3,146446 0,342122 1,327177 3,082086 -0,451211 -0,725564 2,800919 -0,061360 0,692265 3,212522
-0,141504 -0,034373 3,167745 0,347954 1,338783 3,107118 -0,464553 -0,710901 2,749922 -0,068278 0,691145 3,189631
-0,140278 -0,032656 3,164304 0,360560 1,340384 3,100847 -0,480901 -0,681135 2,705670 -0,078872 0,704680 3,223095
-0,136375 -0,039562 3,146180 0,363587 1,348467 3,103336 -0,507154 -0,614494 2,649276 -0,068832 0,705805 3,212128
-0,131612 -0,036852 3,139163 0,375157 1,362829 3,105705 -0,534518 -0,516455 2,563582 -0,061576 0,709346 3,212610
-0,119087 -0,038877 3,162408 0,381593 1,366442 3,110018 -0,572170 -0,321144 2,464571 -0,058432 0,708168 3,223974
-0,115364 -0,036361 3,159407 0,384124 1,365478 3,108779 -0,610612 -0,055029 2,406187 -0,061806 0,712715 3,212505
-0,099777 -0,041742 3,173261 0,384547 1,366929 3,105925 -0,649659 0,247864 2,269284 -0,054528 0,715018 3,190300
-0,085985 -0,050239 3,177917 0,378465 1,363909 3,110820 -0,670091 0,599248 2,350793 -0,050928 0,700316 3,201673
-0,078534 -0,065408 3,182488 0,379321 1,364835 3,112700 -0,672079 0,871286 2,485752 -0,053409 0,684516 3,190044
-0,079487 -0,077436 3,156909 0,370507 1,359095 3,103454 -0,650449 1,095809 2,653773 -0,050491 0,687737 3,224215
-0,079521 -0,061889 3,161984 0,370657 1,369756 3,123759 -0,611359 1,250247 2,841361 -0,043065 0,685794 3,179470
-0,084088 -0,069115 3,147359 0,367607 1,357687 3,123514 -0,563447 1,338771 3,017000 -0,046680 0,680210 3,168287
