18 12
-0,011882 -0,090265 3,161249 0,449886 1,399480 3,120797 -0,436560 1,185023 3,003056 -0,011304 0,665961 3,146940
-0,000963 -0,104510 3,229317 0,420695 1,385206 3,072440 -0,533671 0,658551 2,634595 -0,011749 0,665994 3,147211
-0,023466 -0,099597 3,298049 0,422340 1,384319 3,071924 -0,524061 0,059365 2,531797 0,001255 0,667596 3,104246
-0,022853 -0,097803 3,311473 0,423705 1,382784 3,067474 -0,545330 -0,168992 2,634025 -0,008913 0,682464 3,180298
-0,035173 -0,093115 3,300850 0,408859 1,371244 3,052479 -0,595859 -0,487236 2,597891 0,001997 0,703904 3,237193
-0,031558 -0,099133 3,271957 0,411270 1,354543 3,021713 -0,707159 -0,568459 2,606634 0,029543 0,684642 3,191672
-0,033078 -0,104670 3,271956 0,423808 1,362242 3,023535 -0,694532 -0,559966 2,540340 0,036482 0,683690 3,169538
-0,020302 -0,107520 3,278465 0,448529 1,379861 3,054783 -0,661949 -0,577871 2,569429 0,036262 0,687036 3,169416
-0,010466 -0,104259 3,254448 0,449827 1,376086 3,062820 -0,650644 -0,554935 2,555933 0,040128 0,692638 3,180646
-0,004976 -0,107306 3,261438 0,447837 1,375204 3,064945 -0,655815 -0,533394 2,550329 0,033409 0,690274 3,203056
-0,004016 -0,096376 3,253123 0,458460 1,394629 3,085169 -0,661314 -0,469437 2,498692 0,033409 0,690274 3,203056
0,008588 -0,085556 3,214543 0,454124 1,410303 3,094914 -0,604325 -0,289807 2,431517 0,040419 0,690254 3,203000
0,013152 -0,085788 3,204270 0,445831 1,404800 3,108007 -0,586221 -0,142504 2,424563 0,032656 0,684871 3,158421
0,029251 -0,091676 3,197756 0,425243 1,394494 3,066485 -0,551995 0,265802 2,463541 0,032196 0,684758 3,157936
0,029923 -0,093056 3,162000 0,420338 1,387439 3,072727 -0,564746 0,758358 2,429042 0,019449 0,674847 3,158576
0,027039 -0,077212 3,162747 0,413139 1,378612 3,071849 -0,546571 0,958602 2,559820 0,015117 0,657692 3,104410
0,005901 -0,078480 3,129742 0,421918 1,384630 3,071083 -0,443057 1,348400 3,056594 0,022610 0,668497 3,125937
-0,007253 -0,055384 3,140757 0,427756 1,366682 3,057821 -0,396073 1,364619 3,115449 -0,004781 0,676988 3,169354
