19 12
-0,055405 -0,052374 3,200457 0,402207 1,395290 3,164486 -0,513197 1,342496 3,065979 -0,033478 0,695817 3,213514
-0,057037 -0,054754 3,212571 0,403510 1,402274 3,148854 -0,584426 1,331419 3,042076 -0,033255 0,692433 3,213573
-0,052138 -0,060309 3,219880 0,395843 1,395315 3,150427 -0,613918 1,277064 2,960941 -0,040118 0,687973 3,190807
-0,058668 -0,047569 3,229958 0,392892 1,390345 3,146154 -0,639108 1,014045 2,605772 -0,029570 0,691271 3,225047
-0,059630 -0,065207 3,232845 0,395296 1,380935 3,138961 -0,545969 0,637225 2,498307 -0,019650 0,692392 3,213666
-0,061118 -0,058256 3,248981 0,394734 1,397355 3,152702 -0,584159 0,570399 2,546391 -0,022902 0,693628 3,202478
-0,047265 -0,054658 3,264086 0,389387 1,389423 3,134072 -0,652263 0,533306 2,425749 -0,015903 0,705000 3,225382
-0,040394 -0,054222 3,260209 0,394354 1,397928 3,138444 -0,606604 0,473118 2,377594 -0,015925 0,709583 3,248379
-0,030012 -0,062259 3,265459 0,388393 1,405529 3,156442 -0,600201 0,442818 2,409036 -0,015463 0,709643 3,248518
-0,027021 -0,047594 3,256740 0,385184 1,400817 3,153731 -0,623901 0,463893 2,443043 -0,005571 0,706127 3,214014
-0,027916 -0,045172 3,258454 0,387117 1,397828 3,144342 -0,598439 0,385931 2,387493 -0,008850 0,705017 3,225506
-0,026624 -0,031583 3,253253 0,403972 1,403682 3,150967 -0,577716 0,311181 2,391952 -0,006259 0,723001 3,213170
-0,036104 -0,042753 3,233041 0,406163 1,400030 3,156017 -0,560259 0,259524 2,515316 0,002266 0,721173 3,237391
-0,035335 -0,044323 3,236629 0,418120 1,390180 3,142317 -0,587603 0,400308 2,503413 -0,012129 0,708498 3,191690
-0,031667 -0,048335 3,240709 0,422135 1,403900 3,154254 -0,595966 0,508029 2,478573 -0,011917 0,698305 3,191646
-0,025114 -0,051043 3,228657 0,418014 1,397691 3,130841 -0,600191 0,780245 2,589403 -0,000976 0,686901 3,202829
-0,028871 -0,058858 3,217015 0,411974 1,397467 3,136417 -0,615760 1,002177 2,638609 -0,015662 0,679097 3,180252
-0,032327 -0,058007 3,216617 0,408345 1,386193 3,118354 -0,597182 1,101369 2,697738 -0,019337 0,687030 3,169059
-0,038475 -0,052838 3,199095 0,405752 1,384579 3,113939 -0,512407 1,354507 3,115999 -0,019115 0,683688 3,169132
