19 12
-0,050219 -0,060253 3,178842 0,349418 1,377561 3,084939 -0,522145 1,297310 3,163663 -0,064186 0,682260 3,178631
-0,058924 -0,055355 3,190948 0,352946 1,366179 3,088461 -0,531894 1,216990 3,090610 -0,082195 0,688690 3,211398
-0,065611 -0,054813 3,169923 0,370179 1,368942 3,103150 -0,558525 0,965155 2,898113 -0,067836 0,677615 3,189563
-0,073272 -0,053711 3,174388 0,386372 1,370469 3,105196 -0,871674 0,960420 3,332673 -0,082013 0,680864 3,188871
-0,070219 -0,054907 3,175249 0,388895 1,354682 3,081383 -1,051728 0,816894 3,250518 -0,085087 0,677690 3,155416
-0,062447 -0,057078 3,193924 0,412086 1,375680 3,133790 -1,099712 0,549277 2,763378 -0,054318 0,684448 3,190189
-0,061190 -0,057716 3,197594 0,422978 1,363850 3,106634 -1,220980 0,449552 2,775160 -0,064949 0,679745 3,200909
-0,058375 -0,053759 3,191419 0,421398 1,377050 3,125165 -1,255373 0,393553 2,800419 -0,061366 0,685421 3,212462
-0,054645 -0,061252 3,197972 0,425813 1,380543 3,130603 -1,287663 0,276628 2,776099 -0,054318 0,684448 3,190189
-0,052918 -0,057580 3,208348 0,422419 1,393992 3,175243 -1,315675 0,179975 2,826051 -0,061366 0,685421 3,212462
-0,046581 -0,050647 3,194330 0,415737 1,402438 3,176153 -1,304004 0,136189 2,831089 -0,054318 0,684448 3,190189
-0,042197 -0,059776 3,192401 0,400106 1,390436 3,131099 -1,293949 0,111895 2,898429 -0,057682 0,675468 3,178834
-0,037573 -0,048720 3,177036 0,393394 1,397801 3,160437 -1,234877 0,184277 2,814840 -0,057862 0,677798 3,156448
-0,034197 -0,053292 3,171910 0,395066 1,411882 3,162045 -1,194268 0,261018 2,789664 -0,061016 0,680053 3,167650
-0,030364 -0,053194 3,161955 0,383221 1,398364 3,116646 -1,141466 0,511421 2,862665 -0,060564 0,680120 3,167706
-0,038368 -0,051718 3,162558 0,382329 1,408751 3,123272 -0,934288 0,744737 2,579345 -0,060788 0,683472 3,167738
-0,041060 -0,048965 3,166282 0,377820 1,390653 3,108093 -0,837354 0,878750 2,610467 -0,072045 0,682003 3,177932
-0,047435 -0,054926 3,149755 0,366921 1,383484 3,076862 -0,679155 1,269831 3,131138 -0,082237 0,684219 3,188855
-0,056163 -0,052558 3,167802 0,364736 1,384893 3,081998 -0,467077 1,296044 3,018675 -0,074667 0,683359 3,167066
