22 12
-0,060031 -0,075227 3,079436 0,382848 1,374827 3,058806 -0,555497 1,347762 3,083670 -0,046686 0,692684 3,146427
-0,063520 -0,074179 3,090497 0,391140 1,365690 3,033654 -0,627764 1,234190 3,018796 -0,039554 0,689387 3,146657
-0,067019 -0,082784 3,089417 0,396134 1,368655 3,032368 -0,668146 1,027866 2,879162 -0,042473 0,680506 3,135424
-0,066047 -0,075485 3,111986 0,396949 1,370193 3,024014 -0,733645 0,510024 2,669951 -0,039317 0,692754 3,146623
-0,065811 -0,076912 3,122576 0,395641 1,370623 3,020782 -0,759106 0,144192 2,714327 -0,046264 0,685025 3,124710
-0,062825 -0,072345 3,114462 0,393223 1,365169 3,010418 -0,750996 0,040941 2,755224 -0,046715 0,691637 3,124675
-0,051703 -0,081418 3,144429 0,372427 1,355256 2,979526 -0,729799 -0,015829 2,808614 -0,032755 0,688410 3,125179
-0,045551 -0,077794 3,129137 0,357721 1,375471 3,022534 -0,619361 0,182307 2,564657 -0,039622 0,688377 3,124965
-0,042646 -0,076692 3,129822 0,350108 1,375678 3,040055 -0,611851 0,325180 2,532881 -0,046489 0,688338 3,124726
-0,035624 -0,080218 3,146461 0,348543 1,377582 3,050357 -0,635070 0,337183 2,497745 -0,061007 0,693569 3,167753
-0,039340 -0,061174 3,153069 0,351886 1,373127 3,052006 -0,716598 0,162594 2,657814 -0,050041 0,689453 3,113799
-0,039849 -0,079791 3,147786 0,362490 1,376650 3,066641 -0,721815 0,103345 2,646063 -0,029577 0,692611 3,180015
-0,048274 -0,069410 3,130034 0,380499 1,399182 3,097948 -0,666275 0,201813 2,601464 -0,040233 0,699349 3,146490
-0,044688 -0,075503 3,140769 0,387096 1,384081 3,072775 -0,596198 0,364752 2,502871 -0,040335 0,698139 3,190808
-0,043598 -0,071452 3,146487 0,391076 1,385628 3,077480 -0,615836 0,330844 2,538297 -0,061462 0,700200 3,167474
-0,050752 -0,062279 3,122299 0,388787 1,380611 3,065284 -0,658014 0,202637 2,582583 -0,047112 0,700427 3,168358
-0,052936 -0,062391 3,132118 0,385530 1,383904 3,069284 -0,736596 0,233274 2,681329 -0,040006 0,696043 3,146613
-0,055128 -0,077833 3,120321 0,380959 1,385340 3,068354 -0,722973 0,327885 2,629492 -0,040013 0,689324 3,146568
-0,049843 -0,085786 3,121614 0,365177 1,371163 3,032135 -0,696796 0,671950 2,609140 -0,039489 0,690393 3,168553
-0,051363 -0,067144 3,125706 0,351554 1,382947 3,056950 -0,653622 1,070056 2,637870 -0,035933 0,694964 3,157696
-0,055231 -0,069377 3,121562 0,349960 1,379166 3,055490 -0,632241 1,236812 2,799158 -0,049785 0,694888 3,157186
-0,064992 -0,068122 3,099264 0,353515 1,373123 3,049926 -0,566483 1,468864 3,193879 -0,046253 0,691700 3,124750
