22 12
-0,035111 -0,086463 3,242829 0,415645 1,369385 3,157589 -0,536006 1,427569 3,273924 -0,039689 0,674406 3,190651
-0,032502 -0,083043 3,239635 0,423497 1,382159 3,160700 -0,637689 1,282622 2,849998 -0,018755 0,685667 3,213870
-0,043252 -0,092558 3,293563 0,419531 1,384441 3,135649 -0,684534 1,064969 2,698444 -0,008238 0,676671 3,202731
-0,049583 -0,095297 3,303017 0,419125 1,378842 3,145465 -0,664010 0,797706 2,481141 -0,015014 0,680057 3,202506
-0,054063 -0,081034 3,292579 0,398759 1,361314 3,092520 -0,631904 0,298086 2,472190 -0,015416 0,689288 3,180357
-0,042894 -0,078404 3,249387 0,388035 1,356905 3,074828 -0,483301 -0,017250 2,446790 -0,019786 0,693668 3,168705
-0,033878 -0,069843 3,224013 0,380115 1,354834 3,073168 -0,413183 -0,070093 2,611122 -0,019781 0,700431 3,168754
-0,021777 -0,073413 3,260862 0,351815 1,334815 3,025635 -0,376359 -0,084711 2,793983 -0,012837 0,698123 3,191086
-0,016314 -0,078085 3,293664 0,345870 1,345037 3,058462 -0,606451 -0,143735 2,980092 -0,016348 0,693525 3,202209
-0,007556 -0,083023 3,311525 0,348827 1,348681 3,056952 -0,657785 -0,153163 2,825113 -0,012164 0,692504 3,214083
-0,022666 -0,088098 3,296796 0,372174 1,381649 3,108554 -0,563246 -0,163730 2,922936 -0,009358 0,689123 3,179924
-0,025572 -0,062393 3,260208 0,400589 1,368646 3,096232 -0,389606 -0,108237 2,804848 -0,019460 0,700378 3,236710
-0,043347 -0,081741 3,272768 0,410409 1,360831 3,105554 -0,427435 -0,127018 2,964389 -0,019195 0,692485 3,213940
-0,042702 -0,089197 3,290950 0,442497 1,371099 3,125438 -0,588904 -0,162959 2,745710 -0,005408 0,684651 3,191514
-0,036995 -0,090498 3,266629 0,450397 1,363495 3,087551 -0,769138 -0,120836 2,878653 -0,005188 0,681288 3,191600
-0,035283 -0,092802 3,275628 0,450800 1,370580 3,093463 -0,738574 -0,068223 2,767388 -0,005013 0,673605 3,169360
-0,033560 -0,082788 3,259411 0,439249 1,357337 3,069991 -0,709075 0,161236 2,677296 -0,015863 0,678128 3,158061
-0,030066 -0,088407 3,257562 0,425058 1,379323 3,114146 -0,712300 0,574811 2,631669 -0,022210 0,665554 3,179977
-0,031197 -0,088111 3,247736 0,411833 1,372355 3,121235 -0,710732 0,760657 2,601458 -0,025791 0,662594 3,146902
-0,035483 -0,086036 3,218471 0,384541 1,353464 3,088687 -0,670958 1,199627 2,918549 -0,015496 0,677583 3,225284
-0,042626 -0,082468 3,222083 0,376501 1,358470 3,124748 -0,547240 1,281033 2,895462 -0,022300 0,687868 3,225162
-0,047748 -0,082175 3,212107 0,378129 1,356765 3,122189 -0,472235 1,331101 2,984496 -0,025718 0,674465 3,191094
