32 12
-0,046178 -0,066199 3,139047 0,388813 1,378617 3,117485 -0,501934 1,302960 3,083369 -0,053606 0,679208 3,146067
-0,054692 -0,051565 3,142244 0,381067 1,370664 3,119599 -0,505853 1,218781 2,965151 -0,057672 0,689023 3,178940
-0,062873 -0,042791 3,143125 0,383930 1,377641 3,112224 -0,511156 1,110937 2,846304 -0,053374 0,682589 3,146089
-0,065514 -0,054094 3,158773 0,378911 1,371430 3,102657 -0,533074 0,971546 2,695154 -0,053168 0,680170 3,167801
-0,071396 -0,052028 3,169357 0,382628 1,377525 3,107390 -0,540816 0,858081 2,654024 -0,056731 0,681368 3,156796
-0,072102 -0,063504 3,154034 0,382540 1,380947 3,117079 -0,530922 0,743105 2,560238 -0,060010 0,671592 3,124058
-0,078730 -0,073032 3,178025 0,377463 1,362998 3,105851 -0,481045 0,658439 2,484430 -0,032352 0,673526 3,168542
-0,080726 -0,053416 3,178561 0,383031 1,373306 3,106318 -0,404818 0,605478 2,394660 -0,032778 0,687039 3,168813
-0,084984 -0,054383 3,182396 0,376017 1,365662 3,097100 -0,278895 0,564097 2,319875 -0,036310 0,695995 3,179848
-0,083911 -0,055352 3,186760 0,377957 1,372007 3,103543 -0,171483 0,545344 2,371406 -0,037135 0,710586 3,202085
-0,086605 -0,046793 3,194782 0,379500 1,369060 3,104793 -0,122369 0,495570 2,392051 -0,032981 0,703923 3,168918
-0,089158 -0,051299 3,195646 0,383172 1,366435 3,104077 -0,099768 0,450396 2,385036 -0,019162 0,713041 3,214111
-0,087965 -0,040571 3,199196 0,384958 1,375564 3,110229 -0,039488 0,442391 2,365900 -0,051383 0,741256 3,318363
-0,088176 -0,052281 3,177274 0,382245 1,374621 3,133376 0,042277 0,471957 2,462777 -0,058895 0,746155 3,342295
-0,088771 -0,045741 3,190772 0,381077 1,374493 3,128598 0,093872 0,460164 2,508007 -0,054615 0,742290 3,306087
-0,093586 -0,037703 3,175467 0,382517 1,367158 3,144711 0,109009 0,434430 2,524245 -0,047851 0,759427 3,354981
-0,090446 -0,040373 3,168733 0,382651 1,376737 3,139918 0,115378 0,432933 2,536359 -0,051119 0,750415 3,294590
-0,092893 -0,044873 3,164469 0,383531 1,368002 3,139421 0,142828 0,472610 2,637330 -0,051620 0,753323 3,342699
-0,092339 -0,037850 3,165756 0,384870 1,378743 3,139527 0,134867 0,500580 2,710447 -0,051124 0,751845 3,318327
-0,089793 -0,038952 3,168368 0,387327 1,390986 3,153737 0,130934 0,523283 2,751901 -0,029498 0,732531 3,225409
-0,087716 -0,050295 3,150593 0,383253 1,376349 3,126813 0,113253 0,542824 2,739492 -0,040642 0,734792 3,236455
-0,085549 -0,046770 3,158657 0,386142 1,382780 3,140732 0,074583 0,590917 2,730552 -0,040655 0,720982 3,236327
-0,078954 -0,061804 3,148199 0,384352 1,385195 3,126341 0,020770 0,658856 2,703948 -0,025910 0,691459 3,191272
-0,077795 -0,072224 3,142688 0,384447 1,383930 3,127156 -0,052587 0,739856 2,681244 -0,043090 0,672241 3,179367
-0,068452 -0,067727 3,136982 0,393339 1,385142 3,139474 -0,137443 0,836707 2,662712 -0,052971 0,655759 3,145705
-0,070352 -0,070012 3,129436 0,385319 1,375464 3,115200 -0,236518 0,940654 2,672632 -0,051021 0,638329 3,141348
-0,064290 -0,061576 3,125395 0,388945 1,388694 3,119285 -0,349041 1,031914 2,692797 -0,045786 0,673398 3,167568
-0,064618 -0,059583 3,119520 0,385095 1,377686 3,100530 -0,439355 1,112990 2,756238 -0,050264 0,681380 3,157155
-0,061990 -0,057830 3,119725 0,387557 1,376805 3,106038 -0,510738 1,195677 2,833353 -0,053598 0,685922 3,146112
-0,064984 -0,050498 3,119479 0,381323 1,388206 3,107915 -0,558112 1,257943 2,914978 -0,056921 0,683741 3,135087
-0,065883 -0,036289 3,134714 0,378509 1,379849 3,107263 -0,560109 1,287802 2,962401 -0,053355 0,696023 3,146181
-0,073325 -0,040505 3,117540 0,377478 1,373029 3,106338 -0,541723 1,312063 3,031742 -0,060547 0,693635 3,167808
