15 12
-0,121711 -0,082801 3,170277 0,333721 1,408632 3,107479 -0,456207 1,262110 2,862278 -0,113441 0,666040 3,078181
-0,126935 -0,090085 3,188507 0,327622 1,401027 3,100365 -0,378272 1,042589 2,582280 -0,112747 0,654013 3,117242
-0,137795 -0,082845 3,191661 0,311417 1,385031 3,086248 -0,344814 0,592556 2,390636 -0,104905 0,677546 3,153809
-0,165556 -0,065150 3,243722 0,310436 1,378909 3,073572 -0,231964 0,198047 2,189382 -0,095314 0,760074 3,195930
-0,174113 -0,079311 3,241228 0,315921 1,374438 3,065324 -0,253018 0,105706 2,159209 -0,102435 0,770660 3,243722
-0,177290 -0,080460 3,188019 0,311406 1,360489 3,059953 -0,276390 0,006730 2,097431 -0,106023 0,776764 3,255619
-0,164291 -0,075318 3,180847 0,307427 1,378594 3,082971 -0,255489 -0,000839 2,096648 -0,080386 0,767857 3,199237
-0,165358 -0,068212 3,207127 0,301733 1,381623 3,082341 -0,253434 0,024818 2,106048 -0,091813 0,776945 3,256441
-0,155243 -0,049061 3,222318 0,303973 1,374611 3,105043 -0,269654 0,122956 2,090071 -0,083690 0,772189 3,187892
-0,133738 -0,044339 3,191424 0,311003 1,379349 3,100258 -0,305964 0,312819 2,165804 -0,073667 0,723937 3,166884
-0,125443 -0,045000 3,198419 0,316194 1,389783 3,107761 -0,339715 0,444818 2,234248 -0,074164 0,717202 3,167218
-0,109375 -0,074858 3,207266 0,327852 1,407225 3,128597 -0,358081 0,784415 2,413374 -0,083251 0,661439 3,174645
-0,103819 -0,065597 3,198305 0,346873 1,413723 3,140705 -0,540054 1,157787 2,745532 -0,082233 0,697820 3,188971
-0,106225 -0,064422 3,197685 0,345490 1,390413 3,124072 -0,557364 1,265901 2,880596 -0,098910 0,691007 3,154682
-0,116169 -0,068034 3,163531 0,359656 1,401180 3,151146 -0,518073 1,357031 3,179972 -0,109223 0,691996 3,142988
