23 12
-0,076357 -0,032186 3,148045 0,314812 1,176086 3,011642 -0,413134 1,078150 2,900260 -0,080310 0,665587 3,144144
-0,078343 -0,074144 3,170146 0,194221 0,916091 2,763463 -0,394716 0,797198 2,795237 -0,081813 0,650334 3,188592
-0,087658 -0,051938 3,198394 0,167768 0,598894 2,612038 -0,297786 0,516803 2,597526 -0,084602 0,688867 3,231785
-0,083144 -0,035776 3,249983 0,145830 0,472321 2,542408 -0,262310 0,400140 2,516454 -0,093411 0,711337 3,222327
-0,081991 -0,021329 3,266343 0,076491 0,295489 2,364672 -0,281682 0,248893 2,355264 -0,082957 0,737171 3,280840
-0,050550 0,014411 3,220261 0,177357 0,208964 2,158623 -0,398970 0,219517 2,419189 -0,063746 0,873785 3,339864
-0,061643 -0,002288 3,182299 0,237556 0,169046 2,126976 -0,516371 0,207901 2,476690 -0,064514 0,852305 3,294326
-0,072511 -0,008665 3,197472 0,434226 0,144469 2,408854 -0,639655 0,166460 2,319443 -0,065122 0,817133 3,294511
-0,076927 -0,013178 3,243450 0,517733 0,178980 2,354705 -0,750832 0,255806 2,438160 -0,066657 0,758492 3,233426
-0,077775 -0,030028 3,240166 0,591107 0,229081 2,485816 -0,746006 0,316048 2,422544 -0,066176 0,722645 3,209750
-0,068329 -0,035213 3,242570 0,640725 0,371831 2,625437 -0,677314 0,467782 2,614331 -0,068248 0,703618 3,234982
-0,065397 -0,031114 3,237746 0,485203 0,459065 2,870725 -0,452445 0,391523 2,407203 -0,092704 0,696580 3,199595
-0,061555 -0,027052 3,258257 0,353486 0,378964 2,730581 -0,391520 0,338806 2,437114 -0,075389 0,712696 3,212021
-0,068927 -0,020386 3,238486 0,208514 0,206508 2,429967 -0,377120 0,228073 2,393657 -0,050314 0,787383 3,271413
-0,078501 -0,022785 3,198170 0,359350 0,103844 2,147504 -0,661819 0,194100 2,695049 -0,083340 0,817824 3,376341
-0,072650 -0,020766 3,272225 0,465312 0,074470 2,150890 -0,839253 0,182925 2,671370 -0,045585 0,773408 3,303495
-0,073092 -0,038964 3,271568 0,885188 0,099665 2,703376 -0,964442 0,194693 2,471033 -0,061815 0,685321 3,212261
-0,067989 -0,047560 3,224295 1,061207 0,273171 2,757747 -1,187874 0,379614 2,719934 -0,069070 0,680434 3,257934
-0,062533 -0,058321 3,204748 1,102031 0,395387 2,901536 -1,176068 0,481999 2,709923 -0,061529 0,673597 3,258111
-0,072658 -0,066132 3,181252 1,114516 0,670710 3,042028 -1,133240 0,798647 3,026131 -0,083071 0,672424 3,233993
-0,065195 -0,054474 3,165767 1,006949 1,091960 3,552387 -0,825571 0,910395 2,769877 -0,079118 0,680622 3,222895
-0,064653 -0,058188 3,170419 0,866108 1,240936 3,631708 -0,699828 1,001077 2,820489 -0,082239 0,677422 3,188797
-0,062195 -0,056538 3,143792 0,457455 1,180184 3,114207 -0,523309 1,264456 3,274442 -0,082618 0,686261 3,234147
