24 12
-0,157529 -0,031619 3,115880 0,393665 1,379274 3,171061 -0,642263 1,339555 3,106523 -0,126966 0,684927 3,174693
-0,149356 -0,028019 3,129149 0,515343 1,208422 2,841092 -0,829395 1,366494 3,315217 -0,123823 0,693960 3,186169
-0,152844 -0,031568 3,131334 0,599593 1,126087 2,741307 -0,937484 1,297339 3,289518 -0,122302 0,681882 3,141942
-0,150884 -0,038101 3,138723 0,883805 1,031282 3,001276 -1,050940 0,839047 2,743381 -0,123822 0,687164 3,186108
-0,159966 -0,031597 3,168802 0,980648 0,573619 2,570282 -1,197361 0,433592 2,758238 -0,117477 0,684840 3,209081
-0,155599 -0,039896 3,152236 1,064012 0,407320 2,663240 -1,221864 0,232144 2,685673 -0,125145 0,682293 3,231253
-0,155239 -0,025941 3,157291 1,123919 0,060726 2,853846 -1,269568 -0,123897 2,804678 -0,125371 0,685686 3,231278
-0,153697 -0,018794 3,161829 1,091768 -0,127142 2,995839 -1,207757 -0,255901 2,804061 -0,111506 0,689254 3,232274
-0,162155 -0,017862 3,156776 1,061110 -0,173513 2,960166 -1,232439 -0,276897 2,883782 -0,114656 0,695037 3,243622
-0,152548 -0,006412 3,195611 1,078123 -0,158008 2,970758 -1,242946 -0,187992 2,823940 -0,125379 0,699453 3,231419
-0,152998 -0,029135 3,188657 1,081436 -0,013046 2,931722 -1,211892 0,018745 2,716516 -0,114885 0,684650 3,243570
-0,152139 -0,022953 3,204215 1,080501 0,066532 2,957780 -1,204708 0,094694 2,735253 -0,111284 0,692759 3,232405
-0,152422 -0,031973 3,230597 1,080918 0,122443 2,954778 -1,232489 0,140663 2,801978 -0,118509 0,690325 3,254863
-0,146427 -0,035249 3,232579 1,088294 0,021746 2,917252 -1,282242 -0,007179 2,826388 -0,110597 0,689404 3,232215
-0,152810 -0,029701 3,212772 1,106011 -0,037023 3,020039 -1,236193 -0,088519 2,709341 -0,118959 0,683322 3,254830
-0,146868 -0,027024 3,198000 1,048404 -0,152854 2,982617 -1,231020 -0,218667 2,917005 -0,119183 0,686722 3,254777
-0,147916 -0,025760 3,208982 1,037395 -0,111956 2,975846 -1,194894 -0,096030 2,843652 -0,118736 0,686832 3,254884
-0,144876 -0,040104 3,212516 1,032799 -0,031469 2,962574 -1,198930 0,002905 2,746446 -0,114050 0,676837 3,220548
-0,129988 -0,031994 3,201136 1,029729 0,262481 2,930976 -1,217258 0,344347 2,850801 -0,132903 0,686633 3,253750
-0,127347 -0,045668 3,215932 0,970743 0,678302 3,044605 -1,014587 0,661768 2,595422 -0,133131 0,690047 3,253784
-0,129540 -0,050272 3,220787 0,925158 0,917482 3,216400 -0,913680 0,807109 2,592819 -0,133125 0,683123 3,253708
-0,133126 -0,044111 3,211494 0,639020 1,142989 2,985262 -0,784439 1,267368 3,152759 -0,138996 0,692435 3,230106
-0,131397 -0,034001 3,207572 0,433623 1,484428 3,530970 -0,547284 1,281873 2,981338 -0,139225 0,688964 3,230148
-0,140050 -0,040461 3,203320 0,341414 1,414878 3,368289 -0,531521 1,384061 3,221541 -0,128093 0,690361 3,219579
