38 12
0,018443 -0,031484 3,100458 0,419759 1,312843 3,079090 -0,529473 1,318661 3,262579 -0,011529 0,671095 3,191299
0,025001 -0,034087 3,094634 0,486299 1,304340 3,050184 -0,615444 1,293797 3,278885 -0,005159 0,678825 3,214088
0,038639 -0,041626 3,106800 0,583164 1,243058 2,957627 -0,725620 1,237478 3,252204 -0,004712 0,678851 3,214100
0,044483 -0,031781 3,105678 0,694946 1,152716 2,838580 -0,850021 1,134676 3,164843 0,002363 0,666852 3,169295
0,046767 -0,042301 3,110733 0,829847 1,013539 2,726761 -0,965647 0,959702 3,073827 0,002216 0,667724 3,191611
0,050010 -0,034034 3,124897 0,956709 0,856331 2,653162 -1,063619 0,738410 2,974026 0,002216 0,667724 3,191611
0,052213 -0,033865 3,142855 1,072484 0,646103 2,627217 -1,115314 0,490496 2,878307 0,019739 0,670743 3,225649
0,051964 -0,035865 3,138403 1,126182 0,412133 2,621158 -1,138845 0,273575 2,864185 0,023160 0,668582 3,214279
0,051820 -0,028342 3,169120 1,166180 0,197288 2,710116 -1,153849 0,054208 2,830536 0,013360 0,674143 3,225383
0,057643 -0,031690 3,150707 1,177076 0,012595 2,785766 -1,101721 -0,097899 2,815173 0,019761 0,663041 3,202935
0,056887 -0,026484 3,153080 1,161143 -0,107720 2,797889 -1,094777 -0,184601 2,887278 0,023178 0,675423 3,214333
0,065093 -0,022382 3,159603 1,149192 -0,165592 2,775685 -1,124208 -0,190340 2,939290 0,023178 0,675423 3,214333
0,063640 -0,031014 3,184174 1,133524 -0,170439 2,795473 -1,096968 -0,142705 2,856453 0,037218 0,668551 3,214236
0,056124 -0,028984 3,173919 1,132977 -0,164134 2,847147 -1,075724 -0,083094 2,850133 0,041437 0,678502 3,248593
0,054108 -0,031246 3,162326 1,112119 -0,158217 2,833341 -1,072539 -0,074345 2,893239 0,038273 0,684174 3,260181
0,059766 -0,028454 3,177386 1,113588 -0,194897 2,853849 -1,053711 -0,112131 2,851293 0,030881 0,672882 3,237021
0,061678 -0,033799 3,186177 1,105820 -0,232485 2,824788 -1,114184 -0,162687 2,903064 0,031112 0,676294 3,236903
0,059636 -0,029212 3,188308 1,118812 -0,270405 2,845633 -1,112242 -0,236997 2,863732 0,027022 0,675085 3,248628
0,057008 -0,035561 3,154093 1,101783 -0,290625 2,870591 -1,083913 -0,284506 2,898543 0,024230 0,673784 3,259954
0,058409 -0,033092 3,181809 1,083367 -0,296462 2,840667 -1,069257 -0,314309 2,931131 0,016529 0,676362 3,237104
0,055092 -0,035639 3,172279 1,079407 -0,270578 2,821668 -1,092471 -0,290088 2,993129 0,020160 0,678553 3,248645
0,048891 -0,035495 3,181672 1,088836 -0,223642 2,803129 -1,116323 -0,233611 2,933541 0,016529 0,676362 3,237104
0,044114 -0,033868 3,193504 1,092089 -0,178441 2,835747 -1,079724 -0,136321 2,847954 0,013510 0,678518 3,248354
0,043634 -0,029479 3,181763 1,097595 -0,157066 2,820295 -1,077021 -0,094104 2,884629 0,009355 0,677302 3,260169
0,043591 -0,029996 3,187024 1,109402 -0,198669 2,831379 -1,108441 -0,114112 2,937195 0,009355 0,677302 3,260169
0,043453 -0,029850 3,180233 1,132092 -0,235238 2,864620 -1,124337 -0,164704 2,858594 0,016739 0,672907 3,236989
0,045287 -0,031896 3,182322 1,107967 -0,246504 2,860779 -1,115174 -0,206865 2,920932 0,009101 0,668594 3,214215
0,042457 -0,029793 3,178882 1,101390 -0,223475 2,881011 -1,104213 -0,209031 2,944727 0,009979 0,668516 3,213711
0,039820 -0,037916 3,171014 1,102634 -0,160750 2,852460 -1,109163 -0,156747 2,958210 -0,011772 0,669463 3,236681
0,028322 -0,032847 3,168929 1,096967 -0,049816 2,806583 -1,122241 -0,056189 2,950443 -0,004745 0,665171 3,213989
0,028595 -0,043130 3,157697 1,082262 0,108004 2,848412 -1,123713 0,100627 2,941570 -0,004745 0,665171 3,213989
0,012154 -0,036633 3,176766 1,099162 0,291275 2,866936 -1,074393 0,283578 2,832908 -0,019229 0,671953 3,213769
0,014334 -0,048050 3,146135 1,057734 0,524436 2,860913 -1,099223 0,513992 2,844503 -0,018801 0,665144 3,213700
0,001409 -0,037638 3,165316 0,971273 0,773172 2,903859 -1,011957 0,728424 2,850270 -0,033090 0,680685 3,259309
-0,002492 -0,037967 3,154439 0,873023 1,002490 2,977382 -0,918223 0,919777 2,899894 -0,036497 0,673166 3,202031
-0,014177 -0,033522 3,167573 0,748869 1,179101 3,079175 -0,803655 1,074695 2,970821 -0,046700 0,666704 3,168188
-0,016993 -0,030346 3,167122 0,607381 1,301733 3,139801 -0,693778 1,187881 3,043961 -0,046910 0,676808 3,168257
-0,023242 -0,031761 3,132815 0,484605 1,368592 3,217070 -0,585001 1,271401 3,101668 -0,060573 0,673366 3,167655
