19 12
-0,085590 -0,066158 3,153104 0,368083 1,395854 3,138448 -0,551079 1,444869 3,137902 -0,060538 0,700396 3,167859
-0,075623 -0,063092 3,150244 0,362593 1,412373 3,143775 -0,631891 1,321688 2,909844 -0,060538 0,700396 3,167859
-0,076326 -0,064047 3,157615 0,359756 1,401555 3,132125 -0,894653 1,306526 3,124001 -0,046885 0,697085 3,168406
-0,077735 -0,063705 3,163414 0,356048 1,393299 3,106405 -1,017226 1,147031 3,045123 -0,057434 0,699237 3,179085
-0,077842 -0,065401 3,180886 0,355480 1,394702 3,108542 -1,111959 0,644220 2,529859 -0,047119 0,693664 3,168308
-0,080565 -0,061432 3,185574 0,370339 1,389850 3,073094 -1,213446 0,344962 2,591032 -0,057667 0,695805 3,178993
-0,085155 -0,056393 3,178001 0,370787 1,398103 3,078378 -1,211644 0,243556 2,563017 -0,046885 0,697085 3,168406
-0,080594 -0,047530 3,184882 0,368150 1,391702 3,066084 -1,208316 0,173856 2,591396 -0,043963 0,699231 3,179404
-0,072581 -0,057045 3,169947 0,360974 1,396450 3,095601 -1,186756 0,182194 2,567884 -0,043737 0,695895 3,179525
-0,069010 -0,051441 3,155069 0,355916 1,387006 3,083276 -1,188375 0,192665 2,578771 -0,040562 0,701487 3,190684
-0,063276 -0,049111 3,170434 0,363048 1,399678 3,112814 -1,173216 0,208921 2,562552 -0,036762 0,702718 3,179804
-0,058962 -0,052926 3,163855 0,371710 1,397535 3,099102 -1,175938 0,248392 2,566563 -0,032991 0,697158 3,168870
-0,056186 -0,050689 3,159942 0,373092 1,397231 3,103700 -1,150277 0,290652 2,533600 -0,029443 0,700491 3,202469
-0,048826 -0,058728 3,169580 0,379281 1,412721 3,116612 -1,134069 0,473959 2,621573 -0,019328 0,693792 3,169107
-0,038321 -0,055195 3,169100 0,380734 1,411796 3,102725 -0,937961 0,689544 2,429228 -0,026205 0,706162 3,213885
-0,037790 -0,060777 3,159255 0,383044 1,402284 3,113065 -0,858732 0,831509 2,449746 -0,029669 0,703883 3,202477
-0,034942 -0,063762 3,176881 0,383030 1,409899 3,114456 -0,733975 1,260790 2,997090 -0,022658 0,703909 3,202659
-0,042125 -0,067862 3,206879 0,388914 1,394850 3,100421 -0,493306 1,273384 2,854058 -0,029567 0,699395 3,180066
-0,053907 -0,073174 3,206205 0,389988 1,383702 3,107908 -0,458870 1,358135 3,052225 -0,039637 0,701612 3,190865
