17 12
-0,055226 -0,064117 3,243178 0,407923 1,377557 3,167468 -0,465962 1,391190 3,183089 0,002421 0,690141 3,237096
-0,057500 -0,068679 3,242775 0,402505 1,370736 3,162708 -0,530802 1,355132 3,164529 0,005777 0,688923 3,248661
-0,050251 -0,066723 3,255683 0,394662 1,374978 3,175968 -0,871426 1,333880 3,517762 0,002592 0,699194 3,283677
-0,048645 -0,060165 3,268624 0,394515 1,378633 3,186165 -1,012422 1,102704 3,335802 0,002139 0,699170 3,283653
-0,056060 -0,063332 3,266405 0,407933 1,386396 3,206229 -1,122228 0,422721 2,560950 -0,019302 0,687639 3,259789
-0,060651 -0,055662 3,263891 0,410424 1,374546 3,174492 -1,170451 0,181614 2,607043 -0,019159 0,700255 3,307043
-0,059763 -0,059072 3,270462 0,408393 1,375531 3,182158 -1,164993 0,123426 2,608901 -0,015525 0,693398 3,271614
-0,061098 -0,041422 3,272238 0,409702 1,371531 3,188094 -1,156322 0,071062 2,620808 -0,022936 0,708429 3,295126
-0,051052 -0,057789 3,257211 0,405152 1,392615 3,218340 -1,158220 0,084538 2,635009 -0,008810 0,704923 3,295264
-0,048365 -0,053889 3,256337 0,399581 1,382386 3,198200 -1,154911 0,113489 2,651482 -0,008609 0,696871 3,271746
-0,033425 -0,068264 3,274630 0,403695 1,402146 3,203474 -1,146025 0,220182 2,645147 0,002139 0,699170 3,283653
-0,019861 -0,055983 3,248332 0,398461 1,412600 3,221271 -1,054505 0,431745 2,539942 -0,004757 0,700286 3,307323
-0,014324 -0,058132 3,235427 0,401027 1,407148 3,220205 -0,994432 0,566146 2,565070 -0,001124 0,702610 3,319372
-0,010621 -0,063418 3,241821 0,394547 1,401803 3,207748 -0,914163 0,953753 2,924375 -0,008368 0,697976 3,295349
-0,014984 -0,069171 3,254349 0,398430 1,399468 3,198203 -0,701309 1,080481 2,763508 -0,001253 0,693422 3,271865
-0,025681 -0,062725 3,260069 0,402814 1,386577 3,180866 -0,621840 1,176286 2,841900 -0,001223 0,707346 3,271999
-0,034756 -0,058675 3,237599 0,410376 1,382839 3,189189 -0,489439 1,405693 3,265595 -0,004652 0,690134 3,236993
