27 12
-0,112347 -0,063898 3,183448 0,410389 1,320568 3,056510 -0,772035 1,407422 3,322085 -0,120429 0,692853 3,197564
-0,110956 -0,076951 3,177425 0,457778 1,311805 3,042642 -0,818960 1,398935 3,300488 -0,110123 0,690704 3,187162
-0,106950 -0,076295 3,194606 0,570319 1,326394 3,134837 -0,862047 1,259158 3,060506 -0,109664 0,690778 3,187133
-0,103625 -0,072319 3,189939 0,704353 1,045148 2,683263 -1,054180 1,194427 3,203436 -0,116477 0,679477 3,164387
-0,098529 -0,074606 3,190741 0,787307 0,940632 2,656559 -1,149496 1,070840 3,164016 -0,117704 0,688213 3,209098
-0,103726 -0,075364 3,188301 0,958294 0,776878 2,870261 -1,195316 0,744487 2,899747 -0,111056 0,689362 3,232392
-0,101150 -0,085759 3,195986 1,002674 0,606495 2,816712 -1,260811 0,590646 2,950164 -0,118738 0,693759 3,254959
-0,101263 -0,087009 3,204363 1,017191 0,565580 2,838804 -1,251260 0,544971 2,882805 -0,118509 0,690325 3,254863
-0,106840 -0,083807 3,197911 1,035848 0,543511 2,838557 -1,236141 0,511291 2,924944 -0,118959 0,683322 3,254830
-0,104113 -0,086262 3,196380 1,036426 0,474702 2,833157 -1,311085 0,426794 2,996105 -0,121723 0,688037 3,243009
-0,107636 -0,088761 3,195771 1,060400 0,447507 2,822099 -1,335277 0,360548 3,011400 -0,121723 0,688037 3,243009
-0,110030 -0,082990 3,188882 1,104002 0,405835 2,887988 -1,336040 0,269989 2,969111 -0,125147 0,689173 3,231323
-0,105803 -0,080386 3,186762 1,096699 0,442062 2,864671 -1,333720 0,317948 2,954010 -0,122612 0,695977 3,266342
-0,108568 -0,095913 3,200209 1,092766 0,485045 2,899127 -1,309030 0,380761 2,920320 -0,118509 0,690325 3,254863
-0,106202 -0,083084 3,197854 1,073394 0,541327 2,874439 -1,296956 0,482123 2,965020 -0,121952 0,691459 3,243106
-0,108322 -0,082156 3,197473 1,105759 0,518798 2,864771 -1,340559 0,466322 2,982367 -0,125147 0,689173 3,231323
-0,105821 -0,085450 3,205164 1,120648 0,491814 2,889687 -1,336882 0,427232 2,943615 -0,118736 0,686832 3,254884
-0,107215 -0,089778 3,202518 1,103657 0,441179 2,875850 -1,361597 0,343878 2,997190 -0,121723 0,688037 3,243009
-0,105471 -0,085941 3,202440 1,105463 0,434987 2,946392 -1,330609 0,325422 2,954649 -0,124918 0,685764 3,231225
-0,113653 -0,080559 3,196238 1,087665 0,452535 2,915419 -1,334517 0,346316 2,957058 -0,125147 0,689173 3,231323
-0,117356 -0,078594 3,176225 1,065349 0,538858 2,894568 -1,330043 0,419896 2,967158 -0,129255 0,695919 3,265556
-0,124561 -0,078689 3,178953 1,043014 0,730448 3,037471 -1,257712 0,564783 2,854156 -0,121952 0,691459 3,243106
-0,127226 -0,062885 3,182850 0,974664 0,834203 3,042379 -1,187977 0,666839 2,792381 -0,128324 0,693761 3,219679
-0,124418 -0,061288 3,196473 0,792655 0,993122 2,854676 -1,138761 1,021414 3,090933 -0,117247 0,695128 3,209121
-0,122925 -0,071248 3,188134 0,659533 1,320660 3,272310 -0,800769 1,115694 2,765222 -0,125604 0,695947 3,231302
-0,119348 -0,059976 3,180607 0,541978 1,418790 3,341746 -0,664381 1,182163 2,795417 -0,109664 0,690778 3,187133
-0,117317 -0,060566 3,181199 0,276351 1,337691 3,070593 -0,497495 1,390727 3,154181 -0,103232 0,695306 3,210136
