19 12
-0,067373 -0,068021 3,196778 0,352347 1,387115 3,089599 -0,730014 1,404750 3,245452 -0,040101 0,701582 3,190916
-0,061054 -0,070704 3,219571 0,350598 1,388189 3,106450 -0,864643 1,343337 3,211667 -0,043503 0,699327 3,179628
-0,061191 -0,067671 3,216266 0,362349 1,391940 3,129771 -0,995356 0,841950 2,575481 -0,040265 0,706098 3,213468
-0,081010 -0,066764 3,229766 0,377290 1,366639 3,094792 -1,194673 0,505226 2,665358 -0,047096 0,694737 3,190614
-0,086274 -0,071132 3,244226 0,392919 1,372039 3,097380 -1,204111 0,318837 2,590125 -0,046893 0,690323 3,168356
-0,093769 -0,069796 3,213947 0,416042 1,368292 3,123826 -1,201062 0,092053 2,600456 -0,054535 0,701400 3,190188
-0,089230 -0,072316 3,198644 0,424850 1,367425 3,117420 -1,160023 0,027108 2,566390 -0,047302 0,699207 3,213161
-0,090680 -0,061848 3,200356 0,426108 1,368167 3,126292 -1,161852 0,025589 2,582546 -0,043882 0,701485 3,224672
-0,076028 -0,065605 3,206923 0,416628 1,372486 3,122181 -1,167865 0,048525 2,602164 -0,040442 0,703776 3,236252
-0,070282 -0,070740 3,209261 0,407013 1,393213 3,146330 -1,169999 0,092003 2,589005 -0,033471 0,702667 3,213573
-0,064133 -0,063767 3,202702 0,406038 1,400411 3,152400 -1,168576 0,110328 2,586840 -0,040896 0,710575 3,236075
-0,066029 -0,063082 3,203513 0,394681 1,385993 3,131765 -1,162085 0,159176 2,583871 -0,036913 0,700397 3,202157
-0,055154 -0,062670 3,187369 0,386708 1,397013 3,117527 -1,082380 0,254436 2,498687 -0,032649 0,701646 3,191098
-0,048594 -0,073214 3,174362 0,387879 1,391366 3,121684 -1,037155 0,337143 2,471788 -0,033010 0,702730 3,213678
-0,042544 -0,074369 3,190677 0,378927 1,389765 3,106143 -0,990543 0,625962 2,680886 -0,036688 0,697022 3,202213
-0,041153 -0,071453 3,196736 0,383138 1,394040 3,107738 -0,792320 0,883457 2,508971 -0,029904 0,700429 3,202358
-0,040897 -0,068304 3,201206 0,384977 1,389346 3,103137 -0,724828 1,026853 2,605967 -0,036395 0,694934 3,157737
-0,049878 -0,076155 3,189118 0,388526 1,389251 3,096488 -0,591276 1,380140 3,106144 -0,039304 0,699474 3,146667
-0,062472 -0,074862 3,189008 0,388568 1,384150 3,094544 -0,450735 1,366623 3,053118 -0,039624 0,708421 3,190919
