16 12
-0,159420 -0,060279 3,198194 0,298072 1,379994 3,106386 -0,565994 1,385783 3,129598 -0,142179 0,683964 3,118616
-0,147709 -0,060111 3,202826 0,282604 1,391901 3,100847 -0,587301 1,396031 3,035434 -0,134645 0,673193 3,097800
-0,149650 -0,064922 3,213683 0,277338 1,403212 3,102763 -0,543141 1,282285 2,801457 -0,135824 0,678344 3,140645
-0,149439 -0,070941 3,230157 0,268630 1,394569 3,057393 -0,484391 0,910062 2,395185 -0,129617 0,676877 3,184426
-0,172094 -0,053217 3,281016 0,260120 1,386176 3,078348 -0,240383 0,375433 2,061720 -0,136254 0,726057 3,195349
-0,188974 -0,043674 3,284065 0,260904 1,386793 3,081075 -0,211691 0,224778 2,141463 -0,131886 0,777149 3,212994
-0,202660 -0,050936 3,258293 0,273893 1,387369 3,091402 -0,221990 0,047993 2,155750 -0,120744 0,797119 3,253943
-0,194919 -0,063813 3,244078 0,265035 1,375804 3,095167 -0,189746 -0,003337 2,132216 -0,114674 0,778086 3,198455
-0,185011 -0,064465 3,207963 0,269876 1,383516 3,103234 -0,182772 -0,008236 2,160963 -0,119193 0,769832 3,208327
-0,176572 -0,048513 3,225961 0,270286 1,388887 3,110733 -0,170978 0,036470 2,219328 -0,119221 0,783576 3,208465
-0,162535 -0,043430 3,206580 0,283042 1,385852 3,122368 -0,213710 0,197631 2,343863 -0,109410 0,721401 3,187276
-0,149227 -0,046476 3,203638 0,291289 1,388244 3,113546 -0,230029 0,327582 2,386715 -0,108920 0,721371 3,186822
-0,137172 -0,073759 3,211139 0,307189 1,396962 3,142563 -0,266826 0,694801 2,490921 -0,115329 0,676177 3,163751
-0,135577 -0,059600 3,218071 0,316086 1,408597 3,158049 -0,502633 1,156319 2,837931 -0,120085 0,690603 3,153008
-0,131519 -0,056441 3,210206 0,312773 1,387128 3,137837 -0,544155 1,272915 2,948701 -0,127199 0,695041 3,174774
-0,143598 -0,063188 3,179485 0,322418 1,389971 3,172548 -0,526261 1,401006 3,180370 -0,136523 0,695018 3,140982
