39 12
-0,179755 -0,117937 3,136630 0,247831 1,298965 3,063004 -0,583564 1,330766 3,027381 -0,138959 0,582694 3,228996
-0,177714 -0,123011 3,125175 0,252948 1,298109 3,073902 -0,616244 1,252614 2,922081 -0,159139 0,578675 3,204324
-0,177552 -0,124740 3,131119 0,255355 1,307054 3,069716 -0,646142 1,174581 2,805238 -0,152994 0,582502 3,227689
-0,175383 -0,118763 3,141153 0,254465 1,297553 3,078613 -0,688967 1,072703 2,705122 -0,145194 0,578873 3,205669
-0,178934 -0,129119 3,133427 0,253102 1,300007 3,072418 -0,731541 0,954220 2,618588 -0,149277 0,577235 3,216683
-0,173545 -0,131694 3,148935 0,257977 1,308937 3,071790 -0,777080 0,845602 2,573993 -0,147881 0,570254 3,193698
-0,169745 -0,136423 3,150364 0,260354 1,295545 3,090066 -0,812383 0,750801 2,508830 -0,147681 0,560113 3,193329
-0,167907 -0,138037 3,154182 0,255856 1,297715 3,080190 -0,827037 0,680851 2,487223 -0,144991 0,568716 3,205434
-0,165235 -0,137487 3,167265 0,256036 1,301122 3,092183 -0,815878 0,616136 2,415203 -0,145190 0,572082 3,205603
-0,156681 -0,124511 3,163598 0,259076 1,298414 3,087611 -0,774957 0,580854 2,385091 -0,137482 0,575285 3,183898
-0,159482 -0,127850 3,167633 0,263086 1,293972 3,089795 -0,743784 0,561579 2,370142 -0,134367 0,577163 3,195368
-0,151921 -0,130977 3,161484 0,263650 1,292711 3,085419 -0,737151 0,540012 2,346695 -0,137482 0,575285 3,183898
-0,150995 -0,130863 3,163242 0,266088 1,285042 3,088475 -0,743702 0,536910 2,340449 -0,126931 0,570188 3,173712
-0,149241 -0,128687 3,170014 0,265340 1,286867 3,080958 -0,715954 0,535934 2,336495 -0,127799 0,583934 3,196057
-0,150933 -0,132865 3,177779 0,263686 1,289663 3,093037 -0,663274 0,529926 2,285559 -0,123597 0,582207 3,185131
-0,145426 -0,134478 3,170671 0,266064 1,288756 3,086346 -0,588438 0,531325 2,239296 -0,127207 0,573888 3,195805
-0,147724 -0,139411 3,167477 0,266879 1,291425 3,098982 -0,473448 0,531127 2,209209 -0,132042 0,583151 3,251945
-0,149559 -0,140471 3,162280 0,269787 1,294260 3,100294 -0,336197 0,525120 2,169599 -0,150509 0,577908 3,262344
-0,152047 -0,135917 3,183316 0,275066 1,283348 3,104156 -0,160537 0,528607 2,151473 -0,146965 0,593697 3,273986
-0,156621 -0,132396 3,170182 0,276854 1,282383 3,102843 0,016862 0,509296 2,154139 -0,144829 0,599043 3,286863
-0,158409 -0,142641 3,161922 0,279624 1,278282 3,108649 0,180262 0,529295 2,218214 -0,145019 0,595498 3,286739
-0,158780 -0,127596 3,166449 0,281898 1,280779 3,115749 0,308445 0,549758 2,365103 -0,137709 0,606098 3,287579
-0,155819 -0,141076 3,153908 0,281437 1,281103 3,127954 0,385828 0,568051 2,467759 -0,141796 0,586260 3,274108
-0,152515 -0,139917 3,150776 0,280177 1,270643 3,110883 0,423111 0,590307 2,529384 -0,139924 0,585779 3,228619
-0,151228 -0,141001 3,147389 0,280210 1,275708 3,137866 0,425516 0,612876 2,572766 -0,141624 0,589849 3,274539
-0,150071 -0,146211 3,132693 0,279688 1,287754 3,142776 0,403526 0,638603 2,583952 -0,141962 0,582658 3,273598
-0,148060 -0,139443 3,142518 0,284814 1,285860 3,154989 0,362800 0,665075 2,584300 -0,145008 0,588545 3,286654
-0,145830 -0,158787 3,146087 0,286300 1,288212 3,154730 0,301589 0,696328 2,568068 -0,155044 0,569237 3,273779
-0,141991 -0,141954 3,132573 0,288651 1,287540 3,151927 0,212552 0,721914 2,521855 -0,144372 0,567382 3,262855
-0,143274 -0,141760 3,117247 0,286191 1,292572 3,138899 0,101620 0,752344 2,477098 -0,141112 0,551388 3,250015
-0,140745 -0,141695 3,124152 0,282752 1,294131 3,121234 -0,028817 0,791246 2,442038 -0,133191 0,555450 3,252219
-0,140228 -0,144680 3,121498 0,272681 1,311116 3,110956 -0,171182 0,836024 2,424866 -0,123116 0,524850 3,205212
-0,140335 -0,145981 3,126351 0,274721 1,306756 3,116939 -0,317307 0,882886 2,430372 -0,130462 0,538376 3,205605
-0,141660 -0,137465 3,112399 0,270277 1,316234 3,088178 -0,446657 0,936897 2,461830 -0,123011 0,558625 3,184362
-0,141235 -0,128460 3,119745 0,269190 1,301141 3,103145 -0,545069 1,011570 2,530466 -0,127403 0,570478 3,195898
-0,138908 -0,119151 3,108868 0,265088 1,300766 3,088603 -0,598010 1,101020 2,636084 -0,123597 0,575455 3,185072
-0,138891 -0,124317 3,103915 0,262390 1,296009 3,077474 -0,610441 1,186491 2,753298 -0,127002 0,584057 3,195700
-0,141504 -0,121017 3,103915 0,254508 1,296889 3,077281 -0,599878 1,265020 2,898435 -0,134168 0,580574 3,195270
-0,144836 -0,111357 3,099103 0,253020 1,294677 3,068241 -0,570123 1,345794 3,012227 -0,131436 0,589210 3,207062
