19 12
-0,137929 -0,114973 3,111360 0,242567 1,314358 3,059980 -0,505309 1,285210 3,089279 -0,146024 0,612626 3,205848
-0,124902 -0,119625 3,116777 0,242401 1,314776 3,075398 -0,584660 0,883097 2,668397 -0,145801 0,595701 3,205824
-0,123065 -0,118743 3,140699 0,242051 1,325621 3,073312 -0,613231 0,331563 2,749244 -0,140361 0,612924 3,228243
-0,124136 -0,130278 3,151555 0,240107 1,324889 3,082104 -0,644395 0,039767 2,577197 -0,144259 0,588169 3,161289
-0,116658 -0,123350 3,160055 0,241599 1,317998 3,081366 -0,631606 -0,384997 2,774020 -0,149648 0,593342 3,193276
-0,119752 -0,119445 3,164140 0,240662 1,317357 3,078778 -0,606858 -0,614640 2,752476 -0,130455 0,588357 3,162469
-0,120174 -0,124521 3,161484 0,243811 1,316285 3,085692 -0,611313 -0,702575 2,791613 -0,113665 0,580759 3,197134
-0,123079 -0,127368 3,160161 0,246415 1,309931 3,092895 -0,612492 -0,807555 2,822058 -0,103662 0,572483 3,209006
-0,114625 -0,134284 3,148449 0,238407 1,321831 3,098308 -0,602576 -0,813072 2,808850 -0,103659 0,565689 3,208943
-0,110416 -0,136706 3,144786 0,239370 1,315037 3,093075 -0,597459 -0,824149 2,828053 -0,107064 0,560402 3,197315
-0,114531 -0,130949 3,136993 0,236711 1,317947 3,087524 -0,591711 -0,808879 2,844332 -0,103849 0,569023 3,208864
-0,109868 -0,128708 3,141448 0,242916 1,319811 3,072450 -0,560183 -0,716185 2,796954 -0,096474 0,575997 3,209545
-0,108929 -0,128787 3,134077 0,246693 1,314064 3,074539 -0,545335 -0,598132 2,776344 -0,104038 0,572345 3,208715
-0,108804 -0,133312 3,151784 0,255661 1,313721 3,092030 -0,543198 -0,226196 2,693136 -0,116806 0,564963 3,163184
-0,090493 -0,136898 3,120831 0,257147 1,319079 3,089909 -0,546352 0,311216 2,628158 -0,130052 0,568345 3,162398
-0,095132 -0,148522 3,133574 0,254873 1,316643 3,081340 -0,562325 0,595266 2,554235 -0,123596 0,561959 3,184955
-0,101737 -0,134901 3,124297 0,264670 1,316684 3,097202 -0,550812 1,206595 2,894763 -0,123990 0,582119 3,185161
-0,122866 -0,131232 3,144966 0,276869 1,301673 3,078610 -0,543813 1,353238 3,083674 -0,127605 0,587373 3,196105
-0,127336 -0,132588 3,137256 0,281917 1,297040 3,085937 -0,507478 1,359635 3,153241 -0,131436 0,589209 3,207062
