28 12
-0,191621 -0,091471 3,329942 0,110003 1,318491 3,225545 -0,562379 1,337190 3,197453 -0,120318 0,547899 3,435518
-0,189805 -0,096039 3,325319 0,113773 1,323297 3,245306 -0,632497 1,282189 3,111033 -0,111672 0,540618 3,385649
-0,187974 -0,096444 3,319617 0,119284 1,313890 3,240162 -0,731787 1,211775 3,052344 -0,115646 0,542402 3,397857
-0,188148 -0,098140 3,330382 0,122781 1,311992 3,240425 -0,837941 1,134688 3,002704 -0,115475 0,546043 3,398036
-0,185129 -0,099709 3,332715 0,127351 1,297093 3,222799 -0,916940 1,054249 2,941389 -0,115646 0,542402 3,397857
-0,181661 -0,097752 3,337490 0,139692 1,298753 3,242442 -0,978114 0,997997 2,888122 -0,116121 0,549745 3,423251
-0,179714 -0,096444 3,347224 0,144255 1,303035 3,248018 -0,979503 0,947811 2,868921 -0,116121 0,549745 3,423251
-0,180379 -0,108890 3,348783 0,139896 1,306945 3,240089 -0,910229 0,877691 2,742636 -0,115940 0,546200 3,423237
-0,179233 -0,098192 3,349593 0,139804 1,291218 3,251054 -0,790650 0,807856 2,609776 -0,104584 0,544458 3,411401
-0,179437 -0,110439 3,357032 0,135228 1,308080 3,246638 -0,608249 0,734565 2,500522 -0,101003 0,535581 3,424117
-0,183258 -0,107023 3,351374 0,131700 1,302121 3,252887 -0,415368 0,682864 2,443428 -0,099922 0,521145 3,421921
-0,184515 -0,118546 3,331242 0,126549 1,321861 3,265871 -0,170864 0,631089 2,365872 -0,129385 0,540980 3,512949
-0,187479 -0,113126 3,347575 0,128644 1,295888 3,246828 0,039560 0,640123 2,462952 -0,131585 0,533404 3,566294
-0,192880 -0,124007 3,342489 0,121659 1,307437 3,261644 0,186657 0,686543 2,701645 -0,127236 0,535380 3,553281
-0,193519 -0,121201 3,338386 0,123592 1,306285 3,255513 0,267105 0,699193 2,789166 -0,138917 0,555886 3,566443
-0,194919 -0,119077 3,345151 0,121150 1,299742 3,247808 0,298728 0,703489 2,810709 -0,135323 0,554200 3,580473
-0,195783 -0,123267 3,334825 0,120599 1,314081 3,274264 0,299941 0,710106 2,804718 -0,139741 0,552302 3,593860
-0,193474 -0,122965 3,331511 0,127161 1,318467 3,278671 0,276746 0,723215 2,794768 -0,141936 0,546547 3,552275
-0,193578 -0,119766 3,335386 0,133148 1,312321 3,270858 0,218635 0,724839 2,730935 -0,147389 0,501712 3,528671
-0,194347 -0,122058 3,341351 0,140261 1,295210 3,254713 0,137757 0,744693 2,687257 -0,135859 0,515801 3,548665
-0,189060 -0,120519 3,343455 0,139215 1,302401 3,266866 0,037724 0,775953 2,639133 -0,124109 0,529650 3,566498
-0,187247 -0,128737 3,318710 0,133314 1,304754 3,253615 -0,073767 0,829613 2,612074 -0,104532 0,490222 3,459466
-0,190702 -0,124117 3,350530 0,129894 1,352639 3,267072 -0,193571 0,891700 2,612919 -0,103873 0,515869 3,410341
-0,184129 -0,111778 3,334491 0,131650 1,319608 3,229632 -0,295143 0,983369 2,656554 -0,107603 0,528368 3,398209
-0,180327 -0,105303 3,332911 0,134121 1,301057 3,221210 -0,378615 1,073127 2,740400 -0,103269 0,533699 3,361558
-0,180575 -0,107439 3,323140 0,130583 1,319584 3,231633 -0,444696 1,185523 2,833527 -0,107372 0,538962 3,373693
-0,178788 -0,104857 3,320128 0,125566 1,315608 3,233311 -0,486869 1,268144 2,950397 -0,107551 0,542460 3,373695
-0,178225 -0,108242 3,309186 0,121754 1,331439 3,221160 -0,497064 1,314763 3,066871 -0,107551 0,542460 3,373695
