18 12
-0,261923 -0,051132 3,202026 0,221126 1,349719 3,263497 -0,622277 1,436828 3,199349 -0,217030 0,636789 3,243766
-0,255357 -0,053163 3,220330 0,216698 1,350764 3,256318 -0,640697 1,337178 2,982709 -0,230575 0,650838 3,361919
-0,250524 -0,062581 3,216369 0,214951 1,340253 3,230723 -0,702015 0,794760 2,299377 -0,205703 0,631430 3,292541
-0,243564 -0,041902 3,207194 0,209621 1,349482 3,229863 -0,626948 0,159025 2,204974 -0,228994 0,674158 3,375347
-0,249565 -0,045796 3,232867 0,211963 1,339167 3,227634 -0,656084 -0,096552 2,241499 -0,231941 0,671810 3,362486
-0,255873 -0,050234 3,231757 0,214694 1,344959 3,219528 -0,734879 -0,484752 2,439408 -0,220571 0,651935 3,351089
-0,247073 -0,058462 3,220273 0,214305 1,333390 3,222687 -0,742706 -0,584099 2,472715 -0,215143 0,621373 3,255898
-0,249158 -0,059966 3,211276 0,221611 1,343700 3,247126 -0,699949 -0,632023 2,462982 -0,195062 0,618923 3,281782
-0,246006 -0,062447 3,215080 0,228772 1,359026 3,258893 -0,696697 -0,687856 2,577709 -0,191636 0,614209 3,294079
-0,239439 -0,065627 3,224479 0,233897 1,358815 3,259585 -0,724084 -0,665401 2,577733 -0,185958 0,618242 3,318604
-0,237259 -0,056376 3,235977 0,235800 1,349863 3,243592 -0,703677 -0,652843 2,582004 -0,193852 0,629458 3,342248
-0,234769 -0,053468 3,248146 0,228532 1,343488 3,236681 -0,738650 -0,591597 2,583750 -0,194065 0,632922 3,342259
-0,224644 -0,048708 3,234692 0,222904 1,334266 3,232053 -0,725527 -0,439837 2,586485 -0,191427 0,642013 3,354677
-0,223020 -0,063873 3,236334 0,223234 1,370112 3,249203 -0,697636 -0,289860 2,556256 -0,193868 0,636532 3,342347
-0,212395 -0,059750 3,222990 0,223022 1,352401 3,238163 -0,680504 0,118001 2,584868 -0,187383 0,636670 3,282932
-0,215180 -0,065759 3,227258 0,217690 1,366094 3,252096 -0,663206 0,649853 2,532086 -0,194676 0,626039 3,282018
-0,218444 -0,073451 3,220857 0,222265 1,365959 3,252522 -0,668362 0,898417 2,567101 -0,196210 0,637011 3,305686
-0,232033 -0,065288 3,200891 0,220695 1,355046 3,249429 -0,601264 1,438033 3,212652 -0,201111 0,650545 3,341689
