26 12
-0,235473 -0,067245 3,218994 0,214564 1,345764 3,247582 -0,598315 1,407413 3,295753 -0,231234 0,632969 3,301142
-0,235826 -0,066239 3,217350 0,215052 1,332069 3,247388 -0,604427 1,407891 3,290101 -0,222673 0,635936 3,338737
-0,229503 -0,069571 3,243672 0,214550 1,322333 3,250866 -0,644082 1,269565 3,012033 -0,222029 0,639600 3,338340
-0,229492 -0,067931 3,230392 0,217971 1,341671 3,246165 -0,733243 1,123064 3,016289 -0,219057 0,634722 3,350926
-0,229881 -0,065766 3,227023 0,216956 1,329318 3,234662 -0,805253 0,939550 2,951657 -0,223662 0,626208 3,301654
-0,230364 -0,066484 3,230995 0,220195 1,343001 3,246865 -0,881604 0,600626 2,717520 -0,207640 0,639906 3,340239
-0,232832 -0,066977 3,241029 0,223291 1,326628 3,253676 -0,841397 0,434338 2,684943 -0,214037 0,635457 3,315495
-0,228788 -0,066174 3,249851 0,221742 1,328695 3,245543 -0,745406 0,390889 2,598003 -0,205703 0,631430 3,292541
-0,224838 -0,065168 3,250091 0,220099 1,335693 3,252522 -0,616794 0,414411 2,782001 -0,209317 0,639504 3,280350
-0,223575 -0,065125 3,246351 0,219880 1,328837 3,263730 -0,702091 0,394551 2,910456 -0,196986 0,626609 3,246544
-0,222396 -0,067735 3,249236 0,221462 1,329613 3,263535 -0,823205 0,370891 2,956769 -0,219922 0,631129 3,290711
-0,219735 -0,065841 3,243429 0,219248 1,328926 3,248012 -0,918052 0,369138 2,741831 -0,210078 0,636880 3,304088
-0,229295 -0,071721 3,258256 0,219603 1,328529 3,245243 -0,798050 0,353529 2,616837 -0,214021 0,628434 3,315400
-0,228600 -0,071696 3,264705 0,219825 1,334500 3,259068 -0,712528 0,363337 2,583180 -0,198092 0,630700 3,269802
-0,233689 -0,071994 3,254861 0,221643 1,335293 3,249467 -0,657134 0,400905 2,699136 -0,210639 0,626481 3,244959
-0,230921 -0,063266 3,260261 0,217582 1,331274 3,255046 -0,861384 0,397609 2,926613 -0,229704 0,632346 3,277365
-0,230850 -0,072894 3,250675 0,217932 1,338831 3,258486 -0,968860 0,410977 2,941754 -0,225613 0,633747 3,326135
-0,232055 -0,072530 3,245593 0,219193 1,332381 3,248220 -1,036591 0,443247 2,764029 -0,219493 0,634651 3,351301
-0,235637 -0,065701 3,260597 0,221609 1,320467 3,254502 -0,913557 0,460457 2,653342 -0,228331 0,635142 3,313588
-0,236376 -0,068757 3,253410 0,217570 1,332747 3,258503 -0,836694 0,484820 2,618777 -0,231216 0,625975 3,301049
-0,242791 -0,069039 3,218417 0,214761 1,319354 3,249591 -0,752596 0,656068 2,795059 -0,228534 0,631572 3,313613
-0,245928 -0,069300 3,243732 0,217454 1,321085 3,245034 -0,662151 0,814101 2,656459 -0,222452 0,632462 3,338619
-0,241379 -0,068570 3,236896 0,216905 1,327608 3,260956 -0,654355 0,950361 2,712906 -0,242439 0,621009 3,251928
-0,241583 -0,067787 3,220606 0,213576 1,324728 3,236313 -0,630049 1,264492 2,946195 -0,228555 0,638593 3,313709
-0,249626 -0,069109 3,235431 0,212488 1,327212 3,249817 -0,640373 1,360824 3,078751 -0,238122 0,629352 3,299934
-0,248743 -0,068649 3,231921 0,213495 1,323666 3,253726 -0,610014 1,378339 3,165315 -0,229461 0,621956 3,277012
