24 12
-0,253675 -0,076491 3,304828 0,082716 1,335006 3,224464 -0,596067 1,401193 3,272438 -0,199129 0,546571 3,377319
-0,260587 -0,075901 3,308974 0,081430 1,325006 3,233998 -0,589471 1,360924 3,157213 -0,207407 0,546634 3,401360
-0,255098 -0,068485 3,309511 0,085506 1,342051 3,230970 -0,587999 1,291706 3,019607 -0,196066 0,548470 3,390187
-0,255310 -0,075162 3,312797 0,077742 1,338455 3,239933 -0,598292 1,150079 2,843721 -0,192606 0,543364 3,403063
-0,256104 -0,067334 3,313900 0,083515 1,340353 3,237298 -0,610224 0,893751 2,687906 -0,192606 0,543364 3,403063
-0,257002 -0,082037 3,311498 0,078947 1,342886 3,240774 -0,624827 0,575287 2,679643 -0,195689 0,541479 3,390107
-0,258119 -0,072919 3,315092 0,086711 1,345958 3,240254 -0,635486 0,343168 2,753272 -0,179594 0,544852 3,342482
-0,254612 -0,067194 3,316941 0,087760 1,336795 3,243785 -0,636572 0,180165 2,864162 -0,187004 0,555199 3,341617
-0,252590 -0,073205 3,312405 0,091553 1,333408 3,226966 -0,629213 0,108225 2,982034 -0,179797 0,555316 3,342408
-0,249482 -0,070088 3,320641 0,089493 1,342531 3,225399 -0,630121 0,091773 3,042409 -0,179797 0,555316 3,342408
-0,243824 -0,076162 3,309196 0,092508 1,344110 3,240841 -0,627909 0,095885 3,038383 -0,177377 0,568276 3,380139
-0,240643 -0,072848 3,324162 0,088767 1,342879 3,239283 -0,627410 0,116421 3,003955 -0,180664 0,562680 3,367171
-0,244435 -0,073476 3,326852 0,087520 1,335674 3,219060 -0,627490 0,152671 2,949154 -0,172586 0,555429 3,343170
-0,241232 -0,071447 3,332803 0,091447 1,338470 3,228609 -0,627735 0,207658 2,892620 -0,169459 0,557335 3,355745
-0,238637 -0,075665 3,327706 0,087286 1,333754 3,235691 -0,627894 0,293222 2,836111 -0,165171 0,545068 3,343993
-0,242110 -0,077911 3,334023 0,091560 1,343248 3,236355 -0,631277 0,406675 2,787450 -0,182182 0,552560 3,417061
-0,238458 -0,081175 3,325063 0,089152 1,336400 3,228401 -0,637696 0,545283 2,771716 -0,182355 0,548905 3,417018
-0,239559 -0,082536 3,337806 0,085307 1,340168 3,218746 -0,635988 0,715761 2,698417 -0,182166 0,545375 3,416945
-0,237193 -0,085101 3,336810 0,089492 1,348519 3,252212 -0,644377 0,900184 2,743116 -0,183238 0,549093 3,442430
-0,235940 -0,082824 3,328002 0,086012 1,327508 3,231904 -0,639220 1,074623 2,809619 -0,186571 0,550713 3,429300
-0,235753 -0,076232 3,323521 0,088245 1,339586 3,228932 -0,632914 1,223920 2,933167 -0,178351 0,550613 3,404794
-0,239523 -0,085874 3,332257 0,087868 1,336821 3,229575 -0,620287 1,325390 3,087793 -0,189693 0,548790 3,416180
-0,237674 -0,077341 3,336568 0,092316 1,339126 3,243324 -0,607098 1,380040 3,214151 -0,186571 0,550713 3,429300
-0,238417 -0,077107 3,320011 0,094682 1,345028 3,253665 -0,589182 1,394552 3,300009 -0,189504 0,545262 3,416101
