35 12
-0,207896 -0,113510 3,100394 0,326747 1,286721 3,136825 -0,519169 1,438853 3,143850 -0,171215 0,577856 3,158485
-0,201943 -0,116056 3,110880 0,322336 1,298719 3,136688 -0,546295 1,426904 3,096782 -0,171410 0,574462 3,158541
-0,200245 -0,112827 3,126686 0,316702 1,294881 3,133190 -0,591252 1,401697 3,022094 -0,165420 0,584969 3,181413
-0,190467 -0,118069 3,133021 0,311135 1,301790 3,109754 -0,648908 1,334678 2,948677 -0,165420 0,584969 3,181413
-0,185976 -0,114328 3,143749 0,310493 1,291881 3,115177 -0,703413 1,246531 2,859017 -0,151560 0,585179 3,182782
-0,178349 -0,124692 3,141133 0,303221 1,292812 3,101044 -0,758693 1,126437 2,788081 -0,158872 0,578204 3,181992
-0,173021 -0,118013 3,150682 0,295914 1,293344 3,083599 -0,800181 1,002158 2,743996 -0,159340 0,582027 3,204434
-0,171526 -0,119388 3,167511 0,295790 1,286548 3,082095 -0,818662 0,864148 2,702294 -0,154993 0,576424 3,171238
-0,163314 -0,125735 3,175519 0,290566 1,290779 3,091563 -0,817024 0,745051 2,652161 -0,151354 0,575097 3,182619
-0,161329 -0,127683 3,174802 0,288505 1,306963 3,094026 -0,825279 0,671995 2,651409 -0,147693 0,576646 3,171956
-0,156428 -0,120963 3,187447 0,289624 1,304029 3,093733 -0,817569 0,634271 2,642858 -0,148682 0,583655 3,194241
-0,149890 -0,122165 3,175508 0,289629 1,301616 3,106467 -0,819807 0,636430 2,646582 -0,151554 0,578430 3,182721
-0,147581 -0,128065 3,173876 0,285609 1,303047 3,103883 -0,826749 0,661318 2,689445 -0,156270 0,577135 3,216013
-0,147090 -0,121632 3,187325 0,296594 1,300918 3,106862 -0,813578 0,646274 2,670091 -0,149283 0,584049 3,216752
-0,144141 -0,124844 3,179318 0,288517 1,309281 3,108233 -0,808041 0,628571 2,688885 -0,149475 0,580587 3,216716
-0,143364 -0,122537 3,178249 0,297659 1,301164 3,120815 -0,813564 0,623357 2,681893 -0,141526 0,580419 3,194848
-0,143368 -0,122858 3,187451 0,294354 1,315898 3,123888 -0,813646 0,665017 2,701060 -0,138962 0,589533 3,229065
-0,144075 -0,124700 3,178228 0,295834 1,305753 3,122312 -0,818828 0,673144 2,716130 -0,142855 0,584530 3,240135
-0,148752 -0,124824 3,181199 0,293599 1,305820 3,121323 -0,817721 0,646241 2,729360 -0,131234 0,579054 3,206908
-0,149345 -0,119899 3,169579 0,298347 1,301333 3,113451 -0,819740 0,605772 2,720238 -0,145393 0,582229 3,205769
-0,152325 -0,124994 3,175243 0,293779 1,294872 3,109318 -0,823099 0,616145 2,728092 -0,149283 0,584049 3,216752
-0,158215 -0,121512 3,173732 0,296522 1,294255 3,115023 -0,824624 0,629766 2,692167 -0,159144 0,585465 3,204389
-0,159406 -0,119601 3,169341 0,304981 1,300520 3,133754 -0,823881 0,615339 2,705605 -0,153195 0,585879 3,227799
-0,163757 -0,119226 3,158436 0,310152 1,309248 3,123518 -0,813975 0,590978 2,723403 -0,149283 0,584049 3,216752
-0,168433 -0,127699 3,161418 0,312157 1,293837 3,122137 -0,808054 0,616913 2,711042 -0,151547 0,571683 3,182660
-0,169136 -0,119006 3,144872 0,313200 1,292708 3,115862 -0,807042 0,681636 2,682341 -0,159139 0,578674 3,204323
-0,169076 -0,123547 3,142082 0,319272 1,290866 3,120388 -0,805728 0,769662 2,698034 -0,155033 0,573526 3,193264
-0,168880 -0,121165 3,146935 0,320160 1,292249 3,117388 -0,779262 0,837302 2,659055 -0,144417 0,568447 3,183213
-0,170384 -0,115283 3,147017 0,324474 1,296943 3,132498 -0,763226 0,963475 2,733988 -0,151753 0,581750 3,182753
-0,172941 -0,121370 3,146947 0,321737 1,296849 3,127596 -0,704952 1,079178 2,750872 -0,147693 0,576646 3,171956
-0,169613 -0,113804 3,142880 0,322770 1,289393 3,123638 -0,639392 1,214753 2,800419 -0,155240 0,583650 3,193504
-0,173203 -0,117929 3,131610 0,324232 1,305809 3,125459 -0,574421 1,342308 2,891311 -0,147693 0,576646 3,171956
-0,174593 -0,114722 3,145456 0,321296 1,292967 3,126873 -0,513944 1,431478 3,037055 -0,155436 0,580223 3,193547
-0,174286 -0,123506 3,124051 0,323087 1,291371 3,130186 -0,476226 1,450391 3,164608 -0,143855 0,574872 3,161251
-0,180150 -0,113706 3,136387 0,325188 1,291439 3,129471 -0,453136 1,442475 3,209182 -0,151357 0,581845 3,182680
