35 12
-0,252850 -0,085441 3,256616 0,028913 1,315162 3,207712 -0,569010 1,324602 3,104903 -0,174170 0,546669 3,307065
-0,255410 -0,080832 3,263586 0,028835 1,309655 3,198520 -0,562713 1,344535 3,125494 -0,174170 0,546669 3,307065
-0,259993 -0,089459 3,275362 0,024968 1,310434 3,198130 -0,559015 1,369935 3,147036 -0,173385 0,546490 3,283355
-0,259357 -0,082543 3,267552 0,017527 1,315097 3,200871 -0,560513 1,362898 3,118826 -0,169362 0,544764 3,271998
-0,263718 -0,090115 3,265211 0,023823 1,313539 3,204128 -0,572031 1,321404 3,079217 -0,174170 0,546669 3,307065
-0,262467 -0,086030 3,277412 0,021080 1,312657 3,193143 -0,600051 1,287199 3,019733 -0,174170 0,546669 3,307065
-0,259121 -0,090237 3,273193 0,023245 1,311702 3,201445 -0,618682 1,262580 2,980755 -0,173198 0,543099 3,283379
-0,262548 -0,081099 3,284080 0,023251 1,313634 3,208238 -0,627897 1,239937 2,910000 -0,181313 0,546559 3,306284
-0,259076 -0,085002 3,278487 0,027297 1,305491 3,199583 -0,630344 1,200271 2,879296 -0,178055 0,544980 3,318577
-0,257739 -0,085499 3,290516 0,031653 1,306408 3,204664 -0,633512 1,198892 2,849506 -0,165727 0,543307 3,284037
-0,257186 -0,097644 3,292377 0,030090 1,302037 3,195924 -0,638339 1,203641 2,823341 -0,173792 0,539803 3,306877
-0,253184 -0,090611 3,292752 0,031046 1,308267 3,215292 -0,647538 1,197957 2,817085 -0,170877 0,538091 3,319263
-0,256510 -0,090616 3,300026 0,038723 1,292977 3,195676 -0,655765 1,153125 2,780382 -0,173982 0,543242 3,307009
-0,256915 -0,100753 3,304072 0,036166 1,305041 3,197180 -0,662752 1,064469 2,721321 -0,170507 0,538171 3,319013
-0,253163 -0,095565 3,294082 0,036568 1,312812 3,212766 -0,681283 0,921513 2,642678 -0,170689 0,534641 3,319132
-0,255420 -0,087105 3,316802 0,029066 1,309105 3,200011 -0,693707 0,728948 2,576111 -0,167952 0,543372 3,331734
-0,263923 -0,092667 3,295878 0,028470 1,296300 3,196304 -0,700446 0,516153 2,526811 -0,170877 0,538091 3,319263
-0,256748 -0,098226 3,284462 0,024134 1,305156 3,215770 -0,702039 0,317582 2,497097 -0,144381 0,529730 3,285980
-0,261565 -0,089281 3,282955 0,027426 1,316018 3,219157 -0,711527 0,155765 2,520182 -0,153560 0,543570 3,333177
-0,253596 -0,087810 3,283910 0,028747 1,308112 3,207692 -0,711767 0,047999 2,550332 -0,161854 0,550557 3,356775
-0,255836 -0,090893 3,286283 0,033537 1,301920 3,200239 -0,709712 0,000265 2,575813 -0,142542 0,545346 3,322079
-0,253519 -0,095609 3,287126 0,029407 1,304460 3,192129 -0,709821 -0,013275 2,576869 -0,150746 0,552316 3,345490
-0,247894 -0,091865 3,287755 0,033999 1,310960 3,207707 -0,706780 0,001997 2,565406 -0,154794 0,554108 3,357365
-0,245553 -0,087928 3,293090 0,034179 1,315603 3,213266 -0,706094 0,038282 2,548090 -0,146541 0,547106 3,333810
-0,241988 -0,089703 3,299715 0,029208 1,317266 3,212137 -0,703613 0,101920 2,550407 -0,146541 0,547106 3,333810
-0,238730 -0,096159 3,289803 0,032491 1,305273 3,198118 -0,696196 0,186374 2,549532 -0,145910 0,546913 3,309654
-0,236817 -0,093209 3,296738 0,028890 1,303103 3,182181 -0,682579 0,298553 2,549296 -0,144572 0,540081 3,286166
-0,232540 -0,099262 3,289010 0,035805 1,308994 3,197526 -0,664854 0,445207 2,557521 -0,146174 0,540208 3,333822
-0,233476 -0,097052 3,302445 0,034660 1,308885 3,200787 -0,651838 0,616770 2,566537 -0,152342 0,540097 3,309091
-0,230301 -0,091380 3,300107 0,034487 1,307206 3,188509 -0,622804 0,788814 2,559952 -0,148714 0,538273 3,297599
-0,226664 -0,095470 3,283200 0,050466 1,288151 3,184359 -0,585316 0,972809 2,649746 -0,152716 0,546973 3,309243
-0,231182 -0,093727 3,291608 0,040519 1,318348 3,202224 -0,560033 1,135713 2,775207 -0,153384 0,547140 3,333231
-0,228513 -0,095983 3,290924 0,033448 1,303516 3,183653 -0,553069 1,257962 2,912030 -0,142184 0,545471 3,322189
-0,225739 -0,086064 3,290381 0,029237 1,315020 3,186229 -0,543483 1,324404 3,012129 -0,148724 0,545227 3,297685
-0,228295 -0,092443 3,275177 0,032332 1,306270 3,176255 -0,539049 1,365644 3,106121 -0,149366 0,545381 3,321522
