32 12
-0,247540 -0,110298 3,133883 0,282741 1,279455 3,193929 -0,536563 1,201694 3,247316 -0,213467 0,590105 3,232618
-0,246364 -0,107878 3,143235 0,280158 1,268983 3,182687 -0,534703 1,157933 3,200656 -0,217555 0,585074 3,243575
-0,240494 -0,112090 3,131182 0,280855 1,277153 3,190537 -0,529419 1,097076 3,139327 -0,216727 0,581145 3,220564
-0,244507 -0,115158 3,135611 0,278802 1,278499 3,194667 -0,524887 1,038849 3,043983 -0,219424 0,582702 3,208904
-0,239053 -0,111102 3,137424 0,280085 1,274467 3,175792 -0,523772 0,972478 2,977362 -0,227433 0,582969 3,230692
-0,239134 -0,112998 3,121805 0,277466 1,278835 3,178489 -0,497523 0,903539 2,915898 -0,223108 0,577822 3,219663
-0,241644 -0,112095 3,125319 0,277773 1,285344 3,191182 -0,490814 0,846376 2,826780 -0,217391 0,565711 3,185967
-0,237639 -0,119759 3,118370 0,276754 1,288915 3,196289 -0,478393 0,804648 2,766929 -0,223868 0,558868 3,184367
-0,243522 -0,120600 3,117095 0,279821 1,274441 3,197024 -0,469113 0,773223 2,683224 -0,223860 0,552126 3,184304
-0,248048 -0,126353 3,125568 0,279060 1,269904 3,199250 -0,464245 0,732135 2,580736 -0,228338 0,547014 3,195531
-0,245884 -0,124992 3,119401 0,284923 1,280031 3,211551 -0,455978 0,693491 2,486968 -0,197852 0,544012 3,153967
-0,254497 -0,122627 3,120329 0,290569 1,277951 3,216610 -0,451884 0,654502 2,382049 -0,219592 0,547087 3,173254
-0,259743 -0,114982 3,108417 0,287057 1,275118 3,238797 -0,456041 0,618663 2,268741 -0,214095 0,554084 3,196885
-0,259689 -0,108359 3,099319 0,288028 1,270512 3,237068 -0,463402 0,590583 2,173364 -0,215780 0,555471 3,163177
-0,268807 -0,111496 3,099931 0,289820 1,264398 3,234902 -0,472534 0,574173 2,101809 -0,215984 0,552107 3,163472
-0,268448 -0,107071 3,110806 0,294283 1,251993 3,240352 -0,483807 0,558491 2,054039 -0,219038 0,560298 3,152392
-0,264980 -0,109549 3,099006 0,295554 1,254184 3,240760 -0,488506 0,551399 2,033443 -0,212386 0,557051 3,153449
-0,258773 -0,103039 3,090575 0,295307 1,255692 3,255075 -0,493004 0,546402 2,024464 -0,203364 0,569373 3,187536
-0,254043 -0,113694 3,093242 0,294319 1,260890 3,273953 -0,494502 0,546436 2,028697 -0,207178 0,567748 3,197923
-0,249807 -0,110118 3,091202 0,295336 1,264032 3,252019 -0,494172 0,557055 2,044520 -0,212190 0,560431 3,153296
-0,249094 -0,117466 3,098019 0,294152 1,279879 3,253838 -0,489216 0,577135 2,067062 -0,195948 0,547141 3,111215
-0,239042 -0,111395 3,090080 0,291491 1,268721 3,249674 -0,483443 0,623129 2,109333 -0,198600 0,542102 3,099784
-0,240834 -0,115438 3,093788 0,291639 1,269427 3,242123 -0,471467 0,672924 2,160370 -0,198060 0,547351 3,154370
-0,237535 -0,123177 3,102685 0,290072 1,270571 3,229768 -0,472437 0,721607 2,200370 -0,209303 0,542158 3,164535
-0,230852 -0,109431 3,101928 0,290998 1,285771 3,231440 -0,472436 0,804310 2,268471 -0,200284 0,555373 3,122080
-0,230596 -0,113359 3,104313 0,284314 1,291344 3,211145 -0,483667 0,905151 2,340990 -0,194930 0,565570 3,144855
-0,226703 -0,114786 3,109461 0,284602 1,258096 3,212720 -0,485524 1,026721 2,473601 -0,203085 0,579033 3,166065
-0,224172 -0,104566 3,109718 0,281737 1,268139 3,193345 -0,492923 1,130433 2,612489 -0,207105 0,587544 3,176763
-0,220752 -0,118445 3,107078 0,278385 1,287656 3,182151 -0,502841 1,215279 2,768721 -0,199306 0,580547 3,155491
-0,220893 -0,113629 3,105227 0,279169 1,281738 3,190058 -0,506305 1,293336 2,911423 -0,207293 0,584100 3,176707
-0,220331 -0,111161 3,103012 0,277957 1,277556 3,178436 -0,510278 1,318533 3,030009 -0,204603 0,589323 3,188200
-0,219751 -0,113134 3,106571 0,278209 1,279734 3,177895 -0,506262 1,312041 3,129668 -0,204197 0,582722 3,188257
