28 12
-0,253012 -0,066871 3,167526 0,098928 1,304644 3,226366 -0,509230 1,309017 3,200207 -0,186743 0,552958 3,258428
-0,248460 -0,070515 3,173778 0,098862 1,303385 3,223478 -0,504390 1,284715 3,151804 -0,190986 0,558050 3,269514
-0,247519 -0,069086 3,176332 0,100788 1,305205 3,217654 -0,503152 1,239385 3,082363 -0,187788 0,556570 3,281796
-0,245416 -0,075027 3,170171 0,099676 1,298278 3,228372 -0,499761 1,166898 3,009368 -0,187425 0,556733 3,281978
-0,242196 -0,075570 3,179921 0,106483 1,301905 3,236626 -0,494344 1,060277 2,931689 -0,183538 0,551450 3,270558
-0,238424 -0,066019 3,195486 0,105724 1,289855 3,230366 -0,483791 0,942729 2,850533 -0,179326 0,553234 3,259398
-0,235219 -0,078344 3,190928 0,111178 1,289825 3,236353 -0,487459 0,818228 2,736982 -0,172638 0,539776 3,283077
-0,233338 -0,077559 3,200675 0,112254 1,296898 3,242278 -0,481450 0,705335 2,659254 -0,168231 0,531199 3,271116
-0,228331 -0,083974 3,201788 0,117051 1,283239 3,234089 -0,479464 0,612592 2,582323 -0,164235 0,522651 3,259782
-0,228892 -0,079828 3,202828 0,116602 1,279477 3,240379 -0,476754 0,518437 2,475215 -0,157363 0,526171 3,260853
-0,232894 -0,080199 3,211182 0,117995 1,295661 3,242923 -0,476773 0,439062 2,373878 -0,150857 0,536486 3,262099
-0,235056 -0,081820 3,207116 0,118184 1,306822 3,270412 -0,477847 0,374561 2,272340 -0,180288 0,555749 3,367279
-0,237264 -0,075752 3,219759 0,118185 1,286425 3,253203 -0,483805 0,317934 2,177530 -0,185709 0,564829 3,404210
-0,236080 -0,069279 3,219307 0,117267 1,283797 3,271482 -0,493864 0,286699 2,107118 -0,186819 0,575889 3,429654
-0,232591 -0,081232 3,209452 0,120111 1,296279 3,291428 -0,508524 0,266017 2,066057 -0,186084 0,571802 3,403944
-0,233717 -0,080503 3,216301 0,119939 1,291741 3,287014 -0,516935 0,246473 2,041803 -0,181918 0,577085 3,391926
-0,231106 -0,085279 3,201555 0,124955 1,290732 3,294420 -0,522141 0,236303 2,034544 -0,185218 0,578530 3,378821
-0,230722 -0,086488 3,203852 0,122148 1,289463 3,294204 -0,526403 0,233425 2,033257 -0,181918 0,577085 3,391926
-0,228702 -0,083903 3,194322 0,126419 1,293841 3,292112 -0,527131 0,242691 2,030075 -0,189216 0,576962 3,391119
-0,229063 -0,081129 3,198609 0,123234 1,292413 3,293786 -0,527495 0,254618 2,033565 -0,187937 0,569657 3,366472
-0,221883 -0,078885 3,195338 0,123468 1,284122 3,288047 -0,529761 0,280952 2,055921 -0,181540 0,570131 3,392196
-0,225487 -0,079333 3,211126 0,127070 1,271720 3,283372 -0,528838 0,323432 2,086151 -0,184843 0,571630 3,379247
-0,224849 -0,085952 3,203510 0,122589 1,300741 3,294774 -0,524739 0,391952 2,124627 -0,190629 0,560792 3,353867
-0,227533 -0,082615 3,205088 0,123270 1,295702 3,272817 -0,515245 0,583888 2,130215 -0,154258 0,541733 3,273013
-0,226378 -0,085266 3,202436 0,127043 1,286078 3,268464 -0,519056 0,692894 2,203123 -0,147113 0,545036 3,250950
-0,229034 -0,080602 3,188523 0,126783 1,271868 3,248513 -0,452444 1,121175 2,680124 -0,165377 0,549934 3,260787
-0,231815 -0,075246 3,174218 0,113003 1,304853 3,253927 -0,500837 1,277285 2,902874 -0,169563 0,555042 3,271980
-0,240985 -0,074997 3,182528 0,109966 1,309322 3,251354 -0,495122 1,315715 3,013723 -0,169563 0,555042 3,271980
