27 12
-0,110794 -0,132508 3,169154 0,281504 1,309265 3,131683 -0,535779 1,293704 3,026988 -0,118710 0,597025 3,253925
-0,113671 -0,127842 3,161472 0,282867 1,312114 3,134183 -0,556454 1,195270 2,942324 -0,118710 0,597025 3,253925
-0,115209 -0,135645 3,151123 0,282135 1,308430 3,131945 -0,609700 0,879265 2,720410 -0,122770 0,595420 3,265208
-0,117592 -0,136409 3,154290 0,280715 1,306251 3,124717 -0,602565 0,566117 2,747232 -0,118909 0,600421 3,253937
-0,117671 -0,127244 3,165838 0,284062 1,308911 3,119713 -0,605858 0,434123 2,763879 -0,106737 0,593804 3,175184
-0,118316 -0,133615 3,156112 0,282021 1,316409 3,129087 -0,583904 0,280853 2,955914 -0,095807 0,591564 3,142716
-0,112909 -0,127721 3,154257 0,281492 1,315452 3,142457 -0,563975 0,234511 2,990809 -0,099298 0,590133 3,153622
-0,114158 -0,125381 3,159314 0,280897 1,311118 3,132850 -0,559593 0,230971 3,036333 -0,098814 0,599748 3,131978
-0,117641 -0,121339 3,163816 0,278357 1,312356 3,133262 -0,560179 0,237089 3,039591 -0,092792 0,596713 3,153540
-0,117276 -0,125315 3,158476 0,276897 1,311506 3,132115 -0,554320 0,239599 3,031100 -0,095814 0,598242 3,142767
-0,119995 -0,125941 3,160305 0,279124 1,305913 3,135898 -0,548195 0,240565 3,016917 -0,088734 0,595056 3,143396
-0,118519 -0,130105 3,165063 0,277338 1,310039 3,137690 -0,549431 0,238276 3,014654 -0,092146 0,596402 3,132135
-0,118559 -0,127037 3,163849 0,275312 1,312784 3,130543 -0,546933 0,244262 3,015049 -0,091949 0,593159 3,132353
-0,121397 -0,129455 3,162906 0,276941 1,306856 3,132379 -0,547991 0,242083 3,012531 -0,092146 0,596402 3,132135
-0,120423 -0,126909 3,161826 0,279278 1,307625 3,138212 -0,550022 0,239807 2,998741 -0,092146 0,596402 3,132135
-0,117766 -0,125494 3,165316 0,279668 1,317703 3,141150 -0,547063 0,244300 2,996697 -0,092141 0,589745 3,132086
-0,120438 -0,134352 3,153530 0,279399 1,310459 3,135795 -0,544413 0,243514 2,994840 -0,092146 0,596402 3,132135
-0,119275 -0,127949 3,166113 0,277022 1,311628 3,132976 -0,546909 0,250889 2,984926 -0,102380 0,597650 3,120456
-0,117367 -0,126945 3,149309 0,279368 1,312741 3,142779 -0,557171 0,272418 2,974660 -0,091952 0,599817 3,132401
-0,116569 -0,124310 3,155428 0,276030 1,305352 3,134966 -0,566544 0,307802 2,946847 -0,099007 0,596332 3,131716
-0,116569 -0,119864 3,157973 0,275716 1,309615 3,137872 -0,588204 0,441911 2,802209 -0,104070 0,606356 3,209038
-0,111636 -0,127956 3,155501 0,278629 1,307519 3,121395 -0,617797 0,684441 2,780221 -0,118909 0,600421 3,253937
-0,112871 -0,135042 3,150978 0,276009 1,305121 3,126962 -0,623085 0,798226 2,701500 -0,122173 0,592074 3,265013
-0,107623 -0,137784 3,153373 0,274626 1,312494 3,131595 -0,606620 1,082516 2,819819 -0,118707 0,590136 3,253852
-0,107607 -0,136634 3,157084 0,280660 1,305452 3,135241 -0,575209 1,228167 2,850846 -0,122776 0,602333 3,265285
-0,111303 -0,133238 3,172694 0,283160 1,305488 3,128301 -0,541875 1,278853 2,953153 -0,118710 0,597025 3,253925
-0,110243 -0,129989 3,151767 0,286144 1,310881 3,143249 -0,506159 1,342974 3,123472 -0,128682 0,597852 3,218634
