29 12
-0,204491 -0,082140 3,256916 0,134557 1,313239 3,225943 -0,472542 1,365722 3,096960 -0,140720 0,551050 3,383556
-0,204102 -0,083915 3,258841 0,132489 1,322113 3,230831 -0,466153 1,308165 2,978597 -0,136107 0,549057 3,346907
-0,203458 -0,079354 3,263881 0,138214 1,304587 3,221696 -0,463382 1,191081 2,817727 -0,129409 0,549334 3,372109
-0,205481 -0,080756 3,267483 0,140173 1,322492 3,257687 -0,451381 0,967451 2,613017 -0,120909 0,542356 3,347970
-0,201406 -0,088836 3,265692 0,132573 1,324105 3,232691 -0,447465 0,643697 2,435296 -0,131183 0,526323 3,357136
-0,205886 -0,081547 3,265473 0,134903 1,323530 3,239631 -0,452126 0,313901 2,446919 -0,129592 0,552816 3,372049
-0,149954 0,011187 3,095165 0,137137 1,319009 3,249628 -0,455104 0,014064 2,401480 -0,145691 0,570234 3,394635
-0,185125 -0,051329 3,198990 0,139560 1,309145 3,243279 -0,451805 -0,254679 2,379682 -0,167472 0,573624 3,393069
-0,199353 -0,059523 3,247624 0,145837 1,307274 3,250129 -0,461856 -0,425138 2,396394 -0,149936 0,562682 3,321489
-0,203313 -0,074112 3,225296 0,143974 1,315700 3,254620 -0,482239 -0,531612 2,409662 -0,142920 0,559176 3,321839
-0,201780 -0,073341 3,234874 0,146941 1,320225 3,271450 -0,492639 -0,590440 2,425050 -0,148600 0,575643 3,382732
-0,199935 -0,077218 3,219782 0,148899 1,307831 3,252181 -0,495217 -0,624221 2,451518 -0,128554 0,566367 3,323132
-0,196066 -0,076032 3,234268 0,148950 1,312914 3,255574 -0,488416 -0,628304 2,468352 -0,128554 0,566367 3,323132
-0,193832 -0,075794 3,239965 0,150058 1,319098 3,272018 -0,484598 -0,622659 2,477294 -0,125300 0,568287 3,335485
-0,196376 -0,073374 3,256140 0,151685 1,318312 3,257779 -0,479811 -0,601414 2,480917 -0,125468 0,564659 3,335088
-0,197448 -0,072335 3,263521 0,153988 1,320609 3,252280 -0,479932 -0,561546 2,479720 -0,128540 0,559355 3,323039
-0,199154 -0,072774 3,266641 0,151618 1,325684 3,256120 -0,473349 -0,493357 2,476853 -0,135747 0,566279 3,322547
-0,195445 -0,067349 3,259879 0,154306 1,329553 3,260941 -0,467266 -0,394946 2,489702 -0,132331 0,564779 3,335124
-0,182708 -0,051984 3,237515 0,155228 1,325165 3,260174 -0,460592 -0,263828 2,508668 -0,136485 0,562986 3,346658
-0,152525 -0,029820 3,159234 0,148606 1,316684 3,244532 -0,463698 -0,093888 2,521100 -0,147909 0,561070 3,357547
-0,184369 -0,101528 3,255945 0,153307 1,315125 3,239678 -0,459087 0,109434 2,529517 -0,147763 0,571803 3,358039
-0,188265 -0,094046 3,269081 0,153450 1,313123 3,232997 -0,464097 0,337069 2,557756 -0,127627 0,549181 3,323431
-0,192211 -0,099385 3,269463 0,148375 1,319373 3,237560 -0,454812 0,552667 2,532546 -0,125383 0,544229 3,384325
-0,187071 -0,090154 3,256514 0,153033 1,321086 3,238657 -0,467267 0,814541 2,555335 -0,120722 0,545893 3,347808
-0,192204 -0,088351 3,246770 0,159842 1,288880 3,211679 -0,475802 1,027651 2,662444 -0,128509 0,542213 3,347555
-0,194157 -0,088729 3,252183 0,147230 1,304062 3,218184 -0,483817 1,192029 2,807112 -0,125249 0,558213 3,360275
-0,197335 -0,093944 3,253089 0,146944 1,331249 3,229560 -0,486564 1,306575 2,937217 -0,138795 0,550875 3,334556
-0,201331 -0,088048 3,251735 0,149316 1,320110 3,232449 -0,473966 1,374145 3,048156 -0,138209 0,543720 3,310532
-0,198571 -0,081900 3,241640 0,149376 1,313041 3,223329 -0,456485 1,411914 3,156348 -0,132507 0,558131 3,359668
