31 12
-0,182909 -0,089309 3,250480 0,107771 1,318276 3,172678 -0,585914 1,259397 3,044645 -0,110295 0,544065 3,336829
-0,179935 -0,096556 3,248449 0,114585 1,330294 3,184931 -0,666628 1,198290 2,977087 -0,110295 0,544065 3,336829
-0,177843 -0,092767 3,251744 0,120482 1,341194 3,203994 -0,753369 1,120257 2,905154 -0,106795 0,549486 3,349333
-0,175078 -0,098188 3,246893 0,118649 1,328747 3,186785 -0,846674 1,054553 2,871011 -0,110295 0,544065 3,336829
-0,171821 -0,096850 3,252700 0,125068 1,327923 3,197758 -0,919660 1,007925 2,830727 -0,103452 0,551352 3,361828
-0,170712 -0,100904 3,254786 0,133526 1,322402 3,202633 -0,942436 0,954926 2,755563 -0,099019 0,545922 3,325603
-0,172275 -0,103867 3,257545 0,132047 1,317855 3,191512 -0,923395 0,902513 2,686904 -0,096023 0,540618 3,337642
-0,170347 -0,104249 3,264603 0,143762 1,329682 3,208827 -0,850579 0,842874 2,590873 -0,099550 0,549551 3,349838
-0,171777 -0,096133 3,272097 0,138563 1,327377 3,214712 -0,728537 0,774084 2,475369 -0,092120 0,546120 3,350246
-0,171440 -0,102661 3,289308 0,139951 1,315991 3,209467 -0,579614 0,718465 2,404630 -0,095311 0,533762 3,337612
-0,178071 -0,111159 3,290020 0,130924 1,314420 3,208972 -0,399632 0,671515 2,364395 -0,098810 0,528361 3,372127
-0,180397 -0,119794 3,267157 0,135840 1,323002 3,214103 -0,178824 0,619282 2,286617 -0,120281 0,544571 3,461110
-0,186667 -0,118456 3,260261 0,135731 1,316265 3,227829 0,009804 0,605921 2,341049 -0,122927 0,552164 3,540535
-0,193590 -0,159545 3,250478 0,137933 1,311758 3,238515 0,165532 0,634022 2,522875 -0,123190 0,498978 3,478870
-0,189819 -0,126658 3,274066 0,138395 1,309859 3,231766 0,261852 0,646780 2,646596 -0,140459 0,549954 3,498955
-0,188031 -0,118375 3,271152 0,148184 1,307051 3,237139 0,304688 0,654174 2,701212 -0,136317 0,555419 3,486247
-0,194102 -0,123439 3,283020 0,140292 1,314240 3,251785 0,313574 0,657965 2,726046 -0,142953 0,544262 3,459384
-0,195071 -0,125660 3,278263 0,142661 1,315380 3,249976 0,299911 0,658956 2,701194 -0,133734 0,553872 3,526241
-0,190600 -0,118442 3,271111 0,145622 1,303947 3,249350 0,260565 0,669689 2,678328 -0,133734 0,553872 3,526241
-0,192626 -0,126909 3,274587 0,149805 1,306132 3,249305 0,189950 0,683921 2,639940 -0,134880 0,496678 3,489834
-0,196044 -0,121425 3,285280 0,153466 1,315899 3,253035 0,088761 0,701840 2,574684 -0,134181 0,519840 3,496245
-0,196224 -0,119171 3,283812 0,151631 1,307276 3,244788 -0,023180 0,754266 2,555609 -0,112893 0,526325 3,435730
-0,193033 -0,107005 3,283042 0,146720 1,322211 3,251161 -0,147508 0,828325 2,545769 -0,090890 0,507263 3,347344
-0,188877 -0,107502 3,276595 0,150161 1,317850 3,211279 -0,266325 0,917621 2,585813 -0,099368 0,531957 3,349579
-0,191109 -0,110717 3,278375 0,143403 1,322951 3,236769 -0,364544 1,026248 2,641514 -0,103088 0,537259 3,361492
-0,187862 -0,096544 3,282506 0,143381 1,310456 3,229171 -0,447986 1,125270 2,743926 -0,109935 0,544154 3,336834
-0,188436 -0,096446 3,267930 0,128405 1,329041 3,219798 -0,496319 1,214613 2,855613 -0,106398 0,542303 3,325015
-0,190066 -0,103089 3,267000 0,123956 1,331294 3,208449 -0,510808 1,268213 2,967886 -0,114038 0,549416 3,348801
-0,188657 -0,090755 3,268871 0,120841 1,322460 3,201496 -0,510930 1,296160 3,065644 -0,110118 0,547631 3,336917
-0,195888 -0,097557 3,249667 0,118526 1,313440 3,194990 -0,497915 1,324949 3,156687 -0,110295 0,544065 3,336829
-0,190814 -0,092838 3,251503 0,111004 1,332831 3,191560 -0,476825 1,327270 3,214469 -0,114397 0,549298 3,348641
