26 12
-0,156837 -0,135050 3,327716 0,346627 1,307923 3,357276 -0,532595 1,414796 3,486086 -0,114488 0,570895 3,373554
-0,151871 -0,130082 3,340464 0,336610 1,307051 3,332694 -0,539688 1,427872 3,421200 -0,118461 0,572775 3,385675
-0,141192 -0,141612 3,376441 0,328666 1,304411 3,315422 -0,605558 1,249119 2,934326 -0,111767 0,569543 3,411200
-0,141021 -0,143383 3,390467 0,325882 1,302160 3,314186 -0,614280 0,976152 2,712388 -0,110350 0,558424 3,361241
-0,141534 -0,140615 3,393926 0,322390 1,299994 3,309368 -0,613656 0,652492 2,480116 -0,099906 0,556818 3,374419
-0,146812 -0,137085 3,398124 0,324367 1,295710 3,311976 -0,643343 0,107475 2,419510 -0,100092 0,567444 3,374597
-0,156070 -0,133593 3,406600 0,329285 1,289503 3,301650 -0,634265 -0,311149 2,439869 -0,123464 0,568044 3,448074
-0,159028 -0,133789 3,410537 0,326343 1,287861 3,316560 -0,629350 -0,441480 2,481527 -0,123326 0,560520 3,422878
-0,162980 -0,136562 3,398983 0,331049 1,293742 3,329321 -0,575921 -0,633649 2,688673 -0,116777 0,553499 3,448812
-0,158037 -0,137846 3,393208 0,324616 1,305656 3,373243 -0,478359 -0,677272 2,659980 -0,107785 0,546203 3,398586
-0,157120 -0,139958 3,390487 0,324165 1,313423 3,380472 -0,513045 -0,720314 2,758393 -0,122949 0,546191 3,422469
-0,152045 -0,144264 3,376224 0,324328 1,323842 3,421563 -0,540735 -0,712121 2,701266 -0,112572 0,555316 3,436367
-0,161274 -0,137377 3,397017 0,317789 1,326582 3,417691 -0,474427 -0,699916 2,650564 -0,107603 0,535509 3,398311
-0,162227 -0,146130 3,400953 0,318566 1,323264 3,429908 -0,494358 -0,708722 2,728434 -0,108201 0,539138 3,423520
-0,160972 -0,144573 3,376956 0,316562 1,322054 3,422740 -0,556675 -0,685353 2,653620 -0,104223 0,544518 3,411248
-0,167289 -0,142680 3,395415 0,320608 1,310672 3,399718 -0,487837 -0,667411 2,607919 -0,112385 0,544523 3,436157
-0,169133 -0,144973 3,399811 0,321988 1,298722 3,377511 -0,496765 -0,673007 2,676740 -0,115755 0,535450 3,423029
-0,172652 -0,142999 3,398240 0,328924 1,289051 3,371157 -0,553965 -0,666159 2,652198 -0,125271 0,561179 3,500391
-0,176284 -0,133195 3,400057 0,338121 1,278199 3,327227 -0,498537 -0,602872 2,614092 -0,107785 0,546203 3,398586
-0,173823 -0,137666 3,398244 0,332013 1,274194 3,318290 -0,460388 -0,514501 2,626540 -0,101004 0,542775 3,424226
-0,162414 -0,134613 3,401742 0,326604 1,263963 3,299674 -0,433839 -0,212163 2,631335 -0,132868 0,540580 3,383865
-0,159959 -0,150669 3,400425 0,320055 1,283218 3,327987 -0,464767 0,264087 2,688891 -0,111681 0,547741 3,385753
-0,157590 -0,156503 3,391995 0,320878 1,284502 3,343193 -0,470249 0,525533 2,680085 -0,128303 0,521094 3,370658
-0,169921 -0,137041 3,374926 0,313830 1,286065 3,336759 -0,476831 1,138172 2,874044 -0,136914 0,563795 3,396319
-0,183906 -0,139668 3,390003 0,315389 1,288761 3,356645 -0,537259 1,380259 3,218257 -0,133631 0,565743 3,409206
-0,194131 -0,139220 3,384902 0,317345 1,280246 3,372024 -0,508843 1,393426 3,388195 -0,140362 0,558270 3,383613
