17 12
-0,198125 -0,057637 3,263774 0,059037 1,336468 3,214526 -0,500831 1,320251 3,167130 -0,133993 0,551331 3,409197
-0,200772 -0,060606 3,274937 0,063910 1,337324 3,216904 -0,545746 1,117504 2,847171 -0,136503 0,545757 3,371461
-0,203111 -0,061277 3,277442 0,059139 1,329219 3,214342 -0,586362 0,810945 2,757399 -0,146174 0,540208 3,333822
-0,203428 -0,057251 3,286221 0,062592 1,342036 3,220275 -0,644995 0,608814 2,692312 -0,125937 0,547711 3,384781
-0,197830 -0,059528 3,302444 0,063519 1,337239 3,214664 -0,693151 0,379619 2,617804 -0,121945 0,545918 3,372684
-0,192275 -0,062963 3,295502 0,064863 1,336389 3,217400 -0,650980 0,382061 2,563648 -0,126473 0,551068 3,384489
-0,191187 -0,067346 3,279093 0,060954 1,339336 3,211251 -0,671168 0,378204 2,604372 -0,127014 0,558463 3,409780
-0,186800 -0,063840 3,285292 0,060127 1,327915 3,213252 -0,699332 0,317269 2,595144 -0,130146 0,560184 3,397083
-0,188129 -0,062675 3,299693 0,061064 1,322872 3,200777 -0,672965 0,376117 2,558120 -0,130490 0,552883 3,396668
-0,187081 -0,070366 3,285022 0,057342 1,332721 3,214932 -0,685261 0,407092 2,611354 -0,133245 0,554753 3,384269
-0,191139 -0,059662 3,270166 0,058354 1,330830 3,209994 -0,714068 0,401574 2,622600 -0,121951 0,553018 3,372784
-0,195957 -0,060958 3,281564 0,057878 1,327286 3,202291 -0,698816 0,537262 2,593483 -0,130146 0,560184 3,397084
-0,196642 -0,062473 3,276739 0,056909 1,346010 3,226764 -0,669130 0,647338 2,570423 -0,129773 0,553129 3,396949
-0,198095 -0,061626 3,270860 0,054267 1,329629 3,207239 -0,618481 0,960251 2,825165 -0,137095 0,553046 3,396309
-0,201003 -0,060504 3,269138 0,055198 1,341909 3,216592 -0,535426 1,131881 2,819391 -0,148026 0,558081 3,382995
-0,202541 -0,064284 3,268507 0,055858 1,333923 3,217285 -0,498954 1,223662 2,954769 -0,152106 0,559913 3,395119
-0,207202 -0,060937 3,251654 0,049195 1,336035 3,209920 -0,437051 1,356576 3,233666 -0,158682 0,552449 3,369427
