28 12
-0,240031 -0,074069 3,197926 0,104094 1,258558 3,215394 -0,604586 1,425092 3,185478 -0,155002 0,541582 3,273453
-0,233655 -0,075717 3,216454 0,099047 1,260689 3,223110 -0,614085 1,391527 3,084513 -0,151883 0,550332 3,285616
-0,230018 -0,076392 3,206741 0,100099 1,246741 3,204700 -0,628456 1,322519 2,968359 -0,155002 0,541582 3,273453
-0,229226 -0,076662 3,215813 0,092760 1,264981 3,208086 -0,644293 1,196534 2,825029 -0,155002 0,541582 3,273453
-0,232990 -0,073794 3,239545 0,096863 1,261280 3,197298 -0,656493 1,021839 2,715421 -0,158111 0,539777 3,261448
-0,232692 -0,069575 3,233297 0,099225 1,260082 3,215682 -0,655139 0,793760 2,634832 -0,140811 0,541765 3,274772
-0,230327 -0,072457 3,227969 0,096178 1,251260 3,190582 -0,648218 0,608391 2,642682 -0,144756 0,543491 3,286195
-0,229766 -0,074108 3,236560 0,095650 1,264231 3,203763 -0,637869 0,463448 2,632282 -0,147104 0,538171 3,250874
-0,225993 -0,077281 3,248525 0,099706 1,263042 3,205655 -0,629411 0,377757 2,650906 -0,129114 0,536648 3,240900
-0,224092 -0,074703 3,251465 0,100353 1,252046 3,212152 -0,621408 0,361972 2,660805 -0,125079 0,531604 3,229732
-0,218760 -0,077786 3,252222 0,101768 1,255169 3,206004 -0,617165 0,393855 2,649353 -0,137628 0,536646 3,286749
-0,216048 -0,082679 3,248461 0,099919 1,251978 3,205148 -0,608682 0,434948 2,621326 -0,136706 0,536661 3,263396
-0,208233 -0,083733 3,253019 0,096410 1,258619 3,217016 -0,611522 0,439984 2,648530 -0,134073 0,538543 3,298846
-0,211884 -0,072695 3,254246 0,099882 1,250585 3,219009 -0,610196 0,400710 2,657089 -0,131227 0,547239 3,311172
-0,208483 -0,071520 3,245860 0,100023 1,257196 3,216274 -0,615231 0,384122 2,669401 -0,126607 0,541932 3,275983
-0,215256 -0,076672 3,258808 0,096211 1,256933 3,209692 -0,615955 0,387106 2,643124 -0,133528 0,538450 3,275373
-0,216838 -0,071803 3,245079 0,095140 1,261166 3,216439 -0,619957 0,413586 2,671158 -0,130329 0,540249 3,287424
-0,212053 -0,072647 3,232227 0,095127 1,260143 3,222241 -0,622321 0,381384 2,665449 -0,140811 0,541765 3,274772
-0,212967 -0,071320 3,231000 0,092736 1,257340 3,223269 -0,630347 0,374349 2,681661 -0,130513 0,543662 3,287440
-0,221338 -0,079448 3,252229 0,098926 1,258132 3,222112 -0,627227 0,408274 2,696196 -0,134073 0,538543 3,298846
-0,216466 -0,072373 3,230798 0,097192 1,266567 3,217654 -0,622577 0,495449 2,690485 -0,134257 0,541980 3,298944
-0,213328 -0,075606 3,224526 0,098252 1,257986 3,211533 -0,616817 0,637375 2,695862 -0,137636 0,543579 3,286832
-0,213607 -0,068666 3,236990 0,102025 1,260294 3,223143 -0,600036 0,808870 2,665386 -0,142191 0,552474 3,322278
-0,213561 -0,074791 3,230272 0,099354 1,261259 3,216720 -0,602052 1,045279 2,730108 -0,138393 0,547155 3,310558
-0,212160 -0,070190 3,236189 0,098760 1,262113 3,215109 -0,605152 1,249848 2,869821 -0,137636 0,543579 3,286832
-0,212023 -0,072874 3,223185 0,099093 1,253938 3,215935 -0,616803 1,380995 3,054052 -0,140995 0,545152 3,274721
-0,215939 -0,079844 3,222399 0,100735 1,253986 3,210414 -0,615228 1,415256 3,187887 -0,140811 0,541765 3,274772
-0,215780 -0,070188 3,225262 0,102901 1,251974 3,213279 -0,599735 1,426402 3,248196 -0,148555 0,555720 3,297823
