21 12
-0,217942 -0,072712 3,228098 0,217144 1,338977 3,239091 -0,558818 1,307085 3,126075 -0,200859 0,632912 3,341388
-0,214463 -0,069360 3,229320 0,211834 1,345213 3,235653 -0,620419 1,263294 3,128150 -0,199707 0,628726 3,317197
-0,212319 -0,070349 3,241450 0,219501 1,330064 3,234546 -0,667614 1,159969 3,075336 -0,205054 0,634953 3,353158
-0,215756 -0,074848 3,250447 0,219434 1,324474 3,234850 -0,756568 0,780979 2,788704 -0,207400 0,629312 3,339797
-0,220913 -0,072925 3,243668 0,222623 1,340518 3,234593 -0,751196 0,527358 2,786658 -0,214021 0,628434 3,315400
-0,217938 -0,069949 3,249958 0,221321 1,325959 3,239129 -0,678106 0,451523 2,729781 -0,228833 0,628130 3,254224
-0,211479 -0,067010 3,254848 0,222377 1,343959 3,235851 -0,601126 0,445604 2,886197 -0,208517 0,646783 3,340727
-0,211657 -0,064097 3,246660 0,223041 1,344665 3,239769 -0,790009 0,417373 3,104703 -0,218241 0,637487 3,327073
-0,215329 -0,067688 3,240489 0,224624 1,330772 3,248573 -0,847527 0,396799 3,048475 -0,209858 0,633438 3,303985
-0,217024 -0,078679 3,243991 0,224797 1,327212 3,242017 -0,805064 0,407957 3,013860 -0,214021 0,628434 3,315400
-0,213882 -0,070643 3,233276 0,225915 1,324339 3,245027 -0,661870 0,425591 2,900395 -0,203610 0,626627 3,245832
-0,217722 -0,069436 3,238027 0,223059 1,333694 3,245257 -0,735349 0,432353 3,059635 -0,215479 0,636092 3,339682
-0,217496 -0,069843 3,237576 0,228585 1,327562 3,257617 -0,851158 0,394001 2,895641 -0,228313 0,628123 3,313493
-0,218341 -0,077354 3,224626 0,224573 1,325303 3,244176 -0,899328 0,478205 2,926496 -0,222452 0,632462 3,338619
-0,218439 -0,067555 3,238286 0,226832 1,317908 3,234440 -0,854246 0,518630 2,857023 -0,216533 0,643974 3,364171
-0,224423 -0,067574 3,232012 0,229218 1,345371 3,263311 -0,808181 0,691988 2,968827 -0,218241 0,637487 3,327073
-0,230958 -0,067506 3,251422 0,223018 1,327169 3,238187 -0,752692 0,869375 2,843484 -0,226022 0,633579 3,326037
-0,228846 -0,067401 3,233235 0,221589 1,348189 3,262543 -0,726398 0,988946 2,844236 -0,222673 0,635936 3,338737
-0,229819 -0,068046 3,245594 0,214764 1,339127 3,250065 -0,678039 1,301466 3,115081 -0,225831 0,637194 3,326176
-0,228963 -0,068124 3,244645 0,219043 1,310870 3,250486 -0,624804 1,362365 3,186817 -0,222470 0,639530 3,338719
-0,233299 -0,071862 3,239615 0,215759 1,329074 3,240093 -0,601416 1,372637 3,256401 -0,222470 0,639530 3,338719
