22 12
-0,136314 -0,143307 3,123965 0,268021 1,307629 3,101585 -0,499251 1,389243 3,213507 -0,141725 0,583753 3,194872
-0,126437 -0,141197 3,126465 0,259956 1,310310 3,094865 -0,521838 1,337319 3,094500 -0,134763 0,583845 3,195477
-0,111427 -0,141455 3,126433 0,254586 1,299466 3,083568 -0,573002 1,195493 3,033065 -0,137878 0,581943 3,184009
-0,110068 -0,149273 3,138959 0,243490 1,306810 3,077445 -0,637410 0,948547 2,894119 -0,139153 0,579236 3,229024
-0,112103 -0,138834 3,157189 0,247666 1,308499 3,084417 -0,723442 0,256253 2,560694 -0,148682 0,583655 3,194241
-0,121719 -0,136733 3,192717 0,242893 1,309988 3,070234 -0,711909 -0,276586 2,531944 -0,152558 0,559076 3,106122
-0,122413 -0,148294 3,192735 0,245107 1,300058 3,075392 -0,711668 -0,471641 2,594260 -0,158197 0,564418 3,159668
-0,136914 -0,132429 3,157810 0,240893 1,299729 3,081625 -0,713974 -0,729561 2,721976 -0,161979 0,593418 3,273358
-0,145695 -0,149193 3,176637 0,245046 1,300383 3,096708 -0,679798 -0,776223 2,701964 -0,127592 0,560288 3,195857
-0,149398 -0,141603 3,172294 0,239928 1,299363 3,106792 -0,658054 -0,798878 2,733355 -0,123596 0,561959 3,184955
-0,149278 -0,135463 3,174275 0,236356 1,303991 3,093804 -0,640592 -0,802660 2,761305 -0,127306 0,563346 3,173546
-0,154089 -0,143388 3,169952 0,233250 1,304255 3,078600 -0,654051 -0,803030 2,765714 -0,128272 0,570694 3,218471
-0,158591 -0,148551 3,181119 0,236195 1,301901 3,087369 -0,660179 -0,797974 2,764922 -0,128832 0,567092 3,218162
-0,159165 -0,138525 3,162445 0,242628 1,312720 3,109456 -0,677351 -0,758082 2,726020 -0,137480 0,568537 3,183838
-0,159848 -0,137742 3,157587 0,245688 1,299782 3,094761 -0,648966 -0,653184 2,703176 -0,137676 0,571871 3,183927
-0,159435 -0,147263 3,157710 0,243350 1,292974 3,089946 -0,628743 -0,546340 2,683829 -0,142654 0,570397 3,217172
-0,150896 -0,150366 3,166660 0,249922 1,299930 3,102824 -0,611935 -0,235263 2,656407 -0,158657 0,561414 3,181900
-0,143648 -0,147872 3,137141 0,251272 1,302015 3,112535 -0,604492 0,188478 2,632712 -0,158197 0,564418 3,159668
-0,146842 -0,152675 3,122266 0,254020 1,307537 3,112099 -0,605180 0,428653 2,628754 -0,159325 0,568451 3,204303
-0,159965 -0,151790 3,116643 0,252142 1,311622 3,098525 -0,585822 0,961895 2,760771 -0,173601 0,568574 3,224991
-0,177342 -0,135883 3,121791 0,252254 1,306056 3,102142 -0,620514 1,284926 2,959251 -0,175696 0,569376 3,169086
-0,188078 -0,136669 3,142097 0,255227 1,312182 3,101916 -0,587481 1,345442 3,081307 -0,183779 0,576183 3,190467
