39 12
-0,173842 -0,135358 3,220728 0,274094 1,273222 3,152634 -0,379170 1,144395 2,786976 -0,170244 0,576922 3,214593
-0,173478 -0,133797 3,218015 0,271343 1,266990 3,146761 -0,397486 1,112245 2,727869 -0,183027 0,582735 3,270862
-0,174590 -0,136924 3,222521 0,277202 1,262202 3,157020 -0,415749 1,060240 2,654883 -0,183407 0,575714 3,270904
-0,177722 -0,138278 3,227079 0,281442 1,264931 3,150638 -0,424661 1,025535 2,619936 -0,183017 0,575819 3,270782
-0,178212 -0,147644 3,220364 0,278334 1,260859 3,131612 -0,414812 1,002210 2,589730 -0,178969 0,567115 3,259444
-0,176864 -0,152846 3,231809 0,277528 1,268813 3,132327 -0,408660 0,983666 2,592791 -0,178969 0,567115 3,259444
-0,182636 -0,139691 3,224107 0,269548 1,272591 3,133105 -0,430606 0,956858 2,590054 -0,170569 0,570462 3,236804
-0,180362 -0,140424 3,225487 0,261668 1,283670 3,116310 -0,497051 0,913409 2,579920 -0,170565 0,563616 3,236733
-0,179013 -0,149807 3,219499 0,252644 1,270954 3,111202 -0,583413 0,847729 2,578331 -0,174954 0,565336 3,248254
-0,184874 -0,136628 3,232136 0,253170 1,274085 3,117939 -0,688972 0,797484 2,620732 -0,174560 0,572253 3,247922
-0,184357 -0,144403 3,229342 0,241562 1,272141 3,084456 -0,823534 0,746602 2,686079 -0,174962 0,572206 3,248330
-0,180267 -0,133116 3,218154 0,244243 1,281093 3,103659 -0,927683 0,660882 2,711130 -0,179394 0,587697 3,259800
-0,183746 -0,141073 3,220336 0,239821 1,276938 3,092115 -1,034056 0,599428 2,741587 -0,179191 0,584305 3,259737
-0,177549 -0,142964 3,210008 0,238272 1,284134 3,083851 -1,146223 0,544572 2,820674 -0,182215 0,582354 3,247761
-0,178013 -0,135196 3,207780 0,236552 1,273858 3,072694 -1,241569 0,514035 2,946000 -0,178201 0,580533 3,236642
-0,177369 -0,138466 3,210600 0,237191 1,274643 3,080041 -1,297219 0,485690 3,033399 -0,170050 0,580370 3,214540
-0,181370 -0,134441 3,223065 0,231333 1,282335 3,069314 -1,336928 0,480441 3,140501 -0,179191 0,584305 3,259737
-0,174131 -0,138379 3,199141 0,231692 1,281770 3,060778 -1,351361 0,476179 3,222672 -0,167408 0,582194 3,226375
-0,176669 -0,140806 3,203474 0,224910 1,284934 3,061405 -1,342315 0,487722 3,295846 -0,175184 0,589348 3,248614
-0,176129 -0,139277 3,200486 0,219193 1,284671 3,059027 -1,345595 0,508483 3,383116 -0,171380 0,584017 3,237453
-0,175217 -0,139354 3,193303 0,208719 1,290501 3,062599 -1,343014 0,524043 3,458038 -0,167020 0,589126 3,226346
-0,176207 -0,139907 3,194563 0,212662 1,282299 3,053850 -1,329142 0,529366 3,428771 -0,168138 0,589462 3,249362
-0,175015 -0,134202 3,198596 0,210949 1,289763 3,055070 -1,317449 0,534356 3,451412 -0,167020 0,589126 3,226346
-0,183946 -0,139208 3,208785 0,210283 1,274024 3,050567 -1,328715 0,534996 3,445685 -0,167020 0,589126 3,226346
-0,183067 -0,143448 3,201220 0,206770 1,281118 3,049490 -1,289643 0,537830 3,382194 -0,160891 0,593054 3,250039
-0,182434 -0,140746 3,202759 0,204546 1,297290 3,055385 -1,304414 0,555260 3,383390 -0,161088 0,589572 3,250084
-0,182174 -0,140576 3,198630 0,207523 1,283927 3,049880 -1,283957 0,576390 3,309356 -0,161088 0,589572 3,250084
-0,179939 -0,142466 3,195439 0,206853 1,284714 3,044147 -1,279183 0,620148 3,286924 -0,164353 0,584129 3,238179
-0,187617 -0,140269 3,221534 0,213782 1,287102 3,052886 -1,239734 0,670332 3,198312 -0,183435 0,589553 3,271071
-0,180516 -0,139488 3,210109 0,213987 1,287200 3,071038 -1,181215 0,738363 3,140643 -0,184213 0,583499 3,213137
-0,177634 -0,138810 3,211105 0,210340 1,285456 3,061596 -1,097169 0,819474 3,075052 -0,175184 0,589348 3,248614
-0,180547 -0,139854 3,210770 0,215260 1,281635 3,072362 -1,020413 0,903147 3,052462 -0,183244 0,593072 3,271087
-0,181532 -0,138525 3,224389 0,216611 1,278630 3,073155 -0,949508 1,013003 3,067650 -0,178007 0,584003 3,236583
-0,179384 -0,130943 3,212800 0,221779 1,282069 3,089132 -0,866472 1,110781 3,090673 -0,189469 0,592486 3,247107
-0,182229 -0,141855 3,223289 0,225868 1,271306 3,078504 -0,780192 1,164996 3,076892 -0,179394 0,587697 3,259800
-0,181041 -0,137674 3,205220 0,231063 1,273458 3,093581 -0,701986 1,227406 3,106236 -0,183637 0,592941 3,271064
-0,182879 -0,134628 3,221089 0,231163 1,277595 3,108418 -0,635622 1,263680 3,123661 -0,182618 0,589099 3,247815
-0,188567 -0,127329 3,223147 0,236349 1,286339 3,096313 -0,585609 1,288988 3,135539 -0,189672 0,595852 3,247104
-0,193129 -0,133449 3,226005 0,242158 1,266539 3,109883 -0,550940 1,285943 3,125590 -0,193525 0,594347 3,258280
