23 12
-0,190814 -0,131217 3,108611 0,258861 1,307414 3,117477 -0,540269 1,370101 3,187567 -0,181412 0,581963 3,224879
-0,183748 -0,132321 3,097039 0,255268 1,313211 3,131086 -0,555393 1,343088 3,113117 -0,176831 0,583692 3,213653
-0,171847 -0,131483 3,102946 0,251778 1,312174 3,125765 -0,580509 1,234074 3,008894 -0,169521 0,576571 3,192125
-0,161200 -0,137897 3,135362 0,255015 1,314573 3,123509 -0,646854 0,765195 2,624899 -0,167397 0,575362 3,226303
-0,158432 -0,126530 3,153052 0,253225 1,307738 3,124202 -0,637393 0,197206 2,496392 -0,149672 0,583927 3,216677
-0,161278 -0,128677 3,181419 0,251332 1,322804 3,119601 -0,631926 -0,061437 2,455111 -0,148870 0,580202 3,194137
-0,163093 -0,132478 3,180040 0,254317 1,323078 3,126756 -0,629907 -0,499001 2,563228 -0,156849 0,580334 3,215843
-0,159448 -0,137931 3,178260 0,256367 1,310632 3,121843 -0,652332 -0,699453 2,577831 -0,153387 0,582406 3,227765
-0,159222 -0,137065 3,164774 0,253102 1,310362 3,134108 -0,637364 -0,737115 2,573307 -0,146362 0,575670 3,228349
-0,149247 -0,134889 3,162138 0,255150 1,310320 3,148573 -0,588382 -0,800911 2,703833 -0,135655 0,570489 3,217780
-0,145304 -0,142040 3,170126 0,256836 1,318047 3,150388 -0,560855 -0,796337 2,670272 -0,137302 0,574376 3,263552
-0,143607 -0,137817 3,171096 0,256054 1,313102 3,155375 -0,563472 -0,793686 2,674659 -0,139708 0,568783 3,228666
-0,147344 -0,129638 3,170218 0,249250 1,320344 3,136522 -0,565709 -0,786445 2,648443 -0,135469 0,573962 3,217900
-0,155071 -0,141835 3,177653 0,251389 1,315691 3,140662 -0,573906 -0,792577 2,669728 -0,139708 0,568783 3,228666
-0,157333 -0,131227 3,178530 0,253828 1,307844 3,141249 -0,572802 -0,784105 2,666679 -0,142851 0,577672 3,240064
-0,160257 -0,144510 3,173954 0,258233 1,306681 3,144730 -0,563008 -0,743412 2,669024 -0,143793 0,573905 3,239619
-0,164856 -0,126437 3,169591 0,262994 1,306067 3,137225 -0,512367 -0,564419 2,621047 -0,154411 0,582672 3,250632
-0,170615 -0,129415 3,180818 0,263975 1,310069 3,134004 -0,500182 -0,416289 2,615116 -0,161079 0,582692 3,250007
-0,152534 -0,139221 3,160987 0,268257 1,305246 3,145034 -0,516836 0,013125 2,564908 -0,164353 0,584129 3,238179
-0,154328 -0,148592 3,161675 0,275521 1,306293 3,154529 -0,558746 0,552933 2,533683 -0,166189 0,561852 3,225003
-0,158438 -0,146168 3,167172 0,275005 1,311185 3,161099 -0,588363 0,817013 2,557441 -0,167580 0,571876 3,226204
-0,166712 -0,130065 3,154786 0,280457 1,306650 3,165312 -0,557194 1,320146 2,992663 -0,173262 0,575022 3,202930
-0,185978 -0,132211 3,167468 0,284572 1,299719 3,164163 -0,538740 1,367412 3,149766 -0,168138 0,589462 3,249362
