18 12
-0,260609 -0,055800 3,230703 0,073463 1,356337 3,170367 -0,446793 1,207790 2,898903 -0,227058 0,644923 3,289935
-0,269240 -0,061695 3,231636 0,084933 1,339724 3,144387 -0,403871 1,135993 2,764865 -0,232116 0,630199 3,324637
-0,272690 -0,062117 3,252247 0,084727 1,327440 3,119636 -0,439805 1,109596 2,762207 -0,227645 0,624704 3,312758
-0,275882 -0,064896 3,243702 0,068043 1,369287 3,129625 -0,585652 0,880005 2,419246 -0,237659 0,622409 3,299293
-0,274263 -0,061069 3,243141 0,066841 1,332121 3,125781 -1,037120 0,855766 2,895374 -0,238551 0,629245 3,300173
-0,265860 -0,060670 3,239508 0,077918 1,337806 3,115115 -1,201592 0,763599 2,883984 -0,238573 0,636239 3,300268
-0,269679 -0,068044 3,240187 0,098385 1,361151 3,177695 -1,330256 0,567685 2,722762 -0,262671 0,633530 3,284717
-0,273347 -0,066622 3,243022 0,098790 1,344447 3,155246 -1,497665 0,503152 2,925823 -0,268418 0,632595 3,260229
-0,282246 -0,073444 3,253203 0,100077 1,349553 3,162921 -1,509404 0,491255 2,983955 -0,272709 0,634567 3,271358
-0,283008 -0,074747 3,212683 0,095265 1,350876 3,160258 -1,511408 0,493114 3,018373 -0,266975 0,635521 3,296010
-0,286430 -0,066174 3,228950 0,092703 1,351344 3,162470 -1,433948 0,512747 2,913289 -0,274257 0,631757 3,294864
-0,290714 -0,066351 3,228303 0,093949 1,342968 3,164523 -1,367902 0,543287 2,861007 -0,271721 0,637348 3,307355
-0,288069 -0,063982 3,234542 0,083722 1,333190 3,146728 -1,278328 0,695648 2,971484 -0,268948 0,639556 3,319919
-0,290853 -0,066190 3,250898 0,078251 1,364882 3,176234 -0,906458 0,805989 2,601631 -0,268194 0,629216 3,260154
-0,288891 -0,064710 3,232877 0,073781 1,343183 3,156671 -0,785419 0,893609 2,577872 -0,257302 0,641329 3,309662
-0,287688 -0,066392 3,230055 0,072202 1,347289 3,167374 -0,631946 1,210699 3,034370 -0,257302 0,641329 3,309662
-0,292416 -0,063162 3,244742 0,069180 1,339484 3,152648 -0,503650 1,207856 2,948991 -0,254255 0,640105 3,322147
-0,292748 -0,063459 3,247326 0,069874 1,322004 3,143352 -0,479037 1,238376 3,025264 -0,248555 0,644558 3,347499
