20 12
-0,167943 -0,121910 3,159931 0,238905 1,301091 3,102537 -0,545569 1,349681 3,087396 -0,175412 0,606496 3,248828
-0,172343 -0,128968 3,171900 0,238210 1,300040 3,097432 -0,557355 1,321217 3,052034 -0,175604 0,602983 3,248737
-0,173886 -0,129601 3,162908 0,244315 1,304739 3,110002 -0,620309 1,049971 2,728891 -0,172341 0,594716 3,260642
-0,173611 -0,142484 3,180593 0,243444 1,307459 3,096637 -0,617030 0,726046 2,756778 -0,175194 0,596228 3,248690
-0,171599 -0,131012 3,173638 0,245137 1,304974 3,101200 -0,637676 0,553952 2,724750 -0,174448 0,602589 3,225859
-0,172781 -0,125503 3,169266 0,246192 1,306557 3,104605 -0,627364 0,360349 2,895441 -0,156059 0,603729 3,193580
-0,167886 -0,124704 3,169541 0,241764 1,300243 3,084614 -0,494909 0,303687 2,786037 -0,168629 0,615758 3,225312
-0,164027 -0,128991 3,170129 0,246574 1,308538 3,108025 -0,505268 0,324902 2,936382 -0,124729 0,607924 3,161226
-0,164546 -0,127403 3,180335 0,242750 1,304644 3,108918 -0,610407 0,300476 2,814418 -0,127475 0,606241 3,150933
-0,165099 -0,128116 3,177971 0,238997 1,305317 3,089780 -0,688949 0,338634 2,880884 -0,152173 0,601862 3,182738
-0,165876 -0,135510 3,180837 0,244005 1,297689 3,097452 -0,622857 0,327946 2,779340 -0,129702 0,590683 3,118465
-0,170979 -0,129467 3,164055 0,237615 1,306996 3,085858 -0,563074 0,358516 2,867452 -0,133471 0,599139 3,129001
-0,168563 -0,127463 3,167292 0,243398 1,296354 3,089799 -0,717941 0,373350 3,045765 -0,175619 0,609868 3,248816
-0,167283 -0,128247 3,173796 0,242096 1,299969 3,095341 -0,764967 0,419146 2,995701 -0,167834 0,602552 3,226405
-0,164225 -0,127169 3,171573 0,244014 1,301691 3,096137 -0,774272 0,571090 2,865280 -0,174073 0,595082 3,202783
-0,163132 -0,127673 3,150565 0,244682 1,301800 3,097866 -0,708602 0,829397 2,748698 -0,161516 0,610103 3,250261
-0,164724 -0,128617 3,161725 0,240332 1,309910 3,091159 -0,682050 0,947199 2,694047 -0,175604 0,602983 3,248737
-0,159960 -0,127974 3,162092 0,241237 1,308142 3,106774 -0,625383 1,277253 3,012816 -0,161705 0,606575 3,250084
-0,161512 -0,127434 3,168207 0,242508 1,306536 3,101124 -0,605625 1,337065 3,088019 -0,167834 0,602552 3,226405
-0,164457 -0,128426 3,159492 0,244158 1,303678 3,091889 -0,590007 1,360632 3,157376 -0,175619 0,609868 3,248816
