19 12
-0,225264 -0,018818 3,154226 0,201064 1,311893 3,255866 -0,682361 1,281972 3,100247 -0,202941 0,637028 3,304974
-0,217040 -0,020941 3,139256 0,198565 1,317946 3,257349 -0,856951 1,228854 3,212585 -0,194474 0,629575 3,282019
-0,224529 -0,027037 3,151896 0,204329 1,299599 3,249790 -0,938648 1,114099 3,118128 -0,194676 0,626039 3,282018
-0,214211 -0,023497 3,168611 0,207776 1,324057 3,294285 -1,000632 0,882682 2,738604 -0,197667 0,623927 3,269855
-0,204958 -0,025386 3,150014 0,218804 1,310658 3,273362 -0,980919 0,838334 2,663385 -0,169322 0,624445 3,273015
-0,203445 -0,035823 3,175821 0,217509 1,285978 3,281092 -0,911189 0,821223 2,567941 -0,173141 0,623006 3,284336
-0,199129 -0,040605 3,191616 0,224831 1,308538 3,309759 -0,780666 0,875648 2,645899 -0,166313 0,616800 3,308184
-0,202822 -0,048970 3,177100 0,217132 1,310990 3,310488 -0,334822 0,695653 2,146029 -0,178564 0,622779 3,343191
-0,204624 -0,037340 3,187708 0,215854 1,338739 3,325293 -0,173710 0,666949 2,163223 -0,166313 0,616800 3,308184
-0,215176 -0,064036 3,147135 0,218228 1,316953 3,319120 0,107161 0,732289 2,693850 -0,157195 0,597653 3,321284
-0,216767 -0,059086 3,137028 0,214535 1,312744 3,288865 0,151800 0,719933 2,697092 -0,179947 0,604710 3,343125
-0,211071 -0,060238 3,143920 0,210822 1,334041 3,334740 0,139933 0,736999 2,722957 -0,173148 0,612708 3,368902
-0,201718 -0,045900 3,179531 0,214326 1,311275 3,299164 0,028753 0,742944 2,534353 -0,162488 0,611332 3,296856
-0,210564 -0,061095 3,158348 0,212988 1,334200 3,314637 -0,165256 0,920373 2,756756 -0,161439 0,552073 3,294188
-0,202133 -0,044080 3,166708 0,222127 1,307225 3,282041 -0,268574 0,999713 2,768101 -0,165662 0,585277 3,306590
-0,202162 -0,035087 3,181417 0,218159 1,293705 3,276717 -0,398854 1,098926 2,671870 -0,166095 0,613295 3,307813
-0,214932 -0,030214 3,184090 0,216685 1,312885 3,261096 -0,578610 1,309110 2,995371 -0,174332 0,630563 3,308153
-0,210737 -0,029821 3,174350 0,221654 1,298230 3,261993 -0,581735 1,330667 3,074876 -0,181284 0,633995 3,307390
-0,219354 -0,024275 3,161734 0,208841 1,307768 3,260754 -0,554055 1,378062 3,290151 -0,183093 0,631228 3,271431
