24 12
-0,189168 -0,134480 3,347368 0,269312 1,293759 3,310675 -0,552145 1,389640 3,335896 -0,145292 0,607141 3,421614
-0,182595 -0,136423 3,365331 0,263094 1,293712 3,312608 -0,629944 0,999507 2,773367 -0,138115 0,603593 3,422302
-0,179388 -0,139851 3,377608 0,255288 1,320812 3,323009 -0,606584 0,472684 2,709681 -0,121698 0,598666 3,348763
-0,178449 -0,137894 3,376633 0,252720 1,306485 3,313661 -0,594503 0,189442 2,647597 -0,128036 0,591174 3,323998
-0,178561 -0,140977 3,374908 0,256824 1,302016 3,310305 -0,570494 -0,283318 2,751045 -0,137703 0,592233 3,396841
-0,185071 -0,139640 3,383940 0,250746 1,311076 3,315181 -0,531794 -0,571762 2,691359 -0,158364 0,580984 3,369923
-0,179523 -0,137741 3,375426 0,245084 1,305507 3,316401 -0,542674 -0,672246 2,709541 -0,159845 0,588263 3,394594
-0,179741 -0,141478 3,370986 0,238272 1,302961 3,305952 -0,543572 -0,762920 2,746297 -0,153214 0,588846 3,420619
-0,181091 -0,142002 3,377467 0,239689 1,303733 3,310843 -0,503592 -0,767876 2,721417 -0,159025 0,602700 3,484970
-0,180054 -0,139431 3,367507 0,242363 1,302160 3,306261 -0,490862 -0,769161 2,730718 -0,168737 0,596354 3,444844
-0,179823 -0,139629 3,373825 0,244516 1,316256 3,317583 -0,482383 -0,761521 2,726713 -0,154105 0,592871 3,446176
-0,178275 -0,141633 3,375908 0,243712 1,316834 3,326387 -0,478218 -0,755065 2,713827 -0,162465 0,596843 3,471358
-0,181208 -0,138954 3,381939 0,245783 1,304697 3,321634 -0,479670 -0,751346 2,723088 -0,150839 0,594957 3,459439
-0,179094 -0,137172 3,372412 0,245980 1,308504 3,328385 -0,480300 -0,756786 2,729922 -0,147355 0,593472 3,472823
-0,180716 -0,143902 3,381287 0,248658 1,311543 3,328610 -0,476753 -0,744169 2,734023 -0,154814 0,593370 3,472117
-0,180839 -0,138080 3,382009 0,246378 1,304886 3,313890 -0,474160 -0,713072 2,737165 -0,126865 0,583661 3,410279
-0,177204 -0,136829 3,389754 0,250428 1,310623 3,315712 -0,468948 -0,574221 2,758983 -0,135765 0,591580 3,460818
-0,153290 -0,124108 3,332034 0,257317 1,306021 3,321221 -0,472356 -0,301492 2,783932 -0,134409 0,587097 3,409616
-0,143214 -0,149860 3,308637 0,258694 1,308873 3,319776 -0,478732 -0,115347 2,769913 -0,132049 0,596710 3,448022
-0,155244 -0,139015 3,364556 0,257047 1,323251 3,319189 -0,506933 0,342994 2,704386 -0,123748 0,603654 3,423404
-0,159669 -0,143235 3,371704 0,265794 1,304848 3,320984 -0,588376 0,854089 2,705947 -0,108394 0,593143 3,424463
-0,162594 -0,140860 3,358157 0,267976 1,304144 3,322143 -0,605026 1,075926 2,827683 -0,127209 0,594965 3,435768
-0,174437 -0,140543 3,347263 0,276284 1,300589 3,338177 -0,579314 1,410884 3,272684 -0,122464 0,588987 3,398081
-0,184579 -0,141733 3,340717 0,276206 1,287362 3,318228 -0,561469 1,417753 3,379707 -0,124054 0,593374 3,448912
