44 12
-0,174157 -0,111988 3,259697 0,204182 1,171338 3,218222 -0,457913 1,187603 3,199682 -0,159075 0,598835 3,285517
-0,175367 -0,110219 3,264515 0,206860 1,146295 3,175794 -0,462159 1,176927 3,172568 -0,155274 0,593401 3,273992
-0,174854 -0,110545 3,258369 0,203756 1,125302 3,144176 -0,468391 1,142877 3,146196 -0,151954 0,598941 3,286203
-0,176910 -0,111201 3,268817 0,195274 1,092638 3,077275 -0,470303 1,099953 3,079029 -0,155085 0,596935 3,274106
-0,177358 -0,107413 3,270439 0,183738 1,041807 3,008948 -0,465839 1,047121 3,033767 -0,154686 0,597029 3,274022
-0,181216 -0,113281 3,269147 0,173994 0,992052 2,963996 -0,463844 0,979825 2,965076 -0,154476 0,586665 3,273748
-0,176679 -0,110979 3,261124 0,151359 0,942385 2,888221 -0,453433 0,917291 2,884603 -0,152788 0,572280 3,227437
-0,177707 -0,112709 3,262073 0,147644 0,872890 2,791235 -0,445946 0,862155 2,799311 -0,148871 0,550079 3,216207
-0,175972 -0,113153 3,269040 0,135644 0,823484 2,718793 -0,430005 0,803797 2,722914 -0,148446 0,539747 3,193831
-0,181283 -0,125729 3,281216 0,120614 0,769373 2,625422 -0,416950 0,750617 2,629785 -0,168740 0,527340 3,248248
-0,178046 -0,128217 3,264816 0,111398 0,720032 2,543682 -0,406373 0,693075 2,530749 -0,160231 0,521594 3,281791
-0,184245 -0,133008 3,274287 0,094607 0,674557 2,453511 -0,401065 0,634803 2,439443 -0,169546 0,548132 3,271896
-0,183463 -0,127917 3,264913 0,100286 0,627706 2,369218 -0,405556 0,575030 2,347626 -0,162826 0,555524 3,296423
-0,183318 -0,128721 3,254912 0,112490 0,583764 2,307822 -0,406902 0,511651 2,257628 -0,165377 0,549934 3,260787
-0,188494 -0,124891 3,253351 0,136019 0,539991 2,240096 -0,411412 0,452710 2,158465 -0,161400 0,548206 3,249559
-0,187462 -0,110984 3,258653 0,151320 0,492890 2,202700 -0,408426 0,405036 2,086212 -0,164689 0,577015 3,344666
-0,185712 -0,107239 3,247009 0,183950 0,445559 2,137598 -0,419096 0,373173 2,066674 -0,151967 0,592161 3,395610
-0,186927 -0,100032 3,236301 0,196155 0,417577 2,170124 -0,440002 0,342580 2,055111 -0,147039 0,579195 3,358665
-0,185123 -0,100512 3,219619 0,230668 0,388491 2,143933 -0,472399 0,318260 2,052903 -0,158934 0,584323 3,369733
-0,184600 -0,100511 3,218087 0,267030 0,381560 2,179521 -0,515532 0,292425 2,051462 -0,146215 0,575356 3,334287
-0,186173 -0,104025 3,194222 0,311433 0,369976 2,170886 -0,562773 0,277124 2,042295 -0,156958 0,573181 3,321112
-0,191302 -0,101979 3,208933 0,383517 0,362604 2,160347 -0,615962 0,273892 2,057858 -0,159534 0,574906 3,308817
-0,185290 -0,099719 3,185379 0,459252 0,367206 2,167027 -0,677436 0,279014 2,087606 -0,132308 0,562187 3,229442
-0,183916 -0,104056 3,195574 0,535195 0,364758 2,142263 -0,763030 0,290362 2,129221 -0,153349 0,555084 3,227479
-0,183905 -0,101436 3,193533 0,612967 0,373364 2,211135 -0,859628 0,302213 2,185436 -0,167180 0,558351 3,226112
-0,179370 -0,103950 3,188165 0,698357 0,389717 2,275729 -0,950706 0,323102 2,243466 -0,146948 0,562265 3,251147
-0,180222 -0,112273 3,197759 0,777830 0,410404 2,363776 -1,039792 0,351344 2,306684 -0,149431 0,546550 3,216372
-0,178216 -0,117479 3,184861 0,857741 0,443397 2,440213 -1,110342 0,396386 2,362973 -0,151142 0,538064 3,182153
-0,174909 -0,116247 3,183119 0,925986 0,485756 2,559841 -1,171364 0,457302 2,449539 -0,136039 0,541436 3,139740
-0,175248 -0,116917 3,195411 0,999904 0,507945 2,654166 -1,216178 0,526034 2,530845 -0,142152 0,537979 3,117585
-0,174021 -0,119589 3,179925 1,061624 0,558248 2,719895 -1,216541 0,580121 2,595397 -0,137123 0,544757 3,161602
-0,171928 -0,120869 3,183735 1,106077 0,621253 2,867142 -1,209628 0,634774 2,649082 -0,146703 0,543009 3,149679
-0,174328 -0,125961 3,178932 1,060641 0,658168 2,921462 -1,195639 0,685351 2,714862 -0,157606 0,541192 3,159664
-0,172537 -0,118947 3,178683 1,033009 0,718896 3,020265 -1,175158 0,744792 2,775199 -0,145940 0,546246 3,128055
-0,176726 -0,119257 3,190119 0,981426 0,766147 3,060718 -1,145420 0,805544 2,858904 -0,143648 0,551460 3,160994
-0,175831 -0,117184 3,187807 0,922013 0,844777 3,094356 -1,098260 0,866111 2,916006 -0,143845 0,561466 3,161140
-0,166625 -0,114887 3,172368 0,854395 0,898900 3,171999 -1,052516 0,926085 2,989378 -0,144417 0,568447 3,183213
-0,169541 -0,108467 3,184741 0,784811 0,975191 3,214383 -0,993919 0,985295 3,037076 -0,154606 0,576547 3,171301
-0,163883 -0,107541 3,177917 0,699527 1,031260 3,277379 -0,930173 1,040335 3,106906 -0,148880 0,586974 3,194202
-0,163912 -0,112776 3,192481 0,618417 1,084694 3,313863 -0,864631 1,079979 3,148425 -0,145399 0,589024 3,205835
-0,159508 -0,109408 3,190721 0,537193 1,126337 3,343347 -0,801796 1,133772 3,190360 -0,153405 0,596084 3,227909
-0,160927 -0,106513 3,190240 0,451773 1,166532 3,354451 -0,728452 1,163270 3,207143 -0,145600 0,592369 3,205865
-0,161184 -0,099745 3,197560 0,381173 1,190786 3,364037 -0,665735 1,188295 3,242128 -0,135818 0,598348 3,240907
-0,155776 -0,108428 3,199396 0,313056 1,195495 3,339585 -0,602983 1,211196 3,257140 -0,140887 0,604070 3,275498
