20 12
-0,232838 -0,100723 3,191447 0,160763 1,355879 3,235452 -0,517429 1,292822 3,233498 -0,177355 0,600515 3,295502
-0,233924 -0,096040 3,211045 0,153298 1,354485 3,239657 -0,587134 0,923460 2,644346 -0,180000 0,591643 3,283080
-0,241417 -0,101731 3,215392 0,156869 1,358292 3,249453 -0,566695 0,577999 2,481937 -0,167013 0,582293 3,226276
-0,244704 -0,101600 3,232380 0,152905 1,352953 3,249381 -0,575487 0,410259 2,364786 -0,153195 0,585879 3,227799
-0,247140 -0,098225 3,222798 0,157515 1,356795 3,257641 -0,612345 0,168594 2,140054 -0,183735 0,621044 3,355511
-0,234023 -0,110620 3,190778 0,157349 1,350181 3,256914 -0,601363 0,077279 2,097956 -0,171404 0,615068 3,320233
-0,231172 -0,116520 3,172940 0,157036 1,358257 3,267153 -0,601894 0,058911 2,083902 -0,173889 0,601826 3,283700
-0,224440 -0,117245 3,162937 0,158760 1,347801 3,260332 -0,601729 0,042718 2,076515 -0,165525 0,612022 3,344715
-0,210867 -0,108170 3,141130 0,150242 1,356086 3,268996 -0,588117 0,033638 2,058355 -0,164610 0,615000 3,320596
-0,212041 -0,118487 3,141805 0,149211 1,356803 3,269290 -0,591819 0,035844 2,053926 -0,161454 0,610049 3,332919
-0,215521 -0,118155 3,142742 0,154313 1,359017 3,272489 -0,594572 0,042673 2,049296 -0,170628 0,607452 3,296152
-0,221393 -0,110445 3,149108 0,149901 1,349960 3,249918 -0,601498 0,050685 2,046617 -0,167729 0,612913 3,308251
-0,221091 -0,102606 3,152791 0,156898 1,355943 3,266453 -0,605544 0,060683 2,042241 -0,174703 0,616395 3,307780
-0,229234 -0,107954 3,166726 0,153347 1,359655 3,262895 -0,588146 0,113756 2,118965 -0,170273 0,613540 3,271842
-0,226255 -0,095933 3,170501 0,156820 1,357904 3,264115 -0,572313 0,284549 2,170731 -0,150707 0,604778 3,239554
-0,224847 -0,103413 3,170859 0,159099 1,347337 3,243223 -0,558401 0,426574 2,240079 -0,153202 0,592718 3,227870
-0,223967 -0,105629 3,164155 0,154005 1,376593 3,245301 -0,516330 0,816654 2,505226 -0,172025 0,575084 3,201326
-0,225020 -0,099063 3,155565 0,163611 1,365814 3,258471 -0,567366 1,147890 2,713731 -0,172157 0,605131 3,260742
-0,227457 -0,097593 3,155921 0,156499 1,358637 3,240160 -0,563295 1,279798 2,886493 -0,181451 0,602467 3,225099
-0,232804 -0,098220 3,142650 0,160642 1,361961 3,232965 -0,522427 1,439713 3,284631 -0,179420 0,601501 3,259962
