19 12
-0,154030 -0,048100 3,076663 0,156177 1,366686 3,148858 -0,465223 1,345567 2,979973 -0,143886 0,621873 3,161647
-0,152776 -0,057108 3,087754 0,161997 1,336535 3,111382 -0,417442 1,225170 2,743221 -0,135909 0,611932 3,161169
-0,153783 -0,059473 3,092021 0,156850 1,379046 3,165851 -0,413247 0,839076 2,321186 -0,143924 0,599196 3,203941
-0,151803 -0,055015 3,098346 0,158356 1,356771 3,167085 -0,289244 0,342543 2,058489 -0,133532 0,656140 3,204422
-0,159388 -0,049924 3,103965 0,168169 1,357951 3,170309 -0,270228 0,172954 2,035275 -0,128837 0,685817 3,220005
-0,164294 -0,066564 3,122390 0,173353 1,337201 3,178000 -0,312272 -0,081295 1,926441 -0,141160 0,672420 3,201716
-0,132270 -0,028075 3,006715 0,173925 1,364766 3,187136 -0,312211 -0,176243 1,912003 -0,110957 0,628274 3,162360
-0,109248 0,005440 2,965603 0,174350 1,360862 3,185175 -0,306084 -0,190266 1,904709 -0,121844 0,633343 3,172147
-0,153002 -0,049137 3,101650 0,171120 1,353736 3,174964 -0,296238 -0,193481 1,913039 -0,117289 0,630921 3,140093
-0,163424 -0,085519 3,110817 0,175405 1,356466 3,191525 -0,284461 -0,172334 1,904338 -0,107653 0,639412 3,150514
-0,171840 -0,086863 3,132785 0,174214 1,364038 3,179444 -0,288580 -0,157032 1,909336 -0,119112 0,653887 3,157699
-0,164514 -0,092800 3,141989 0,174051 1,371441 3,184580 -0,288169 -0,095973 1,943751 -0,116154 0,659124 3,167960
-0,135656 -0,059346 3,078582 0,172142 1,366228 3,171228 -0,334800 0,064971 2,072425 -0,122112 0,631926 3,219128
-0,132524 -0,056916 3,082781 0,169413 1,352517 3,167542 -0,349609 0,190841 2,167260 -0,097827 0,642438 3,184854
-0,126574 -0,064853 3,058930 0,171775 1,359269 3,164971 -0,335165 0,523972 2,342179 -0,109541 0,625644 3,164444
-0,136366 -0,058877 3,078415 0,177247 1,346019 3,129259 -0,454414 0,941609 2,570289 -0,137282 0,619227 3,184151
-0,137350 -0,058701 3,081910 0,177810 1,367666 3,153365 -0,488020 1,127227 2,736001 -0,130074 0,622068 3,162843
-0,157434 -0,059295 3,055398 0,167993 1,372502 3,135310 -0,465875 1,387383 3,083931 -0,141558 0,627885 3,195289
-0,168656 -0,061539 3,071709 0,164618 1,373037 3,136595 -0,469321 1,376376 3,189996 -0,144653 0,625834 3,183794
