36 12
-0,263365 -0,057009 3,127326 0,153401 1,224577 3,266898 -0,553575 1,270248 3,249716 -0,237168 0,559184 3,275659
-0,264698 -0,048593 3,140785 0,140320 1,211579 3,230304 -0,565277 1,245479 3,226576 -0,245625 0,562704 3,298246
-0,263996 -0,053011 3,132836 0,132456 1,196827 3,206734 -0,576154 1,206604 3,174260 -0,236971 0,555806 3,275627
-0,264163 -0,054745 3,135053 0,108978 1,166425 3,154775 -0,576924 1,157366 3,115450 -0,247048 0,557139 3,262457
-0,263435 -0,051758 3,140083 0,091683 1,133419 3,113747 -0,566066 1,098521 3,046216 -0,248460 0,560785 3,285891
-0,264006 -0,046990 3,135177 0,062240 1,119562 3,063757 -0,544005 1,043210 2,978754 -0,248460 0,560785 3,285891
-0,264836 -0,053972 3,147564 0,019155 1,100450 3,011899 -0,516937 0,974011 2,906621 -0,242647 0,552056 3,251327
-0,262719 -0,054478 3,143694 -0,010168 1,043731 2,904040 -0,490795 0,909307 2,815207 -0,261945 0,537888 3,225012
-0,263497 -0,044835 3,159863 -0,028482 0,981369 2,866196 -0,471129 0,837330 2,720925 -0,261898 0,524264 3,224857
-0,262124 -0,048397 3,156797 -0,060121 0,918830 2,724529 -0,446683 0,773234 2,631300 -0,252246 0,500886 3,180829
-0,257476 -0,063639 3,165345 -0,059895 0,848682 2,654453 -0,429476 0,704766 2,526620 -0,247338 0,472845 3,169374
-0,265274 -0,072444 3,176173 -0,076426 0,787520 2,489896 -0,418022 0,635678 2,412003 -0,231284 0,451017 3,183271
-0,267194 -0,076112 3,179304 -0,081548 0,731458 2,378484 -0,420062 0,586305 2,309184 -0,242846 0,510701 3,250719
-0,260424 -0,078221 3,189381 -0,063854 0,669417 2,294864 -0,456019 0,544908 2,231593 -0,217034 0,514554 3,301509
-0,256095 -0,076337 3,183280 -0,028038 0,606938 2,214183 -0,509713 0,497394 2,164290 -0,238080 0,531729 3,422345
-0,259646 -0,080807 3,174748 0,037265 0,552846 2,183614 -0,568808 0,447240 2,137695 -0,232856 0,529671 3,384622
-0,255460 -0,075508 3,177953 0,101187 0,493763 2,162496 -0,639447 0,401996 2,133209 -0,203001 0,525143 3,303325
-0,250422 -0,061820 3,187151 0,191882 0,446051 2,184347 -0,716382 0,377168 2,166746 -0,200909 0,521671 3,256216
-0,246933 -0,058155 3,183650 0,295248 0,421353 2,190830 -0,803486 0,360326 2,187323 -0,202759 0,523393 3,221460
-0,246938 -0,055530 3,193016 0,397842 0,414228 2,226392 -0,922659 0,371244 2,256717 -0,215678 0,511786 3,141853
-0,245695 -0,054939 3,171384 0,475059 0,430152 2,250077 -1,038836 0,402014 2,335495 -0,209818 0,518563 3,164643
-0,250370 -0,059530 3,174833 0,606134 0,447584 2,312730 -1,115063 0,438932 2,414166 -0,222334 0,515062 3,141012
-0,246159 -0,060911 3,158328 0,714847 0,522623 2,536961 -1,190049 0,499155 2,477619 -0,215513 0,515188 3,141911
-0,249985 -0,073681 3,146498 0,808822 0,603233 2,581605 -1,239644 0,571410 2,558910 -0,218500 0,510124 3,130591
-0,248278 -0,074044 3,133956 0,843187 0,674863 2,687242 -1,261863 0,644256 2,628768 -0,226167 0,513352 3,151357
-0,252911 -0,060774 3,136350 0,859881 0,764118 2,819032 -1,267726 0,735748 2,736849 -0,226726 0,523113 3,151389
-0,252591 -0,061826 3,121555 0,835691 0,844517 2,914764 -1,242051 0,830521 2,825282 -0,227802 0,529874 3,173489
-0,254776 -0,057576 3,114974 0,797809 0,939709 3,009880 -1,185144 0,922064 2,911377 -0,230795 0,531387 3,161944
-0,254416 -0,052294 3,101854 0,728200 1,010902 3,104152 -1,111705 1,006616 2,991385 -0,224828 0,541812 3,185175
-0,255181 -0,055578 3,109796 0,645520 1,076872 3,187352 -1,021656 1,078271 3,070370 -0,216802 0,550364 3,220041
-0,255362 -0,054364 3,097493 0,553609 1,127795 3,240903 -0,924193 1,140816 3,127903 -0,209665 0,554008 3,221136
-0,252548 -0,051214 3,102085 0,457350 1,142436 3,284065 -0,828448 1,187455 3,169160 -0,198299 0,559385 3,211294
-0,258159 -0,052676 3,121127 0,370770 1,187974 3,304209 -0,727283 1,217601 3,195388 -0,209494 0,557505 3,221277
-0,253680 -0,048866 3,110386 0,271921 1,210079 3,312205 -0,634037 1,245219 3,205874 -0,203465 0,564749 3,245116
-0,250608 -0,053398 3,117239 0,183540 1,218073 3,287700 -0,550131 1,242074 3,191586 -0,206400 0,562864 3,233194
-0,257869 -0,054904 3,110975 0,140507 1,250049 3,267452 -0,501065 1,271141 3,223514 -0,203624 0,554381 3,244960
