30 12
-0,189644 -0,136355 3,322048 0,235209 1,292931 3,247857 -0,506613 1,390953 3,309930 -0,146409 0,578819 3,334326
-0,185337 -0,134063 3,332505 0,312240 1,301378 3,323616 -0,598446 1,234176 3,042604 -0,139979 0,582779 3,359363
-0,181170 -0,138210 3,334079 0,480564 1,047423 2,876155 -0,898750 1,230138 3,315689 -0,153032 0,575327 3,333369
-0,181894 -0,142072 3,336288 0,579510 0,947779 2,799982 -1,035602 1,070508 3,245841 -0,146215 0,575356 3,334287
-0,181639 -0,137435 3,343272 0,835393 0,769744 3,035263 -1,142003 0,630118 2,771180 -0,158827 0,560695 3,285050
-0,178042 -0,152871 3,347531 0,912336 0,425380 2,757334 -1,306296 0,336307 2,935025 -0,168755 0,564730 3,356307
-0,176195 -0,145412 3,341158 0,954011 0,303574 2,806887 -1,322514 0,208099 2,904849 -0,178899 0,559211 3,342780
-0,176507 -0,159818 3,346816 1,057879 0,140238 2,961982 -1,329877 0,094177 2,978143 -0,168907 0,546992 3,356063
-0,180305 -0,156740 3,350945 1,054871 0,121211 2,915795 -1,384176 0,118584 3,021610 -0,171678 0,552274 3,343477
-0,182311 -0,154875 3,360234 1,070913 0,164108 2,924822 -1,357831 0,174517 2,920971 -0,174967 0,546837 3,331009
-0,180172 -0,149815 3,358027 1,062856 0,273477 2,904339 -1,357689 0,280332 3,014448 -0,179068 0,548598 3,342732
-0,184927 -0,156304 3,356925 1,055541 0,259721 2,923255 -1,382619 0,216591 3,022488 -0,170507 0,538171 3,319013
-0,184095 -0,152921 3,360242 1,083071 0,215403 2,934931 -1,393967 0,158109 2,980689 -0,171668 0,545230 3,343381
-0,186674 -0,155022 3,353676 1,075748 0,126659 2,953587 -1,395049 0,056450 3,049237 -0,178877 0,545124 3,342588
-0,180826 -0,155834 3,335357 1,066759 0,165750 2,952373 -1,381311 0,091186 3,041475 -0,171846 0,541662 3,343421
-0,181101 -0,152845 3,353597 1,075148 0,220052 2,965423 -1,382482 0,153909 2,998470 -0,167777 0,546942 3,331777
-0,178407 -0,155129 3,349388 1,049152 0,297843 2,987242 -1,383674 0,256846 3,031793 -0,174967 0,546837 3,331009
-0,177014 -0,158750 3,345335 1,074453 0,225949 2,938301 -1,386055 0,209592 3,028576 -0,175141 0,543267 3,330972
-0,179103 -0,155913 3,346792 1,089099 0,176823 2,974382 -1,395287 0,163359 3,003319 -0,167777 0,546942 3,331777
-0,175844 -0,157613 3,337448 1,058064 0,130204 2,986709 -1,395164 0,094706 3,098509 -0,167777 0,546942 3,331777
-0,172768 -0,151567 3,335576 1,064433 0,182198 2,966189 -1,400995 0,136270 3,087556 -0,164847 0,559323 3,344427
-0,173639 -0,155837 3,328161 1,063918 0,250827 2,977605 -1,400379 0,203963 3,027368 -0,150023 0,552571 3,345687
-0,174241 -0,150898 3,333551 1,020283 0,430578 2,932045 -1,396830 0,418243 3,117559 -0,156554 0,552288 3,320919
-0,167845 -0,145181 3,328404 0,992794 0,645219 3,024001 -1,294738 0,604890 3,016202 -0,148555 0,555720 3,297823
-0,164515 -0,141591 3,324324 0,975747 0,738359 3,063547 -1,261743 0,709863 2,978403 -0,148745 0,559144 3,297858
-0,164504 -0,133647 3,333060 0,841125 0,865488 2,943072 -1,216484 1,007152 3,264876 -0,134287 0,576796 3,299366
-0,163048 -0,139086 3,321750 0,734183 1,143777 3,291381 -0,887088 1,078828 2,938628 -0,119982 0,576964 3,300541
-0,162513 -0,133246 3,311288 0,636420 1,209382 3,335810 -0,789343 1,169826 2,995487 -0,119790 0,580487 3,300535
-0,169091 -0,134392 3,302734 0,421043 1,184123 3,083825 -0,662340 1,393913 3,390775 -0,116527 0,582439 3,312738
-0,171342 -0,131349 3,309832 0,299718 1,309271 3,370714 -0,481305 1,337360 3,167933 -0,128544 0,584560 3,348123
