33 12
-0,197994 -0,081347 3,258954 0,136715 1,331870 3,205702 -0,446986 1,337494 3,213539 -0,135934 0,552652 3,347058
-0,196119 -0,082650 3,253956 0,130520 1,313511 3,185555 -0,448799 1,334284 3,185293 -0,136107 0,549057 3,346907
-0,197094 -0,087487 3,259894 0,129898 1,328652 3,191431 -0,456460 1,327021 3,136186 -0,131766 0,547404 3,335200
-0,189985 -0,086416 3,258345 0,136072 1,325846 3,199377 -0,483223 1,281678 3,029792 -0,128166 0,545517 3,323304
-0,187923 -0,090443 3,270623 0,127315 1,321958 3,196276 -0,513159 1,188385 2,853362 -0,120611 0,538711 3,323933
-0,182605 -0,094777 3,271909 0,133869 1,307711 3,170432 -0,536616 1,030195 2,682708 -0,117151 0,537058 3,336193
-0,182921 -0,107403 3,264488 0,132671 1,332803 3,207117 -0,570823 0,837660 2,513813 -0,102891 0,533641 3,337253
-0,184202 -0,100791 3,286690 0,132777 1,309754 3,200626 -0,580109 0,605191 2,402538 -0,099017 0,538915 3,325516
-0,182737 -0,097220 3,291621 0,135486 1,309433 3,193768 -0,582593 0,384096 2,324461 -0,122633 0,556743 3,397660
-0,180295 -0,101036 3,284001 0,142909 1,319569 3,209050 -0,577219 0,213726 2,270663 -0,126666 0,561661 3,384367
-0,175624 -0,105894 3,274976 0,148046 1,314287 3,218327 -0,568902 0,094310 2,254647 -0,137594 0,566514 3,370408
-0,162085 -0,112058 3,246644 0,153280 1,299479 3,210278 -0,576759 0,007812 2,239222 -0,133985 0,568703 3,383885
-0,157312 -0,090282 3,239247 0,152140 1,318693 3,225140 -0,573601 -0,046301 2,235650 -0,140676 0,568245 3,358283
-0,152073 -0,096014 3,233931 0,149982 1,305020 3,207974 -0,573083 -0,084587 2,233194 -0,131607 0,570820 3,421443
-0,153873 -0,075908 3,235178 0,156868 1,311856 3,215873 -0,570688 -0,100866 2,234700 -0,122869 0,570371 3,372049
-0,152347 -0,087522 3,228103 0,163192 1,296128 3,222855 -0,566186 -0,104988 2,223009 -0,129970 0,566843 3,371789
-0,150612 -0,092119 3,234943 0,159719 1,311680 3,219502 -0,565759 -0,106851 2,215878 -0,133582 0,564671 3,358403
-0,149496 -0,086401 3,230166 0,163976 1,288019 3,214531 -0,567401 -0,107899 2,228091 -0,136485 0,562986 3,346658
-0,149255 -0,081861 3,225748 0,163186 1,314382 3,231989 -0,563527 -0,102597 2,231385 -0,133420 0,568338 3,358886
-0,151725 -0,091100 3,221237 0,165945 1,302395 3,217499 -0,562662 -0,097151 2,226871 -0,122686 0,566929 3,372360
-0,150991 -0,095213 3,212897 0,167105 1,297765 3,224636 -0,560900 -0,089328 2,227674 -0,125286 0,561251 3,335389
-0,153196 -0,090840 3,216219 0,166707 1,299137 3,207283 -0,560892 -0,078146 2,231878 -0,133238 0,564909 3,359184
-0,151434 -0,102906 3,204138 0,162032 1,304650 3,214165 -0,555000 -0,039182 2,242340 -0,133420 0,568338 3,358886
-0,160090 -0,121987 3,232826 0,167964 1,309747 3,226411 -0,547814 0,025058 2,258080 -0,129970 0,566843 3,371789
-0,176047 -0,105747 3,277778 0,170596 1,308725 3,220026 -0,534526 0,115743 2,289267 -0,128903 0,566134 3,322369
-0,176725 -0,098918 3,296939 0,172862 1,308907 3,223248 -0,520768 0,249029 2,360335 -0,135366 0,552438 3,322797
-0,173378 -0,103340 3,274536 0,164565 1,321617 3,223200 -0,495494 0,406660 2,399498 -0,112809 0,542209 3,300673
-0,175000 -0,106884 3,287709 0,168068 1,309217 3,208668 -0,483132 0,596759 2,448214 -0,109386 0,533649 3,336110
-0,173552 -0,106310 3,267373 0,169301 1,308109 3,204876 -0,473684 0,810075 2,530751 -0,116785 0,537096 3,335868
-0,176912 -0,101599 3,267942 0,178508 1,305141 3,221805 -0,465353 0,992387 2,665539 -0,124730 0,543917 3,335724
-0,181645 -0,091640 3,265192 0,163984 1,316210 3,221037 -0,451933 1,144163 2,822501 -0,113238 0,549330 3,324581
-0,186555 -0,088650 3,259274 0,166718 1,300108 3,202481 -0,441243 1,254045 2,957636 -0,136510 0,552855 3,371562
-0,192279 -0,097978 3,237345 0,157389 1,310757 3,206446 -0,428480 1,303948 3,080150 -0,135748 0,549181 3,347031
