20 12
-0,169633 -0,112606 3,294954 0,373772 1,141071 3,090062 -0,692164 1,427327 3,619645 -0,122633 0,556743 3,397660
-0,165114 -0,107639 3,310457 0,672317 1,159988 3,388251 -0,879775 1,083224 2,984762 -0,121091 0,538805 3,348051
-0,167609 -0,117580 3,334606 0,848192 0,700345 2,773939 -1,314034 0,862015 3,330123 -0,128857 0,538812 3,371797
-0,170963 -0,115023 3,334402 0,955038 0,533185 2,801982 -1,338285 0,565808 3,101134 -0,137083 0,538760 3,396099
-0,174567 -0,120823 3,326665 1,091698 0,187027 2,955139 -1,372620 0,083183 3,036010 -0,165703 0,520524 3,368314
-0,168009 -0,125436 3,333098 1,047975 -0,106258 3,136683 -1,259541 -0,217180 2,992346 -0,187099 0,520327 3,365824
-0,166892 -0,112426 3,319783 1,007385 -0,190690 3,097213 -1,304313 -0,294895 3,125270 -0,174733 0,515325 3,330498
-0,167604 -0,127742 3,316279 1,044592 -0,279516 3,123772 -1,295281 -0,302789 3,138653 -0,164737 0,503010 3,343646
-0,165604 -0,120976 3,320656 1,050135 -0,278102 3,093683 -1,255200 -0,367433 3,074923 -0,178972 0,499366 3,342051
-0,159463 -0,112787 3,333830 1,041732 -0,286453 3,139591 -1,258378 -0,394545 3,130904 -0,170816 0,503155 3,318806
-0,168838 -0,119419 3,323383 1,022269 -0,290715 3,111364 -1,263429 -0,356755 3,103185 -0,176046 0,504537 3,354686
-0,168185 -0,117465 3,318810 1,050823 -0,223929 3,109694 -1,279606 -0,349359 3,146167 -0,164575 0,506585 3,343698
-0,169592 -0,107674 3,328992 1,067547 -0,157727 3,078596 -1,325055 -0,293520 3,237571 -0,171960 0,509942 3,342987
-0,173054 -0,116565 3,305973 1,071270 0,076441 3,105202 -1,316557 -0,080489 3,118376 -0,169636 0,518727 3,380241
-0,170468 -0,114519 3,303451 1,047530 0,444105 3,161626 -1,310352 0,241050 3,038736 -0,144092 0,524270 3,370384
-0,165053 -0,105786 3,288930 1,008151 0,671677 3,250574 -1,241233 0,426012 2,908638 -0,129392 0,535142 3,371907
-0,164106 -0,103660 3,300031 0,722643 0,944102 3,053850 -1,192566 0,950060 3,348140 -0,118450 0,544265 3,385270
-0,165026 -0,112496 3,295244 0,508940 1,303200 3,671735 -0,766449 1,081734 2,945762 -0,118450 0,544265 3,385270
-0,164182 -0,103623 3,310061 0,380154 1,315381 3,642837 -0,628113 1,176835 3,008857 -0,122811 0,553115 3,397573
-0,167743 -0,098784 3,300592 0,250452 1,254012 3,397414 -0,471992 1,354899 3,339289 -0,126466 0,555038 3,409818
