21 12
-0,188577 -0,121982 3,050153 0,305540 1,336772 3,105013 -0,468506 1,154455 3,114590 -0,171848 0,601160 3,158745
-0,187006 -0,119973 3,050521 0,299388 1,334040 3,105682 -0,481550 1,150099 3,099117 -0,171443 0,601284 3,158773
-0,176884 -0,118511 3,075323 0,291299 1,327732 3,093062 -0,559098 0,981161 2,797695 -0,163676 0,590953 3,137602
-0,171677 -0,121980 3,073442 0,284807 1,334225 3,099129 -0,711969 0,826287 2,857475 -0,163469 0,587662 3,137496
-0,171649 -0,122932 3,089945 0,286497 1,333384 3,108069 -0,796278 0,691649 2,794607 -0,158786 0,582233 3,105613
-0,167679 -0,123423 3,106858 0,300459 1,338210 3,123294 -0,908771 0,393694 2,305551 -0,172977 0,591750 3,104343
-0,175375 -0,118662 3,124864 0,310631 1,322046 3,109414 -1,090028 0,288792 2,392248 -0,173881 0,588810 3,125701
-0,175582 -0,115294 3,116260 0,317433 1,317809 3,117379 -1,107872 0,244614 2,325164 -0,145445 0,588351 3,085487
-0,171374 -0,115319 3,115779 0,327595 1,332478 3,157924 -1,110335 0,180395 2,276638 -0,156410 0,593877 3,116720
-0,168300 -0,113343 3,118138 0,309443 1,337981 3,180252 -1,106397 0,160814 2,270335 -0,145063 0,595089 3,085852
-0,161015 -0,124736 3,108249 0,304745 1,330332 3,168329 -1,106263 0,159858 2,263016 -0,141312 0,586755 3,075619
-0,161637 -0,109906 3,116876 0,314068 1,338405 3,164631 -1,100958 0,167275 2,256303 -0,144119 0,588231 3,064982
-0,156647 -0,112886 3,098919 0,327093 1,340646 3,151210 -1,099922 0,172225 2,267986 -0,143591 0,587816 3,044280
-0,159417 -0,115852 3,114281 0,327365 1,328979 3,152576 -1,084807 0,181963 2,250957 -0,148827 0,596885 3,096101
-0,154643 -0,129375 3,119399 0,325477 1,324520 3,133240 -1,065022 0,252038 2,380596 -0,156601 0,590483 3,116570
-0,143364 -0,125973 3,087744 0,330440 1,331355 3,151888 -0,912221 0,379995 2,313070 -0,145055 0,588521 3,085810
-0,140291 -0,128246 3,086020 0,327721 1,340789 3,150674 -0,854845 0,488128 2,362302 -0,148418 0,590415 3,096117
-0,145447 -0,125014 3,078585 0,330224 1,333735 3,144546 -0,746977 0,815429 2,744570 -0,145603 0,588946 3,107025
-0,150805 -0,130295 3,081172 0,333100 1,342216 3,139714 -0,587129 0,966222 2,682502 -0,150182 0,601117 3,139022
-0,150958 -0,122501 3,082852 0,326585 1,335907 3,145524 -0,531195 1,036600 2,815040 -0,157873 0,604812 3,160214
-0,163237 -0,122517 3,061552 0,317003 1,330565 3,128918 -0,437691 1,185687 3,130473 -0,157873 0,604812 3,160214
