32 12
-0,210796 -0,070112 3,188053 0,184274 1,227268 3,250594 -0,524157 1,270547 3,292151 -0,163005 0,551988 3,296383
-0,213489 -0,072742 3,198375 0,160402 1,205988 3,197102 -0,532563 1,269150 3,261444 -0,162816 0,548569 3,296337
-0,217363 -0,071550 3,201350 0,141294 1,177231 3,154926 -0,537425 1,231869 3,203449 -0,162816 0,548569 3,296337
-0,214819 -0,073177 3,204495 0,118225 1,155856 3,121085 -0,537086 1,184973 3,146688 -0,162625 0,545137 3,296214
-0,212414 -0,079632 3,203391 0,092551 1,130277 3,057000 -0,524306 1,115481 3,055326 -0,162625 0,545137 3,296214
-0,212445 -0,080338 3,213475 0,058057 1,101035 3,021626 -0,498031 1,042723 2,968843 -0,158974 0,536374 3,284757
-0,210173 -0,085454 3,223514 0,011826 1,056474 3,001645 -0,463447 0,968688 2,884441 -0,162955 0,524187 3,296035
-0,207767 -0,096375 3,225792 -0,015770 1,000336 2,957328 -0,419973 0,901537 2,823157 -0,173740 0,504984 3,306437
-0,209767 -0,101679 3,234157 -0,051533 0,934156 2,876342 -0,381574 0,831817 2,742696 -0,159027 0,477514 3,283955
-0,206874 -0,095531 3,264339 -0,066663 0,874049 2,762707 -0,347823 0,771322 2,670191 -0,162662 0,451481 3,295139
-0,202188 -0,093899 3,286748 -0,099918 0,795166 2,648808 -0,317623 0,722496 2,580805 -0,151248 0,443327 3,284160
-0,207493 -0,104609 3,285480 -0,094389 0,728950 2,524074 -0,303939 0,669147 2,496870 -0,134150 0,454268 3,342441
-0,209025 -0,110781 3,300484 -0,094713 0,677080 2,407483 -0,297511 0,617505 2,400154 -0,140801 0,497647 3,382663
-0,207753 -0,113269 3,291834 -0,071012 0,630077 2,342803 -0,311476 0,559638 2,308525 -0,128789 0,492813 3,346744
-0,207261 -0,111277 3,309744 -0,040135 0,582560 2,254437 -0,360108 0,495025 2,247042 -0,145188 0,506418 3,420054
-0,208111 -0,100066 3,294896 0,024402 0,531304 2,200825 -0,435969 0,426085 2,224114 -0,162134 0,527631 3,470240
-0,198532 -0,101201 3,273327 0,105630 0,483116 2,203717 -0,518343 0,368798 2,207274 -0,129537 0,517349 3,371540
-0,198204 -0,095336 3,297260 0,210326 0,438855 2,215109 -0,616329 0,335171 2,233504 -0,132815 0,522650 3,359042
-0,200587 -0,093538 3,289559 0,313295 0,427899 2,238210 -0,728997 0,327739 2,271992 -0,149003 0,510329 3,296993
-0,196553 -0,095642 3,279412 0,423016 0,426957 2,258938 -0,836065 0,343674 2,335764 -0,155106 0,503558 3,272920
-0,197701 -0,096706 3,271666 0,523990 0,456798 2,335388 -0,929632 0,378108 2,404981 -0,150171 0,502222 3,238666
-0,191127 -0,092755 3,268446 0,628396 0,534772 2,503666 -1,036209 0,446118 2,495424 -0,148397 0,492527 3,193390
-0,192291 -0,095138 3,259710 0,741393 0,626077 2,617895 -1,113501 0,527051 2,564201 -0,155511 0,495752 3,192746
-0,191493 -0,099369 3,242104 0,795322 0,713871 2,727277 -1,157306 0,623816 2,641600 -0,159251 0,507488 3,203708
-0,193017 -0,099013 3,245264 0,809868 0,809042 2,863140 -1,163525 0,727998 2,721927 -0,157206 0,508962 3,238063
-0,190210 -0,100123 3,236050 0,795985 0,909801 2,967455 -1,153451 0,852363 2,819879 -0,157217 0,515791 3,238136
-0,188684 -0,093103 3,223829 0,752529 1,002384 3,118074 -1,097967 0,969976 2,927397 -0,164417 0,519041 3,237397
-0,192058 -0,097910 3,208617 0,655736 1,058287 3,231072 -1,016104 1,070201 3,041848 -0,164417 0,519041 3,237397
-0,198003 -0,078260 3,215564 0,563425 1,137895 3,308495 -0,907293 1,146542 3,109420 -0,164262 0,529362 3,237582
-0,197265 -0,075962 3,204965 0,454250 1,183411 3,365562 -0,793380 1,217805 3,195950 -0,161191 0,531123 3,249439
-0,203166 -0,075645 3,194967 0,349230 1,226047 3,409301 -0,680959 1,256969 3,250589 -0,154816 0,538186 3,273417
-0,205485 -0,078023 3,179972 0,236967 1,241662 3,391653 -0,557447 1,274714 3,243973 -0,155173 0,538058 3,273331
