20 12
-0,312646 -0,060700 3,188977 0,068503 1,290997 3,202938 -0,555855 1,454504 3,085982 -0,203236 0,547664 3,244882
-0,310176 -0,057425 3,176157 0,077944 1,302632 3,233401 -0,591278 1,312482 2,722497 -0,204361 0,544327 3,267988
-0,314746 -0,059366 3,187892 0,091569 1,285373 3,220616 -0,558094 1,149488 2,511203 -0,200075 0,539236 3,256647
-0,313535 -0,062686 3,186708 0,092037 1,281829 3,229264 -0,555780 1,016204 2,373749 -0,195421 0,534202 3,244731
-0,319979 -0,063289 3,170459 0,098533 1,299503 3,266423 -0,561526 0,750828 2,160412 -0,189842 0,537752 3,269341
-0,317982 -0,057279 3,176996 0,103501 1,283685 3,260668 -0,511898 0,556396 2,110157 -0,203778 0,540992 3,267387
-0,314464 -0,064678 3,169911 0,101241 1,286514 3,256176 -0,509558 0,489851 2,127326 -0,217827 0,549675 3,325734
-0,310936 -0,060666 3,189460 0,088887 1,280951 3,226982 -0,476140 0,445154 2,370437 -0,193225 0,542742 3,257643
-0,304326 -0,066203 3,169866 0,080912 1,299232 3,219107 -0,519809 0,500057 2,580781 -0,199157 0,539128 3,233755
-0,305874 -0,077708 3,167447 0,081408 1,304194 3,216871 -0,526388 0,557426 2,715173 -0,203014 0,530585 3,244581
-0,309961 -0,067395 3,154385 0,079930 1,306590 3,213774 -0,521543 0,696531 2,950050 -0,211419 0,544201 3,267094
-0,310613 -0,063968 3,152021 0,083199 1,304380 3,209655 -0,548499 0,758042 3,028278 -0,208672 0,549436 3,279331
-0,316055 -0,066027 3,162640 0,078968 1,302638 3,211057 -0,541713 0,765778 3,047111 -0,218472 0,544071 3,266173
-0,321139 -0,063572 3,172717 0,062328 1,303354 3,187132 -0,547543 0,780510 3,045683 -0,214343 0,542373 3,255015
-0,317903 -0,063077 3,174096 0,070545 1,302283 3,200738 -0,559300 0,846373 3,050402 -0,214708 0,542229 3,255026
-0,323772 -0,069475 3,186236 0,066244 1,296761 3,194782 -0,565414 0,906545 3,043340 -0,218838 0,543925 3,266190
-0,309026 -0,064949 3,194980 0,068584 1,303552 3,187306 -0,559353 1,071098 3,038157 -0,226100 0,554041 3,265285
-0,306541 -0,063284 3,190259 0,071570 1,309382 3,203071 -0,554964 1,223003 3,045448 -0,225736 0,554214 3,265405
-0,308536 -0,069218 3,194801 0,071046 1,306221 3,217585 -0,549996 1,297738 3,108643 -0,210622 0,547395 3,244007
-0,303019 -0,065588 3,194468 0,072912 1,306667 3,214234 -0,541126 1,392327 3,183147 -0,211805 0,550957 3,267186
