19 12
-0,190826 -0,075933 3,261518 0,154387 1,293626 3,268097 -0,472821 1,317040 2,914653 -0,124548 0,540457 3,335709
-0,190644 -0,081017 3,261534 0,158438 1,289002 3,284729 -0,341348 1,059661 2,543516 -0,113055 0,524847 3,324158
-0,180508 -0,079277 3,263598 0,153206 1,305605 3,279382 -0,308368 0,860745 2,353310 -0,144667 0,545962 3,419941
-0,176604 -0,082821 3,273357 0,156835 1,287166 3,269287 -0,321391 0,406138 2,177147 -0,131828 0,560913 3,473400
-0,171356 -0,098432 3,279151 0,166098 1,284546 3,267534 -0,281529 0,075687 2,156489 -0,121784 0,590167 3,432112
-0,178636 -0,112715 3,309669 0,168062 1,273008 3,253113 -0,279798 -0,027963 2,161104 -0,113777 0,593450 3,407390
-0,180063 -0,119288 3,348340 0,171611 1,283764 3,282233 -0,283710 -0,144023 2,179790 -0,131474 0,598755 3,395157
-0,193786 -0,124557 3,392099 0,175793 1,288813 3,279807 -0,278918 -0,185576 2,169705 -0,127430 0,589652 3,382853
-0,181456 -0,131193 3,378044 0,173549 1,278287 3,275691 -0,278267 -0,192724 2,180432 -0,112832 0,596966 3,383994
-0,162021 -0,123537 3,337899 0,179664 1,283681 3,275694 -0,271811 -0,192992 2,176742 -0,119852 0,599628 3,357448
-0,169729 -0,123739 3,363614 0,175992 1,282882 3,269466 -0,269249 -0,188049 2,175834 -0,120814 0,600919 3,408526
-0,168284 -0,124877 3,360821 0,178231 1,282631 3,284551 -0,269312 -0,181790 2,183046 -0,109475 0,599020 3,396711
-0,169980 -0,134969 3,356736 0,172211 1,281418 3,270362 -0,268618 -0,146991 2,203061 -0,109639 0,595263 3,395939
-0,149710 -0,082192 3,314551 0,173059 1,288497 3,252137 -0,275830 -0,011707 2,252802 -0,128509 0,600456 3,406492
-0,143765 -0,074908 3,286627 0,174950 1,285498 3,259318 -0,287760 0,104279 2,309787 -0,096222 0,565162 3,337748
-0,139663 -0,087692 3,276748 0,165922 1,299321 3,247231 -0,279775 0,439441 2,406597 -0,092664 0,556559 3,350213
-0,136453 -0,084508 3,265775 0,180186 1,271481 3,235595 -0,394378 0,908948 2,610302 -0,098838 0,542455 3,325531
-0,145576 -0,086069 3,262437 0,172884 1,314613 3,257307 -0,442460 1,133797 2,813259 -0,102528 0,547536 3,313357
-0,161825 -0,073916 3,229505 0,171105 1,291662 3,243247 -0,452782 1,383909 3,150836 -0,109528 0,551012 3,312937
