28 12
-0,114474 0,184048 3,345260 0,240760 1,494625 3,298041 -0,450326 1,444738 3,230438 -0,120596 0,952539 3,467961
-0,109924 0,191611 3,349111 0,240400 1,489782 3,301268 -0,448778 1,395705 3,154658 -0,112435 0,953479 3,442563
-0,114335 0,185526 3,352744 0,241014 1,486300 3,299200 -0,440069 1,279498 3,078969 -0,128267 0,944038 3,493061
-0,112287 0,181983 3,351394 0,242803 1,493969 3,300910 -0,441819 1,140016 3,021452 -0,123391 0,934309 3,453904
-0,114590 0,182913 3,346741 0,246727 1,493769 3,296944 -0,466461 0,966661 3,015665 -0,127922 0,945782 3,441422
-0,119130 0,184758 3,350629 0,248060 1,496626 3,308565 -0,511251 0,808978 2,937892 -0,125132 0,948976 3,454445
-0,121563 0,192648 3,350492 0,249459 1,491960 3,289647 -0,559249 0,695601 2,979441 -0,116700 0,953707 3,429440
-0,114968 0,196869 3,356589 0,245529 1,490325 3,299819 -0,581937 0,622114 2,988897 -0,107118 0,931776 3,329684
-0,115761 0,183458 3,348466 0,240230 1,494824 3,296941 -0,552817 0,582149 2,984982 -0,107995 0,934343 3,353907
-0,115258 0,199109 3,347046 0,238183 1,500988 3,305977 -0,478290 0,569053 2,985046 -0,113900 0,971647 3,442394
-0,115814 0,196607 3,358116 0,244131 1,500112 3,304928 -0,402395 0,568474 3,010226 -0,109613 0,971631 3,456128
-0,110996 0,188943 3,358493 0,236849 1,491808 3,283624 -0,364263 0,577227 3,044842 -0,098946 0,985809 3,496507
-0,110293 0,196905 3,355584 0,237333 1,497986 3,286711 -0,398068 0,551884 3,040508 -0,105885 0,986284 3,469669
-0,113504 0,194657 3,358464 0,230166 1,493031 3,276694 -0,476514 0,524118 3,039760 -0,098709 0,968744 3,417265
-0,111476 0,196920 3,362725 0,233893 1,492081 3,276407 -0,520450 0,521335 3,031803 -0,117290 0,968240 3,429238
-0,105536 0,189626 3,360397 0,234435 1,485052 3,272500 -0,493048 0,523428 3,003104 -0,098690 0,975693 3,443652
-0,108446 0,196843 3,351725 0,239524 1,495794 3,286991 -0,427912 0,528700 3,029576 -0,102716 0,979020 3,456436
-0,107631 0,199407 3,371547 0,237274 1,489256 3,270767 -0,369806 0,563421 3,054211 -0,098946 0,985809 3,496507
-0,103522 0,190044 3,360195 0,241037 1,495887 3,278728 -0,364777 0,613349 3,024198 -0,102426 0,982309 3,482983
-0,107584 0,179409 3,355117 0,239104 1,499358 3,295220 -0,402977 0,669149 2,990033 -0,084113 0,967224 3,497032
-0,100567 0,181053 3,353156 0,238324 1,500690 3,279117 -0,425946 0,775618 2,955204 -0,112369 0,946892 3,416915
-0,098022 0,180271 3,349872 0,243761 1,502683 3,297067 -0,458724 0,917198 2,986302 -0,113300 0,942288 3,442366
-0,094675 0,181801 3,353630 0,236884 1,494975 3,273212 -0,463779 1,038060 2,950886 -0,108144 0,938204 3,454771
-0,094705 0,179978 3,340973 0,237035 1,502199 3,288244 -0,473898 1,187816 2,971848 -0,100961 0,935657 3,430199
-0,090893 0,177095 3,343956 0,235651 1,496551 3,276141 -0,474777 1,311780 3,042087 -0,104379 0,932394 3,417138
-0,087988 0,188541 3,355091 0,240717 1,501831 3,281136 -0,467620 1,383081 3,112720 -0,108352 0,936407 3,404328
-0,094091 0,182018 3,343224 0,247132 1,500654 3,285171 -0,454354 1,429832 3,204741 -0,093284 0,940320 3,405341
-0,094483 0,183289 3,348778 0,242882 1,505338 3,297483 -0,434449 1,445021 3,240551 -0,104979 0,946212 3,442967
