35 12
-0,064205 0,168257 3,296001 0,212543 1,502348 3,246398 -0,392049 1,434449 3,131332 -0,033805 0,913788 3,357631
-0,061884 0,165157 3,299291 0,215402 1,506914 3,255502 -0,424983 1,383317 3,030379 -0,037266 0,913259 3,369886
-0,060125 0,163195 3,304205 0,208931 1,512307 3,254029 -0,467060 1,269093 2,894671 -0,018624 0,906664 3,357871
-0,063471 0,176875 3,318227 0,215450 1,498294 3,232508 -0,518071 1,100636 2,756160 -0,014954 0,903633 3,345636
-0,066224 0,174232 3,318112 0,212281 1,512787 3,264258 -0,577673 0,881017 2,637805 -0,030053 0,919518 3,395147
-0,067349 0,179041 3,312605 0,209779 1,503406 3,241343 -0,615274 0,630356 2,651254 -0,038626 0,943122 3,445942
-0,070811 0,181382 3,312546 0,214211 1,507656 3,246478 -0,637287 0,348174 2,578201 -0,049999 0,943391 3,432483
-0,072391 0,176143 3,298821 0,207719 1,513271 3,253694 -0,639545 0,092389 2,573539 -0,050000 0,928669 3,432264
-0,074805 0,171782 3,299652 0,211284 1,508322 3,256411 -0,628375 -0,124812 2,653125 -0,060169 0,921927 3,419457
-0,078928 0,173616 3,299565 0,217997 1,505806 3,255990 -0,610784 -0,288053 2,754728 -0,052764 0,912033 3,394246
-0,083019 0,169367 3,286448 0,220121 1,507138 3,257688 -0,591312 -0,384179 2,847257 -0,045888 0,914609 3,419660
-0,085817 0,174175 3,276023 0,215130 1,517362 3,268995 -0,579996 -0,450013 2,947317 -0,056603 0,925130 3,432433
-0,085045 0,177148 3,294483 0,217822 1,509296 3,262774 -0,559623 -0,479480 2,999605 -0,060767 0,931940 3,445176
-0,087133 0,181022 3,292042 0,216756 1,505985 3,255406 -0,501984 -0,487100 2,984495 -0,053578 0,935629 3,445357
-0,083803 0,182384 3,297616 0,214612 1,509440 3,258164 -0,423354 -0,500808 2,984057 -0,060158 0,936593 3,419671
-0,085903 0,175253 3,294816 0,212631 1,517013 3,254984 -0,327537 -0,465515 2,969761 -0,059874 0,932942 3,419602
-0,091451 0,180756 3,295453 0,211038 1,512703 3,232003 -0,320732 -0,420468 2,981565 -0,059874 0,932942 3,419602
-0,089170 0,176683 3,289376 0,201351 1,524400 3,260164 -0,358432 -0,454113 2,983732 -0,060450 0,925551 3,419441
-0,091861 0,177229 3,299494 0,209206 1,508345 3,249690 -0,436897 -0,480322 2,984039 -0,053578 0,935629 3,445357
-0,086924 0,177601 3,292511 0,201790 1,510061 3,237955 -0,506641 -0,478857 3,010083 -0,063989 0,929662 3,406656
-0,092237 0,179510 3,292817 0,203946 1,502697 3,229719 -0,513398 -0,468825 2,976968 -0,053040 0,922888 3,394235
-0,096382 0,169773 3,293990 0,206431 1,511227 3,245097 -0,475330 -0,452279 2,953319 -0,056884 0,928767 3,432413
-0,094874 0,172758 3,286588 0,205333 1,508823 3,244552 -0,448997 -0,399336 2,912702 -0,064556 0,929508 3,406275
-0,089989 0,170762 3,300904 0,204962 1,511369 3,241077 -0,476643 -0,327896 2,821480 -0,064275 0,918638 3,406352
-0,093435 0,182537 3,303282 0,204610 1,508951 3,245983 -0,516867 -0,242504 2,744430 -0,063706 0,926049 3,406669
-0,089079 0,180583 3,304680 0,204476 1,512223 3,255008 -0,557144 -0,101718 2,660533 -0,056868 0,923267 3,381351
-0,089493 0,180212 3,312312 0,191390 1,534521 3,274667 -0,573140 0,095248 2,584497 -0,075448 0,918950 3,393046
-0,081845 0,178353 3,312037 0,203186 1,511637 3,249489 -0,581786 0,324582 2,573558 -0,068804 0,946484 3,444698
-0,080174 0,178022 3,314909 0,199236 1,516695 3,251375 -0,562940 0,572537 2,545108 -0,064838 0,933048 3,406011
-0,079765 0,163426 3,314528 0,189447 1,531268 3,272373 -0,556720 0,849834 2,568351 -0,036822 0,903531 3,345066
-0,076621 0,169919 3,325623 0,201878 1,509601 3,255875 -0,524610 1,084760 2,684865 -0,037110 0,899946 3,345092
-0,080748 0,157680 3,301914 0,193872 1,519998 3,271353 -0,493669 1,258429 2,811756 -0,044309 0,916821 3,369613
-0,083125 0,166225 3,309228 0,195079 1,519437 3,265513 -0,462169 1,377908 2,955392 -0,051948 0,917778 3,344810
-0,091689 0,152404 3,298254 0,202043 1,511788 3,262671 -0,438934 1,435208 3,061980 -0,058960 0,906960 3,344374
-0,092713 0,154630 3,298924 0,197132 1,508335 3,248182 -0,412507 1,474757 3,154338 -0,055167 0,913645 3,356791
