18 12
-0,096776 0,194069 3,268530 0,224181 1,537968 3,195198 -0,401935 1,456000 3,174348 -0,069421 0,900237 3,331505
-0,099132 0,201899 3,266992 0,223179 1,529132 3,172450 -0,406710 1,311417 3,018437 -0,069702 0,903819 3,331652
-0,098740 0,188804 3,261314 0,222990 1,529396 3,185951 -0,340546 1,032132 2,870388 -0,069152 0,889485 3,331190
-0,097272 0,187926 3,270928 0,224731 1,531443 3,186810 -0,332241 0,909003 2,800875 -0,062140 0,883677 3,307623
-0,098179 0,196701 3,261871 0,222229 1,537732 3,190152 -0,318346 0,736143 2,824584 -0,065902 0,900842 3,319683
-0,101332 0,202682 3,274526 0,219207 1,531686 3,200369 -0,306355 0,667177 2,760153 -0,066182 0,904390 3,319746
-0,103296 0,201571 3,280427 0,225464 1,531827 3,205545 -0,329418 0,656332 2,706135 -0,062404 0,901418 3,307844
-0,099601 0,205832 3,286351 0,223015 1,518843 3,192773 -0,355023 0,633627 2,602842 -0,059235 0,917715 3,344522
-0,094662 0,200420 3,284888 0,232000 1,531406 3,219474 -0,317329 0,617572 2,637663 -0,073420 0,904313 3,319403
-0,094708 0,203176 3,276605 0,230044 1,531359 3,216945 -0,296458 0,627139 2,707355 -0,070265 0,910917 3,331712
-0,099921 0,195284 3,277547 0,237377 1,536623 3,249429 -0,328757 0,625464 2,619413 -0,074092 0,906757 3,343673
-0,097651 0,196535 3,284089 0,239573 1,527690 3,235889 -0,390018 0,668000 2,598493 -0,058384 0,897341 3,319873
-0,099172 0,188971 3,285437 0,239485 1,532540 3,237410 -0,411360 0,694064 2,550401 -0,058384 0,897341 3,319873
-0,095376 0,185069 3,293628 0,236235 1,523232 3,220787 -0,400052 0,837246 2,630311 -0,069439 0,885938 3,331330
-0,095186 0,199071 3,302099 0,238098 1,530281 3,229328 -0,425135 1,037488 2,640248 -0,072404 0,892307 3,342598
-0,093580 0,191125 3,296949 0,225614 1,533920 3,218029 -0,435901 1,167244 2,747303 -0,061855 0,887223 3,307570
-0,094193 0,200712 3,299329 0,222285 1,531008 3,215117 -0,403851 1,397848 2,998333 -0,077942 0,902569 3,355704
-0,097960 0,201266 3,291465 0,227823 1,534057 3,224212 -0,407541 1,433297 3,102115 -0,077526 0,903682 3,331273
