19 12
-0,103263 0,141804 3,272522 0,222822 1,514789 3,250842 -0,408367 1,448430 3,237886 -0,096712 0,907951 3,392056
-0,108477 0,136928 3,271289 0,219520 1,506772 3,242728 -0,413801 1,386488 3,152417 -0,093008 0,907467 3,404809
-0,104700 0,146280 3,274839 0,226170 1,514693 3,254601 -0,486887 1,043400 2,787269 -0,096431 0,904331 3,391948
-0,106347 0,142569 3,281662 0,229043 1,519456 3,260397 -0,541994 0,715815 2,883463 -0,074540 0,896891 3,318652
-0,106691 0,141289 3,280828 0,228896 1,510702 3,247691 -0,589081 0,560075 2,894812 -0,074543 0,904020 3,318738
-0,104129 0,143516 3,293216 0,223326 1,516818 3,255389 -0,622992 0,386036 2,946509 -0,077957 0,900975 3,306517
-0,101395 0,139391 3,291826 0,229628 1,515785 3,264776 -0,506218 0,317292 2,843153 -0,071667 0,913953 3,330304
-0,095685 0,137557 3,283391 0,229160 1,519547 3,256776 -0,460780 0,331783 2,898655 -0,078516 0,907801 3,305816
-0,097010 0,135350 3,282505 0,229497 1,529935 3,261870 -0,479338 0,332688 2,934361 -0,070663 0,898506 3,282654
-0,096115 0,139315 3,295375 0,223565 1,516416 3,255476 -0,625466 0,331559 3,092706 -0,074543 0,904020 3,318738
-0,091971 0,141965 3,294461 0,223042 1,520126 3,258779 -0,608800 0,320173 2,961509 -0,074543 0,904020 3,318738
-0,100391 0,133271 3,280617 0,226240 1,505971 3,236120 -0,545599 0,360497 3,009717 -0,088735 0,907521 3,318342
-0,102739 0,137317 3,276135 0,221814 1,525535 3,259047 -0,584930 0,425188 3,023742 -0,089290 0,907285 3,317729
-0,102410 0,138314 3,269685 0,220365 1,512382 3,242167 -0,629500 0,479183 2,984803 -0,088735 0,907521 3,318342
-0,103546 0,136992 3,263923 0,219068 1,521505 3,238390 -0,655863 0,661498 2,815031 -0,104335 0,912360 3,366429
-0,102080 0,137856 3,267616 0,208703 1,515550 3,233271 -0,644704 0,942883 2,766276 -0,111718 0,911328 3,391124
-0,106202 0,137479 3,267388 0,212566 1,522091 3,245163 -0,608711 1,064000 2,762064 -0,104051 0,901609 3,366460
-0,113331 0,142598 3,255150 0,207070 1,520354 3,241792 -0,528853 1,372698 3,111168 -0,106849 0,913017 3,354151
-0,114208 0,139793 3,255300 0,204239 1,528518 3,243352 -0,465100 1,416047 3,116096 -0,107133 0,909378 3,354090
