18 12
-0,101337 0,187686 3,246329 0,196570 1,515523 3,208322 -0,469061 1,386819 3,096579 -0,058378 0,887861 3,295882
-0,099055 0,190379 3,254286 0,197902 1,512745 3,195911 -0,526559 1,289641 3,080906 -0,047661 0,886132 3,332288
-0,103207 0,183939 3,247418 0,200721 1,517845 3,205531 -0,564503 1,191874 2,998983 -0,050880 0,886687 3,319889
-0,103642 0,190789 3,269280 0,201461 1,524960 3,222009 -0,625698 0,948778 2,779006 -0,043926 0,883205 3,320284
-0,098801 0,185025 3,254610 0,200350 1,517502 3,209409 -0,514167 0,795796 2,542345 -0,040398 0,886183 3,332550
-0,099862 0,182291 3,262073 0,201799 1,520111 3,222350 -0,427664 0,741989 2,465204 -0,040398 0,886183 3,332550
-0,097706 0,181520 3,259280 0,201233 1,521035 3,212182 -0,322203 0,788580 2,707078 -0,040386 0,893332 3,332634
-0,094004 0,196732 3,271789 0,198805 1,519118 3,214386 -0,474091 0,847968 2,913434 -0,040097 0,896882 3,332525
-0,088289 0,186733 3,275111 0,201365 1,516692 3,211734 -0,503324 0,808404 2,741356 -0,036673 0,890377 3,320611
-0,093072 0,191301 3,269121 0,200440 1,520814 3,224382 -0,434193 0,833090 2,722821 -0,039822 0,893257 3,332252
-0,092597 0,191455 3,258012 0,194824 1,517575 3,221707 -0,289457 0,802156 2,644917 -0,040126 0,882584 3,332356
-0,090048 0,180252 3,252096 0,196448 1,525109 3,226653 -0,283836 0,857960 2,778550 -0,036144 0,876058 3,320079
-0,088391 0,185057 3,256130 0,194492 1,518929 3,206345 -0,351514 0,895172 2,698275 -0,039585 0,875323 3,331731
-0,087860 0,174399 3,249416 0,195559 1,515128 3,203783 -0,465020 1,074351 2,800759 -0,044210 0,879647 3,320319
-0,086276 0,188789 3,255194 0,197720 1,518824 3,215184 -0,488121 1,157282 2,833895 -0,043926 0,883205 3,320284
-0,089879 0,200488 3,257653 0,197961 1,526910 3,220713 -0,478845 1,332584 2,998285 -0,040374 0,900485 3,332720
-0,088597 0,196455 3,257330 0,204545 1,533251 3,236094 -0,465605 1,379909 3,072606 -0,037121 0,892770 3,345005
-0,088342 0,195986 3,259295 0,201153 1,520146 3,214227 -0,437080 1,405504 3,127581 -0,044398 0,899899 3,344851
