17 12
-0,135780 0,176979 3,257063 0,176389 1,455668 3,209068 -0,435255 1,477406 3,225760 -0,131233 0,896327 3,315552
-0,139925 0,177824 3,277824 0,175645 1,456090 3,207356 -0,475696 1,300094 2,955670 -0,137664 0,883186 3,290881
-0,144936 0,174965 3,280280 0,176924 1,448353 3,201809 -0,480123 0,982753 2,881391 -0,145655 0,896043 3,314327
-0,141803 0,177988 3,288135 0,177441 1,452097 3,208668 -0,507088 0,829070 2,887524 -0,143571 0,898828 3,326386
-0,144498 0,182220 3,267990 0,175618 1,448923 3,204466 -0,523261 0,575727 2,921098 -0,119879 0,895560 3,256687
-0,150700 0,174295 3,274922 0,174515 1,460156 3,216839 -0,402080 0,473682 2,842241 -0,128845 0,917087 3,327986
-0,141776 0,175356 3,271266 0,174332 1,456143 3,212516 -0,392316 0,484484 2,984820 -0,116441 0,922476 3,293029
-0,142206 0,171820 3,268585 0,175438 1,446438 3,192535 -0,472151 0,428167 2,922653 -0,116654 0,912638 3,268821
-0,140900 0,186130 3,262474 0,178089 1,448106 3,205447 -0,469354 0,451737 2,847166 -0,110994 0,921237 3,316659
-0,145639 0,182215 3,271463 0,178460 1,449294 3,207302 -0,415770 0,475571 2,820113 -0,129575 0,923266 3,352484
-0,141508 0,182911 3,283112 0,169626 1,470351 3,225165 -0,412450 0,528070 2,875366 -0,136093 0,924104 3,327519
-0,141653 0,176409 3,264987 0,171575 1,454241 3,210476 -0,539274 0,653070 2,922128 -0,134745 0,896794 3,303281
-0,139576 0,176401 3,266392 0,169503 1,462227 3,216348 -0,537782 0,724930 2,781291 -0,152558 0,889866 3,289694
-0,135679 0,179852 3,275673 0,169902 1,453935 3,208060 -0,520503 1,007113 2,808353 -0,148830 0,885900 3,301888
-0,133821 0,175532 3,275818 0,172222 1,455077 3,208977 -0,516400 1,257407 2,855606 -0,143012 0,891872 3,326635
-0,134762 0,179783 3,267870 0,171312 1,453206 3,191775 -0,498436 1,351044 2,942167 -0,145368 0,892498 3,314176
-0,137524 0,180033 3,280031 0,173070 1,458548 3,215759 -0,441429 1,468518 3,177495 -0,135995 0,905309 3,351852
