19 12
-0,086145 0,170675 3,275800 0,222502 1,480140 3,127458 -0,385634 1,443108 3,171973 -0,056306 0,916163 3,381644
-0,091557 0,165475 3,272657 0,225330 1,481147 3,134453 -0,398364 1,429674 3,114414 -0,063045 0,913567 3,356587
-0,091355 0,164969 3,269516 0,221375 1,481956 3,133303 -0,407767 1,402167 3,036155 -0,056020 0,919833 3,381765
-0,091334 0,168189 3,275949 0,217320 1,472125 3,134124 -0,426236 1,358297 2,968955 -0,055737 0,913633 3,356891
-0,092754 0,168404 3,272370 0,213973 1,471927 3,141054 -0,472170 1,236583 2,721482 -0,059555 0,902233 3,368947
-0,098049 0,163297 3,294300 0,212619 1,478799 3,151078 -0,432391 1,027104 2,584319 -0,054915 0,898009 3,380936
-0,099188 0,165674 3,283092 0,216498 1,470302 3,148488 -0,427853 0,866939 2,534315 -0,056306 0,916163 3,381644
-0,101763 0,168621 3,295374 0,217274 1,480588 3,165909 -0,421135 0,596412 2,534318 -0,060108 0,923817 3,369016
-0,100771 0,167234 3,297882 0,216629 1,472438 3,147081 -0,431586 0,594291 2,537466 -0,090412 0,936156 3,418032
-0,096913 0,164380 3,305725 0,218459 1,477589 3,160228 -0,449293 0,661989 2,526413 -0,091150 0,945517 3,469905
-0,090395 0,159208 3,308871 0,217517 1,482810 3,163900 -0,446504 0,702574 2,526493 -0,087642 0,948865 3,483298
-0,093239 0,162742 3,308055 0,217959 1,469575 3,145470 -0,396201 0,561018 2,517684 -0,079943 0,946024 3,457351
-0,090199 0,167459 3,315219 0,220765 1,468460 3,146165 -0,402541 0,519285 2,538924 -0,087929 0,952532 3,483232
-0,089448 0,167464 3,319309 0,226501 1,477381 3,142271 -0,405676 0,578811 2,552007 -0,088771 0,948447 3,482244
-0,084535 0,161901 3,309784 0,225108 1,469489 3,136328 -0,424700 0,780943 2,557545 -0,052219 0,909523 3,369333
-0,081032 0,156929 3,304708 0,218136 1,481036 3,143142 -0,419416 0,907907 2,565622 -0,051125 0,887787 3,368539
-0,085261 0,167114 3,301296 0,223884 1,479885 3,146668 -0,382247 1,200634 2,766923 -0,036452 0,895110 3,369196
-0,083883 0,162878 3,290033 0,227563 1,481207 3,139482 -0,415517 1,355677 2,913483 -0,044959 0,899840 3,344768
-0,079255 0,162171 3,308831 0,232029 1,472920 3,133988 -0,406602 1,401205 2,995845 -0,037266 0,913259 3,369886
