16 12
-0,123430 0,209980 3,285036 0,195599 1,514206 3,240901 -0,464203 1,349822 3,000961 -0,107156 0,951886 3,379381
-0,121572 0,194714 3,292329 0,198908 1,522971 3,242511 -0,421495 1,130193 2,873731 -0,113306 0,937050 3,377522
-0,127850 0,192066 3,281692 0,196762 1,525710 3,245052 -0,425810 0,984233 2,828954 -0,103488 0,945091 3,367169
-0,124044 0,203574 3,295353 0,199489 1,515569 3,234588 -0,449811 0,756942 2,755350 -0,100400 0,951951 3,379913
-0,117320 0,202587 3,296528 0,200391 1,514965 3,236448 -0,441461 0,682847 2,738032 -0,104366 0,955769 3,367028
-0,117329 0,200528 3,290822 0,193527 1,514324 3,224790 -0,428122 0,707451 2,715482 -0,100696 0,962792 3,379964
-0,116089 0,202949 3,310756 0,203422 1,509504 3,223251 -0,394063 0,840175 2,751451 -0,104074 0,952233 3,367156
-0,111507 0,202209 3,306066 0,207208 1,513662 3,224366 -0,394507 0,792338 2,748145 -0,104077 0,959477 3,367254
-0,113365 0,205191 3,319072 0,209235 1,511470 3,231579 -0,399283 0,740916 2,756108 -0,104080 0,966724 3,367355
-0,116699 0,204103 3,305100 0,207421 1,513354 3,237510 -0,415466 0,730371 2,745057 -0,103498 0,953026 3,342544
-0,110642 0,192730 3,298685 0,208041 1,518664 3,231462 -0,402060 0,867335 2,694720 -0,103195 0,941485 3,367054
-0,112712 0,194161 3,291829 0,201806 1,508521 3,215834 -0,409995 0,954804 2,715886 -0,109003 0,931350 3,341123
-0,114801 0,195154 3,289519 0,201973 1,527699 3,238611 -0,406811 1,124905 2,807113 -0,101703 0,937575 3,365459
-0,110241 0,195825 3,283859 0,197662 1,522517 3,248568 -0,434162 1,268244 2,897257 -0,102602 0,941440 3,366679
-0,112656 0,198414 3,294804 0,199810 1,525225 3,244974 -0,432852 1,335848 2,948277 -0,103193 0,948724 3,367152
-0,121216 0,190205 3,260413 0,204164 1,526753 3,244476 -0,421731 1,431546 3,088059 -0,103193 0,948724 3,367152
