31 12
-0,121658 0,185943 3,257506 0,163672 1,489797 3,209967 -0,430638 1,458381 3,249772 -0,092322 0,921331 3,330601
-0,118971 0,190353 3,267613 0,163206 1,476797 3,189596 -0,440853 1,454713 3,235308 -0,095638 0,924475 3,342742
-0,120588 0,195937 3,275677 0,168040 1,494834 3,223323 -0,445018 1,448679 3,199631 -0,088934 0,924474 3,343027
-0,117005 0,195696 3,278703 0,165578 1,488759 3,214855 -0,452668 1,402495 3,118932 -0,100126 0,927438 3,354698
-0,120077 0,184422 3,269661 0,160904 1,499256 3,226681 -0,462217 1,327205 3,020244 -0,088455 0,918305 3,318661
-0,121245 0,191525 3,267910 0,168189 1,487477 3,220433 -0,488760 1,218559 2,928650 -0,084496 0,914368 3,331063
-0,118787 0,186418 3,266183 0,170411 1,492331 3,218495 -0,533167 1,108757 2,877406 -0,099267 0,916743 3,354618
-0,120633 0,193797 3,274606 0,171097 1,488088 3,215633 -0,562444 0,990559 2,817650 -0,092827 0,927541 3,355129
-0,117719 0,185736 3,266319 0,169595 1,478025 3,199902 -0,584617 0,893464 2,769192 -0,088649 0,920944 3,343094
-0,124647 0,183921 3,277624 0,172604 1,480999 3,209974 -0,592558 0,812935 2,704248 -0,085348 0,917761 3,330759
-0,117466 0,188811 3,275388 0,172742 1,485370 3,208186 -0,553464 0,758768 2,658613 -0,105093 0,902986 3,258098
-0,117084 0,187736 3,284923 0,178551 1,491649 3,228572 -0,449486 0,722694 2,636117 -0,077522 0,917995 3,331449
-0,117981 0,190804 3,284886 0,170670 1,495344 3,235395 -0,373960 0,698028 2,607117 -0,081506 0,929018 3,318977
-0,120565 0,188384 3,280608 0,173640 1,485183 3,207577 -0,338735 0,696371 2,701347 -0,077970 0,929421 3,306853
-0,111782 0,192498 3,294949 0,176774 1,499037 3,227727 -0,378224 0,679011 2,720577 -0,088272 0,929860 3,294639
-0,114116 0,185977 3,289129 0,178234 1,492031 3,212093 -0,441540 0,687934 2,760921 -0,085350 0,924921 3,330849
-0,110691 0,190291 3,286090 0,180432 1,487684 3,217878 -0,478267 0,702063 2,716119 -0,078376 0,928481 3,330974
-0,107481 0,185222 3,286963 0,183351 1,480505 3,213938 -0,489243 0,713451 2,679168 -0,070830 0,925089 3,331544
-0,109599 0,186226 3,278778 0,184456 1,491630 3,224719 -0,434996 0,718581 2,637968 -0,071483 0,927609 3,355741
-0,112308 0,187223 3,283701 0,184924 1,489285 3,214414 -0,337009 0,721939 2,619218 -0,074267 0,921962 3,319235
-0,106293 0,179880 3,279417 0,181058 1,487845 3,218667 -0,295714 0,746823 2,688153 -0,076948 0,918051 3,331461
-0,105880 0,189086 3,284822 0,185554 1,489643 3,211656 -0,272327 0,772165 2,713643 -0,066121 0,908984 3,295763
-0,102325 0,174270 3,281227 0,185972 1,490721 3,219811 -0,283838 0,826379 2,737164 -0,069978 0,914536 3,331809
-0,101094 0,184345 3,275682 0,181002 1,484462 3,196507 -0,314577 0,899236 2,742461 -0,084206 0,917963 3,331066
-0,096189 0,165547 3,280272 0,185538 1,484974 3,203842 -0,347253 0,989668 2,760447 -0,061632 0,902619 3,355551
-0,097089 0,189412 3,278244 0,192467 1,487247 3,204371 -0,378780 1,095319 2,787826 -0,062757 0,917187 3,356615
-0,093298 0,193681 3,286587 0,189483 1,493330 3,216946 -0,402430 1,201712 2,858839 -0,077936 0,924184 3,355986
-0,093781 0,173801 3,276975 0,191411 1,487849 3,209164 -0,418730 1,295043 2,927029 -0,070265 0,910917 3,331712
-0,090108 0,180788 3,276066 0,190429 1,485817 3,202739 -0,430042 1,369598 3,010340 -0,062419 0,925367 3,332251
-0,091109 0,181815 3,271418 0,190659 1,487973 3,211941 -0,438473 1,415928 3,090927 -0,066741 0,925694 3,319808
-0,090100 0,192500 3,282536 0,191090 1,481024 3,197710 -0,433905 1,444425 3,156373 -0,062711 0,921769 3,332225
