19 12
-0,094408 0,188810 3,295660 0,230436 1,511456 3,210381 -0,421651 1,498821 3,215649 -0,106557 0,931044 3,354324
-0,094397 0,179479 3,293498 0,228342 1,503011 3,196757 -0,446068 1,451811 3,076835 -0,092257 0,913229 3,355078
-0,091576 0,193749 3,302305 0,227676 1,510693 3,205380 -0,439478 1,324724 2,950864 -0,088563 0,919995 3,367679
-0,091590 0,176665 3,294694 0,228332 1,503269 3,197050 -0,457528 1,209973 2,876805 -0,094487 0,910037 3,341862
-0,094284 0,184598 3,308504 0,234307 1,505340 3,213220 -0,531348 0,922112 2,701919 -0,085420 0,926777 3,380458
-0,095650 0,186607 3,307269 0,233584 1,498074 3,202045 -0,509603 0,684844 2,658109 -0,093112 0,931060 3,354987
-0,093441 0,188056 3,306103 0,237872 1,505311 3,214175 -0,481407 0,587544 2,603025 -0,078221 0,942153 3,356094
-0,093259 0,197773 3,305473 0,240820 1,514512 3,235150 -0,422253 0,485640 2,780357 -0,086222 0,949604 3,330110
-0,090271 0,205532 3,307771 0,242029 1,507930 3,222450 -0,469300 0,462647 2,882253 -0,082528 0,956597 3,342990
-0,087704 0,197731 3,299735 0,244774 1,510927 3,229181 -0,468928 0,449307 2,821725 -0,077862 0,940828 3,282814
-0,084232 0,197673 3,285786 0,237733 1,505804 3,222916 -0,415144 0,461178 2,843574 -0,086512 0,953008 3,329647
-0,081809 0,199430 3,298013 0,241460 1,514636 3,220923 -0,426179 0,498240 2,917691 -0,093280 0,953696 3,305186
-0,084330 0,192503 3,310096 0,234648 1,512374 3,220762 -0,461359 0,525944 2,913098 -0,085189 0,936451 3,306587
-0,087026 0,200507 3,313497 0,230984 1,508867 3,209984 -0,490193 0,615965 2,748242 -0,085066 0,935752 3,331178
-0,086766 0,183006 3,301153 0,232836 1,508299 3,207372 -0,473049 0,827959 2,652485 -0,084843 0,926783 3,380286
-0,083724 0,173493 3,299814 0,234599 1,508868 3,194479 -0,482060 0,947037 2,625222 -0,091398 0,909606 3,354637
-0,086098 0,191988 3,294674 0,232200 1,515785 3,216301 -0,434744 1,279570 2,858474 -0,083625 0,917925 3,330746
-0,089377 0,187419 3,299616 0,229657 1,505402 3,197841 -0,443940 1,409083 3,005598 -0,084206 0,917963 3,331066
-0,090603 0,197992 3,303494 0,230463 1,506237 3,204807 -0,436917 1,447419 3,086420 -0,091746 0,928592 3,330826
