17 12
-0,104584 0,185000 3,268068 0,197222 1,515792 3,194133 -0,411467 1,378105 3,069690 -0,080783 0,935464 3,343674
-0,106719 0,191359 3,273955 0,198583 1,528275 3,209872 -0,410981 1,250335 2,952875 -0,087967 0,934418 3,367532
-0,103268 0,169470 3,254402 0,201109 1,531303 3,217286 -0,356701 1,075140 2,821095 -0,087397 0,919821 3,366674
-0,108956 0,184873 3,257061 0,195917 1,523058 3,206627 -0,375713 1,002482 2,818645 -0,083913 0,921534 3,330989
-0,107426 0,184881 3,266500 0,198130 1,514936 3,206959 -0,456097 0,828112 2,688315 -0,084486 0,935852 3,331329
-0,109233 0,192088 3,267840 0,198954 1,512605 3,202050 -0,577957 0,785903 2,784709 -0,075057 0,956161 3,368604
-0,109680 0,190894 3,281491 0,198011 1,518131 3,210895 -0,562221 0,745049 2,696869 -0,077930 0,945824 3,356267
-0,106039 0,185274 3,271984 0,196162 1,518302 3,219135 -0,506572 0,777555 2,790171 -0,081364 0,942601 3,343763
-0,103627 0,188045 3,275097 0,199387 1,513183 3,201075 -0,528640 0,783273 2,832989 -0,085067 0,942920 3,331267
-0,104311 0,180258 3,275712 0,199728 1,514950 3,199799 -0,586836 0,774231 2,817804 -0,084776 0,939397 3,331337
-0,106028 0,187079 3,284921 0,200960 1,515788 3,202417 -0,629846 0,785590 2,769885 -0,081220 0,939817 3,319302
-0,106098 0,184602 3,276134 0,195972 1,519014 3,201733 -0,641369 0,874166 2,781541 -0,111613 0,917897 3,234599
-0,099455 0,182702 3,283176 0,196685 1,511659 3,191037 -0,617065 0,923956 2,766457 -0,088841 0,945304 3,368068
-0,102576 0,174534 3,275008 0,188889 1,511525 3,186860 -0,576657 1,123040 2,928754 -0,105666 0,929316 3,305799
-0,102647 0,176480 3,274262 0,194850 1,518723 3,194186 -0,517560 1,251789 2,905501 -0,080783 0,935464 3,343674
-0,104281 0,185738 3,285806 0,193428 1,514785 3,199939 -0,492083 1,321920 2,978628 -0,092540 0,945636 3,355477
-0,112185 0,188942 3,269174 0,194115 1,507308 3,172922 -0,438197 1,437989 3,198918 -0,095635 0,938849 3,342927
