33 12
-0,084027 0,197900 3,266015 0,196670 1,510016 3,212069 -0,351054 1,366195 3,025528 -0,062380 0,929869 3,308170
-0,085409 0,194770 3,253566 0,203138 1,497533 3,201817 -0,338122 1,270412 2,927225 -0,068786 0,935946 3,331492
-0,080659 0,184454 3,254246 0,206243 1,514334 3,224699 -0,330971 1,139982 2,878541 -0,068525 0,917967 3,330934
-0,083887 0,191790 3,264141 0,196034 1,513063 3,212814 -0,327151 0,995625 2,821108 -0,069667 0,939624 3,332088
-0,085962 0,195327 3,253743 0,207837 1,499963 3,200169 -0,320062 0,875046 2,795567 -0,073785 0,946323 3,344222
-0,084856 0,188960 3,253135 0,202953 1,501054 3,204692 -0,316220 0,757213 2,790921 -0,066445 0,943615 3,320155
-0,083583 0,190868 3,270290 0,206449 1,511144 3,223493 -0,310742 0,677474 2,780666 -0,070542 0,943091 3,331975
-0,085292 0,194078 3,264441 0,207555 1,505376 3,221714 -0,310133 0,628310 2,737422 -0,063012 0,956854 3,357142
-0,089473 0,198788 3,271320 0,209333 1,493927 3,200020 -0,317211 0,600271 2,656057 -0,073980 0,939902 3,319654
-0,085064 0,191277 3,274564 0,206976 1,503688 3,213480 -0,333372 0,606428 2,596191 -0,079661 0,924920 3,248213
-0,075893 0,194204 3,283298 0,206807 1,511472 3,224630 -0,347747 0,618797 2,544155 -0,059795 0,946370 3,344669
-0,082700 0,189249 3,277302 0,206687 1,508355 3,219247 -0,350528 0,618330 2,548270 -0,058906 0,937425 3,296381
-0,079291 0,197206 3,269895 0,209483 1,504327 3,215192 -0,332551 0,612646 2,584831 -0,066738 0,939980 3,319978
-0,078245 0,184650 3,273179 0,210747 1,507218 3,219107 -0,307044 0,613790 2,635382 -0,066445 0,943615 3,320155
-0,076198 0,191383 3,275909 0,214082 1,509051 3,236265 -0,282381 0,620095 2,681347 -0,063305 0,960426 3,357126
-0,080737 0,193202 3,279051 0,222751 1,497957 3,224117 -0,269446 0,627260 2,698012 -0,048677 0,960556 3,357682
-0,080974 0,187981 3,265927 0,217396 1,498967 3,223223 -0,274959 0,630652 2,664616 -0,048384 0,956985 3,357715
-0,086496 0,204051 3,281463 0,216518 1,503916 3,229640 -0,293860 0,625565 2,597535 -0,062660 0,947635 3,308313
-0,080989 0,193328 3,278298 0,211827 1,501870 3,217514 -0,315630 0,633810 2,533031 -0,055420 0,950508 3,332871
-0,085092 0,193966 3,277671 0,208337 1,495442 3,206548 -0,337165 0,636919 2,507332 -0,063277 0,943165 3,332286
-0,082344 0,189165 3,272894 0,202502 1,499718 3,208704 -0,354469 0,649247 2,514542 -0,069885 0,940436 3,307916
-0,081769 0,184491 3,268816 0,206929 1,514194 3,215109 -0,353813 0,659858 2,530093 -0,066738 0,939980 3,319978
-0,077449 0,191532 3,268505 0,209531 1,499835 3,201967 -0,367040 0,711574 2,565088 -0,065857 0,943670 3,320188
-0,077772 0,185545 3,268133 0,211015 1,505853 3,211159 -0,370297 0,778332 2,597826 -0,069304 0,933370 3,307860
-0,082742 0,192120 3,265167 0,211116 1,505126 3,217725 -0,373408 0,867957 2,632787 -0,073098 0,943591 3,319841
-0,079959 0,174584 3,254363 0,210190 1,502212 3,200427 -0,385057 0,973928 2,654496 -0,076180 0,931274 3,355143
-0,078233 0,184477 3,259122 0,206843 1,516053 3,221313 -0,393348 1,104959 2,708405 -0,068510 0,925125 3,331020
-0,082506 0,194215 3,263031 0,208071 1,504821 3,207812 -0,411807 1,232636 2,780500 -0,083291 0,927030 3,283212
-0,086347 0,192428 3,270974 0,199497 1,502805 3,182644 -0,433534 1,334252 2,874461 -0,080499 0,937192 3,295397
-0,088021 0,196159 3,262663 0,196181 1,515290 3,206778 -0,446913 1,403164 2,959418 -0,077104 0,940355 3,307572
-0,087844 0,196660 3,269101 0,199465 1,511027 3,197167 -0,451477 1,439556 3,032036 -0,083874 0,934048 3,283296
-0,090560 0,196496 3,269521 0,198469 1,503914 3,181738 -0,433424 1,452330 3,078388 -0,077104 0,940355 3,307572
-0,092058 0,196372 3,262280 0,196754 1,506962 3,189313 -0,416116 1,461327 3,139916 -0,085067 0,942920 3,331267
