34 12
-0,087228 0,193956 3,336100 0,210344 1,511105 3,253071 -0,435638 1,424584 3,175225 -0,059561 0,895010 3,368853
-0,088029 0,185812 3,338186 0,213398 1,513027 3,259710 -0,421221 1,304045 3,061007 -0,059293 0,884198 3,368697
-0,082307 0,177882 3,340025 0,208544 1,513033 3,264245 -0,426239 1,086011 2,920162 -0,051143 0,875589 3,392959
-0,086107 0,180740 3,336132 0,210032 1,513106 3,265625 -0,457705 0,792128 2,809549 -0,049247 0,883538 3,381316
-0,088785 0,185933 3,317283 0,205171 1,506599 3,251913 -0,519239 0,478949 2,777453 -0,060699 0,904542 3,393471
-0,092791 0,198619 3,349009 0,204114 1,506100 3,255841 -0,550672 0,203632 2,784775 -0,060148 0,897421 3,393757
-0,091220 0,195363 3,345960 0,207703 1,513013 3,261608 -0,590654 -0,062542 2,838436 -0,057429 0,896603 3,405768
-0,088649 0,196303 3,344527 0,208729 1,511093 3,256632 -0,625528 -0,270109 2,922583 -0,060423 0,900993 3,393655
-0,091878 0,185557 3,329386 0,211318 1,518119 3,273506 -0,663137 -0,402268 3,003212 -0,053864 0,899702 3,418614
-0,092974 0,185684 3,306861 0,208268 1,514153 3,259658 -0,668340 -0,474143 3,030907 -0,056880 0,904100 3,406438
-0,089081 0,183571 3,304809 0,215090 1,514059 3,270010 -0,634939 -0,493749 2,958671 -0,068155 0,907096 3,418708
-0,090743 0,188658 3,305188 0,213035 1,520254 3,265980 -0,540072 -0,527499 2,898924 -0,061053 0,913423 3,444736
-0,088207 0,185285 3,285955 0,212397 1,526453 3,274932 -0,449032 -0,516266 2,928583 -0,065235 0,912758 3,457273
-0,085467 0,190597 3,288613 0,214827 1,512410 3,252414 -0,427498 -0,518920 2,996620 -0,064615 0,910249 3,431681
-0,079275 0,189970 3,269917 0,208396 1,523933 3,276072 -0,470346 -0,558642 3,082143 -0,056597 0,915117 3,406752
-0,077148 0,187498 3,272455 0,212694 1,522305 3,273026 -0,522069 -0,589100 3,200690 -0,056314 0,901659 3,381449
-0,074182 0,188806 3,280753 0,212452 1,521822 3,266633 -0,538295 -0,565728 3,125982 -0,064336 0,913990 3,431888
-0,073806 0,189252 3,292608 0,212499 1,523769 3,264602 -0,502015 -0,558950 3,038697 -0,064277 0,904035 3,406143
-0,076322 0,198732 3,273243 0,209462 1,516498 3,245126 -0,416957 -0,545369 2,981234 -0,052225 0,902296 3,369240
-0,073735 0,195315 3,279298 0,213479 1,529978 3,265471 -0,374171 -0,517959 3,026427 -0,045392 0,904812 3,394404
-0,071961 0,186162 3,274476 0,210409 1,517379 3,242451 -0,435754 -0,521678 3,122825 -0,063998 0,907749 3,406344
-0,068683 0,193190 3,280906 0,208508 1,531106 3,256231 -0,506236 -0,534624 3,153383 -0,048442 0,899285 3,356986
-0,061576 0,196252 3,285231 0,203891 1,528595 3,241616 -0,599935 -0,494958 3,107992 -0,055755 0,901718 3,381512
-0,058114 0,204642 3,291153 0,203063 1,524369 3,231729 -0,661911 -0,420501 3,029892 -0,059577 0,912029 3,394011
-0,053492 0,196248 3,293532 0,200848 1,528099 3,234821 -0,706185 -0,290394 2,922403 -0,061012 0,910738 3,418833
-0,051494 0,197796 3,300240 0,198586 1,530392 3,229540 -0,733065 -0,106998 2,824919 -0,064336 0,913990 3,431888
-0,046027 0,196876 3,304953 0,199038 1,528972 3,233799 -0,745844 0,141469 2,709188 -0,049478 0,911459 3,406808
-0,043630 0,202734 3,316251 0,206019 1,538749 3,247750 -0,715860 0,406714 2,642168 -0,052764 0,912033 3,394246
-0,042294 0,184758 3,305609 0,202663 1,531320 3,237115 -0,677025 0,679596 2,586813 -0,044628 0,891533 3,369365
-0,042679 0,186310 3,327632 0,198352 1,530000 3,237451 -0,625136 0,930150 2,582062 -0,044909 0,887904 3,369316
-0,043682 0,191345 3,306588 0,195617 1,524962 3,229519 -0,565205 1,162224 2,761483 -0,044902 0,895126 3,369410
-0,047912 0,173020 3,313571 0,196491 1,526754 3,239704 -0,511724 1,321980 2,934001 -0,037250 0,876113 3,320506
-0,056097 0,181122 3,316879 0,203551 1,515670 3,219383 -0,474098 1,416354 3,077592 -0,048730 0,888445 3,356769
-0,062667 0,188462 3,320686 0,207285 1,519498 3,235662 -0,440376 1,460240 3,168567 -0,044483 0,883190 3,320357
