20 12
-0,083637 0,188802 3,269649 0,213417 1,511590 3,228960 -0,356177 1,372792 3,035954 -0,079904 0,931774 3,343033
-0,082851 0,184883 3,283041 0,216925 1,521311 3,234701 -0,341177 1,290785 2,960498 -0,072436 0,930745 3,367247
-0,083690 0,174929 3,277971 0,218331 1,513397 3,227990 -0,332587 1,077610 2,871300 -0,083190 0,927476 3,354218
-0,082644 0,198297 3,311749 0,222993 1,514360 3,236283 -0,284898 0,823955 2,781480 -0,077805 0,950180 3,331723
-0,082263 0,190757 3,300739 0,217844 1,515227 3,234878 -0,281183 0,726059 2,786668 -0,074765 0,959873 3,368864
-0,081390 0,194741 3,310129 0,215664 1,504894 3,227092 -0,299652 0,600079 2,693480 -0,067788 0,973798 3,394364
-0,082969 0,196480 3,303123 0,219107 1,513014 3,240048 -0,317474 0,612312 2,604576 -0,062687 0,950440 3,332572
-0,080778 0,189886 3,312896 0,225364 1,511998 3,251460 -0,336338 0,622659 2,546467 -0,080923 0,957749 3,319635
-0,073940 0,190138 3,326957 0,224608 1,523622 3,265598 -0,293659 0,630396 2,613555 -0,077101 0,947478 3,307655
-0,072333 0,186813 3,313710 0,222740 1,514445 3,249368 -0,263644 0,618418 2,644494 -0,070617 0,960350 3,356805
-0,066926 0,182530 3,313695 0,225202 1,523699 3,269546 -0,250088 0,612732 2,671049 -0,056285 0,964043 3,357314
-0,068146 0,186142 3,305376 0,228316 1,505636 3,244023 -0,291759 0,598065 2,540900 -0,076803 0,951079 3,307740
-0,063386 0,186056 3,308806 0,228624 1,526833 3,260046 -0,337685 0,658450 2,534438 -0,048682 0,953332 3,357590
-0,062421 0,185193 3,312868 0,228124 1,516372 3,253253 -0,359036 0,718020 2,528666 -0,052178 0,952947 3,369899
-0,053668 0,180756 3,306255 0,224151 1,507234 3,228425 -0,330826 0,868160 2,603858 -0,058920 0,942893 3,344820
-0,046906 0,173124 3,288045 0,229599 1,514285 3,239476 -0,357577 1,090340 2,666481 -0,053694 0,924071 3,355263
-0,046313 0,181494 3,307566 0,233502 1,507378 3,227928 -0,356568 1,205880 2,747980 -0,054274 0,928927 3,332098
-0,050808 0,186375 3,299555 0,235926 1,515881 3,237523 -0,329458 1,397085 2,994101 -0,051353 0,932163 3,344895
-0,049646 0,184098 3,303226 0,230357 1,518849 3,234016 -0,351294 1,445305 3,117522 -0,054848 0,936176 3,332598
-0,052557 0,189250 3,309017 0,235754 1,510570 3,226679 -0,345093 1,459808 3,162168 -0,051342 0,939354 3,344984
