24 12
-0,132569 0,171428 3,284315 0,198845 1,515617 3,234423 -0,420350 1,452955 3,176958 -0,089345 0,915325 3,392602
-0,129577 0,170158 3,289795 0,198401 1,511842 3,223142 -0,425951 1,415994 3,104390 -0,089062 0,911703 3,392501
-0,134563 0,171963 3,297725 0,195119 1,513336 3,232705 -0,416811 1,327299 2,994210 -0,084862 0,905027 3,379988
-0,129116 0,163449 3,293889 0,198875 1,516932 3,235531 -0,402966 1,175267 2,868025 -0,091589 0,896257 3,403125
-0,133704 0,163794 3,295869 0,195575 1,530143 3,248583 -0,402743 0,974792 2,794925 -0,096689 0,914177 3,417207
-0,133162 0,167218 3,295161 0,197693 1,510756 3,225934 -0,401075 0,799642 2,825383 -0,096739 0,916165 3,367109
-0,132024 0,174213 3,293866 0,194383 1,517596 3,237303 -0,400448 0,627068 2,798470 -0,093622 0,930120 3,379748
-0,126266 0,178406 3,303695 0,191328 1,519951 3,237956 -0,400984 0,486515 2,865128 -0,093684 0,938029 3,354462
-0,128073 0,170945 3,287704 0,182295 1,511130 3,220402 -0,399416 0,418058 2,941556 -0,101543 0,944292 3,378909
-0,120940 0,178581 3,300211 0,180477 1,510390 3,224260 -0,387703 0,398106 3,003618 -0,090278 0,941250 3,367041
-0,118720 0,184180 3,291864 0,185660 1,519067 3,243426 -0,380820 0,394720 3,031302 -0,087145 0,955229 3,379404
-0,120167 0,175617 3,286916 0,179474 1,506659 3,220225 -0,374565 0,398913 3,017032 -0,090497 0,958735 3,392591
-0,120297 0,181272 3,301726 0,188933 1,514718 3,233611 -0,374433 0,408018 2,998853 -0,076441 0,961682 3,418263
-0,117556 0,176395 3,297229 0,191140 1,508326 3,228512 -0,376494 0,419338 2,956435 -0,094684 0,965015 3,430834
-0,119647 0,178963 3,292991 0,195286 1,513750 3,234330 -0,387982 0,450966 2,909760 -0,093691 0,945244 3,354560
-0,124881 0,178960 3,311551 0,197529 1,511818 3,225668 -0,402452 0,536677 2,847354 -0,085992 0,933933 3,380401
-0,118294 0,165834 3,310762 0,199726 1,516777 3,239187 -0,417725 0,685805 2,815035 -0,082541 0,929875 3,393052
-0,116209 0,173869 3,311747 0,203428 1,522533 3,240537 -0,423316 0,844885 2,801321 -0,085423 0,919521 3,380358
-0,113708 0,160346 3,305109 0,201496 1,525354 3,242781 -0,426293 1,027112 2,782729 -0,092164 0,896434 3,403987
-0,112494 0,162391 3,300999 0,198551 1,514663 3,229999 -0,420598 1,199257 2,871955 -0,084018 0,894002 3,378969
-0,117278 0,173398 3,311383 0,199313 1,509445 3,227352 -0,422140 1,321775 2,961119 -0,081406 0,915426 3,392852
-0,113781 0,178386 3,318484 0,197200 1,513088 3,232375 -0,431487 1,411770 3,065147 -0,084849 0,919528 3,380188
-0,119391 0,167262 3,306730 0,196461 1,508650 3,228024 -0,433354 1,462082 3,155434 -0,081689 0,919072 3,393026
-0,119779 0,167903 3,295965 0,195357 1,509951 3,233431 -0,434422 1,480976 3,217741 -0,085423 0,919521 3,380358
