16 12
-0,093374 0,169735 3,330063 0,235851 1,527895 3,289853 -0,471044 1,523612 3,245744 -0,056338 0,858216 3,380865
-0,091959 0,168623 3,330958 0,242137 1,530626 3,305355 -0,487002 1,454566 3,111939 -0,051482 0,846096 3,343837
-0,088498 0,168093 3,327030 0,239190 1,531843 3,289886 -0,543639 1,136153 2,632888 -0,047958 0,848967 3,356267
-0,092008 0,181497 3,338090 0,236040 1,540310 3,307506 -0,479635 0,752906 2,418303 -0,054385 0,870152 3,417264
-0,092571 0,182132 3,341932 0,228430 1,529477 3,294469 -0,466929 0,562915 2,312635 -0,050029 0,882075 3,405810
-0,088451 0,185120 3,310860 0,239065 1,530606 3,300147 -0,468490 0,316087 2,335495 -0,067040 0,932447 3,508341
-0,080332 0,148755 3,295572 0,240653 1,538379 3,314833 -0,442199 0,220808 2,363450 -0,068797 0,916951 3,444242
-0,080390 0,161521 3,271988 0,241874 1,525951 3,295629 -0,432989 0,207922 2,363187 -0,057418 0,901261 3,380336
-0,079293 0,169553 3,312909 0,234355 1,535267 3,295819 -0,430054 0,254592 2,387430 -0,068520 0,928111 3,444650
-0,080842 0,184686 3,318181 0,235212 1,538581 3,295253 -0,434169 0,451705 2,348253 -0,060463 0,896247 3,419016
-0,078596 0,184563 3,323783 0,234705 1,533824 3,293181 -0,460035 0,576455 2,317653 -0,044110 0,869853 3,368845
-0,073220 0,181093 3,335463 0,233126 1,531539 3,280835 -0,456368 0,938444 2,486892 -0,028713 0,844021 3,319653
-0,071094 0,171065 3,329230 0,239077 1,552113 3,316747 -0,502910 1,197148 2,665390 -0,037883 0,855446 3,369043
-0,073449 0,170474 3,329861 0,231047 1,535279 3,284282 -0,490561 1,314344 2,814970 -0,049225 0,871408 3,406410
-0,078404 0,172308 3,315811 0,236059 1,542651 3,286631 -0,438039 1,486825 3,148920 -0,052010 0,853235 3,344014
-0,082632 0,175373 3,307557 0,239527 1,541126 3,291706 -0,403956 1,483925 3,215328 -0,062816 0,859624 3,355880
