47 12
-0,090734 0,126916 3,296896 0,395544 1,451951 3,203514 -0,568045 1,452053 3,306322 -0,067603 0,899880 3,418809
-0,091506 0,128269 3,295042 0,496669 1,400773 3,123070 -0,672643 1,399087 3,238927 -0,074616 0,893682 3,393094
-0,094130 0,126956 3,294448 0,619217 1,306814 3,028416 -0,799743 1,307246 3,179701 -0,066971 0,890142 3,393377
-0,093891 0,122763 3,297935 0,743273 1,176774 2,946043 -0,925487 1,179632 3,115620 -0,074619 0,886415 3,392992
-0,093375 0,124130 3,307424 0,858339 1,006271 2,876744 -1,051106 1,015230 3,067494 -0,084887 0,876060 3,379593
-0,093491 0,127897 3,312175 0,936073 0,791906 2,854044 -1,129182 0,808856 3,038733 -0,077407 0,866662 3,355251
-0,092576 0,117746 3,303421 0,977120 0,594957 2,853352 -1,187704 0,621382 3,018948 -0,066363 0,866092 3,368025
-0,095671 0,125219 3,297234 0,992406 0,433434 2,917184 -1,184543 0,462641 3,011708 -0,069736 0,868085 3,331217
-0,094807 0,122364 3,295962 0,996716 0,320237 2,974952 -1,188337 0,355863 3,066931 -0,070109 0,866739 3,355625
-0,099641 0,121157 3,285606 0,987859 0,268498 3,037583 -1,176676 0,298286 3,100675 -0,070652 0,866680 3,355595
-0,095562 0,116839 3,286332 0,992159 0,274698 3,038191 -1,174313 0,304114 3,134160 -0,077681 0,863051 3,355237
-0,098828 0,122174 3,296104 1,006737 0,362228 3,008900 -1,191890 0,348255 3,121515 -0,070379 0,870314 3,355697
-0,100849 0,118735 3,294881 1,020393 0,509844 2,960524 -1,209658 0,458867 3,074622 -0,073563 0,863796 3,343154
-0,104102 0,116832 3,298558 1,005577 0,697167 2,955159 -1,215521 0,624027 3,062088 -0,080560 0,867293 3,342697
-0,101942 0,122608 3,307451 0,951993 0,876822 2,999017 -1,182240 0,795137 3,074241 -0,091993 0,873673 3,354510
-0,100816 0,123688 3,304417 0,890459 0,966570 3,009434 -1,101045 0,884756 3,059152 -0,091993 0,873673 3,354510
-0,102691 0,121073 3,299493 0,887573 0,989576 2,998613 -1,080088 0,919776 3,078420 -0,084698 0,873765 3,354942
-0,100015 0,120744 3,293772 0,924746 0,949352 2,986407 -1,112925 0,906770 3,103881 -0,091993 0,873673 3,354510
-0,103044 0,121484 3,297801 0,973076 0,844595 2,968916 -1,165207 0,832747 3,095297 -0,092269 0,870062 3,354512
-0,101277 0,120334 3,298699 1,026647 0,716786 2,946852 -1,226886 0,727081 3,109114 -0,099839 0,879492 3,378866
-0,100836 0,120419 3,295002 1,059406 0,567904 2,963451 -1,246372 0,588775 3,071813 -0,084703 0,866578 3,354848
-0,104259 0,113062 3,282558 1,072075 0,436672 2,989290 -1,243104 0,454959 3,022234 -0,077681 0,863051 3,355237
-0,103955 0,115615 3,272487 1,059187 0,355566 3,029721 -1,234398 0,389082 3,083775 -0,077407 0,866662 3,355251
-0,104520 0,122545 3,289916 1,045177 0,337665 3,053743 -1,214576 0,376044 3,086798 -0,077401 0,873849 3,355344
-0,106572 0,121038 3,289369 1,043501 0,384806 3,019192 -1,219569 0,414380 3,082773 -0,080123 0,868630 3,318456
-0,103455 0,119559 3,298384 1,055820 0,487344 2,991357 -1,232825 0,511306 3,056044 -0,077678 0,870237 3,355330
-0,105077 0,117055 3,296790 1,053457 0,636830 2,978799 -1,237371 0,647949 3,041143 -0,088308 0,880270 3,367020
-0,104410 0,120760 3,301237 1,003658 0,787106 2,995557 -1,189626 0,774512 3,020263 -0,088106 0,870790 3,342443
-0,106152 0,121813 3,297512 0,941821 0,865945 3,007426 -1,132474 0,838411 3,028389 -0,091993 0,873673 3,354510
-0,102027 0,124523 3,297279 0,931078 0,866177 2,984917 -1,122238 0,846861 3,057215 -0,091713 0,877262 3,354427
-0,102432 0,113757 3,296340 0,973093 0,795182 2,944539 -1,152102 0,784805 3,056395 -0,091993 0,873673 3,354510
-0,104547 0,120395 3,294588 1,026118 0,683233 2,939896 -1,201868 0,680590 3,057165 -0,092269 0,870062 3,354512
-0,102621 0,125013 3,303689 1,057927 0,541453 2,921746 -1,207036 0,537817 3,032884 -0,069736 0,868085 3,331217
-0,102176 0,117079 3,293228 1,076401 0,410237 2,948431 -1,199491 0,394057 2,986538 -0,080130 0,861517 3,318372
-0,101162 0,114025 3,291351 1,070960 0,287440 3,014473 -1,198858 0,284986 3,013111 -0,073563 0,863796 3,343154
-0,100513 0,122685 3,297846 1,049002 0,222152 3,082294 -1,181402 0,238908 3,067141 -0,070480 0,872610 3,380455
-0,098980 0,112299 3,280352 1,026857 0,226752 3,112770 -1,177279 0,253710 3,099826 -0,084247 0,860788 3,330361
-0,102156 0,115276 3,273232 1,043815 0,303203 3,079347 -1,197778 0,315979 3,094972 -0,080832 0,870878 3,342859
-0,098246 0,112381 3,287405 1,064309 0,443343 3,033250 -1,232330 0,454644 3,100353 -0,069736 0,868085 3,331217
-0,100353 0,115635 3,279683 1,068775 0,655995 3,028584 -1,229339 0,631097 3,064844 -0,080402 0,865077 3,318528
-0,096004 0,111870 3,271865 1,025352 0,886438 3,073236 -1,198585 0,834519 3,108503 -0,084242 0,867925 3,330449
-0,094975 0,116870 3,274321 0,918758 1,084602 3,081240 -1,103637 0,985798 3,076515 -0,077396 0,881039 3,355437
-0,094909 0,116788 3,280845 0,802123 1,237217 3,145146 -1,012270 1,109346 3,091391 -0,081098 0,888777 3,343122
-0,093762 0,118064 3,287484 0,680413 1,357080 3,215968 -0,910079 1,216598 3,114591 -0,074335 0,897335 3,393114
-0,095197 0,116749 3,267759 0,560837 1,444419 3,281660 -0,806218 1,299008 3,154382 -0,081699 0,904521 3,392821
-0,097633 0,123119 3,264245 0,456726 1,484267 3,318009 -0,700392 1,356911 3,191750 -0,085148 0,901410 3,380065
-0,093173 0,117756 3,247539 0,369352 1,477482 3,319236 -0,616155 1,396208 3,239923 -0,081699 0,904521 3,392821
