18 12
-0,083731 0,177588 3,303354 0,217393 1,532359 3,254430 -0,430500 1,479348 3,246431 -0,069743 0,860947 3,331130
-0,088242 0,178737 3,309695 0,211592 1,528566 3,256479 -0,451654 1,517945 3,250231 -0,062717 0,848153 3,307171
-0,081918 0,180655 3,319679 0,211879 1,533287 3,265779 -0,466115 1,485795 3,164442 -0,055239 0,853943 3,331700
-0,083707 0,172664 3,319717 0,210676 1,531611 3,273650 -0,523225 1,283631 2,798940 -0,041106 0,858382 3,381483
-0,085593 0,176797 3,336668 0,209597 1,537378 3,275637 -0,483689 1,002110 2,579073 -0,026132 0,834285 3,308336
-0,086583 0,183299 3,332378 0,211303 1,529060 3,273865 -0,485337 0,835032 2,458604 -0,049787 0,861629 3,380450
-0,088744 0,196774 3,324720 0,205724 1,527969 3,271782 -0,507721 0,546665 2,370444 -0,056050 0,883586 3,381279
-0,081063 0,178851 3,305518 0,211115 1,527189 3,283305 -0,459807 0,345519 2,329328 -0,069988 0,919183 3,468998
-0,082150 0,163231 3,296980 0,216823 1,534463 3,300653 -0,457795 0,285192 2,328499 -0,076536 0,913071 3,443535
-0,080598 0,159831 3,275677 0,215412 1,520867 3,279779 -0,441226 0,218679 2,375607 -0,080053 0,917243 3,430579
-0,084068 0,204748 3,305424 0,216613 1,531236 3,290669 -0,455168 0,305367 2,366483 -0,057145 0,905020 3,380787
-0,087872 0,200405 3,315063 0,222665 1,529431 3,298215 -0,469404 0,385711 2,350894 -0,060148 0,897421 3,393757
-0,085062 0,203863 3,337891 0,217989 1,528595 3,273413 -0,494257 0,629613 2,345680 -0,064004 0,893155 3,406136
-0,078176 0,184763 3,318347 0,223231 1,529226 3,272939 -0,535229 0,904415 2,391373 -0,025662 0,854099 3,332476
-0,075216 0,180292 3,307886 0,224944 1,527189 3,280443 -0,540508 1,053809 2,504203 -0,012228 0,852674 3,357246
-0,071500 0,176858 3,327548 0,227016 1,536584 3,284464 -0,485321 1,375775 2,921888 -0,022464 0,845663 3,296610
-0,069259 0,174430 3,299165 0,236500 1,523280 3,278660 -0,455627 1,409148 3,032917 -0,048212 0,859743 3,356484
-0,065727 0,177902 3,298945 0,233613 1,522087 3,270668 -0,424137 1,427698 3,119814 -0,059316 0,862558 3,368414
