30 12
-0,093564 0,159812 3,283157 0,239408 1,503276 3,227649 -0,477203 1,446061 3,031095 -0,055499 0,864629 3,331837
-0,093471 0,164625 3,301276 0,235514 1,496709 3,221930 -0,463414 1,373296 2,864670 -0,040979 0,864734 3,332361
-0,091330 0,158809 3,294735 0,241944 1,502591 3,230058 -0,435951 1,249506 2,689307 -0,036897 0,860510 3,344544
-0,094614 0,157821 3,304393 0,231321 1,514004 3,249776 -0,396893 1,105641 2,531058 -0,029054 0,867642 3,344489
-0,094881 0,153839 3,310555 0,229718 1,501758 3,229497 -0,355359 0,939255 2,411211 -0,043987 0,881634 3,418604
-0,095426 0,168581 3,308319 0,226657 1,500314 3,220160 -0,311257 0,758929 2,315850 -0,052766 0,895180 3,444982
-0,090884 0,173174 3,311476 0,226421 1,504027 3,230431 -0,265474 0,599105 2,274633 -0,053027 0,913594 3,445267
-0,088753 0,177871 3,319789 0,228501 1,517477 3,244934 -0,246618 0,459285 2,233171 -0,048678 0,905384 3,381850
-0,092003 0,158688 3,317668 0,235469 1,510189 3,238084 -0,220286 0,338553 2,228882 -0,064395 0,959025 3,410124
-0,093751 0,133261 3,305797 0,230396 1,504025 3,225873 -0,194140 0,255144 2,254863 -0,055266 0,942086 3,442651
-0,085133 0,123329 3,291755 0,226558 1,493978 3,212346 -0,183587 0,194760 2,262254 -0,053884 0,926189 3,393308
-0,088291 0,111505 3,305357 0,234942 1,507853 3,248091 -0,174709 0,149206 2,282629 -0,061261 0,926127 3,393057
-0,091700 0,106425 3,312747 0,234231 1,502862 3,236918 -0,180137 0,125076 2,285170 -0,056872 0,933319 3,406852
-0,088712 0,097369 3,284127 0,229869 1,512591 3,237859 -0,176661 0,110303 2,285874 -0,060700 0,926377 3,393774
-0,091593 0,098783 3,287668 0,236357 1,510805 3,251703 -0,170929 0,120975 2,301270 -0,061261 0,926127 3,393056
-0,089487 0,105650 3,293482 0,233958 1,515184 3,245383 -0,184890 0,143834 2,285280 -0,065117 0,929256 3,405559
-0,089155 0,115017 3,291151 0,232089 1,500058 3,226943 -0,195910 0,193202 2,262008 -0,065392 0,925441 3,405020
-0,085610 0,137524 3,286757 0,230911 1,495029 3,217606 -0,207397 0,258207 2,232027 -0,065963 0,939656 3,404012
-0,085911 0,164969 3,310452 0,231832 1,511685 3,246755 -0,215020 0,351715 2,220837 -0,076014 0,972820 3,421403
-0,089084 0,167703 3,297094 0,228714 1,511138 3,241008 -0,222134 0,473982 2,215183 -0,063665 0,901594 3,381149
-0,090685 0,165357 3,309671 0,229750 1,506803 3,240656 -0,235070 0,618657 2,268322 -0,063445 0,900510 3,406286
-0,089312 0,159624 3,300170 0,229594 1,512178 3,242090 -0,260166 0,787910 2,335890 -0,070405 0,888177 3,430594
-0,087815 0,158631 3,282609 0,232462 1,507448 3,240148 -0,291559 0,970166 2,429252 -0,058926 0,878696 3,468416
-0,090507 0,158121 3,300035 0,235061 1,509534 3,241796 -0,322674 1,130026 2,552402 -0,063319 0,887003 3,456727
-0,089470 0,164048 3,296735 0,244510 1,508029 3,245570 -0,358159 1,271148 2,705771 -0,040168 0,861158 3,332102
-0,094180 0,165579 3,298382 0,238650 1,519618 3,259678 -0,387679 1,378352 2,867476 -0,047456 0,866053 3,307933
-0,094283 0,162238 3,286227 0,240543 1,507742 3,246990 -0,401446 1,436073 3,010395 -0,048471 0,870504 3,356621
-0,094516 0,156111 3,275490 0,237663 1,508000 3,245580 -0,416581 1,475161 3,135043 -0,066286 0,863869 3,343512
-0,098829 0,159678 3,280977 0,240843 1,499572 3,236038 -0,415992 1,487867 3,223107 -0,070379 0,870314 3,355697
-0,097381 0,153489 3,281693 0,242624 1,508722 3,241816 -0,417876 1,472192 3,254770 -0,065946 0,858115 3,319178
