27 12
-0,135024 0,180685 3,308006 0,103061 1,343109 2,950927 -0,355865 1,358954 2,975881 -0,096175 0,901815 3,367046
-0,134873 0,182678 3,318994 0,096855 1,255557 2,850692 -0,329603 1,281397 2,889939 -0,085332 0,874860 3,330223
-0,132266 0,185667 3,332243 0,103405 1,093564 2,721411 -0,303381 1,154515 2,760349 -0,092807 0,855593 3,354177
-0,136449 0,175297 3,322424 0,110664 0,925075 2,639222 -0,280151 0,986565 2,648072 -0,100115 0,883093 3,378975
-0,131391 0,188270 3,322679 0,091695 0,734732 2,546161 -0,253344 0,795435 2,588584 -0,103773 0,905282 3,366610
-0,135393 0,203018 3,325760 0,093170 0,526309 2,495464 -0,242142 0,579652 2,551371 -0,108349 0,929100 3,404220
-0,125499 0,219303 3,366902 0,115524 0,319879 2,488882 -0,260580 0,369727 2,515392 -0,100312 0,994792 3,363534
-0,096723 0,280398 3,043790 0,146655 0,138613 2,522385 -0,289710 0,186721 2,566192 -0,097521 0,975699 3,306407
-0,108483 0,238092 3,165118 0,216105 -0,001507 2,597675 -0,343756 0,039235 2,641938 -0,119176 0,939713 3,304437
-0,132410 0,225285 3,274758 0,282957 -0,108477 2,673433 -0,386643 -0,088835 2,680029 -0,085130 0,930421 3,380463
-0,130592 0,217827 3,273576 0,345686 -0,179548 2,756525 -0,455022 -0,184302 2,760697 -0,087800 0,903044 3,342727
-0,129968 0,217469 3,268694 0,431982 -0,228870 2,834328 -0,529283 -0,246992 2,826240 -0,091985 0,888053 3,354699
-0,130910 0,215012 3,261422 0,526461 -0,237803 2,907164 -0,616418 -0,280455 2,909053 -0,102365 0,874170 3,341434
-0,130321 0,205171 3,256315 0,631078 -0,221041 3,002877 -0,724330 -0,293443 2,998156 -0,102647 0,863435 3,341436
-0,127485 0,209930 3,267297 0,749495 -0,174037 3,062830 -0,836626 -0,278791 3,058638 -0,102083 0,857686 3,317126
-0,129083 0,203639 3,240950 0,871219 -0,076018 3,140482 -0,966008 -0,217633 3,115358 -0,116691 0,855208 3,292154
-0,126789 0,199077 3,248750 0,975246 0,064256 3,182743 -1,094880 -0,105600 3,141108 -0,108976 0,855420 3,292753
-0,131284 0,200144 3,254213 1,047863 0,234697 3,180757 -1,190573 0,039563 3,142312 -0,100976 0,853430 3,269542
-0,133182 0,179679 3,239453 1,087876 0,441811 3,242782 -1,256665 0,220626 3,137195 -0,112529 0,863066 3,280739
-0,132739 0,187127 3,257022 1,073792 0,653347 3,266636 -1,268708 0,421636 3,125505 -0,127700 0,881551 3,327644
-0,134084 0,184157 3,250304 1,012439 0,879053 3,301303 -1,238609 0,621489 3,085029 -0,132254 0,891551 3,339741
-0,133033 0,187675 3,258816 0,895783 1,078913 3,300951 -1,183944 0,835093 3,101250 -0,139522 0,905749 3,339336
-0,131105 0,183969 3,257937 0,768103 1,251735 3,342549 -1,088227 1,012700 3,108377 -0,123609 0,894023 3,292167
-0,133950 0,193297 3,261595 0,617493 1,375728 3,360415 -0,979456 1,177106 3,121742 -0,119037 0,892298 3,257092
-0,134561 0,188952 3,268924 0,484661 1,450325 3,365061 -0,854760 1,285885 3,153211 -0,120073 0,907747 3,304525
-0,134044 0,193877 3,275748 0,369981 1,500412 3,346206 -0,739980 1,359281 3,165208 -0,120643 0,907650 3,304452
-0,130670 0,187232 3,270584 0,291856 1,484012 3,311723 -0,638494 1,410249 3,177703 -0,131986 0,923866 3,340155
