20 12
-0,117084 0,184288 3,292950 0,152218 1,338225 2,995838 -0,373608 1,353002 3,008731 -0,120746 0,906669 3,328611
-0,119695 0,193923 3,294117 0,147599 1,252402 2,886653 -0,342983 1,285346 2,908257 -0,120353 0,889957 3,304312
-0,114838 0,176022 3,315125 0,074771 0,991561 2,654478 -0,335026 1,068957 2,718759 -0,101800 0,879824 3,364690
-0,116400 0,186442 3,318376 0,080699 0,641119 2,479648 -0,252800 0,696690 2,514225 -0,104032 0,902540 3,341454
-0,124205 0,195017 3,341764 0,059126 0,482046 2,449622 -0,266365 0,515278 2,493954 -0,128274 0,910077 3,328108
-0,131582 0,195305 3,349086 0,054344 0,175187 2,523171 -0,280322 0,203125 2,550431 -0,101247 1,013062 3,431452
-0,138367 0,242054 3,089807 0,106288 -0,039015 2,486007 -0,374726 -0,053054 2,712099 -0,099968 0,940212 3,292708
-0,130965 0,195207 3,205272 0,161493 -0,115408 2,516872 -0,439355 -0,136518 2,790847 -0,081097 0,933592 3,392898
-0,114827 0,185555 3,256580 0,378028 -0,219651 2,834573 -0,527998 -0,218707 2,754005 -0,089685 0,890894 3,366989
-0,113889 0,181746 3,268500 0,525583 -0,130417 2,643774 -0,771972 -0,219646 3,073208 -0,095102 0,867111 3,341821
-0,112433 0,188144 3,276646 0,625750 -0,075290 2,689666 -0,886970 -0,180417 3,130180 -0,101522 0,853372 3,269578
-0,111525 0,188162 3,277167 0,914542 0,103893 3,041124 -0,997309 -0,022913 2,881550 -0,097941 0,866838 3,281745
-0,106837 0,184052 3,259120 0,980925 0,379142 2,993981 -1,227073 0,253743 3,081695 -0,120894 0,875625 3,303907
-0,107866 0,185784 3,266290 1,016368 0,543581 3,072943 -1,217539 0,394675 2,972504 -0,121710 0,901941 3,352965
-0,102916 0,182865 3,254788 0,947180 0,859691 3,064766 -1,200073 0,743403 3,066909 -0,121429 0,905577 3,353012
-0,103854 0,179323 3,264153 0,835639 1,284945 3,544693 -0,991345 0,954856 2,848790 -0,121429 0,905577 3,353012
-0,103514 0,184476 3,264525 0,711580 1,417794 3,584519 -0,901065 1,067431 2,844751 -0,113217 0,903232 3,329022
-0,102087 0,182557 3,262980 0,437941 1,376865 3,243184 -0,774236 1,404425 3,288981 -0,117372 0,917870 3,316848
-0,102143 0,182796 3,257267 0,329872 1,491033 3,404831 -0,549320 1,364344 3,040634 -0,109897 0,920677 3,341676
-0,107150 0,188783 3,277460 0,281898 1,478880 3,343781 -0,489049 1,403876 3,084209 -0,125006 0,913198 3,340595
