29 12
-0,109459 0,195664 3,291985 0,244443 1,489247 3,182776 -0,448681 1,471562 3,181946 -0,085170 0,865214 3,379570
-0,107688 0,186756 3,289054 0,244620 1,464555 3,110271 -0,451574 1,427354 3,111328 -0,085711 0,857924 3,379470
-0,109527 0,186875 3,282637 0,228124 1,402373 3,032356 -0,439583 1,380564 3,031748 -0,085445 0,854350 3,379462
-0,109030 0,179452 3,291778 0,202744 1,337966 2,961210 -0,424843 1,317496 2,949846 -0,085975 0,847019 3,379197
-0,109055 0,188644 3,301606 0,157980 1,253755 2,899533 -0,400253 1,252664 2,852724 -0,081299 0,833532 3,366944
-0,105355 0,178845 3,294084 0,103072 1,152214 2,844865 -0,367214 1,174250 2,792829 -0,076932 0,809252 3,354207
-0,106033 0,175355 3,294546 0,047810 1,072433 2,807092 -0,334603 1,085767 2,722217 -0,085011 0,762680 3,353535
-0,106219 0,180347 3,312673 -0,014325 0,986444 2,780113 -0,296831 1,013220 2,684193 -0,091238 0,772528 3,335482
-0,103376 0,171163 3,306388 -0,073793 0,923501 2,765438 -0,258994 0,937586 2,651279 -0,078558 0,763492 3,378996
-0,104471 0,163832 3,297654 -0,114184 0,866024 2,733637 -0,245074 0,876332 2,591772 -0,106850 0,819640 3,352911
-0,100027 0,162588 3,287537 -0,129702 0,840547 2,710190 -0,244363 0,853195 2,629888 -0,089625 0,831799 3,391382
-0,100519 0,165892 3,303636 -0,111695 0,823302 2,696521 -0,254925 0,831234 2,627189 -0,089137 0,826192 3,366429
-0,098910 0,179368 3,311473 -0,096724 0,787857 2,694329 -0,250449 0,850972 2,667429 -0,072055 0,851476 3,430467
-0,101901 0,166757 3,310396 -0,080103 0,805227 2,706868 -0,255504 0,855794 2,680847 -0,079487 0,844077 3,429993
-0,094669 0,172702 3,308363 -0,090294 0,824275 2,745826 -0,246489 0,869871 2,688374 -0,078537 0,838433 3,404702
-0,095341 0,166524 3,300834 -0,120329 0,840915 2,763847 -0,235949 0,875491 2,639353 -0,070511 0,836466 3,379965
-0,092774 0,170063 3,294261 -0,129440 0,872414 2,744004 -0,247835 0,894774 2,653549 -0,059651 0,839406 3,393012
-0,095503 0,177064 3,302685 -0,130166 0,896181 2,749647 -0,259597 0,928485 2,655864 -0,090625 0,857942 3,442555
-0,096840 0,176671 3,299807 -0,117652 0,922949 2,736224 -0,273761 0,961949 2,672325 -0,063105 0,834479 3,355574
-0,097804 0,177579 3,290884 -0,096678 0,950329 2,727625 -0,292647 1,010252 2,719204 -0,089276 0,754990 3,338811
-0,095580 0,171004 3,286290 -0,069735 0,996768 2,727739 -0,314196 1,058481 2,772896 -0,093452 0,737210 3,351761
-0,098831 0,179921 3,287056 -0,031253 1,064742 2,739901 -0,339052 1,099412 2,802867 -0,085983 0,757057 3,327662
-0,103132 0,180440 3,282855 0,010915 1,140070 2,774238 -0,374252 1,133240 2,794369 -0,096864 0,786097 3,314906
-0,105011 0,176266 3,279363 0,064410 1,222329 2,829297 -0,398508 1,212540 2,843094 -0,089681 0,827430 3,340950
-0,105655 0,176443 3,276458 0,112123 1,292129 2,894387 -0,421203 1,284855 2,911189 -0,089662 0,847635 3,366400
-0,104828 0,181822 3,274977 0,156961 1,367728 2,987504 -0,450326 1,351276 3,010609 -0,092541 0,852065 3,354244
-0,105845 0,175429 3,267903 0,192615 1,425276 3,078227 -0,465470 1,407034 3,084190 -0,085513 0,848502 3,354491
-0,107125 0,180705 3,269909 0,212850 1,453086 3,142085 -0,470867 1,434760 3,142544 -0,096190 0,852678 3,341685
-0,107467 0,188476 3,267772 0,230641 1,478380 3,214460 -0,460687 1,459385 3,192386 -0,085711 0,865154 3,379570
