17 12
-0,086207 0,167204 3,322155 0,220209 1,536477 3,311485 -0,447699 1,523453 3,299810 -0,073966 0,855211 3,367622
-0,082069 0,171536 3,339261 0,217038 1,534498 3,304432 -0,502674 1,379937 2,953512 -0,060791 0,872965 3,444276
-0,080995 0,170992 3,349149 0,217358 1,540716 3,320522 -0,469108 1,127109 2,714294 -0,025709 0,832705 3,332226
-0,079962 0,170551 3,353104 0,218565 1,533409 3,303542 -0,462123 0,938941 2,548739 -0,015832 0,824449 3,296400
-0,079013 0,191596 3,364017 0,217357 1,525772 3,304013 -0,490119 0,602475 2,372618 -0,064077 0,880980 3,431461
-0,072559 0,167852 3,327738 0,218269 1,521033 3,284164 -0,445213 0,359278 2,332758 -0,066050 0,908640 3,455959
-0,065751 0,170000 3,309190 0,219734 1,541016 3,302965 -0,440360 0,283968 2,353225 -0,081306 0,919397 3,454937
-0,060060 0,173593 3,298616 0,227518 1,536583 3,310753 -0,428635 0,201274 2,387360 -0,073160 0,917023 3,430032
-0,061818 0,179690 3,312434 0,226445 1,536940 3,311892 -0,429628 0,237045 2,399540 -0,076411 0,924996 3,417717
-0,065206 0,193907 3,332893 0,226972 1,526513 3,281179 -0,435355 0,282629 2,370536 -0,061845 0,921315 3,417765
-0,062467 0,203960 3,360542 0,230213 1,547378 3,301961 -0,445513 0,463232 2,354830 -0,064277 0,904035 3,406143
-0,052034 0,185219 3,345625 0,233237 1,543231 3,299509 -0,485466 0,751205 2,337556 -0,029121 0,845608 3,296232
-0,051009 0,178592 3,347148 0,236519 1,533516 3,284437 -0,499760 0,918692 2,415409 -0,033062 0,859808 3,356760
-0,050379 0,166977 3,339551 0,234509 1,535814 3,290459 -0,456542 1,301075 2,807669 -0,040723 0,854047 3,332242
-0,054396 0,177022 3,338453 0,235308 1,526516 3,283181 -0,465986 1,416680 3,009681 -0,048408 0,875108 3,406455
-0,059746 0,167322 3,332258 0,243796 1,534116 3,298267 -0,433811 1,441366 3,101600 -0,059016 0,856775 3,343753
-0,072972 0,165285 3,301963 0,239222 1,531541 3,287261 -0,408539 1,495990 3,289770 -0,066561 0,860270 3,343488
