26 12
-0,099721 0,160036 3,364635 0,631606 1,414212 3,356629 -0,453599 1,460933 3,133025 -0,063424 0,922413 3,406597
-0,094880 0,157408 3,343526 0,629679 1,417918 3,367072 -0,430652 1,434632 3,027683 -0,096915 0,937833 3,468161
-0,098232 0,157702 3,362505 0,629246 1,417524 3,371858 -0,387681 1,367563 2,891919 -0,070077 0,913799 3,430604
-0,096523 0,148326 3,361518 0,623812 1,406628 3,356229 -0,324313 1,252807 2,739523 -0,079585 0,943403 3,536344
-0,097189 0,150236 3,372938 0,626202 1,400122 3,345786 -0,258596 1,121965 2,585910 -0,059186 0,932249 3,521568
-0,100226 0,156912 3,367219 0,619135 1,421847 3,359363 -0,184820 0,953633 2,469793 -0,063077 0,940365 3,508793
-0,103970 0,170408 3,377301 0,623783 1,416762 3,344842 -0,117946 0,783056 2,406751 -0,076400 0,966642 3,524152
-0,106994 0,177738 3,378303 0,618439 1,406614 3,340138 -0,058103 0,624471 2,355279 -0,060582 0,966753 3,524566
-0,106275 0,179310 3,373143 0,621973 1,403899 3,343643 -0,015221 0,483477 2,346310 -0,084202 0,984809 3,551023
-0,109010 0,183897 3,375435 0,617928 1,411327 3,336190 0,028009 0,362366 2,388705 -0,077188 1,031438 3,529815
-0,110894 0,158337 3,376215 0,623410 1,417513 3,348628 0,048717 0,274136 2,397974 -0,090286 1,010850 3,480006
-0,110554 0,151264 3,387923 0,624589 1,413991 3,348790 0,061578 0,217599 2,405822 -0,082453 1,007483 3,481102
-0,103759 0,146328 3,421191 0,620219 1,414264 3,330490 0,066999 0,189377 2,420611 -0,097796 1,010863 3,507736
-0,106438 0,145856 3,412372 0,625145 1,412019 3,335382 0,067490 0,178280 2,446944 -0,089977 0,999909 3,480653
-0,103236 0,150496 3,409132 0,625220 1,402620 3,335627 0,061174 0,201871 2,414114 -0,082617 1,011055 3,508435
-0,109401 0,151155 3,368352 0,626768 1,415826 3,351364 0,054188 0,252917 2,412069 -0,079176 1,007009 3,493586
-0,110108 0,182613 3,377137 0,625763 1,408123 3,359055 0,038014 0,347637 2,381842 -0,077090 1,035074 3,501793
-0,105996 0,179919 3,353620 0,614364 1,406822 3,329543 0,020608 0,469261 2,392102 -0,073696 1,038048 3,485826
-0,104944 0,174984 3,369354 0,616645 1,414820 3,334419 -0,015999 0,632601 2,412344 -0,072503 0,973882 3,537851
-0,101823 0,171446 3,356931 0,618964 1,424394 3,356844 -0,070887 0,805004 2,455802 -0,062147 0,969131 3,579541
-0,100781 0,154636 3,358088 0,618024 1,431256 3,344858 -0,127134 0,980687 2,522924 -0,048988 0,957033 3,592163
-0,090017 0,138605 3,344915 0,615597 1,414652 3,361210 -0,191980 1,144532 2,622270 -0,055307 0,926596 3,560684
-0,087144 0,147458 3,359649 0,617247 1,422975 3,351375 -0,253526 1,269745 2,743359 -0,067759 0,939084 3,549571
-0,085529 0,146999 3,359308 0,615515 1,415250 3,337675 -0,303928 1,367816 2,869405 -0,080067 0,934887 3,563434
-0,087042 0,154321 3,353261 0,619798 1,409480 3,339981 -0,349997 1,435845 2,986349 -0,037180 0,901278 3,394613
-0,084476 0,146886 3,333850 0,633740 1,414190 3,349212 -0,383207 1,469229 3,077809 -0,040965 0,904331 3,407133
