29 12
-0,102510 0,173585 3,370714 0,211577 1,525874 3,275927 -0,439292 1,462450 3,278823 -0,067951 0,935601 3,444972
-0,102636 0,183246 3,387137 0,223190 1,504388 3,261101 -0,446157 1,464931 3,266611 -0,082256 0,933580 3,393230
-0,105257 0,178265 3,386832 0,216048 1,505334 3,252238 -0,448038 1,444700 3,208893 -0,064045 0,932420 3,432228
-0,100716 0,169738 3,377645 0,215027 1,499982 3,250002 -0,444395 1,408743 3,113147 -0,063471 0,932428 3,432101
-0,099806 0,170260 3,391007 0,213381 1,517092 3,263224 -0,425202 1,342496 2,974333 -0,052458 0,925673 3,419801
-0,100920 0,172586 3,376678 0,218279 1,510813 3,264715 -0,405054 1,235571 2,833608 -0,059330 0,910915 3,418996
-0,098690 0,154844 3,377081 0,223002 1,518125 3,273198 -0,378058 1,095614 2,689055 -0,058517 0,909456 3,442971
-0,105059 0,160083 3,381279 0,208931 1,513886 3,268289 -0,349144 0,923989 2,569367 -0,071554 0,929362 3,509651
-0,104244 0,176654 3,392782 0,207318 1,503796 3,256160 -0,319937 0,758833 2,496757 -0,076981 0,951492 3,523870
-0,109495 0,179197 3,399932 0,201601 1,503665 3,247705 -0,285901 0,603599 2,436562 -0,085374 0,977096 3,550894
-0,109489 0,183371 3,401835 0,202441 1,508379 3,267258 -0,254680 0,461277 2,393437 -0,084793 0,984812 3,551218
-0,105721 0,181333 3,388087 0,201972 1,505757 3,254333 -0,245406 0,360390 2,396964 -0,096515 1,027265 3,542595
-0,111193 0,167306 3,406427 0,206783 1,505023 3,265673 -0,222181 0,286505 2,399970 -0,094819 1,006365 3,519605
-0,104305 0,151390 3,384975 0,201797 1,502528 3,254610 -0,205076 0,234898 2,395738 -0,091778 1,009523 3,560510
-0,107752 0,132859 3,375414 0,212381 1,512588 3,276601 -0,204262 0,218556 2,415138 -0,094531 1,002873 3,520399
-0,104062 0,151308 3,396987 0,218288 1,509770 3,278474 -0,201212 0,219649 2,398195 -0,090709 1,010528 3,534969
-0,104512 0,163498 3,399911 0,224148 1,510259 3,270161 -0,204306 0,256370 2,398264 -0,095128 1,017388 3,518859
-0,108279 0,174072 3,401843 0,232908 1,510425 3,269073 -0,214879 0,322943 2,383582 -0,091691 1,012753 3,474541
-0,107495 0,180504 3,405653 0,229342 1,513971 3,272734 -0,234371 0,427287 2,383805 -0,096025 0,974169 3,509706
-0,105016 0,176682 3,420706 0,236984 1,507664 3,265935 -0,262764 0,562558 2,392258 -0,092208 0,973947 3,523451
-0,103711 0,177797 3,404262 0,237855 1,510281 3,262894 -0,292923 0,737503 2,421480 -0,073380 0,970050 3,537886
-0,097935 0,156624 3,402818 0,238167 1,506757 3,253881 -0,318213 0,913009 2,515979 -0,075115 0,942647 3,548596
-0,097312 0,149920 3,402304 0,242790 1,513480 3,262395 -0,347910 1,082587 2,618970 -0,071354 0,950849 3,535998
-0,092184 0,151653 3,385814 0,260455 1,512731 3,278236 -0,370369 1,237269 2,741921 -0,048275 0,924113 3,457977
-0,095574 0,173098 3,400058 0,240733 1,498128 3,234562 -0,391259 1,338632 2,865051 -0,056025 0,932498 3,432433
-0,097030 0,170192 3,387353 0,241884 1,499015 3,243012 -0,407845 1,418147 2,988597 -0,059569 0,919308 3,394113
-0,100378 0,164143 3,382430 0,248942 1,498413 3,244998 -0,420370 1,456465 3,082690 -0,067227 0,922860 3,393853
-0,098700 0,171113 3,382128 0,245995 1,501987 3,242709 -0,430710 1,459255 3,165847 -0,063424 0,922413 3,406597
-0,103808 0,166169 3,370842 0,251936 1,501007 3,245394 -0,422949 1,465657 3,217161 -0,070443 0,916080 3,381043
