28 12
-0,114725 0,179951 3,270124 0,199787 1,473133 3,193988 -0,461019 1,427103 3,221117 -0,075575 0,943673 3,418907
-0,113362 0,190572 3,274110 0,201182 1,457754 3,164458 -0,455832 1,397105 3,161096 -0,070721 0,926948 3,381218
-0,115385 0,184174 3,281949 0,194451 1,423206 3,062927 -0,440919 1,341193 3,079468 -0,067869 0,932813 3,419230
-0,117873 0,173935 3,271228 0,185372 1,375461 2,971081 -0,420401 1,275051 2,992961 -0,067595 0,914527 3,419024
-0,115585 0,177270 3,279886 0,168901 1,306349 2,905425 -0,378681 1,203225 2,928542 -0,067400 0,913470 3,444497
-0,110305 0,173319 3,285120 0,139073 1,237765 2,827347 -0,341086 1,109140 2,854863 -0,075150 0,909711 3,444180
-0,114474 0,181902 3,303970 0,105309 1,158648 2,772899 -0,294774 1,034584 2,800665 -0,064678 0,927723 3,457903
-0,110331 0,163151 3,284854 0,076560 1,088200 2,754832 -0,239966 0,968354 2,768211 -0,075145 0,917086 3,444294
-0,111805 0,157281 3,297981 0,049163 1,029530 2,727835 -0,185869 0,925007 2,766849 -0,077948 0,903997 3,405487
-0,112370 0,163103 3,300264 0,031567 0,987544 2,697875 -0,136579 0,906244 2,757169 -0,082433 0,907040 3,418169
-0,108919 0,163985 3,290466 0,032304 0,939909 2,662887 -0,101391 0,912674 2,766634 -0,078372 0,917559 3,431127
-0,109576 0,174269 3,305406 0,029631 0,938743 2,645127 -0,107279 0,915507 2,759131 -0,075140 0,924464 3,444406
-0,105718 0,176927 3,307678 0,040392 0,955139 2,661108 -0,110220 0,920435 2,760546 -0,075140 0,924464 3,444406
-0,107028 0,160218 3,286485 0,051335 0,964258 2,689836 -0,123463 0,923447 2,788718 -0,070939 0,910292 3,431411
-0,107807 0,173074 3,293010 0,058526 0,981385 2,708745 -0,130884 0,921912 2,789164 -0,071603 0,927705 3,457591
-0,110244 0,160644 3,288922 0,055714 1,003113 2,712167 -0,134457 0,931974 2,772069 -0,067877 0,910823 3,418908
-0,107566 0,154876 3,277384 0,050481 1,004897 2,717422 -0,101757 0,950770 2,795430 -0,067599 0,907202 3,418916
-0,108325 0,152944 3,270876 0,037291 1,012760 2,704025 -0,092602 0,978683 2,835990 -0,070177 0,897949 3,380689
-0,105750 0,161932 3,268242 0,031197 1,035472 2,707339 -0,098817 1,004201 2,845306 -0,066951 0,911959 3,393679
-0,108741 0,169735 3,266531 0,036024 1,082365 2,741896 -0,113622 1,038836 2,830060 -0,067595 0,914527 3,419024
-0,107845 0,153532 3,264967 0,057489 1,125416 2,788931 -0,134415 1,084566 2,859363 -0,062942 0,902935 3,431194
-0,109081 0,171625 3,255682 0,076003 1,186258 2,814666 -0,172050 1,132254 2,860833 -0,085295 0,865102 3,412387
-0,103396 0,162226 3,259848 0,112670 1,242817 2,849621 -0,228513 1,196980 2,900656 -0,083777 0,873682 3,416601
-0,104669 0,169587 3,265791 0,149634 1,319743 2,913305 -0,289273 1,284219 2,952315 -0,063078 0,870384 3,356035
-0,104843 0,181487 3,269685 0,187055 1,380274 2,988279 -0,348668 1,340590 3,011535 -0,062779 0,895579 3,356339
-0,106169 0,185370 3,265834 0,218332 1,425201 3,068846 -0,402895 1,402329 3,081206 -0,060133 0,926532 3,394160
-0,108871 0,185804 3,264693 0,241937 1,457646 3,147520 -0,438012 1,427231 3,148085 -0,063323 0,924339 3,356663
-0,106157 0,179893 3,247994 0,250680 1,485672 3,227811 -0,452635 1,455989 3,211510 -0,071005 0,930538 3,381213
