16 12
-0,097849 0,156381 3,313651 0,746435 1,298332 3,304677 -0,264537 1,291483 2,698417 -0,043493 0,826245 3,319243
-0,098536 0,131419 3,308093 0,732790 1,275260 3,268667 -0,208274 1,200629 2,550656 -0,047480 0,820207 3,355501
-0,100325 0,146948 3,308698 0,667720 1,162874 3,264795 -0,147341 1,030906 2,456414 -0,066084 0,865230 3,441910
-0,112431 0,164231 3,325521 0,754214 1,289030 3,378422 0,011211 0,689776 2,183885 -0,049463 0,884731 3,432038
-0,115466 0,166197 3,326081 0,745332 1,277115 3,461792 0,051500 0,569932 2,170606 -0,039743 0,917611 3,523921
-0,116453 0,191580 3,300240 0,740765 1,260816 3,548470 0,104355 0,374368 2,280404 -0,076588 0,960880 3,363467
-0,121572 0,154379 3,332804 0,754506 1,270980 3,304992 0,124111 0,243000 2,287703 -0,081308 0,943482 3,349458
-0,123781 0,122360 3,314673 0,743195 1,265299 3,509851 0,124161 0,208014 2,317137 -0,085412 0,935429 3,360405
-0,109563 0,159636 3,375014 0,752562 1,275147 3,389627 0,117254 0,177511 2,316563 -0,077295 0,940105 3,363784
-0,111309 0,171503 3,352509 0,744651 1,269616 3,485749 0,103399 0,278668 2,291231 -0,071704 0,966890 3,357538
-0,120014 0,176581 3,310263 0,751881 1,274612 3,469435 0,079166 0,360173 2,267132 -0,079804 0,961760 3,352786
-0,120349 0,167666 3,310385 0,743780 1,265493 3,305208 0,041067 0,588416 2,260176 -0,052782 0,882945 3,393847
-0,116500 0,154334 3,302488 0,636830 1,117370 3,309213 -0,092712 0,928094 2,460076 -0,042040 0,890965 3,537707
-0,109189 0,139921 3,291713 0,739415 1,260253 3,315321 -0,151813 1,097302 2,589494 -0,048360 0,869434 3,508895
-0,104181 0,139424 3,299883 0,760540 1,277029 3,377020 -0,203152 1,323054 2,726183 -0,029140 0,831860 3,344058
-0,096511 0,147453 3,284826 0,741782 1,231212 3,390345 -0,328727 1,466385 3,041359 -0,044475 0,842572 3,344150
