16 12
-0,095979 0,149312 3,289468 0,650213 1,304838 3,182705 -0,269089 1,315807 2,634378 -0,095588 0,877346 3,415248
-0,095028 0,154740 3,284509 0,649170 1,297763 3,181902 -0,184832 1,132510 2,528281 -0,099870 0,888369 3,477603
-0,099293 0,162237 3,300221 0,647639 1,298182 3,184496 0,009896 0,743346 2,205130 -0,075849 0,912299 3,470222
-0,102122 0,167261 3,305443 0,652178 1,304535 3,204615 0,044911 0,595131 2,187145 -0,064118 0,920376 3,457833
-0,098099 0,186719 3,311893 0,652712 1,303223 3,209620 0,114106 0,361593 2,289301 -0,076799 1,004369 3,364120
-0,094260 0,144353 3,314737 0,648238 1,297043 3,267531 0,150649 0,224335 2,286973 -0,081670 0,978939 3,401640
-0,095331 0,130284 3,332569 0,652102 1,300856 3,240666 0,153279 0,191110 2,283136 -0,081939 0,974960 3,400619
-0,088201 0,132350 3,351871 0,653513 1,306921 3,260626 0,157210 0,181228 2,287260 -0,084976 0,972285 3,363025
-0,091453 0,151346 3,346207 0,658543 1,295831 3,226149 0,149333 0,253311 2,277405 -0,082520 0,977954 3,345141
-0,091544 0,166385 3,312343 0,664383 1,313223 3,234395 0,144236 0,324908 2,282841 -0,086261 0,984966 3,331578
-0,093754 0,167723 3,322023 0,668605 1,310390 3,239965 0,084150 0,494795 2,166734 -0,060212 0,917236 3,445005
-0,080625 0,153614 3,293405 0,670618 1,300869 3,210778 -0,024225 0,789297 2,328978 -0,060642 0,921511 3,523781
-0,079355 0,145279 3,287808 0,672142 1,307125 3,218980 -0,095446 0,943446 2,413847 -0,055032 0,885350 3,481162
-0,074900 0,144377 3,292574 0,673027 1,315685 3,217974 -0,165143 1,171238 2,471979 -0,061948 0,875314 3,453818
-0,071031 0,156856 3,288048 0,675965 1,317274 3,205166 -0,359191 1,435071 2,859029 -0,035912 0,858201 3,319571
-0,066159 0,156927 3,282124 0,677160 1,318501 3,208112 -0,392228 1,466731 2,960070 -0,050900 0,867502 3,343691
