20 12
-0,090986 0,163927 3,303072 0,296489 1,478926 3,308177 -0,544900 1,421894 3,244321 -0,067181 0,855224 3,367946
-0,088759 0,159452 3,293562 0,452622 1,270025 2,873338 -0,803885 1,516995 3,641996 -0,070499 0,850915 3,380161
-0,088408 0,158115 3,285246 0,568947 1,138546 2,731509 -0,946892 1,433002 3,693093 -0,062892 0,847369 3,380364
-0,088235 0,155048 3,301864 0,973387 1,029088 3,153046 -1,095794 0,936966 3,129008 -0,055811 0,851047 3,380832
-0,086177 0,139664 3,296683 1,063714 0,572544 2,980214 -1,217380 0,534210 3,137249 -0,041659 0,836637 3,381100
-0,088016 0,145516 3,292295 1,127174 0,443422 3,189271 -1,206014 0,359519 3,056780 -0,056080 0,847413 3,380794
-0,089736 0,148505 3,283757 1,096056 0,267974 3,273996 -1,209531 0,198584 3,260045 -0,055548 0,847431 3,380692
-0,088579 0,134242 3,283652 1,078276 0,413145 3,059599 -1,280578 0,341808 3,296879 -0,066659 0,840879 3,367795
-0,089176 0,149755 3,290237 1,094379 0,553652 3,101492 -1,238102 0,434178 3,116225 -0,056346 0,843758 3,380672
-0,091076 0,158338 3,292327 1,091882 0,736026 3,147365 -1,216818 0,601496 3,113099 -0,063486 0,856784 3,405666
-0,090585 0,168767 3,291886 1,105042 0,569543 3,043258 -1,266182 0,464043 3,166489 -0,055538 0,854659 3,380790
-0,088259 0,139225 3,282833 1,132460 0,482941 3,102814 -1,261213 0,362927 3,131657 -0,052023 0,838924 3,343837
-0,091475 0,132737 3,283630 1,118386 0,387382 3,189517 -1,248328 0,241962 3,192990 -0,062568 0,841672 3,355553
-0,092122 0,146819 3,280358 1,090894 0,634219 3,116543 -1,240673 0,437617 3,104763 -0,055790 0,832490 3,331379
-0,095124 0,144156 3,274001 1,079651 0,846271 3,245795 -1,196534 0,576686 2,995448 -0,063099 0,841654 3,355666
-0,091006 0,146563 3,261735 0,873818 1,151463 3,128819 -1,178890 0,964713 3,245108 -0,059270 0,829690 3,319117
-0,090065 0,160886 3,258277 0,721298 1,554508 3,686039 -0,882227 1,061239 2,883254 -0,052803 0,851682 3,368347
-0,087734 0,169266 3,260013 0,588896 1,619945 3,690949 -0,793398 1,160704 2,935102 -0,055777 0,853882 3,331638
-0,089545 0,168103 3,247489 0,355499 1,473242 3,280992 -0,664599 1,428027 3,343451 -0,055518 0,843224 3,331580
-0,086697 0,169239 3,241861 0,289050 1,489642 3,332102 -0,482370 1,372013 3,137398 -0,056310 0,853736 3,331258
