26 12
-0,128178 0,169173 3,349442 0,618543 1,410466 3,373611 -0,460502 1,420671 3,054620 -0,107485 0,925490 3,403953
-0,129593 0,164016 3,354921 0,617168 1,417917 3,380840 -0,428806 1,380393 2,958261 -0,099515 0,925512 3,403914
-0,127794 0,157517 3,350456 0,625654 1,414078 3,406983 -0,373123 1,294439 2,818252 -0,116008 0,940798 3,479920
-0,131097 0,157377 3,353750 0,611442 1,408578 3,383716 -0,310587 1,198616 2,692869 -0,108836 0,943654 3,506487
-0,136118 0,151571 3,343267 0,614911 1,386695 3,371975 -0,246187 1,087862 2,579440 -0,119647 0,934976 3,516570
-0,141164 0,169236 3,362368 0,616199 1,413698 3,384828 -0,177603 0,957053 2,480040 -0,122482 0,953817 3,547837
-0,144846 0,166070 3,361987 0,616665 1,407997 3,382220 -0,123414 0,804316 2,410859 -0,108127 0,980043 3,577103
-0,146092 0,180653 3,362196 0,607120 1,386740 3,353585 -0,069733 0,654958 2,366322 -0,115132 0,980560 3,549108
-0,149348 0,187178 3,353286 0,613362 1,401900 3,365382 -0,030558 0,519352 2,322355 -0,123384 0,995595 3,548922
-0,151812 0,190742 3,354277 0,617916 1,404711 3,384185 0,003432 0,397816 2,338440 -0,120191 1,009901 3,422694
-0,153989 0,173749 3,356097 0,623825 1,400229 3,375874 0,019703 0,311975 2,324989 -0,142725 1,009790 3,449115
-0,149286 0,163054 3,366216 0,612306 1,400025 3,378728 0,032179 0,249064 2,366016 -0,137187 1,004044 3,440114
-0,147424 0,150723 3,377824 0,611430 1,399834 3,381009 0,044435 0,209804 2,362550 -0,139336 1,002618 3,491052
-0,147928 0,138966 3,390368 0,613157 1,401885 3,386523 0,049399 0,185730 2,398530 -0,142390 0,991557 3,449718
-0,144828 0,151158 3,391716 0,603210 1,398500 3,367330 0,039499 0,184022 2,382924 -0,142707 1,006525 3,477668
-0,142065 0,151134 3,373472 0,601778 1,385348 3,362844 0,047094 0,201875 2,356889 -0,134683 1,003139 3,451278
-0,146427 0,153878 3,367873 0,612617 1,418637 3,401801 0,036934 0,255357 2,354445 -0,132122 1,021252 3,491126
-0,144870 0,181606 3,362702 0,604855 1,419324 3,384806 0,018138 0,351774 2,350644 -0,126088 1,007593 3,399875
-0,140436 0,191136 3,342520 0,604119 1,404702 3,388273 0,002794 0,486836 2,368686 -0,122041 1,037332 3,443506
-0,133693 0,182254 3,360572 0,611171 1,427881 3,406361 -0,040814 0,655366 2,384908 -0,110374 0,977093 3,535284
-0,133213 0,165866 3,355715 0,603009 1,415014 3,388077 -0,103127 0,852248 2,445438 -0,104589 0,975936 3,591164
-0,124125 0,151066 3,354880 0,603761 1,427001 3,393408 -0,184560 1,045974 2,537915 -0,094233 0,941768 3,560247
-0,119293 0,149734 3,346685 0,609506 1,417384 3,382792 -0,270342 1,213307 2,665539 -0,102180 0,939219 3,534347
-0,118257 0,149337 3,356112 0,616562 1,393160 3,371489 -0,349239 1,341870 2,794109 -0,099243 0,950354 3,549182
-0,110226 0,152442 3,362324 0,629437 1,413032 3,381949 -0,408339 1,439383 2,950453 -0,072879 0,915245 3,391959
-0,116899 0,152802 3,361538 0,642254 1,391716 3,393633 -0,443599 1,478354 3,075221 -0,109428 0,951372 3,507601
