30 12
0,006815 -0,000872 3,362156 0,259076 1,359313 3,251666 -0,340598 1,287826 3,307367 0,010827 0,746033 3,431324
0,011314 0,001804 3,365136 0,262426 1,343730 3,236232 -0,329539 1,304379 3,329536 0,014398 0,752264 3,444356
0,012135 -0,002796 3,358758 0,262078 1,345442 3,250280 -0,338270 1,288282 3,312377 0,010739 0,754855 3,457264
0,017509 0,001852 3,364616 0,260638 1,349727 3,249300 -0,346517 1,280157 3,309918 0,018034 0,749689 3,431530
0,016887 0,003674 3,359263 0,260301 1,339659 3,241526 -0,355077 1,267037 3,290617 0,014080 0,742083 3,393502
0,017931 0,001695 3,379451 0,259804 1,344548 3,253688 -0,380675 1,208804 3,223022 0,003170 0,749693 3,431411
0,018523 -0,003488 3,371113 0,259995 1,357440 3,258418 -0,410303 1,121175 3,151555 0,003081 0,744603 3,405984
0,018359 -0,000422 3,383569 0,263017 1,344788 3,252271 -0,440011 1,010700 3,062985 -0,004303 0,744596 3,405879
0,021185 0,000180 3,387865 0,257110 1,349784 3,246248 -0,467540 0,911747 3,002214 -0,007555 0,734810 3,392804
0,019982 -0,000765 3,383064 0,253885 1,351606 3,255762 -0,495153 0,830867 2,967484 0,003136 0,735127 3,431204
0,017985 -0,001552 3,379989 0,255315 1,340372 3,228405 -0,528146 0,758715 2,949979 0,017873 0,728785 3,380789
0,019979 -0,001103 3,395695 0,256743 1,341504 3,235890 -0,571234 0,708538 2,928887 0,014283 0,731253 3,393259
0,021757 -0,002084 3,383438 0,252896 1,346387 3,234654 -0,649005 0,679950 2,893906 0,006476 0,738478 3,393420
0,017336 0,004415 3,399718 0,256184 1,344008 3,244780 -0,747444 0,674374 2,902407 0,006923 0,731255 3,393190
0,016370 0,000105 3,387558 0,253013 1,345265 3,245829 -0,793472 0,657982 2,866403 0,009982 0,737347 3,405923
0,014220 0,000638 3,406173 0,250020 1,346513 3,241907 -0,774052 0,627654 2,861245 -0,015664 0,748579 3,443933
0,008560 0,002528 3,397547 0,255642 1,365239 3,260706 -0,761192 0,608407 2,870093 -0,000886 0,738474 3,393338
0,008961 0,001565 3,391441 0,251993 1,344273 3,242087 -0,803904 0,596159 2,903761 -0,000886 0,738474 3,393338
0,007338 0,002831 3,406758 0,258306 1,343586 3,244806 -0,900916 0,568422 2,868415 -0,004303 0,744596 3,405879
0,010480 -0,001810 3,392259 0,265624 1,345526 3,246689 -0,989844 0,552813 2,882946 -0,000611 0,732621 3,418404
0,007080 -0,001719 3,387073 0,259830 1,355914 3,261681 -0,998589 0,534866 2,897033 -0,004546 0,740976 3,405868
0,008425 -0,002608 3,397205 0,265464 1,363776 3,275160 -0,971030 0,535111 2,914208 -0,011715 0,725197 3,380480
0,009019 -0,000793 3,384392 0,274725 1,344128 3,259294 -0,926819 0,554341 2,902256 -0,011939 0,728784 3,380570
0,008681 0,000327 3,381464 0,268896 1,349815 3,271154 -0,866365 0,622642 2,920816 -0,011943 0,733731 3,405643
0,008337 0,001104 3,395652 0,263869 1,339395 3,243142 -0,807882 0,719273 2,938665 -0,011718 0,730118 3,405549
0,014409 -0,000657 3,382004 0,263377 1,352998 3,264442 -0,732837 0,851881 2,970611 -0,019136 0,742370 3,430901
0,015030 0,004962 3,395494 0,261577 1,363401 3,267182 -0,628583 0,977265 2,981495 0,002927 0,746049 3,431390
0,013288 0,007119 3,374633 0,263977 1,335297 3,246657 -0,539836 1,109099 3,053275 -0,004219 0,754848 3,457084
0,011657 0,004458 3,377645 0,258609 1,345184 3,262150 -0,441751 1,209165 3,154963 0,010223 0,740985 3,406033
0,009949 0,004217 3,362928 0,257268 1,342653 3,254171 -0,337627 1,278018 3,261645 0,010223 0,740985 3,406033
