20 12
-0,158660 0,061823 3,456898 0,096170 1,355335 3,337028 -0,515436 1,349146 3,298506 -0,139286 0,742613 3,450097
-0,156858 0,063905 3,466830 0,100584 1,328216 3,319368 -0,544362 1,241389 3,181837 -0,139286 0,742613 3,450097
-0,153859 0,067300 3,497252 0,101059 1,344347 3,334137 -0,651190 0,746482 2,686157 -0,129247 0,750527 3,490265
-0,159914 0,084410 3,509352 0,105269 1,353347 3,337460 -0,642928 0,117528 2,568517 -0,142890 0,774857 3,556679
-0,162687 0,090086 3,494923 0,107833 1,348741 3,328500 -0,654028 -0,121610 2,513769 -0,149857 0,772938 3,528720
-0,164793 0,086072 3,453746 0,094637 1,352316 3,339312 -0,627997 -0,543557 2,914970 -0,141187 0,764046 3,502690
-0,156872 0,102859 3,459642 0,095087 1,344740 3,329690 -0,523363 -0,632390 2,915733 -0,140956 0,767830 3,502843
-0,156053 0,094173 3,453170 0,088319 1,350424 3,323761 -0,484945 -0,665894 3,028302 -0,136209 0,756194 3,463496
-0,154297 0,093251 3,441900 0,088827 1,356529 3,320065 -0,443725 -0,683336 3,168036 -0,132862 0,758872 3,476886
-0,145201 0,098742 3,427387 0,083617 1,362664 3,317766 -0,439798 -0,684574 3,158220 -0,114686 0,765400 3,491359
-0,145089 0,096236 3,438992 0,082332 1,341611 3,296488 -0,444089 -0,680984 3,139334 -0,125865 0,760631 3,503963
-0,136701 0,100558 3,453633 0,088773 1,352451 3,322659 -0,460454 -0,680942 3,107951 -0,125865 0,760631 3,503963
-0,148768 0,108793 3,429618 0,101650 1,355031 3,329423 -0,470112 -0,620688 3,077001 -0,126341 0,767910 3,503798
-0,143444 0,105388 3,448742 0,095570 1,354984 3,317271 -0,467582 -0,560086 3,031627 -0,110604 0,762798 3,478437
-0,137326 0,108830 3,461103 0,095528 1,364508 3,334566 -0,511802 -0,257215 2,793346 -0,122940 0,778119 3,517585
-0,122978 0,090908 3,434022 0,100603 1,352822 3,314848 -0,521543 0,268410 2,601449 -0,113981 0,769305 3,491763
-0,111392 0,078899 3,458940 0,110294 1,331447 3,302413 -0,541387 0,519870 2,549095 -0,109176 0,748249 3,478083
-0,114894 0,073830 3,452123 0,102161 1,348403 3,321519 -0,526339 1,096620 2,981568 -0,116241 0,739360 3,451628
-0,123748 0,070691 3,473085 0,108842 1,361615 3,332503 -0,458408 1,239416 3,033432 -0,129255 0,757931 3,490395
-0,129974 0,076013 3,474983 0,107245 1,345577 3,318155 -0,431229 1,323936 3,208781 -0,120554 0,752879 3,464665
