25 12
-0,142767 0,073366 3,401486 0,118305 1,344843 3,307063 -0,447248 1,368047 3,326617 -0,160664 0,751704 3,422590
-0,143981 0,075421 3,393218 0,121308 1,340755 3,311239 -0,452691 1,366645 3,336362 -0,154410 0,753280 3,448865
-0,145658 0,079743 3,412786 0,115218 1,363003 3,311873 -0,490879 1,234454 3,164272 -0,157433 0,754348 3,435750
-0,148972 0,072877 3,400275 0,118119 1,342604 3,297195 -0,516587 1,016294 3,084312 -0,158595 0,755811 3,461491
-0,152923 0,074294 3,413188 0,118076 1,354894 3,319295 -0,532810 0,876514 3,000315 -0,169271 0,753002 3,447417
-0,153764 0,076680 3,411150 0,117550 1,371367 3,344495 -0,563701 0,605436 2,867253 -0,182191 0,746016 3,394821
-0,158600 0,088258 3,435616 0,115443 1,352313 3,315699 -0,553061 0,442850 2,825079 -0,151634 0,764542 3,434311
-0,160342 0,083452 3,444603 0,116875 1,367746 3,338203 -0,551703 0,393100 2,790431 -0,143182 0,763281 3,410074
-0,164432 0,077273 3,439199 0,120210 1,343446 3,329729 -0,582327 0,308608 2,593065 -0,157669 0,785232 3,499409
-0,167439 0,072080 3,451169 0,118481 1,359682 3,349004 -0,580939 0,302812 2,516371 -0,168022 0,805869 3,580873
-0,166004 0,073723 3,436490 0,112267 1,364054 3,342975 -0,577172 0,289360 2,471250 -0,154891 0,809029 3,541510
-0,153479 0,073609 3,455895 0,117989 1,367827 3,351079 -0,539824 0,283852 2,621211 -0,149276 0,787317 3,473791
-0,148989 0,074592 3,441068 0,118390 1,344632 3,340728 -0,515506 0,293151 2,683771 -0,149508 0,790794 3,473158
-0,144803 0,072368 3,429039 0,125857 1,338292 3,333966 -0,504990 0,303861 2,726429 -0,149276 0,787317 3,473791
-0,154080 0,071467 3,444190 0,123570 1,339561 3,336780 -0,520025 0,271701 2,632163 -0,142223 0,786993 3,472888
-0,165126 0,083369 3,448138 0,121174 1,356884 3,348108 -0,539781 0,268316 2,530285 -0,162922 0,800978 3,539506
-0,165807 0,076893 3,435687 0,117080 1,356177 3,355062 -0,555581 0,260750 2,451130 -0,163915 0,806665 3,566844
-0,161449 0,073383 3,423595 0,123444 1,350708 3,352743 -0,548901 0,258758 2,479988 -0,161800 0,819017 3,608253
-0,159962 0,076160 3,437785 0,119315 1,337086 3,341666 -0,534929 0,360660 2,497160 -0,150352 0,787672 3,528383
-0,154300 0,079584 3,444622 0,120728 1,339879 3,341606 -0,526251 0,450301 2,525284 -0,144750 0,757538 3,488863
-0,151426 0,073042 3,426559 0,122222 1,338089 3,339592 -0,499356 0,757213 2,681958 -0,147111 0,740336 3,475249
-0,147358 0,074182 3,440534 0,127668 1,350960 3,353497 -0,528307 1,051552 2,826361 -0,164998 0,765179 3,527153
-0,143546 0,076220 3,441650 0,125842 1,341258 3,341490 -0,519363 1,163568 2,949822 -0,150907 0,759688 3,462325
-0,158617 0,080450 3,419353 0,118239 1,362711 3,357573 -0,466725 1,317340 3,239241 -0,169285 0,760325 3,447540
-0,169012 0,087237 3,411235 0,129464 1,352462 3,354717 -0,438524 1,353392 3,325401 -0,166814 0,764691 3,487103
