18 12
-0,075797 -0,010599 3,433279 0,211196 1,373510 3,333288 -0,384851 1,309499 3,213969 -0,052456 0,741088 3,442390
-0,080456 -0,005574 3,424114 0,211608 1,380179 3,334514 -0,439721 1,117337 2,881413 -0,064268 0,736240 3,454964
-0,088637 -0,010293 3,455626 0,217684 1,379817 3,354052 -0,427318 0,960013 2,744152 -0,067723 0,731391 3,467370
-0,092248 -0,014287 3,466727 0,202061 1,385933 3,349613 -0,411131 0,865489 2,616138 -0,067266 0,723957 3,466596
-0,098726 -0,017284 3,447633 0,200140 1,375154 3,341292 -0,335283 0,747727 2,540934 -0,080283 0,745587 3,559923
-0,103989 -0,009664 3,469836 0,194435 1,383203 3,356245 -0,154133 0,632960 2,376710 -0,086769 0,789605 3,630574
-0,103959 -0,006763 3,471599 0,196589 1,368281 3,351695 -0,111472 0,599539 2,363985 -0,090161 0,790626 3,616422
-0,108600 -0,005387 3,468751 0,199624 1,371675 3,360828 0,034605 0,579231 2,495838 -0,086769 0,789605 3,630574
-0,111321 -0,007710 3,478690 0,194708 1,348350 3,332609 0,183208 0,524223 2,404098 -0,086294 0,797408 3,630953
-0,109627 -0,004762 3,470253 0,192960 1,361620 3,369897 0,240750 0,482661 2,357812 -0,085790 0,791699 3,602718
-0,113717 -0,006924 3,456100 0,190427 1,362533 3,356002 0,472135 0,482417 2,710482 -0,107851 0,793404 3,573324
-0,118800 -0,008740 3,448175 0,192896 1,369010 3,366067 0,482065 0,525857 2,837363 -0,099831 0,784139 3,546523
-0,113445 -0,013793 3,437140 0,196406 1,361941 3,366904 0,462592 0,596218 2,905651 -0,107851 0,785828 3,573179
-0,099540 -0,021011 3,460554 0,203183 1,373842 3,396311 0,307450 0,771204 2,761024 -0,091599 0,772797 3,643106
-0,093503 -0,022128 3,441441 0,227448 1,324387 3,311848 0,019211 1,230650 3,276744 -0,058600 0,656162 3,478159
-0,085758 -0,023042 3,448520 0,210279 1,359141 3,364565 -0,161051 1,372221 3,347682 -0,062251 0,719121 3,520058
-0,083283 -0,010100 3,436594 0,211937 1,367632 3,371136 -0,345932 1,370394 3,145102 -0,071115 0,734794 3,428797
-0,089835 -0,008154 3,432808 0,203660 1,364926 3,360684 -0,389826 1,398012 3,351219 -0,079661 0,743372 3,454276
