25 12
-0,164559 0,090718 3,373857 0,110288 1,364561 3,330357 -0,448267 1,323931 3,253160 -0,150251 0,750764 3,436316
-0,164978 0,086286 3,366850 0,106361 1,355014 3,317198 -0,445940 1,278963 3,136588 -0,153937 0,753394 3,448913
-0,166379 0,089437 3,377638 0,105499 1,353961 3,312491 -0,445469 1,178458 3,010179 -0,156944 0,747125 3,435498
-0,174299 0,091138 3,386439 0,110728 1,357255 3,316124 -0,449484 1,066510 2,882627 -0,152949 0,738746 3,447719
-0,166673 0,084187 3,377329 0,106528 1,365841 3,318316 -0,464840 0,964208 2,789798 -0,160619 0,727678 3,447164
-0,167192 0,086245 3,395856 0,093822 1,365688 3,319979 -0,474469 0,880397 2,709407 -0,153436 0,731474 3,448253
-0,171234 0,078817 3,383780 0,096036 1,363540 3,317863 -0,480768 0,856353 2,631650 -0,152948 0,731433 3,447602
-0,172958 0,079401 3,404696 0,095236 1,359843 3,308365 -0,469108 0,879447 2,592207 -0,140901 0,714433 3,434615
-0,176856 0,084748 3,424331 0,098325 1,355879 3,318264 -0,464668 0,858325 2,562301 -0,137840 0,727969 3,448526
-0,174980 0,079712 3,413463 0,100623 1,339601 3,295634 -0,453122 0,794561 2,544646 -0,142466 0,737839 3,462068
-0,173114 0,076805 3,410026 0,108065 1,343326 3,305681 -0,448413 0,770700 2,522898 -0,138569 0,731717 3,449646
-0,172220 0,073874 3,423329 0,117349 1,345818 3,310144 -0,447275 0,809707 2,502013 -0,137594 0,724245 3,447940
-0,172132 0,078947 3,399143 0,115306 1,345097 3,321233 -0,437088 0,863249 2,501140 -0,128918 0,711976 3,421589
-0,168169 0,072605 3,402567 0,122634 1,343389 3,335771 -0,440143 0,849930 2,504372 -0,130433 0,721804 3,473174
-0,162711 0,070932 3,381851 0,120722 1,353533 3,339723 -0,428721 0,817855 2,509813 -0,143066 0,731842 3,487724
-0,167539 0,071530 3,404043 0,131758 1,337588 3,334413 -0,433872 0,845328 2,513566 -0,141228 0,719156 3,459080
-0,165719 0,079739 3,406251 0,133682 1,354338 3,358725 -0,427594 0,882926 2,491121 -0,134308 0,727809 3,485189
-0,170387 0,075391 3,395501 0,127449 1,329933 3,321998 -0,429115 0,892470 2,515917 -0,130688 0,718235 3,473826
-0,165832 0,073980 3,391940 0,127493 1,354429 3,346310 -0,432663 0,892496 2,532363 -0,133777 0,719268 3,459796
-0,164647 0,072315 3,376286 0,131661 1,354496 3,326031 -0,428127 0,934007 2,564312 -0,126803 0,718433 3,437300
-0,156433 0,075675 3,389810 0,134835 1,350480 3,320997 -0,427168 1,019580 2,630045 -0,124162 0,739223 3,451275
-0,148673 0,080213 3,380657 0,145593 1,329816 3,321375 -0,425980 1,118369 2,734275 -0,139867 0,744115 3,476087
-0,146913 0,074596 3,393277 0,139865 1,347762 3,335721 -0,433352 1,213398 2,867313 -0,139294 0,749937 3,450217
-0,141325 0,072238 3,386994 0,134829 1,327632 3,310997 -0,442378 1,279685 3,009234 -0,132632 0,762630 3,477043
-0,138481 0,088979 3,374696 0,131597 1,347256 3,328103 -0,437767 1,324357 3,125346 -0,139312 0,764594 3,450459
