24 12
-0,204290 0,074631 3,379968 0,095294 1,361224 3,308398 -0,550851 1,385682 3,312260 -0,219880 0,768506 3,416163
-0,197155 0,083363 3,389793 0,098629 1,350991 3,308031 -0,567433 1,355603 3,266311 -0,222313 0,782896 3,467820
-0,199834 0,088286 3,371905 0,097208 1,379510 3,339936 -0,573221 1,265194 3,185282 -0,228102 0,773707 3,440691
-0,204306 0,079190 3,400884 0,104091 1,365957 3,330600 -0,581566 1,125955 3,105132 -0,224558 0,769164 3,453539
-0,211171 0,087683 3,400372 0,099755 1,369558 3,318781 -0,599611 0,950098 3,079385 -0,221182 0,766468 3,441656
-0,213260 0,081569 3,384238 0,099889 1,350020 3,299186 -0,607640 0,757675 3,008681 -0,225347 0,780098 3,454293
-0,207332 0,104025 3,385621 0,100329 1,352570 3,301627 -0,613091 0,578209 3,009849 -0,203277 0,772674 3,367712
-0,212623 0,095177 3,394898 0,102504 1,346893 3,302271 -0,611926 0,444343 3,045494 -0,203521 0,776137 3,367513
-0,208997 0,091114 3,376249 0,098303 1,368981 3,320504 -0,599209 0,358314 3,099612 -0,206551 0,773441 3,354735
-0,209510 0,100830 3,385322 0,106229 1,372257 3,313599 -0,589715 0,320929 3,150558 -0,206178 0,790231 3,417483
-0,204866 0,097101 3,369778 0,105819 1,362487 3,304853 -0,578692 0,314582 3,190523 -0,198571 0,786919 3,418622
-0,203185 0,110341 3,374861 0,098311 1,356654 3,302825 -0,575778 0,316278 3,202330 -0,212058 0,788448 3,391718
-0,209973 0,090605 3,367017 0,099956 1,351995 3,307901 -0,579105 0,326184 3,193510 -0,199758 0,792332 3,444282
-0,201551 0,099525 3,358335 0,101172 1,351601 3,305518 -0,582134 0,344278 3,171434 -0,206178 0,790231 3,417483
-0,203760 0,096467 3,354084 0,099416 1,360522 3,319352 -0,589180 0,383129 3,139371 -0,203100 0,793030 3,430690
-0,198138 0,089107 3,365436 0,101544 1,358115 3,303498 -0,603307 0,459299 3,081776 -0,203736 0,772401 3,367118
-0,199721 0,089474 3,373489 0,099000 1,363119 3,310685 -0,624112 0,599399 3,019631 -0,223359 0,765601 3,402770
-0,197671 0,079495 3,364315 0,097158 1,353606 3,301809 -0,642959 0,784546 2,999362 -0,205173 0,768873 3,418005
-0,201473 0,086721 3,376814 0,098988 1,381809 3,327055 -0,641688 0,964327 2,954393 -0,201590 0,764414 3,431047
-0,191590 0,085398 3,363677 0,096612 1,375451 3,319314 -0,628127 1,138141 3,042566 -0,213315 0,774091 3,442646
-0,193793 0,083624 3,373811 0,094410 1,365438 3,321720 -0,603026 1,249491 3,103873 -0,205644 0,768677 3,417727
-0,191928 0,086298 3,375256 0,093959 1,344932 3,282666 -0,580644 1,326387 3,195860 -0,219646 0,772208 3,416217
-0,195502 0,093790 3,381153 0,096230 1,370276 3,315113 -0,538153 1,350317 3,253971 -0,228619 0,780911 3,440935
-0,194417 0,079293 3,364892 0,102039 1,354256 3,294271 -0,528437 1,370021 3,333493 -0,205421 0,772422 3,417970
