22 12
-0,077143 -0,006192 3,446901 0,227208 1,344836 3,357170 -0,380353 1,334152 3,240899 -0,086415 0,720079 3,427894
-0,083695 -0,013607 3,465278 0,224300 1,350735 3,372458 -0,379680 1,307096 3,191448 -0,083163 0,726186 3,440928
-0,088276 -0,009179 3,451329 0,221344 1,330908 3,339386 -0,369652 1,239491 3,086573 -0,082707 0,718961 3,440840
-0,092383 -0,013252 3,446702 0,215089 1,352320 3,351529 -0,421104 0,989508 2,791654 -0,082253 0,711665 3,440406
-0,099412 -0,019190 3,482768 0,208908 1,349795 3,350778 -0,416271 0,803978 2,696318 -0,086417 0,705545 3,427674
-0,099854 -0,016609 3,470414 0,211415 1,339385 3,337646 -0,414540 0,765067 2,591716 -0,078298 0,706749 3,452741
-0,099886 -0,020767 3,492569 0,209919 1,341785 3,352589 -0,434861 0,754670 2,501833 -0,066933 0,704422 3,440487
-0,094123 -0,013756 3,483428 0,209489 1,348538 3,360507 -0,437892 0,640651 2,543890 -0,064732 0,728845 3,454787
-0,097055 -0,019686 3,495543 0,208526 1,342320 3,353313 -0,429447 0,658575 2,511060 -0,099020 0,730173 3,518478
-0,091267 -0,012696 3,474740 0,205373 1,362546 3,366160 -0,440809 0,759076 2,475890 -0,055857 0,705777 3,428650
-0,089422 -0,011888 3,485368 0,207978 1,346268 3,364413 -0,445463 0,650191 2,528390 -0,072587 0,733832 3,480526
-0,092963 -0,014380 3,489837 0,215652 1,331949 3,342018 -0,433321 0,653867 2,527585 -0,067826 0,726387 3,441754
-0,098981 -0,013706 3,473001 0,212824 1,337130 3,347180 -0,440420 0,793421 2,493807 -0,058953 0,703238 3,414963
-0,097025 -0,014036 3,471700 0,212773 1,333607 3,340000 -0,445318 0,703826 2,525146 -0,057107 0,726642 3,481177
-0,102848 -0,013775 3,484915 0,216385 1,333761 3,350384 -0,448282 0,685718 2,558707 -0,064280 0,721591 3,454736
-0,107162 -0,014495 3,475277 0,218813 1,334795 3,345760 -0,440487 0,797764 2,513806 -0,063382 0,706868 3,453580
-0,107155 -0,013804 3,474296 0,215097 1,342873 3,347950 -0,476012 0,823900 2,579738 -0,067381 0,711791 3,441238
-0,098576 -0,014038 3,479103 0,208909 1,342458 3,335668 -0,487464 0,840066 2,605114 -0,063605 0,710575 3,454001
-0,092277 -0,008361 3,486100 0,227499 1,336393 3,355381 -0,459485 1,030157 2,785068 -0,071135 0,712978 3,428472
-0,084145 -0,009839 3,488656 0,221860 1,348287 3,354003 -0,474228 1,212827 2,934405 -0,086643 0,723669 3,427897
-0,077591 -0,009362 3,457826 0,213231 1,357334 3,354150 -0,440425 1,272917 3,027723 -0,086643 0,723669 3,427897
-0,082709 -0,007167 3,474336 0,220475 1,344518 3,360637 -0,372285 1,373403 3,304985 -0,079229 0,723741 3,428310
