22 12
-0,043918 0,067829 3,301091 0,224789 1,348155 3,220272 -0,328011 1,332602 3,183656 -0,055904 0,764515 3,379676
-0,043226 0,066661 3,312025 0,228833 1,360852 3,229493 -0,365828 1,283290 3,080275 -0,052625 0,772362 3,417595
-0,039342 0,050324 3,300296 0,228559 1,331332 3,210749 -0,503593 1,123757 3,217475 -0,045228 0,765141 3,417780
-0,043278 0,065776 3,290946 0,218750 1,346156 3,192334 -0,599552 0,956622 3,171418 -0,045245 0,770765 3,392662
-0,047133 0,060540 3,306324 0,235568 1,348891 3,219407 -0,777457 0,535454 2,854527 -0,034520 0,769780 3,405466
-0,045071 0,071065 3,311502 0,229743 1,344228 3,215788 -0,608819 0,329518 2,644241 -0,041820 0,768419 3,330719
-0,048602 0,072611 3,286216 0,226395 1,330351 3,196268 -0,515147 0,287798 2,643385 -0,035439 0,776825 3,354136
-0,042841 0,073707 3,303599 0,228127 1,339603 3,201735 -0,440060 0,274123 2,884853 -0,035442 0,783976 3,354226
-0,038792 0,054221 3,308955 0,226992 1,337068 3,204925 -0,668462 0,296936 3,083374 -0,034474 0,762970 3,355480
-0,038119 0,060926 3,317651 0,227641 1,340585 3,210184 -0,609000 0,266727 2,809483 -0,019638 0,766663 3,356062
-0,046546 0,067513 3,295774 0,232099 1,336849 3,189754 -0,443166 0,272524 3,115291 -0,031609 0,776010 3,367009
-0,038846 0,058386 3,285741 0,225731 1,346342 3,218931 -0,484741 0,272893 3,225212 -0,027660 0,769970 3,355141
-0,034587 0,060437 3,302565 0,226750 1,339329 3,206784 -0,566946 0,283175 3,233222 -0,027079 0,765020 3,331324
-0,031226 0,066522 3,312712 0,230034 1,324937 3,193037 -0,580153 0,296714 3,083943 -0,030763 0,767561 3,343409
-0,035218 0,066301 3,312081 0,232143 1,322138 3,206817 -0,314330 0,298359 2,782565 -0,027755 0,782367 3,379987
-0,031719 0,072498 3,288859 0,231071 1,355776 3,218351 -0,331627 0,343563 3,072858 -0,017472 0,797292 3,366420
-0,033543 0,075520 3,303898 0,228856 1,349673 3,210749 -0,519578 0,309083 2,731375 -0,020607 0,780602 3,354981
-0,031265 0,064276 3,298257 0,234317 1,336479 3,205198 -0,561724 0,526113 2,634681 -0,034274 0,773445 3,405617
-0,027798 0,052666 3,289567 0,236011 1,329516 3,206414 -0,532946 0,652372 2,567413 -0,034056 0,755360 3,405382
-0,023393 0,056335 3,307046 0,229062 1,338023 3,194880 -0,421023 1,235758 3,076747 -0,037408 0,763612 3,392754
-0,027174 0,061788 3,299825 0,234024 1,356101 3,213450 -0,328403 1,340435 3,185923 -0,030527 0,777791 3,443991
-0,027496 0,062678 3,289509 0,228474 1,352223 3,215891 -0,320245 1,353805 3,214307 -0,030290 0,774132 3,443870
