21 12
-0,038284 0,070773 3,283522 0,232511 1,312101 3,210559 -0,372809 1,282237 3,271019 -0,018944 0,748865 3,355936
-0,038052 0,063097 3,291922 0,225285 1,320478 3,215495 -0,397554 1,206073 3,232286 -0,022341 0,735666 3,343332
-0,042321 0,075712 3,299697 0,233837 1,324568 3,220982 -0,444122 0,944703 3,016391 -0,022556 0,746353 3,343593
-0,045630 0,078361 3,296037 0,235494 1,311932 3,200476 -0,456480 0,712635 3,008733 -0,022871 0,747786 3,368187
-0,050028 0,073290 3,298978 0,230484 1,338188 3,213769 -0,453762 0,621790 2,981297 -0,026622 0,743830 3,331359
-0,044254 0,071673 3,318913 0,226480 1,300674 3,180292 -0,453357 0,483434 2,937764 -0,015969 0,744893 3,319448
-0,041223 0,096444 3,340078 0,218975 1,313973 3,194270 -0,407261 0,426601 2,842711 -0,030884 0,773003 3,319008
-0,048271 0,075502 3,327981 0,225356 1,312579 3,200351 -0,393930 0,417863 2,786740 -0,013075 0,775215 3,380151
-0,053415 0,086111 3,336900 0,222299 1,313804 3,202994 -0,420656 0,384881 2,546280 -0,017220 0,786686 3,366890
-0,063348 0,078985 3,354802 0,225146 1,314137 3,212979 -0,402693 0,376145 2,422633 -0,028411 0,800253 3,481932
-0,063990 0,078253 3,354774 0,234963 1,308531 3,211213 -0,406788 0,367251 2,384014 -0,036662 0,795998 3,479765
-0,056842 0,070586 3,357603 0,240169 1,315364 3,216379 -0,397999 0,352469 2,387150 -0,028411 0,800253 3,481932
-0,057141 0,077789 3,338176 0,248585 1,290954 3,204866 -0,390787 0,364343 2,393508 -0,035850 0,802215 3,508683
-0,056884 0,069688 3,335301 0,241259 1,310719 3,222090 -0,390297 0,377915 2,402579 -0,042494 0,785765 3,482620
-0,054463 0,066125 3,336971 0,239763 1,295218 3,202914 -0,375002 0,439865 2,464321 -0,035693 0,789246 3,482053
-0,049580 0,064804 3,335413 0,234360 1,314994 3,220300 -0,376084 0,576789 2,503803 -0,004372 0,741757 3,356140
-0,047173 0,058389 3,326953 0,237540 1,303020 3,202463 -0,365038 0,685477 2,544116 -0,007310 0,740557 3,367755
-0,045040 0,072169 3,343234 0,242157 1,321535 3,217369 -0,321581 0,999986 2,733784 -0,011214 0,739509 3,380327
-0,036018 0,071499 3,316684 0,243956 1,305040 3,213674 -0,341716 1,240593 2,958968 -0,011886 0,757531 3,380940
-0,041422 0,076746 3,310226 0,240189 1,328211 3,232622 -0,295095 1,350925 3,213569 -0,022613 0,758538 3,368269
-0,049603 0,069874 3,285125 0,234821 1,322048 3,212511 -0,296013 1,359560 3,238170 -0,037329 0,749846 3,343270
