22 12
-0,188333 0,087531 3,374691 0,093209 1,364586 3,318276 -0,542939 1,365815 3,332974 -0,210944 0,765629 3,455855
-0,191035 0,089408 3,379762 0,092607 1,387795 3,331752 -0,571364 1,341059 3,307232 -0,203059 0,773313 3,457004
-0,192012 0,087189 3,387610 0,096618 1,356390 3,314822 -0,601804 1,268512 3,241419 -0,198728 0,763420 3,444367
-0,189065 0,090404 3,383414 0,092173 1,363397 3,320720 -0,627160 1,114261 3,132334 -0,211001 0,752723 3,391648
-0,189185 0,088157 3,387078 0,096283 1,374625 3,315035 -0,651705 0,880446 3,031331 -0,225285 0,758073 3,453905
-0,189670 0,092825 3,381645 0,096050 1,367131 3,319572 -0,651746 0,652554 2,978245 -0,214279 0,773778 3,442465
-0,191123 0,093980 3,392342 0,094686 1,364279 3,311244 -0,653527 0,449981 2,970507 -0,209154 0,765697 3,403993
-0,188747 0,097580 3,387984 0,098055 1,358175 3,320900 -0,647574 0,314835 3,047057 -0,217783 0,765134 3,365834
-0,186969 0,099462 3,386920 0,105916 1,357081 3,313668 -0,638568 0,248929 3,135420 -0,213053 0,762852 3,354187
-0,186518 0,097794 3,405979 0,094496 1,357833 3,301151 -0,616220 0,225541 3,192211 -0,203473 0,761784 3,367288
-0,183920 0,096889 3,392167 0,109661 1,362603 3,315437 -0,612549 0,226805 3,225050 -0,196891 0,767357 3,393532
-0,182556 0,095436 3,382137 0,104260 1,355295 3,318916 -0,617448 0,229016 3,228946 -0,199960 0,764678 3,380586
-0,176599 0,101248 3,383970 0,106807 1,353439 3,316547 -0,623416 0,238035 3,206976 -0,211764 0,770508 3,391675
-0,183456 0,102687 3,394385 0,099892 1,353613 3,317800 -0,635276 0,270106 3,175787 -0,198319 0,750558 3,330523
-0,182145 0,097938 3,383098 0,093249 1,362934 3,304012 -0,646279 0,328378 3,107450 -0,194847 0,760546 3,343814
-0,180617 0,091902 3,412171 0,099404 1,358708 3,312289 -0,661511 0,460692 3,022946 -0,202990 0,754844 3,367611
-0,178427 0,091288 3,409628 0,104009 1,359140 3,316653 -0,673824 0,656632 2,983109 -0,202075 0,764299 3,431105
-0,175690 0,092406 3,377110 0,100790 1,361108 3,316670 -0,662280 0,869914 2,950097 -0,198235 0,763495 3,444142
-0,177133 0,092777 3,408444 0,098786 1,352974 3,304314 -0,644568 1,067318 2,981479 -0,198977 0,767013 3,444411
-0,168046 0,086464 3,413516 0,095540 1,362424 3,314020 -0,609446 1,213484 3,076449 -0,198745 0,770742 3,444492
-0,171132 0,088880 3,396293 0,098923 1,370246 3,325418 -0,567810 1,302788 3,177071 -0,198506 0,774450 3,444483
-0,183214 0,087873 3,398809 0,100368 1,350119 3,306985 -0,523865 1,346669 3,292829 -0,195877 0,777094 3,457932
