22 12
-0,054739 -0,025401 3,471650 0,306776 1,353263 3,394515 -0,419881 1,411018 3,386557 -0,050067 0,735447 3,508020
-0,048256 -0,027585 3,490923 0,308370 1,349269 3,410997 -0,447367 1,378692 3,300445 -0,034474 0,735555 3,508493
-0,046864 -0,034062 3,484341 0,308282 1,354022 3,403576 -0,512778 1,357081 3,313107 -0,026837 0,716871 3,430399
-0,051381 -0,026327 3,508834 0,301190 1,374198 3,404156 -0,551926 1,218426 3,159957 -0,038170 0,732981 3,495082
-0,052608 -0,026908 3,523589 0,298258 1,353616 3,395103 -0,658068 0,656826 2,631307 -0,035165 0,731770 3,508376
-0,072457 -0,021002 3,549993 0,303896 1,342319 3,379594 -0,547392 0,041560 2,412544 -0,043390 0,744204 3,534618
-0,080232 -0,023902 3,547267 0,301312 1,349170 3,384216 -0,508619 -0,181051 2,455809 -0,051264 0,749423 3,561579
-0,090740 -0,021548 3,504469 0,308442 1,354069 3,386557 -0,384094 -0,557379 3,004532 -0,039261 0,745434 3,521625
-0,086439 -0,013418 3,477054 0,301433 1,365493 3,419597 -0,299447 -0,625562 3,057717 -0,050067 0,735447 3,508020
-0,086557 -0,011906 3,466045 0,297202 1,352322 3,400498 -0,265962 -0,650169 3,165599 -0,038629 0,732954 3,495144
-0,083262 -0,000865 3,480182 0,290484 1,366482 3,390231 -0,220987 -0,675778 3,314131 -0,054499 0,739400 3,548115
-0,078181 -0,002911 3,481941 0,287493 1,340763 3,366757 -0,221182 -0,659179 3,299574 -0,046625 0,741728 3,521504
-0,081864 -0,000684 3,474951 0,288704 1,354001 3,375259 -0,225669 -0,661958 3,295474 -0,042705 0,740657 3,535146
-0,079087 0,001806 3,483211 0,292155 1,371884 3,390369 -0,232836 -0,644618 3,241952 -0,046621 0,749187 3,521634
-0,083131 0,001747 3,475430 0,294764 1,369714 3,376166 -0,249787 -0,624875 3,244524 -0,035387 0,742852 3,508360
-0,083114 0,003078 3,489945 0,297973 1,367719 3,386726 -0,253613 -0,585679 3,191203 -0,035845 0,750095 3,507804
-0,076208 0,004081 3,532286 0,296410 1,377378 3,376949 -0,322323 -0,362913 2,908370 -0,031191 0,760503 3,522420
-0,056901 -0,008018 3,486815 0,291981 1,380038 3,365969 -0,352636 0,071339 2,730175 -0,040140 0,769155 3,547819
-0,045599 -0,016743 3,488550 0,291123 1,368895 3,386129 -0,393175 0,348517 2,646193 -0,030517 0,741855 3,521889
-0,033032 -0,024099 3,542833 0,296194 1,357838 3,383955 -0,438942 0,959580 2,843433 -0,007378 0,709545 3,468645
-0,037942 -0,016214 3,523518 0,294287 1,355743 3,378453 -0,485708 1,262028 3,066833 -0,030990 0,734414 3,521998
-0,039403 -0,029295 3,530949 0,301508 1,355050 3,399791 -0,443900 1,338278 3,200752 -0,015582 0,730739 3,522271
