19 12
-0,029059 -0,003381 3,377455 0,239858 1,355923 3,268932 -0,293693 1,400744 3,262279 -0,034077 0,740888 3,405183
-0,029929 -0,005458 3,378254 0,242598 1,351162 3,276865 -0,299428 1,392558 3,251994 -0,041649 0,745916 3,430355
-0,017588 -0,006993 3,409956 0,246369 1,355554 3,276560 -0,303206 1,386984 3,227355 -0,030447 0,743428 3,417961
-0,012322 -0,013143 3,420424 0,249150 1,365056 3,284236 -0,300859 1,362408 3,172026 -0,026467 0,737306 3,405289
-0,014957 -0,012892 3,441429 0,244350 1,357168 3,280411 -0,296207 1,309200 3,067502 -0,008247 0,738463 3,393226
-0,013740 -0,023236 3,429412 0,254912 1,352171 3,259057 -0,330300 1,050402 2,720875 -0,015243 0,726648 3,443424
-0,024198 -0,009256 3,459944 0,241261 1,354800 3,275971 -0,247947 0,685965 2,460109 -0,023738 0,766322 3,495998
-0,030702 -0,007069 3,463338 0,243509 1,355553 3,278250 -0,254647 0,509628 2,387124 -0,032368 0,786216 3,521365
-0,039174 0,004977 3,432788 0,239863 1,368525 3,285529 -0,269889 0,243041 2,381479 -0,019961 0,839366 3,510961
-0,039786 -0,027089 3,410393 0,245926 1,344221 3,266752 -0,244054 0,118004 2,360638 -0,020943 0,820794 3,508823
-0,045735 -0,031137 3,427186 0,246404 1,351912 3,280603 -0,241088 0,095347 2,371095 -0,021442 0,820457 3,507560
-0,045209 -0,028677 3,421759 0,242309 1,353709 3,261392 -0,240217 0,116075 2,361238 -0,002338 0,815855 3,468854
-0,036902 0,017019 3,421076 0,241961 1,371735 3,280052 -0,261622 0,261316 2,374357 -0,023952 0,799667 3,496331
-0,034475 0,007907 3,416466 0,250290 1,340866 3,262994 -0,268743 0,388306 2,355238 -0,019961 0,798812 3,509874
-0,025586 -0,013851 3,420082 0,255756 1,361131 3,286186 -0,234715 0,756216 2,502286 -0,003299 0,747317 3,455933
-0,009880 -0,014670 3,398149 0,260537 1,362499 3,276027 -0,340850 1,146952 2,782460 0,003153 0,742409 3,431307
-0,012129 -0,009348 3,394186 0,255015 1,362566 3,289805 -0,339505 1,283289 2,946511 -0,004059 0,748196 3,405805
-0,016060 -0,006008 3,383307 0,258898 1,362210 3,284883 -0,287596 1,407530 3,244377 -0,022726 0,742033 3,392906
-0,025339 -0,002403 3,382424 0,251048 1,372178 3,287069 -0,306726 1,380805 3,244379 -0,026358 0,739518 3,380310
