16 12
-0,207942 0,081454 3,357832 0,857654 1,020456 3,289308 -0,443679 1,398165 3,271515 -0,181967 0,749713 3,394998
-0,208885 0,080261 3,355257 0,854469 1,012246 3,270797 -0,421384 1,370618 3,200508 -0,184829 0,736382 3,381940
-0,203797 0,083338 3,391593 0,863885 1,004997 3,279452 -0,393697 1,292766 3,042035 -0,189169 0,743917 3,418601
-0,218381 0,080990 3,409774 0,861240 0,988623 3,301163 -0,202634 0,945904 2,624192 -0,182877 0,734561 3,444855
-0,215078 0,072493 3,407858 0,872556 0,988826 3,312634 -0,151064 0,775858 2,518739 -0,180430 0,733469 3,458831
-0,226481 0,094126 3,397555 0,876344 0,987166 3,304456 -0,117471 0,480673 2,582824 -0,168860 0,782981 3,540807
-0,239682 0,111155 3,429651 0,870966 0,974622 3,343714 -0,060293 0,270380 2,515651 -0,167008 0,831084 3,523909
-0,242662 0,111297 3,455388 0,879277 0,983011 3,304741 -0,055655 0,213780 2,525276 -0,178291 0,834797 3,507598
-0,236993 0,105437 3,472079 0,867620 0,967883 3,317686 -0,061107 0,181609 2,527572 -0,171289 0,817716 3,445031
-0,225378 0,092752 3,414428 0,871468 0,975648 3,318876 -0,092507 0,292638 2,584534 -0,175986 0,797924 3,540110
-0,227650 0,102602 3,417890 0,878576 0,981166 3,309601 -0,125921 0,389947 2,600724 -0,171907 0,791431 3,527051
-0,222331 0,080762 3,390144 0,893129 1,008572 3,355536 -0,166633 0,642631 2,585421 -0,176037 0,758445 3,512271
-0,215598 0,078462 3,381547 0,873754 0,988294 3,318006 -0,354984 1,031368 2,928963 -0,168505 0,712927 3,446646
-0,205625 0,087126 3,386289 0,877401 1,000210 3,338854 -0,426457 1,198781 3,073929 -0,185599 0,752205 3,497873
-0,213183 0,084489 3,381011 0,884900 1,000603 3,351671 -0,459013 1,373450 3,253300 -0,198677 0,741473 3,443993
-0,216541 0,099138 3,390712 0,884538 1,005949 3,374209 -0,474991 1,391034 3,346817 -0,207344 0,753792 3,469197
