14 12
-0,011350 0,060749 3,329174 0,248136 1,347196 3,229605 -0,306356 1,348684 3,180259 -0,004182 0,723904 3,355808
-0,007297 0,068561 3,334691 0,244984 1,360763 3,248339 -0,399875 1,103186 2,789486 0,017608 0,740980 3,406072
-0,010281 0,049766 3,373303 0,243480 1,368957 3,245018 -0,426735 0,796349 2,647823 0,032232 0,709622 3,355911
-0,012385 0,075810 3,371728 0,241602 1,345965 3,238804 -0,468230 0,586421 2,517160 -0,008871 0,770007 3,496117
-0,014992 0,088504 3,362703 0,242653 1,354194 3,254100 -0,510576 0,245794 2,376695 -0,012893 0,789287 3,536105
-0,017960 0,086734 3,354821 0,249533 1,358624 3,257095 -0,526037 0,071306 2,398877 -0,013134 0,792929 3,535751
-0,013536 0,090112 3,354855 0,251603 1,348850 3,254770 -0,522940 0,037463 2,378496 0,002189 0,785757 3,482991
-0,012022 0,093886 3,373219 0,256905 1,360752 3,260107 -0,524216 0,061753 2,385800 -0,009343 0,784658 3,495625
-0,001918 0,090398 3,382044 0,244500 1,365109 3,245361 -0,489677 0,233207 2,360597 -0,004822 0,783939 3,509880
-0,000167 0,081110 3,384826 0,254859 1,339959 3,239788 -0,479400 0,375032 2,372699 0,003082 0,785754 3,536943
0,008885 0,070095 3,404945 0,248679 1,353975 3,244202 -0,414120 0,791436 2,646705 0,032790 0,732311 3,380688
0,012090 0,069248 3,376895 0,252956 1,352722 3,241528 -0,408837 1,116207 2,793481 0,029035 0,739857 3,418688
0,011940 0,071243 3,384366 0,252543 1,346129 3,235149 -0,372674 1,223291 2,922315 0,018138 0,739522 3,380745
-0,004058 0,073999 3,362983 0,251965 1,348153 3,233267 -0,282108 1,378506 3,217044 0,006248 0,742062 3,393409
