17 12
-0,081309 0,067264 3,327697 1,050815 0,906924 3,225221 -0,321811 1,408141 3,247172 -0,041052 0,725089 3,379651
-0,084086 0,066210 3,335712 1,037057 0,889526 3,180749 -0,328922 1,389298 3,167397 -0,040826 0,721487 3,379448
-0,080762 0,073277 3,349107 1,043604 0,889219 3,185865 -0,224627 1,250417 2,915910 -0,039893 0,721246 3,377998
-0,084943 0,066637 3,354489 1,037917 0,885954 3,192494 -0,165119 1,142253 2,778867 -0,035330 0,689774 3,362675
-0,093388 0,069504 3,355115 1,043382 0,880558 3,200826 -0,076053 0,863191 2,704422 -0,033730 0,718064 3,455395
-0,097577 0,078792 3,354109 1,037060 0,877309 3,196130 0,051893 0,466172 2,487369 -0,023736 0,754222 3,417974
-0,099133 0,092094 3,372021 1,040068 0,871643 3,202602 0,078766 0,333090 2,522793 -0,023397 0,779491 3,470083
-0,122464 0,045669 3,283945 1,036757 0,871888 3,217914 0,121164 0,166122 2,602481 -0,038093 0,784875 3,495930
-0,116946 0,067966 3,325660 1,042284 0,876779 3,236521 0,129415 0,123456 2,613846 -0,035117 0,798751 3,509499
-0,123014 0,064286 3,315531 1,038588 0,875689 3,226801 0,127444 0,141431 2,618219 -0,030648 0,805377 3,523134
-0,101178 0,083222 3,387433 1,040821 0,863579 3,217003 0,106502 0,226207 2,572622 -0,030037 0,792273 3,495881
-0,088537 0,090139 3,347324 1,035689 0,864803 3,221909 0,056075 0,410326 2,632029 -0,038580 0,784852 3,495996
-0,096358 0,069974 3,353252 1,038454 0,861941 3,185386 0,018406 0,540649 2,634190 -0,029869 0,744823 3,443041
-0,092017 0,068587 3,342676 1,044588 0,868906 3,227637 -0,042874 0,832426 2,602367 -0,060166 0,715505 3,441848
-0,080403 0,085250 3,356168 1,051634 0,878994 3,236142 -0,268911 1,248985 3,035479 -0,040586 0,725043 3,379257
-0,079415 0,085550 3,337653 1,041416 0,865079 3,239603 -0,319524 1,352084 3,135765 -0,047915 0,723746 3,354534
-0,088725 0,076311 3,323534 1,056359 0,876759 3,254651 -0,319524 1,388633 3,253288 -0,048154 0,720194 3,354649
