24 12
-0,193415 -0,005759 3,378127 0,899234 0,977788 3,357596 -0,435104 1,402604 3,289681 -0,175370 0,722359 3,420616
-0,193849 -0,007789 3,398177 0,898995 0,973644 3,357406 -0,402913 1,371933 3,204901 -0,175133 0,718780 3,420520
-0,190755 -0,017983 3,402246 0,904179 0,970189 3,390205 -0,358828 1,291783 3,064339 -0,175109 0,704273 3,420288
-0,201428 -0,017255 3,416209 0,919239 0,988010 3,393261 -0,284902 1,162398 2,888003 -0,178365 0,692091 3,431399
-0,202312 -0,020343 3,422679 0,922213 0,986410 3,434269 -0,208672 1,010604 2,750660 -0,174477 0,680317 3,465047
-0,213499 -0,022386 3,424090 0,926095 0,973319 3,393705 -0,136396 0,823170 2,625341 -0,180198 0,708776 3,524276
-0,215105 -0,016573 3,429101 0,913617 0,950162 3,375288 -0,085399 0,631760 2,564380 -0,173746 0,734169 3,522933
-0,223828 -0,011551 3,440726 0,924616 0,955822 3,408555 -0,048648 0,462883 2,539166 -0,161898 0,756576 3,540574
-0,227663 0,000769 3,429786 0,912089 0,945356 3,375014 -0,030953 0,328258 2,530679 -0,158617 0,774388 3,554855
-0,228101 0,012351 3,419300 0,901939 0,925886 3,373329 -0,018290 0,232544 2,546527 -0,156682 0,821983 3,534833
-0,227472 -0,004094 3,423668 0,897557 0,914874 3,361483 -0,010870 0,171768 2,552809 -0,156645 0,814464 3,534674
-0,225009 -0,011452 3,438664 0,914227 0,924448 3,360986 -0,008590 0,145999 2,555354 -0,152390 0,811680 3,521494
-0,217670 -0,016416 3,429806 0,914201 0,929546 3,360840 -0,017739 0,154176 2,564179 -0,151945 0,804842 3,523637
-0,219536 0,006565 3,421219 0,914044 0,921270 3,360465 -0,027151 0,197548 2,556287 -0,149263 0,817997 3,534029
-0,216673 -0,007922 3,428373 0,936660 0,944623 3,397638 -0,039646 0,276505 2,579726 -0,149387 0,773096 3,528970
-0,207665 -0,003213 3,420191 0,921460 0,933268 3,368710 -0,062249 0,388718 2,571504 -0,142414 0,774972 3,556760
-0,206638 -0,019234 3,427024 0,918511 0,922330 3,304229 -0,089585 0,533836 2,581274 -0,153830 0,749411 3,541576
-0,203029 -0,025632 3,405918 0,939631 0,941519 3,364305 -0,133327 0,720032 2,653283 -0,149075 0,717090 3,527909
-0,196639 -0,022233 3,435048 0,935060 0,944879 3,362653 -0,201912 0,914130 2,765115 -0,150024 0,669483 3,508166
-0,190439 -0,021374 3,424853 0,923153 0,946794 3,358376 -0,283770 1,118073 2,903893 -0,147292 0,692470 3,474529
-0,184565 -0,024024 3,422497 0,929983 0,947288 3,346990 -0,366974 1,286408 3,068821 -0,145602 0,704787 3,423225
-0,183621 -0,016381 3,437835 0,926389 0,937716 3,347242 -0,413852 1,359052 3,173137 -0,152116 0,714309 3,397447
-0,184300 -0,020600 3,416258 0,927512 0,930372 3,329166 -0,421467 1,392835 3,272579 -0,156237 0,716674 3,409708
-0,182262 -0,019623 3,404731 0,930596 0,950795 3,338775 -0,417491 1,397190 3,319514 -0,160383 0,719054 3,422045
