18 12
-0,162971 -0,025605 3,447532 0,934085 0,918627 3,296102 -0,403959 1,427476 3,303655 -0,135240 0,719618 3,462712
-0,163464 -0,021859 3,444158 0,934990 0,917286 3,294641 -0,377194 1,396860 3,207756 -0,128012 0,723387 3,463580
-0,166422 -0,020194 3,465154 0,934137 0,918829 3,303374 -0,346721 1,279587 3,006716 -0,120773 0,719793 3,464193
-0,175979 -0,019382 3,491486 0,953935 0,921038 3,331007 -0,130666 0,905364 2,548961 -0,141896 0,729829 3,555593
-0,178885 -0,019532 3,485862 0,932666 0,896461 3,256730 -0,078676 0,731920 2,447612 -0,139443 0,747424 3,570143
-0,186960 -0,004363 3,455667 0,927151 0,906446 3,295771 -0,037030 0,438457 2,509602 -0,125181 0,773876 3,627778
-0,190135 -0,000808 3,473284 0,923782 0,911338 3,325320 0,008498 0,196595 2,469123 -0,114225 0,811707 3,555400
-0,192032 -0,014661 3,488828 0,936620 0,920756 3,355187 0,013797 0,124479 2,500997 -0,116809 0,807115 3,515503
-0,179658 -0,012483 3,561803 0,937566 0,922935 3,352877 0,021968 0,054467 2,541573 -0,118373 0,806955 3,568731
-0,180448 -0,012511 3,538281 0,931855 0,921003 3,351433 0,015920 0,098060 2,527064 -0,122079 0,807549 3,553872
-0,185482 -0,013665 3,500838 0,941348 0,920939 3,342983 0,008692 0,147709 2,533711 -0,125558 0,812172 3,540166
-0,191137 0,000737 3,467990 0,957024 0,926515 3,363005 -0,014909 0,304492 2,507170 -0,119968 0,784672 3,586256
-0,183229 -0,015917 3,450243 0,943504 0,909975 3,316940 -0,078122 0,579263 2,581945 -0,115041 0,747847 3,571246
-0,184670 -0,017662 3,461371 0,944391 0,922730 3,352750 -0,122624 0,755609 2,674738 -0,110469 0,721383 3,530660
-0,174916 -0,023534 3,469502 0,939829 0,931581 3,343761 -0,185307 1,084229 2,810243 -0,114645 0,669524 3,447019
-0,167957 -0,021065 3,453993 0,943314 0,945660 3,386649 -0,389115 1,375787 3,195311 -0,123919 0,720954 3,450905
-0,164230 -0,024590 3,443503 0,948340 0,951530 3,385318 -0,408969 1,428229 3,246477 -0,123919 0,720954 3,450905
-0,169603 -0,024252 3,426579 0,954036 0,962761 3,387099 -0,402272 1,439118 3,344180 -0,124641 0,725943 3,476955
