16 12
-0,025740 -0,006656 3,419264 0,957425 1,091402 3,345072 -0,333564 1,395113 3,228185 -0,011692 0,749673 3,431170
-0,026730 -0,012825 3,408209 0,953093 1,085647 3,348552 -0,332172 1,371827 3,169881 -0,011447 0,753298 3,431089
-0,026664 -0,014814 3,416209 0,953224 1,079030 3,328794 -0,216606 1,209677 2,867754 -0,014494 0,732415 3,417081
-0,025144 -0,019766 3,434491 0,950819 1,061968 3,336076 -0,155022 1,090125 2,716994 0,002057 0,707012 3,436347
-0,036824 -0,025340 3,417625 0,960573 1,058266 3,332147 -0,067236 0,811478 2,693648 -0,011774 0,740795 3,535951
-0,045315 -0,000017 3,424974 0,962239 1,059487 3,365972 0,060256 0,435005 2,461912 -0,017040 0,807114 3,604578
-0,051516 0,016409 3,432625 0,979342 1,079447 3,404078 0,087741 0,314692 2,459056 -0,008326 0,867573 3,553258
-0,047675 0,000348 3,424989 0,958881 1,056588 3,358171 0,112229 0,169931 2,505411 -0,023680 0,854362 3,445902
-0,042741 0,005530 3,438982 0,961015 1,051198 3,387555 0,112952 0,156478 2,498631 -0,019906 0,844123 3,432955
-0,048222 -0,000968 3,439180 0,956545 1,046624 3,360889 0,101690 0,201665 2,500855 -0,030862 0,867008 3,501027
-0,044929 -0,001428 3,421624 0,956178 1,049974 3,362718 0,071794 0,391854 2,462750 -0,041948 0,802504 3,509351
-0,036806 -0,024725 3,417095 0,958806 1,049988 3,343655 -0,037477 0,759359 2,607030 0,008057 0,754572 3,549346
-0,036490 -0,032560 3,406086 0,963280 1,061897 3,369806 -0,120981 0,975108 2,753461 0,012570 0,699086 3,452264
-0,029517 -0,008247 3,424711 0,958082 1,070217 3,355256 -0,206047 1,249115 2,891794 -0,003610 0,731371 3,430412
-0,024304 -0,009108 3,391025 0,951597 1,066654 3,364588 -0,306575 1,395892 3,223831 -0,015393 0,747111 3,418336
-0,033182 -0,016509 3,394518 0,954760 1,072711 3,349317 -0,298856 1,426495 3,328389 -0,011692 0,749673 3,431170
