30 12
-0,011097 0,086170 3,386540 0,488996 1,257152 3,252178 -0,516942 1,407405 3,566131 -0,015436 0,744926 3,443829
-0,011731 0,076672 3,377484 0,566125 1,218147 3,193120 -0,585319 1,395684 3,608122 -0,026337 0,738688 3,430506
-0,009017 0,076250 3,386875 0,838193 1,212298 3,509871 -0,709956 1,190118 3,267110 -0,011732 0,745294 3,482852
-0,006250 0,071486 3,391298 0,981269 0,766282 2,927321 -1,072517 1,093441 3,679398 0,000048 0,721636 3,417638
0,001896 0,082303 3,414586 1,091094 0,570842 2,953752 -1,178863 0,901606 3,589914 0,011600 0,732665 3,455961
0,011823 0,068305 3,409637 1,152723 0,137816 3,037475 -1,236029 0,430966 3,278770 0,032577 0,716903 3,431081
0,013355 0,075795 3,400646 1,108092 -0,253094 3,349360 -1,216434 0,044405 3,234869 0,003320 0,716919 3,430831
0,007952 0,077348 3,392173 0,996967 -0,374073 3,376709 -1,155479 -0,115390 3,219654 -0,004168 0,704831 3,405221
0,022828 0,092401 3,384430 0,752784 -0,468562 3,131594 -1,093920 -0,368256 3,429364 -0,011767 0,713281 3,430651
0,017332 0,099573 3,408701 0,706158 -0,457965 3,179599 -0,984913 -0,416250 3,296571 -0,003914 0,715628 3,405161
0,012655 0,087887 3,427366 0,710822 -0,393402 3,051152 -1,015311 -0,397618 3,350369 -0,000710 0,713263 3,392975
0,021395 0,080259 3,441103 0,861990 -0,269705 3,157378 -1,070187 -0,228048 3,138818 -0,000578 0,723039 3,443783
0,017554 0,078356 3,469976 0,918499 0,033033 2,759646 -1,249872 0,078558 3,291083 0,014562 0,726673 3,443882
0,016793 0,068174 3,470377 1,009986 0,211047 2,858630 -1,245871 0,252985 3,194935 0,018411 0,720514 3,430832
0,003090 0,062412 3,465767 1,059924 0,561537 2,956042 -1,225615 0,554424 3,319627 0,021776 0,723033 3,443970
0,003700 0,059739 3,476599 1,058226 0,654647 3,028667 -1,189939 0,657359 3,305064 0,007102 0,733092 3,496105
0,000112 0,065208 3,470232 1,080741 0,586564 2,996998 -1,212180 0,642324 3,335689 0,007102 0,733092 3,496105
-0,006496 0,059676 3,454050 1,183441 0,292750 3,133203 -1,235028 0,414604 3,204882 0,018075 0,719483 3,482840
0,002585 0,069840 3,437568 1,164641 -0,096887 3,331451 -1,235577 0,099825 3,206910 0,017939 0,713295 3,431024
0,005728 0,072261 3,404206 1,102854 -0,256376 3,468304 -1,199416 -0,056602 3,227242 -0,011553 0,714508 3,456209
0,001853 0,083782 3,390657 0,842250 -0,404708 3,235615 -1,165342 -0,283502 3,486170 -0,019142 0,708426 3,405089
0,001906 0,081488 3,387447 0,795850 -0,454090 3,366307 -1,107354 -0,342378 3,425433 -0,011550 0,709630 3,430467
-0,006440 0,076448 3,384076 0,783702 -0,440356 3,268906 -1,136881 -0,328139 3,492442 -0,011767 0,713281 3,430651
-0,009997 0,083102 3,415277 0,884267 -0,344040 3,327770 -1,168743 -0,176600 3,281430 -0,014996 0,718043 3,417576
-0,014373 0,077164 3,435618 0,944189 -0,030707 2,942884 -1,299563 0,114864 3,342989 -0,008048 0,718108 3,418083
-0,021729 0,071467 3,436861 1,002875 0,158841 2,950400 -1,299616 0,295732 3,244457 -0,007830 0,714469 3,417906
-0,019871 0,071158 3,443671 0,981676 0,609216 2,935418 -1,266431 0,746802 3,414675 0,007224 0,731691 3,469746
-0,026130 0,052940 3,420305 0,864166 1,129627 3,453795 -0,917744 0,984477 3,063031 0,003300 0,737932 3,482983
-0,025688 0,068789 3,408087 0,725797 1,305844 3,604580 -0,771689 1,105472 3,053309 -0,019202 0,740147 3,456560
-0,030991 0,063250 3,393337 0,383795 1,257322 3,196182 -0,534378 1,485192 3,729539 -0,027244 0,745226 3,482524
