21 12
-0,184950 0,098455 3,358502 0,158673 1,339378 3,280783 -0,455215 1,399420 3,343822 -0,170025 0,747226 3,473308
-0,171014 0,095469 3,396442 0,198031 1,355685 3,254285 -0,450843 1,393159 3,294210 -0,166319 0,757365 3,486815
-0,156734 0,089254 3,365216 0,264497 1,289908 3,048274 -0,262060 1,202683 2,876296 -0,157309 0,727690 3,484481
-0,157096 0,103599 3,377054 0,288956 1,267405 2,979877 -0,177928 1,120798 2,762603 -0,146770 0,706268 3,428770
-0,147974 0,083774 3,396229 0,290663 1,206594 2,885171 -0,060580 1,046787 2,840371 -0,168017 0,699370 3,577174
-0,136340 0,082636 3,360209 0,295508 1,119817 2,807734 0,050183 0,897178 2,662386 -0,157015 0,719437 3,623321
-0,131794 0,090644 3,374300 0,277380 1,106269 2,777079 0,088222 0,883869 2,656687 -0,161068 0,735385 3,607832
-0,124404 0,094655 3,390088 0,253093 1,054077 2,651793 0,164257 0,934954 2,808828 -0,172149 0,749981 3,622927
-0,115419 0,095189 3,374880 0,282057 1,039394 2,663892 0,157145 0,905883 2,794175 -0,160495 0,754932 3,609689
-0,118467 0,101528 3,389003 0,296122 1,021961 2,685496 0,144042 0,880690 2,718042 -0,153946 0,764228 3,638427
-0,114244 0,094631 3,404664 0,291146 1,035686 2,664032 0,181644 0,917403 2,789328 -0,169269 0,760240 3,637256
-0,103193 0,083206 3,382713 0,306719 1,022003 2,714105 0,154845 0,883368 2,781409 -0,155455 0,741172 3,596345
-0,113540 0,090432 3,400446 0,317479 0,994836 2,675373 0,142758 0,869750 2,712685 -0,155921 0,748614 3,596239
-0,109105 0,084545 3,376050 0,307199 1,042247 2,689654 0,170212 0,933910 2,798496 -0,152321 0,755274 3,610878
-0,112374 0,077548 3,372601 0,310212 1,046175 2,739597 0,129900 0,960324 2,881417 -0,147518 0,737547 3,596981
-0,113854 0,077279 3,366305 0,298631 1,051538 2,739242 0,080106 0,985577 2,916847 -0,148201 0,741138 3,596782
-0,115284 0,078958 3,396942 0,326008 1,104310 2,841315 -0,051117 0,994334 2,737623 -0,136821 0,719350 3,582269
-0,115920 0,085666 3,402788 0,309271 1,211759 3,017243 -0,281052 1,248484 3,097884 -0,109930 0,720923 3,451747
-0,115176 0,082764 3,379657 0,304895 1,272743 3,119896 -0,378827 1,315523 3,157928 -0,112901 0,740445 3,439257
-0,104925 0,084498 3,365131 0,300123 1,344634 3,260831 -0,445394 1,332360 3,151903 -0,109267 0,754079 3,452633
-0,107250 0,089893 3,365686 0,228943 1,411304 3,459234 -0,460552 1,343149 3,274615 -0,123933 0,757565 3,451495
