32 12
-0,092812 -0,017207 3,416709 0,249059 1,304800 3,295457 -0,456780 1,369720 3,424956 -0,087602 0,718948 3,479466
-0,093575 -0,013674 3,423897 0,268990 1,277577 3,295973 -0,485829 1,276865 3,298074 -0,087377 0,722679 3,479583
-0,087397 -0,019195 3,409823 0,285375 1,159768 3,231550 -0,450526 1,155519 3,173966 -0,086669 0,706764 3,453296
-0,087105 -0,022396 3,436931 0,270348 1,116711 3,236719 -0,413729 1,073295 3,086783 -0,075056 0,700809 3,440868
-0,079213 -0,028536 3,445538 0,180038 0,892844 3,030038 -0,363306 0,927734 2,999848 -0,077950 0,661231 3,401840
-0,087715 -0,030846 3,474332 0,163219 0,652163 2,872060 -0,211325 0,637149 2,703089 -0,069879 0,699065 3,492060
-0,090498 -0,024866 3,490414 0,128515 0,508222 2,768334 -0,182788 0,501788 2,666859 -0,061604 0,709203 3,467177
-0,092101 -0,007791 3,514961 0,102594 0,285827 2,632156 -0,199644 0,273059 2,585102 -0,023069 0,740447 3,495667
-0,068967 -0,065443 3,482288 0,197158 0,125367 2,422566 -0,298794 0,114498 2,686093 -0,055489 0,815013 3,480669
-0,068341 -0,043824 3,357614 0,271489 0,063819 2,416104 -0,411372 0,045764 2,746984 -0,056308 0,789370 3,481630
-0,084792 -0,001713 3,482517 0,502324 0,024369 2,661301 -0,582568 -0,026443 2,523901 -0,061298 0,740833 3,441844
-0,086689 -0,013423 3,490396 0,646494 0,084322 2,466929 -0,874835 0,039316 2,822882 -0,042306 0,723021 3,481708
-0,081220 -0,023384 3,484777 0,750789 0,141905 2,681391 -0,946576 0,098443 2,794672 -0,063633 0,690158 3,403312
-0,078452 -0,032893 3,461972 0,878824 0,302316 2,837328 -0,980375 0,243353 2,772275 -0,070855 0,674693 3,377795
-0,071417 -0,025181 3,444343 0,824432 0,380039 3,081104 -0,835306 0,337496 2,621281 -0,093309 0,686269 3,401653
-0,070139 -0,033669 3,459791 0,752621 0,406857 3,135967 -0,735665 0,356144 2,587108 -0,101449 0,694452 3,426533
-0,076677 -0,015652 3,462543 0,472532 0,336136 2,761042 -0,581703 0,376761 2,874975 -0,105832 0,727325 3,465413
-0,089749 -0,024165 3,494241 0,330559 0,276175 2,920877 -0,327058 0,251074 2,572714 -0,078108 0,729743 3,403003
-0,088735 -0,010345 3,512538 0,253363 0,217517 2,759670 -0,265015 0,214385 2,581706 -0,064291 0,744191 3,403861
-0,104751 -0,076820 3,524287 0,171523 0,102481 2,581538 -0,241217 0,119875 2,558780 -0,049270 0,793254 3,430774
-0,062980 -0,067653 3,341435 0,250314 0,050474 2,421900 -0,388377 0,042766 2,715089 -0,059909 0,786613 3,468337
-0,103930 -0,026830 3,374142 0,325113 0,017707 2,388485 -0,506189 0,003826 2,745019 -0,052710 0,777301 3,494764
-0,093915 -0,002397 3,460930 0,576412 0,001311 2,690818 -0,666694 -0,024215 2,510023 -0,064960 0,732444 3,454682
-0,095775 -0,013510 3,478388 0,697110 0,087559 2,514807 -1,013973 0,064301 2,893616 -0,067842 0,704506 3,441420
-0,093874 -0,019300 3,459353 0,808534 0,156628 2,606491 -1,096284 0,154116 2,919293 -0,068067 0,700835 3,441380
-0,099318 -0,026390 3,441099 0,970832 0,392680 2,893894 -1,164589 0,367073 2,835586 -0,092303 0,669990 3,351889
-0,093595 -0,021701 3,418719 0,945862 0,746450 3,158722 -1,117752 0,627895 2,766521 -0,105077 0,695602 3,413505
-0,093080 -0,020583 3,416151 0,901766 0,941339 3,317210 -1,042427 0,759757 2,758730 -0,108463 0,693202 3,400627
-0,091674 -0,020651 3,402426 0,650820 1,123346 3,150811 -0,934250 1,141333 3,236717 -0,119393 0,702766 3,412691
-0,095854 -0,007407 3,405134 0,459137 1,410325 3,694721 -0,598996 1,142773 2,948471 -0,109254 0,717463 3,452043
-0,094256 -0,007848 3,403473 0,338580 1,428758 3,628366 -0,489877 1,219309 3,043214 -0,101232 0,712653 3,426850
-0,109170 -0,009471 3,396054 0,252847 1,326747 3,366572 -0,458960 1,343095 3,377352 -0,094574 0,713929 3,452943
