17 12
-0,076004 -0,012281 3,452220 0,175912 1,384995 3,344393 -0,411502 1,333778 3,168308 -0,090642 0,738542 3,466530
-0,077382 -0,024270 3,458267 0,175203 1,370955 3,324058 -0,365961 1,145472 2,935919 -0,093888 0,724986 3,452989
-0,083600 -0,020764 3,470221 0,170392 1,377300 3,340765 -0,351508 1,001960 2,801897 -0,089244 0,716258 3,464067
-0,090082 -0,029962 3,469373 0,168061 1,393063 3,351607 -0,412786 0,682370 2,561478 -0,075867 0,725326 3,493255
-0,099917 -0,012636 3,488377 0,169993 1,374826 3,331099 -0,426019 0,511895 2,496698 -0,077210 0,760085 3,520336
-0,099938 -0,017231 3,486160 0,170438 1,379328 3,350293 -0,419493 0,428794 2,423268 -0,085276 0,765372 3,546965
-0,091558 -0,025878 3,469896 0,168530 1,388597 3,359911 -0,369545 0,294111 2,646937 -0,078146 0,774538 3,519041
-0,087788 -0,024378 3,467558 0,175700 1,365128 3,338175 -0,349915 0,260354 2,785441 -0,074151 0,771871 3,505846
-0,084589 -0,017679 3,457669 0,176194 1,367322 3,343483 -0,334548 0,265540 2,879724 -0,070416 0,772757 3,492181
-0,088187 -0,020670 3,460865 0,179416 1,370905 3,345218 -0,321973 0,273768 2,947664 -0,069962 0,780497 3,493451
-0,087965 -0,023204 3,464629 0,177131 1,377901 3,355757 -0,326650 0,281342 2,925282 -0,077074 0,767670 3,466698
-0,088082 -0,021653 3,467345 0,175823 1,378850 3,346379 -0,320488 0,308142 2,865026 -0,073055 0,763211 3,480609
-0,085640 -0,016433 3,484942 0,173272 1,371894 3,350832 -0,312909 0,487398 2,762517 -0,073051 0,755824 3,480486
-0,076648 -0,030800 3,459781 0,184805 1,363223 3,305174 -0,369465 0,869773 2,724022 -0,075403 0,725278 3,492749
-0,074141 -0,015616 3,461448 0,176142 1,375443 3,336028 -0,406575 1,058073 2,841307 -0,082701 0,733555 3,441065
-0,076004 -0,015593 3,443504 0,176596 1,369406 3,315246 -0,383605 1,352648 3,173460 -0,097028 0,728407 3,414594
-0,084783 -0,009020 3,447659 0,173404 1,377364 3,335227 -0,379639 1,416636 3,356611 -0,101236 0,734462 3,427183
