23 12
-0,004539 0,102228 3,336258 0,284202 1,358781 3,209444 -0,319419 1,378315 3,165807 0,010691 0,740968 3,405903
-0,007860 0,100524 3,361911 0,245360 1,307515 3,101140 -0,337334 1,350170 3,091341 0,002736 0,728804 3,380795
-0,017198 0,100624 3,357225 0,092592 1,110608 2,761503 -0,388146 1,247546 2,838582 -0,010101 0,694581 3,389967
-0,025197 0,077849 3,355916 0,018154 0,985818 2,738364 -0,395691 1,146559 2,743362 0,007085 0,725690 3,495988
-0,022008 0,085986 3,353962 -0,040941 0,882939 2,679334 -0,408319 1,088356 2,690164 0,000320 0,741829 3,522065
-0,029970 0,073548 3,363022 -0,089185 0,774463 2,588554 -0,415655 0,987080 2,622427 -0,019216 0,732817 3,456451
-0,042974 0,074731 3,381094 -0,140715 0,764512 2,672812 -0,355285 0,909805 2,549212 -0,018977 0,736465 3,456362
-0,042353 0,071867 3,368653 -0,177984 0,806165 2,736626 -0,317850 0,885105 2,524654 -0,018335 0,717989 3,455129
-0,036072 0,078478 3,372591 -0,206277 0,844921 2,723645 -0,285840 0,908582 2,534354 -0,025173 0,733643 3,479336
-0,038429 0,079902 3,379974 -0,148848 0,787729 2,636653 -0,327900 0,940370 2,603269 -0,011053 0,751903 3,535427
-0,044451 0,073575 3,369039 -0,151179 0,790919 2,687523 -0,321220 0,930255 2,591213 -0,003739 0,735584 3,508879
-0,048379 0,072804 3,365862 -0,193409 0,841626 2,689009 -0,296713 0,943422 2,574420 0,000252 0,736675 3,495412
-0,035994 0,075650 3,369939 -0,165549 0,831183 2,631895 -0,299380 0,954295 2,576051 -0,018877 0,735554 3,508536
-0,036050 0,079148 3,369014 -0,140471 0,796666 2,609422 -0,300726 0,954742 2,603863 -0,003890 0,742260 3,563121
-0,039199 0,084942 3,375328 -0,156054 0,803432 2,602579 -0,290835 0,959193 2,607010 -0,011774 0,740795 3,535951
-0,031502 0,076475 3,361167 -0,187500 0,868422 2,706868 -0,269581 0,969909 2,583933 -0,021965 0,721661 3,493695
-0,034552 0,076350 3,361732 -0,144276 0,870617 2,660209 -0,284882 0,985661 2,627306 -0,011074 0,744418 3,535298
-0,027281 0,075556 3,358190 -0,057962 0,950826 2,729606 -0,279843 1,014366 2,673680 0,006780 0,669849 3,493707
-0,024286 0,078199 3,362576 0,059994 1,037719 2,620559 -0,324563 1,146843 2,823922 -0,004298 0,718197 3,456538
-0,022823 0,085901 3,375612 0,136255 1,114160 2,731294 -0,340848 1,218629 2,930853 -0,025236 0,694185 3,388281
-0,022654 0,100477 3,360994 0,306686 1,314154 3,096488 -0,319515 1,341830 3,173984 -0,007759 0,743479 3,418307
-0,017130 0,099559 3,347919 0,283278 1,375997 3,295307 -0,290572 1,377400 3,299061 -0,000644 0,742080 3,393351
-0,016558 0,099200 3,349361 0,285052 1,326547 3,231020 -0,290644 1,373036 3,294480 -0,004319 0,737362 3,405782
