39 12
-0,083379 0,085271 3,362450 0,331156 1,291650 3,318002 -0,516489 1,379266 3,502919 -0,071356 0,723876 3,428741
-0,084576 0,082078 3,381012 0,405091 1,274742 3,285181 -0,590818 1,381428 3,570959 -0,086415 0,720079 3,427894
-0,088317 0,080575 3,384307 0,493391 1,228588 3,218740 -0,703094 1,388085 3,650268 -0,090142 0,718888 3,440395
-0,087082 0,085626 3,390996 0,606450 1,137983 3,137319 -0,846971 1,340598 3,657537 -0,092850 0,715155 3,401907
-0,089330 0,078240 3,406146 0,735277 1,021715 3,028059 -1,012389 1,224124 3,662504 -0,092854 0,707938 3,401802
-0,080072 0,072928 3,398314 0,866604 0,848806 2,955643 -1,167793 1,024318 3,588324 -0,082710 0,711668 3,440728
-0,086191 0,066882 3,408265 0,994588 0,637068 2,981518 -1,301537 0,793050 3,523320 -0,078758 0,706829 3,453413
-0,086189 0,062396 3,408807 1,083899 0,417826 3,021715 -1,363603 0,530423 3,427918 -0,079438 0,695838 3,453583
-0,080337 0,050988 3,394627 1,115285 0,185013 3,113245 -1,355924 0,271128 3,317540 -0,064520 0,695959 3,454349
-0,080876 0,046732 3,395286 1,121232 -0,015979 3,246088 -1,321337 0,059254 3,285178 -0,063968 0,687607 3,428570
-0,087173 0,057905 3,404440 1,080850 -0,171889 3,292332 -1,271929 -0,103189 3,355079 -0,064302 0,692330 3,454282
-0,085102 0,061630 3,348806 1,035381 -0,266061 3,336344 -1,225769 -0,221477 3,377831 -0,063858 0,692327 3,453995
-0,089254 0,063782 3,408587 1,003209 -0,288379 3,271091 -1,210755 -0,260218 3,475680 -0,060107 0,685296 3,416020
-0,087836 0,067773 3,377108 0,991202 -0,218445 3,165251 -1,266388 -0,253555 3,552808 -0,075695 0,694628 3,466693
-0,074803 0,062828 3,361816 1,038357 -0,111754 3,145042 -1,307647 -0,162399 3,537594 -0,064520 0,695959 3,454349
-0,078122 0,061043 3,379178 1,071229 0,034932 3,145235 -1,353526 -0,044146 3,490054 -0,072587 0,696989 3,479918
-0,079806 0,063725 3,409289 1,113494 0,181331 3,114436 -1,361544 0,072922 3,412866 -0,075691 0,701964 3,466812
-0,071198 0,075968 3,408931 1,114767 0,305573 3,129402 -1,346007 0,155841 3,319445 -0,079211 0,706833 3,453730
-0,077788 0,068542 3,441288 1,113264 0,382008 3,066569 -1,347729 0,208123 3,323864 -0,075464 0,705640 3,466757
-0,074025 0,068186 3,458454 1,105746 0,395145 3,058207 -1,326201 0,202716 3,264073 -0,080086 0,724103 3,506369
-0,066959 0,067739 3,433400 1,123765 0,348189 3,074212 -1,326304 0,164207 3,226306 -0,072140 0,711788 3,480212
-0,064435 0,053326 3,427280 1,111056 0,245881 3,113269 -1,315136 0,077204 3,221837 -0,072144 0,704423 3,480092
-0,066849 0,060074 3,442135 1,105931 0,117055 3,119659 -1,291608 -0,020983 3,249889 -0,071917 0,708112 3,480042
-0,066227 0,052910 3,435807 1,085779 -0,017916 3,172189 -1,268560 -0,124097 3,287211 -0,060722 0,702079 3,467565
-0,065170 0,054694 3,423261 1,074098 -0,150679 3,228429 -1,235625 -0,209006 3,324699 -0,056546 0,694918 3,429019
-0,070584 0,059112 3,404892 1,025317 -0,221044 3,231128 -1,222255 -0,270312 3,389411 -0,052977 0,690035 3,441885
-0,065476 0,055953 3,411507 1,007928 -0,258268 3,257401 -1,220268 -0,294788 3,443418 -0,053198 0,686367 3,441830
-0,071886 0,061751 3,404409 1,010815 -0,252128 3,232436 -1,239514 -0,283465 3,505583 -0,056840 0,692381 3,454627
-0,063498 0,060376 3,399811 1,008024 -0,175666 3,168771 -1,278028 -0,231429 3,514099 -0,057057 0,696011 3,454686
-0,071080 0,069071 3,402187 1,041190 -0,070920 3,151279 -1,322291 -0,129584 3,508009 -0,060495 0,705755 3,467526
-0,064120 0,065648 3,412585 1,071844 0,085099 3,133119 -1,355550 0,021431 3,447573 -0,056320 0,698556 3,428983
-0,070121 0,070239 3,411433 1,084275 0,294048 3,175952 -1,352085 0,212024 3,377991 -0,064291 0,706955 3,454509
-0,072149 0,066842 3,408273 1,070774 0,521258 3,207882 -1,318324 0,431195 3,323230 -0,064291 0,706955 3,454509
-0,071965 0,063947 3,387600 1,015354 0,777904 3,323991 -1,247871 0,640528 3,240643 -0,079436 0,703149 3,453698
-0,066601 0,067243 3,418263 0,930807 1,048266 3,462576 -1,118607 0,846120 3,198447 -0,079208 0,714149 3,453846
-0,071132 0,068249 3,412973 0,759753 1,242235 3,555454 -0,950928 1,000364 3,146302 -0,086919 0,722711 3,479419
-0,074998 0,063497 3,405951 0,567829 1,387381 3,612177 -0,771374 1,158856 3,158472 -0,079205 0,721467 3,453959
-0,068823 0,060565 3,387900 0,374215 1,409128 3,612898 -0,576484 1,255191 3,198615 -0,078353 0,711682 3,402857
-0,073973 0,061926 3,418530 0,256350 1,338705 3,345221 -0,443755 1,332945 3,308397 -0,075909 0,720291 3,467130
