15 12
-0,142286 -0,000731 3,407339 0,147682 1,383441 3,344875 -0,433522 1,411340 3,333827 -0,134929 0,729232 3,437345
-0,139705 -0,010182 3,425527 0,143981 1,376711 3,336869 -0,440642 1,288572 3,074043 -0,122423 0,733534 3,517078
-0,141374 -0,017507 3,444027 0,142083 1,382063 3,351861 -0,338644 0,898671 2,708935 -0,129287 0,722347 3,516028
-0,143051 -0,007268 3,457770 0,144348 1,379489 3,351537 -0,333242 0,677697 2,558954 -0,119208 0,745485 3,503276
-0,151569 -0,005887 3,460721 0,134599 1,373689 3,322813 -0,374425 0,281490 2,498093 -0,117385 0,769952 3,570957
-0,130638 0,070996 3,381536 0,141465 1,380314 3,355994 -0,342871 0,025787 2,440132 -0,114135 0,783961 3,584664
-0,123894 0,066155 3,352767 0,138794 1,384898 3,341240 -0,336989 -0,044494 2,458614 -0,109961 0,781229 3,571077
-0,123886 0,072035 3,346141 0,148088 1,397141 3,357451 -0,332094 -0,091521 2,499234 -0,118094 0,788270 3,569236
-0,159290 -0,046506 3,454053 0,146204 1,365048 3,342955 -0,330677 0,020085 2,480169 -0,122084 0,795049 3,583683
-0,156375 0,003852 3,458961 0,140639 1,387285 3,348673 -0,343847 0,129200 2,477802 -0,112650 0,813914 3,621557
-0,139161 -0,001819 3,458990 0,140074 1,382296 3,354304 -0,358524 0,461776 2,508363 -0,096121 0,753435 3,505603
-0,131809 -0,009060 3,441055 0,152027 1,368582 3,327254 -0,436889 0,870690 2,639761 -0,102274 0,731283 3,504689
-0,131710 -0,017659 3,445636 0,155428 1,379497 3,343923 -0,462689 1,087711 2,843296 -0,109881 0,722428 3,478105
-0,133779 -0,002412 3,443042 0,152012 1,379658 3,350984 -0,415249 1,386652 3,261407 -0,123922 0,728270 3,451023
-0,142580 -0,011040 3,421379 0,151727 1,383289 3,363977 -0,414599 1,398563 3,331151 -0,135704 0,719580 3,462971
