21 12
-0,035349 -0,186391 3,349352 0,330198 1,326214 3,241688 -0,452628 1,260445 3,360587 -0,027204 0,609176 3,480389
-0,032124 -0,191736 3,362702 0,328780 1,320657 3,238961 -0,481298 1,196411 3,258750 -0,027003 0,612849 3,480387
-0,035878 -0,192237 3,352648 0,322062 1,316389 3,215488 -0,524062 1,098791 3,251870 -0,030705 0,603431 3,467107
-0,035101 -0,189427 3,354253 0,324609 1,301516 3,208989 -0,565672 1,005892 3,217241 -0,026828 0,601854 3,480063
-0,036908 -0,192562 3,351211 0,330428 1,310504 3,221009 -0,662349 0,733477 2,890254 -0,034527 0,598175 3,479914
-0,031697 -0,190875 3,350739 0,334540 1,297956 3,186705 -0,888907 0,582648 3,138375 -0,027403 0,605487 3,480300
-0,027536 -0,196668 3,346596 0,340360 1,297264 3,184253 -0,952550 0,516273 3,103387 -0,019476 0,594123 3,454365
-0,022100 -0,196624 3,355863 0,342989 1,301473 3,196704 -0,982980 0,445740 2,990119 -0,019578 0,602369 3,506729
-0,019580 -0,195587 3,351877 0,346932 1,293824 3,187386 -0,947047 0,454217 2,966278 -0,030584 0,599315 3,441283
-0,019845 -0,198562 3,356156 0,340053 1,297339 3,199681 -0,939564 0,455916 3,035960 -0,019662 0,597750 3,454471
-0,019992 -0,196091 3,342641 0,332221 1,281301 3,175506 -0,960424 0,411519 3,034050 -0,034569 0,597706 3,454036
-0,020930 -0,195637 3,350646 0,328997 1,295508 3,185734 -1,076127 0,398331 3,154124 -0,023426 0,599794 3,467331
-0,021867 -0,189522 3,352912 0,327062 1,293932 3,173842 -1,093822 0,407116 3,121976 -0,023614 0,603418 3,467354
-0,018996 -0,190420 3,351851 0,322292 1,272310 3,153173 -1,090654 0,492731 3,140009 -0,027403 0,605487 3,480300
-0,019043 -0,195611 3,339535 0,320064 1,289030 3,167037 -0,956926 0,598021 2,942980 -0,042215 0,601796 3,479774
-0,019458 -0,192718 3,342221 0,315080 1,284338 3,164042 -0,904287 0,684418 2,925513 -0,027403 0,605487 3,480300
-0,019450 -0,190346 3,340961 0,309546 1,308420 3,174644 -0,821048 0,958804 3,246624 -0,034758 0,601316 3,454068
-0,020519 -0,193214 3,340857 0,309852 1,309124 3,203757 -0,640523 1,054451 3,065832 -0,027403 0,605487 3,480300
-0,022132 -0,186492 3,348046 0,305112 1,317997 3,203755 -0,583338 1,120515 3,126945 -0,027003 0,612849 3,480387
-0,026746 -0,190465 3,334298 0,319073 1,329855 3,244083 -0,515078 1,282035 3,395165 -0,023289 0,614980 3,493637
-0,030907 -0,191326 3,354468 0,320093 1,318162 3,252737 -0,449120 1,277143 3,336391 -0,023025 0,607096 3,467243
