20 12
-0,121272 -0,206448 3,471281 0,272529 1,312357 3,442775 -0,518235 1,214637 3,431032 -0,126937 0,572747 3,554174
-0,121873 -0,204711 3,448778 0,265161 1,302856 3,415544 -0,593730 1,069450 3,129311 -0,136317 0,555419 3,486247
-0,127420 -0,205302 3,470848 0,261705 1,305908 3,408332 -0,720808 0,933331 3,162372 -0,130168 0,567027 3,540168
-0,126622 -0,215231 3,468641 0,258841 1,308163 3,396995 -0,744884 0,784148 3,021845 -0,129215 0,559426 3,513128
-0,131032 -0,207696 3,469508 0,249798 1,287838 3,350687 -0,737978 0,551279 2,883331 -0,130348 0,563274 3,540159
-0,135057 -0,208458 3,489379 0,245611 1,286068 3,362580 -0,489614 0,404751 2,641412 -0,114041 0,566591 3,488233
-0,135166 -0,201297 3,471422 0,244207 1,293173 3,366720 -0,457924 0,390262 2,745306 -0,125276 0,564372 3,473924
-0,130795 -0,204481 3,478155 0,242752 1,298653 3,374362 -0,494423 0,351499 2,762142 -0,118823 0,579888 3,527925
-0,135229 -0,211033 3,470951 0,251122 1,298000 3,375541 -0,590590 0,307916 2,801666 -0,117625 0,560886 3,474657
-0,132914 -0,203817 3,478373 0,254981 1,292442 3,384305 -0,539873 0,304460 2,731088 -0,108141 0,581880 3,541854
-0,137251 -0,211355 3,471985 0,265643 1,308386 3,437499 -0,448557 0,365611 2,860299 -0,129211 0,570025 3,486991
-0,134901 -0,210540 3,472326 0,277549 1,305346 3,423903 -0,475741 0,372953 2,868843 -0,147678 0,571400 3,472148
-0,134221 -0,210169 3,469850 0,274505 1,300346 3,405401 -0,491520 0,356926 2,831578 -0,123328 0,581721 3,540736
-0,135657 -0,210039 3,467934 0,265719 1,302717 3,401959 -0,454032 0,461996 2,854474 -0,118814 0,572480 3,527788
-0,131531 -0,216585 3,463744 0,257476 1,294986 3,385213 -0,430933 0,709863 2,879564 -0,121244 0,540992 3,537310
-0,123429 -0,207026 3,463687 0,255265 1,300888 3,398046 -0,451982 0,862118 2,985490 -0,126368 0,561638 3,553498
-0,120394 -0,208792 3,464937 0,244468 1,289888 3,366083 -0,486481 1,107799 3,139105 -0,133564 0,565008 3,526383
-0,122456 -0,205807 3,462698 0,249894 1,302615 3,398448 -0,548601 1,209324 3,361686 -0,140479 0,564643 3,499216
-0,126935 -0,206583 3,466749 0,253992 1,290061 3,393620 -0,538061 1,231203 3,422420 -0,133941 0,572314 3,526555
-0,125360 -0,205515 3,448862 0,262082 1,306980 3,418272 -0,529122 1,244199 3,461055 -0,140298 0,568359 3,499212
