23 12
-0,049502 -0,209138 3,355118 0,287192 1,298273 3,249206 -0,493133 1,253967 3,312067 -0,096521 0,515989 3,386474
-0,050050 -0,218982 3,359397 0,287726 1,305252 3,255939 -0,505870 1,218920 3,274484 -0,089210 0,516043 3,386952
-0,048568 -0,219535 3,359993 0,290413 1,302943 3,259233 -0,552465 1,009247 2,985991 -0,078444 0,517854 3,400097
-0,051333 -0,214558 3,356397 0,289418 1,301477 3,249463 -0,554936 0,745424 2,910553 -0,085157 0,510823 3,374640
-0,053147 -0,222442 3,355915 0,289371 1,295183 3,240803 -0,557762 0,579315 2,841651 -0,085157 0,510823 3,374640
-0,054179 -0,205417 3,364351 0,287717 1,301449 3,247502 -0,549358 0,374667 2,907303 -0,098667 0,510978 3,325039
-0,052248 -0,213973 3,351012 0,285318 1,305596 3,242629 -0,527035 0,331456 2,885644 -0,072890 0,502805 3,267528
-0,049510 -0,215751 3,353707 0,281625 1,301283 3,238459 -0,523844 0,354917 2,860276 -0,091780 0,510915 3,349507
-0,049337 -0,214285 3,353755 0,284976 1,295835 3,227158 -0,532627 0,448652 2,809395 -0,092126 0,510879 3,349789
-0,048149 -0,219072 3,351460 0,288780 1,303892 3,249236 -0,494403 0,385544 2,789026 -0,098669 0,503986 3,324953
-0,045887 -0,213544 3,354508 0,292003 1,298811 3,245698 -0,499068 0,371239 2,864113 -0,088272 0,509215 3,337874
-0,050455 -0,215711 3,356474 0,300853 1,306653 3,264750 -0,496600 0,407295 2,845015 -0,088102 0,505731 3,337734
-0,046130 -0,221671 3,347975 0,293423 1,302803 3,253877 -0,499648 0,473932 2,811999 -0,104745 0,497375 3,277006
-0,051908 -0,218980 3,349772 0,291824 1,310930 3,265975 -0,503847 0,453911 2,841551 -0,095323 0,505680 3,337260
-0,052825 -0,218299 3,344812 0,292252 1,308069 3,249676 -0,500693 0,386330 2,891994 -0,102539 0,512640 3,336847
-0,051219 -0,215960 3,338516 0,287212 1,300571 3,240695 -0,498901 0,399201 2,894571 -0,088102 0,505731 3,337734
-0,055320 -0,220466 3,350160 0,286809 1,299760 3,236012 -0,492558 0,455401 2,866744 -0,092126 0,510879 3,349789
-0,045904 -0,221162 3,349615 0,284254 1,300458 3,237115 -0,494176 0,696458 2,857956 -0,099734 0,503633 3,373581
-0,040476 -0,225908 3,343004 0,283619 1,298023 3,225125 -0,520578 0,904886 2,929379 -0,085154 0,517913 3,374736
-0,036392 -0,221874 3,360300 0,287648 1,303925 3,239082 -0,527588 0,996722 2,990726 -0,096693 0,519509 3,386548
-0,041165 -0,217191 3,355370 0,287426 1,309938 3,254873 -0,495090 1,197565 3,217759 -0,093116 0,517753 3,399192
-0,041240 -0,212711 3,354186 0,286461 1,311066 3,269858 -0,478281 1,262334 3,280851 -0,085154 0,517913 3,374736
-0,046670 -0,216348 3,355680 0,292709 1,309705 3,279931 -0,467062 1,292844 3,339705 -0,092939 0,528486 3,399239
