45 12
-0,042456 -0,206913 3,387567 0,285626 1,317664 3,246267 -0,532675 1,297895 3,268883 -0,027215 0,601851 3,480273
-0,041095 -0,206306 3,403993 0,282427 1,322434 3,247115 -0,537441 1,288549 3,258019 -0,034864 0,606003 3,506403
-0,037073 -0,209282 3,406218 0,282669 1,318632 3,242160 -0,548000 1,285285 3,247987 -0,038551 0,603893 3,493046
-0,042057 -0,207099 3,397140 0,291381 1,319014 3,249787 -0,563492 1,250144 3,230085 -0,031027 0,603920 3,493296
-0,038352 -0,206068 3,399884 0,292216 1,317542 3,243336 -0,584383 1,217124 3,189182 -0,027027 0,598199 3,480155
-0,038446 -0,207743 3,393703 0,291358 1,321835 3,240737 -0,608721 1,161025 3,153274 -0,027214 0,601851 3,480272
-0,036976 -0,202589 3,402013 0,292064 1,311853 3,248885 -0,636492 1,093610 3,082062 -0,027403 0,605487 3,480300
-0,038817 -0,210952 3,397531 0,290552 1,308887 3,226917 -0,658871 0,992159 3,020593 -0,027225 0,594528 3,480156
-0,040141 -0,210962 3,396350 0,296314 1,300832 3,223672 -0,674331 0,870294 2,985936 -0,027027 0,598199 3,480155
-0,041201 -0,208393 3,387573 0,293818 1,316121 3,224348 -0,670800 0,723971 2,947605 -0,027027 0,598199 3,480155
-0,045269 -0,206881 3,391623 0,296592 1,309585 3,230271 -0,655409 0,595338 2,945637 -0,030839 0,600256 3,493173
-0,046708 -0,203288 3,385036 0,295872 1,308907 3,226275 -0,633456 0,473623 2,922024 -0,038388 0,592449 3,466751
-0,044035 -0,204673 3,384003 0,291289 1,308805 3,224929 -0,628703 0,403832 2,914338 -0,045885 0,600199 3,492626
-0,042715 -0,204216 3,399223 0,297232 1,316229 3,231940 -0,640639 0,393763 2,940067 -0,041833 0,594054 3,453648
-0,038182 -0,207603 3,383186 0,291108 1,316216 3,222564 -0,653198 0,418303 2,932675 -0,042223 0,594475 3,479657
-0,035662 -0,209791 3,385034 0,293642 1,309420 3,218752 -0,681844 0,475633 2,924375 -0,031100 0,596097 3,467029
-0,033415 -0,203830 3,393488 0,290483 1,308489 3,218506 -0,701534 0,541999 2,936529 -0,038221 0,588409 3,440936
-0,035460 -0,204058 3,393937 0,284576 1,311781 3,224126 -0,692554 0,558015 2,944561 -0,049768 0,602264 3,505694
-0,034496 -0,203223 3,390927 0,287616 1,320263 3,246094 -0,675334 0,527681 2,910231 -0,041840 0,586394 3,428027
-0,039486 -0,205788 3,388477 0,283273 1,305491 3,222800 -0,657979 0,472857 2,924420 -0,038221 0,588409 3,440936
-0,044206 -0,204902 3,390188 0,281187 1,302030 3,217035 -0,619285 0,392923 2,883133 -0,038576 0,596069 3,466788
-0,045255 -0,204978 3,385209 0,279065 1,304732 3,226929 -0,608709 0,346328 2,911952 -0,045834 0,591972 3,440701
-0,044657 -0,201092 3,392972 0,280670 1,314485 3,220974 -0,600929 0,326706 2,940910 -0,042600 0,601725 3,479651
-0,042560 -0,207366 3,394769 0,277882 1,293950 3,198611 -0,603746 0,330645 2,942910 -0,038221 0,588409 3,440936
-0,045249 -0,205726 3,395968 0,280014 1,301821 3,201644 -0,612691 0,364335 2,933557 -0,034578 0,590435 3,453927
-0,038585 -0,205756 3,390826 0,278002 1,296710 3,200475 -0,620805 0,409571 2,938703 -0,030717 0,596134 3,466994
-0,039082 -0,206934 3,387320 0,273275 1,304186 3,206261 -0,625601 0,428864 2,940824 -0,030913 0,592475 3,466999
-0,040316 -0,207743 3,392897 0,271845 1,294401 3,194968 -0,612100 0,404438 2,931294 -0,038203 0,588813 3,466626
-0,041886 -0,205179 3,393115 0,276037 1,284585 3,177565 -0,598515 0,373311 2,944443 -0,038407 0,592004 3,440969
-0,043794 -0,206509 3,401388 0,271157 1,296544 3,190323 -0,580688 0,356220 2,950525 -0,049196 0,585960 3,402492
-0,040158 -0,206803 3,398677 0,267575 1,294931 3,186296 -0,571982 0,360503 2,956308 -0,038407 0,592004 3,440969
-0,042754 -0,205701 3,383133 0,268594 1,313670 3,206623 -0,563778 0,395225 2,966484 -0,038388 0,592449 3,466751
-0,044021 -0,204735 3,384060 0,267588 1,312313 3,199521 -0,562236 0,457801 2,948957 -0,034538 0,590855 3,479797
-0,040168 -0,200354 3,378164 0,270446 1,305183 3,194504 -0,560602 0,551210 2,956760 -0,035061 0,602289 3,506317
-0,044664 -0,201010 3,374522 0,271599 1,306661 3,195706 -0,562341 0,668745 2,991748 -0,027225 0,594528 3,480156
-0,042998 -0,201368 3,374789 0,267019 1,314244 3,197023 -0,569298 0,782546 3,001928 -0,030653 0,596576 3,492959
-0,039771 -0,194173 3,366584 0,270710 1,312713 3,207194 -0,565573 0,906212 3,020659 -0,030913 0,592475 3,466999
-0,040647 -0,200719 3,382958 0,272850 1,329514 3,235407 -0,564987 1,016922 3,054208 -0,027225 0,594528 3,480156
-0,039389 -0,204498 3,379334 0,279390 1,314728 3,224382 -0,562345 1,109729 3,107975 -0,030717 0,596134 3,466994
-0,034877 -0,202382 3,368670 0,287293 1,318812 3,238543 -0,550643 1,191188 3,135436 -0,027411 0,598163 3,480183
-0,032791 -0,202094 3,381302 0,290146 1,319838 3,230904 -0,546075 1,262508 3,212610 -0,027215 0,601851 3,480273
-0,036484 -0,196607 3,381468 0,285803 1,312495 3,211251 -0,532637 1,296627 3,274485 -0,035206 0,613927 3,533180
-0,038074 -0,208268 3,379383 0,291935 1,321411 3,239505 -0,517665 1,332536 3,330185 -0,027214 0,601851 3,480272
-0,038256 -0,203192 3,373058 0,293482 1,318707 3,233872 -0,496809 1,344103 3,365679 -0,023315 0,600277 3,493399
-0,037365 -0,200447 3,377803 0,294918 1,305205 3,232718 -0,486043 1,353181 3,414608 -0,031092 0,603395 3,467143
