25 12
-0,032532 -0,222823 3,403756 0,308378 1,304979 3,292056 -0,527823 1,114003 3,285286 -0,030545 0,585188 3,466674
-0,027769 -0,221811 3,387575 0,296984 1,291336 3,265541 -0,619441 1,035421 3,333599 -0,027631 0,591675 3,533023
-0,023068 -0,219707 3,390330 0,292392 1,300574 3,268361 -0,671113 0,907443 3,244969 -0,034186 0,576200 3,479164
-0,016420 -0,213891 3,423806 0,295626 1,302983 3,277320 -0,734268 0,473336 2,987935 -0,034416 0,572283 3,453586
-0,005649 -0,216330 3,420887 0,295337 1,306916 3,270113 -0,738789 0,039239 3,002892 -0,031065 0,574545 3,492817
-0,007995 -0,223281 3,414707 0,298851 1,311036 3,278471 -0,714041 -0,142353 2,974748 -0,034367 0,579876 3,479467
0,000145 -0,223502 3,430931 0,315359 1,320973 3,312705 -0,684197 -0,472733 3,078704 -0,042428 0,576155 3,479345
0,002195 -0,223162 3,423609 0,316246 1,314710 3,297478 -0,598441 -0,668198 2,943038 -0,050048 0,572078 3,452794
-0,002778 -0,206492 3,432989 0,314082 1,312874 3,296916 -0,570165 -0,748043 2,925201 -0,035049 0,567935 3,402194
-0,003258 -0,194284 3,427333 0,316475 1,316508 3,315408 -0,532132 -0,840757 2,953326 -0,035259 0,591187 3,506015
-0,009198 -0,203243 3,434732 0,308084 1,314109 3,316463 -0,469088 -0,835822 2,864217 -0,039112 0,608028 3,519460
-0,004177 -0,209907 3,417718 0,308752 1,320873 3,327918 -0,450039 -0,840006 2,853452 -0,035445 0,594813 3,505868
-0,002797 -0,207927 3,439805 0,307663 1,333767 3,345758 -0,434163 -0,838747 2,857728 -0,039495 0,593093 3,518697
0,003631 -0,214260 3,428195 0,310094 1,326905 3,333010 -0,429285 -0,820920 2,839690 -0,031293 0,592406 3,466855
-0,000376 -0,201940 3,431439 0,305684 1,334944 3,333749 -0,442366 -0,821447 2,862467 -0,027419 0,590841 3,480067
-0,009419 -0,206293 3,413907 0,299523 1,316300 3,309604 -0,473423 -0,784182 2,803819 -0,042607 0,587084 3,479414
-0,002404 -0,212661 3,411735 0,301451 1,322982 3,320736 -0,549922 -0,756519 2,894575 -0,035114 0,579798 3,479548
0,003142 -0,215632 3,397588 0,304421 1,314831 3,300356 -0,574295 -0,711929 2,881251 -0,042238 0,579840 3,479422
0,018672 -0,221756 3,427857 0,299899 1,322229 3,290318 -0,615429 -0,454322 2,839472 -0,038234 0,566948 3,466285
0,032716 -0,220475 3,395572 0,295303 1,333297 3,291187 -0,673322 -0,088050 2,910855 -0,038404 0,570863 3,492436
0,034891 -0,225379 3,409712 0,301313 1,333636 3,302724 -0,678285 0,150051 2,867205 -0,039137 0,570720 3,492166
0,022606 -0,222726 3,380250 0,296750 1,332642 3,305967 -0,654275 0,679672 3,137736 -0,042046 0,583510 3,479409
0,000112 -0,231275 3,421167 0,290215 1,326271 3,314049 -0,562695 0,973485 3,146583 -0,038238 0,573927 3,440720
-0,020798 -0,236971 3,421280 0,288369 1,317597 3,315592 -0,502820 1,073779 3,238916 -0,027435 0,576208 3,479833
-0,044457 -0,233089 3,384834 0,298800 1,321551 3,316965 -0,459574 1,176136 3,412825 -0,030572 0,570611 3,466449
