36 12
-0,030476 -0,221783 3,402918 0,375954 1,313014 3,291873 -0,475494 1,133183 3,371608 -0,064083 0,510557 3,451202
-0,031259 -0,204546 3,399433 0,367889 1,306672 3,265692 -0,527454 1,079218 3,289597 -0,060687 0,515945 3,464531
-0,027967 -0,210888 3,404936 0,365503 1,306818 3,265684 -0,607305 0,972203 3,242164 -0,063907 0,514166 3,450996
-0,026223 -0,209691 3,404595 0,366488 1,301438 3,247607 -0,688609 0,795564 3,137743 -0,056195 0,510718 3,425817
-0,028219 -0,218379 3,405290 0,362517 1,310635 3,260745 -0,746592 0,578998 3,099625 -0,067277 0,505371 3,412806
-0,025009 -0,210940 3,415867 0,368846 1,321936 3,252823 -0,777681 0,357240 3,083687 -0,070965 0,510649 3,425042
-0,023505 -0,214476 3,405113 0,355203 1,310205 3,233139 -0,784467 0,146190 3,037290 -0,074637 0,505332 3,412397
-0,024400 -0,210400 3,404976 0,362535 1,308569 3,247959 -0,774416 -0,049454 3,032257 -0,074250 0,501946 3,387365
-0,023947 -0,214200 3,408389 0,362820 1,319188 3,269695 -0,743996 -0,228901 3,026109 -0,071337 0,514129 3,450590
-0,029141 -0,214494 3,410770 0,368292 1,308811 3,260479 -0,710846 -0,380818 3,022804 -0,078943 0,510477 3,450371
-0,037035 -0,219780 3,409652 0,368612 1,306615 3,254222 -0,665652 -0,501679 3,020578 -0,082435 0,508721 3,437329
-0,042055 -0,218253 3,415325 0,367524 1,293609 3,259677 -0,625310 -0,603468 3,015859 -0,086077 0,503375 3,424503
-0,050302 -0,213556 3,423655 0,365265 1,302853 3,264800 -0,584428 -0,686197 3,006206 -0,082164 0,508858 3,412193
-0,055680 -0,209724 3,412747 0,365840 1,308032 3,264163 -0,547981 -0,739677 2,987918 -0,088740 0,498481 3,362061
-0,061102 -0,205452 3,413593 0,366753 1,312945 3,290564 -0,514535 -0,764770 2,982811 -0,095665 0,498468 3,361300
-0,065282 -0,211414 3,410499 0,363075 1,311813 3,295697 -0,482537 -0,792740 2,998659 -0,096004 0,491372 3,361493
-0,068237 -0,212450 3,398303 0,361372 1,311529 3,286227 -0,451066 -0,796234 2,987777 -0,088574 0,494977 3,361917
-0,066391 -0,206011 3,400666 0,352799 1,302631 3,280865 -0,424970 -0,807894 2,984951 -0,096004 0,491372 3,361493
-0,072724 -0,213055 3,389682 0,351315 1,306655 3,276652 -0,411874 -0,795427 2,968898 -0,085165 0,496653 3,374449
-0,068904 -0,207944 3,404750 0,347660 1,307865 3,287022 -0,407040 -0,783529 2,958773 -0,092111 0,496617 3,373532
-0,069516 -0,209842 3,395771 0,347071 1,315268 3,274046 -0,405080 -0,784207 2,965638 -0,089045 0,498292 3,386604
-0,070796 -0,210992 3,402214 0,348447 1,306490 3,272788 -0,409688 -0,755402 2,968233 -0,092452 0,496604 3,373981
-0,064742 -0,211849 3,389423 0,352438 1,295372 3,269066 -0,419572 -0,724764 2,966703 -0,095834 0,501985 3,361531
-0,063529 -0,211833 3,387572 0,353730 1,313801 3,285888 -0,442436 -0,658053 2,978619 -0,096004 0,498429 3,361587
-0,058670 -0,212402 3,404497 0,347658 1,302647 3,251086 -0,467621 -0,547594 2,987997 -0,085614 0,507124 3,399408
-0,047109 -0,213583 3,394712 0,341858 1,315877 3,263988 -0,507780 -0,378084 2,985359 -0,092777 0,503519 3,398696
-0,042563 -0,210212 3,398938 0,345304 1,329931 3,271108 -0,554820 -0,176885 2,999035 -0,096704 0,505191 3,410996
-0,036663 -0,208654 3,389113 0,352452 1,313338 3,262377 -0,598068 0,073695 2,998414 -0,088868 0,508966 3,386568
-0,030892 -0,222216 3,391457 0,352531 1,323787 3,258111 -0,622936 0,330357 2,948023 -0,092772 0,510651 3,398796
-0,035054 -0,213648 3,397894 0,357946 1,316347 3,258485 -0,652626 0,612654 2,943571 -0,092772 0,510651 3,398796
-0,036309 -0,205830 3,396657 0,359707 1,308323 3,266162 -0,657377 0,838302 3,036537 -0,092944 0,514208 3,399036
-0,042905 -0,210090 3,391201 0,354581 1,317342 3,266114 -0,626269 1,004138 3,149512 -0,078274 0,514306 3,399953
-0,042945 -0,210530 3,383400 0,362259 1,306358 3,262061 -0,578966 1,111720 3,243922 -0,078098 0,517883 3,399824
-0,048303 -0,208589 3,387933 0,359234 1,328454 3,270239 -0,530147 1,174524 3,339285 -0,074412 0,512604 3,387684
-0,052875 -0,210474 3,389118 0,361705 1,307433 3,261650 -0,475264 1,208558 3,379668 -0,081983 0,519608 3,412165
-0,055599 -0,206395 3,377210 0,359827 1,307042 3,260791 -0,450675 1,218993 3,403404 -0,074412 0,512604 3,387684
