32 12
-0,036512 -0,187926 3,406721 0,321782 1,293011 3,243079 -0,439848 1,233125 3,176206 -0,019840 0,608639 3,454598
-0,040039 -0,187993 3,408442 0,319786 1,300218 3,246476 -0,420432 1,127190 3,051752 -0,019650 0,605025 3,454580
-0,041401 -0,192522 3,410870 0,326019 1,301419 3,258124 -0,389207 1,007126 2,930303 -0,023227 0,603453 3,467332
-0,043759 -0,194854 3,401445 0,328778 1,300942 3,250295 -0,363488 0,875383 2,834301 -0,018959 0,594487 3,479609
-0,045889 -0,192511 3,408200 0,328264 1,304487 3,264559 -0,333534 0,748770 2,755323 -0,022672 0,592440 3,466462
-0,046652 -0,195565 3,403113 0,320911 1,315743 3,259693 -0,298246 0,647773 2,702810 -0,026642 0,598170 3,479766
-0,050452 -0,195392 3,406961 0,320918 1,299199 3,260087 -0,240113 0,577044 2,685961 -0,023315 0,600277 3,493399
-0,051629 -0,194022 3,416857 0,317072 1,317944 3,281931 -0,152779 0,523660 2,663276 -0,015589 0,603960 3,493513
-0,053207 -0,201434 3,421566 0,317401 1,314823 3,288555 -0,059425 0,496998 2,641248 -0,012024 0,598231 3,480545
-0,055442 -0,195712 3,415939 0,310017 1,305938 3,257551 -0,005029 0,496577 2,710864 -0,015775 0,607643 3,493713
-0,051995 -0,199256 3,405920 0,314242 1,299142 3,256668 -0,014156 0,484111 2,748853 -0,004506 0,605565 3,480809
-0,046995 -0,190591 3,414799 0,315581 1,302923 3,257822 -0,054262 0,459942 2,752877 -0,012383 0,608654 3,454761
-0,042209 -0,190689 3,407537 0,315486 1,300629 3,254553 -0,108307 0,450113 2,741217 -0,012387 0,612851 3,480776
-0,043671 -0,185608 3,415702 0,318455 1,300644 3,248637 -0,147237 0,436726 2,705398 -0,008835 0,614364 3,467713
-0,044496 -0,190139 3,417037 0,315022 1,301575 3,262306 -0,156867 0,426802 2,644260 -0,004925 0,608665 3,454895
-0,047065 -0,192641 3,409060 0,319173 1,292181 3,246047 -0,114796 0,438940 2,642629 -0,008456 0,607124 3,467786
-0,048783 -0,191015 3,413867 0,324270 1,298251 3,243375 -0,059501 0,445882 2,639667 -0,004737 0,605050 3,454891
-0,049823 -0,195851 3,421433 0,330036 1,319203 3,279676 -0,021804 0,465100 2,691004 -0,004551 0,601419 3,454799
-0,045171 -0,194665 3,412762 0,327326 1,306996 3,262786 -0,023878 0,482660 2,737139 -0,004737 0,605050 3,454891
-0,040892 -0,195435 3,403527 0,328114 1,291736 3,238080 -0,044564 0,483085 2,732324 -0,000975 0,607132 3,467912
-0,039493 -0,200524 3,403043 0,333888 1,304799 3,244716 -0,074123 0,493771 2,717951 -0,000805 0,596189 3,467711
-0,037160 -0,198273 3,398160 0,326510 1,289724 3,227290 -0,103919 0,513673 2,694559 -0,004185 0,594114 3,454351
-0,034666 -0,196311 3,408891 0,320459 1,281473 3,209876 -0,135056 0,566095 2,690767 -0,004185 0,594114 3,454351
-0,035593 -0,205597 3,408229 0,319376 1,294530 3,223285 -0,162061 0,657628 2,701746 -0,000066 0,588764 3,466571
-0,029793 -0,209742 3,401816 0,318274 1,290315 3,210315 -0,189957 0,759347 2,732064 -0,000641 0,585238 3,467421
-0,026635 -0,198810 3,397358 0,321402 1,289735 3,221977 -0,226171 0,867657 2,790846 0,011878 0,560848 3,450242
-0,026280 -0,195939 3,398904 0,323091 1,291393 3,215787 -0,272115 0,985790 2,852588 0,007529 0,592829 3,492857
-0,025509 -0,197060 3,389001 0,324564 1,309739 3,232826 -0,321176 1,092809 2,941781 -0,000604 0,599829 3,467643
-0,026835 -0,196337 3,376065 0,336240 1,295590 3,236466 -0,373589 1,181569 3,048822 -0,008290 0,599364 3,441859
-0,027675 -0,193051 3,367881 0,341988 1,307155 3,249568 -0,411252 1,266103 3,162506 -0,008684 0,602472 3,416475
-0,025205 -0,193354 3,369877 0,350711 1,325811 3,266587 -0,433586 1,317126 3,249319 -0,012191 0,600926 3,429094
-0,029300 -0,188853 3,359940 0,353614 1,317617 3,255764 -0,451509 1,348382 3,326834 -0,008497 0,598895 3,416471
