18 12
-0,045933 -0,213547 3,416088 0,343121 1,299473 3,358227 -0,461217 1,051455 3,205613 -0,004364 0,569227 3,506389
-0,043089 -0,208175 3,424427 0,342223 1,305434 3,376451 -0,467018 0,938200 3,107738 -0,007782 0,567200 3,492560
-0,042205 -0,206115 3,436678 0,337699 1,301322 3,369704 -0,513949 0,594877 2,804671 -0,012082 0,568964 3,480087
-0,039787 -0,212563 3,431642 0,335253 1,305810 3,365010 -0,552421 0,320392 2,750722 -0,008699 0,574271 3,467236
-0,043870 -0,216454 3,436425 0,329901 1,320713 3,388506 -0,578790 0,195546 2,702080 0,002678 0,594993 3,507032
-0,040350 -0,194914 3,452853 0,316265 1,277515 3,310519 -0,634145 0,032976 2,447474 -0,027559 0,611962 3,615608
-0,043156 -0,173589 3,455114 0,313039 1,286417 3,328838 -0,672792 -0,011337 2,453586 -0,027911 0,614491 3,560334
-0,041022 -0,173344 3,442727 0,307669 1,291590 3,335585 -0,670842 -0,012367 2,411602 -0,039100 0,608610 3,546429
-0,030953 -0,179091 3,481515 0,290773 1,292384 3,299643 -0,674701 -0,008283 2,391706 -0,027899 0,629463 3,560608
-0,021826 -0,189447 3,446254 0,294928 1,288904 3,305550 -0,671722 0,008884 2,408125 -0,023739 0,616742 3,574307
-0,018181 -0,178525 3,446165 0,299122 1,290721 3,300517 -0,665485 0,023113 2,417840 -0,023959 0,615486 3,520031
-0,005024 -0,191133 3,464407 0,313440 1,323027 3,331393 -0,622606 0,110340 2,534342 -0,016802 0,627148 3,546710
0,006658 -0,205295 3,442403 0,315795 1,319158 3,318498 -0,559835 0,302500 2,583653 0,010591 0,587650 3,507030
0,007672 -0,222497 3,401929 0,321353 1,341051 3,358195 -0,536431 0,450488 2,674985 0,014430 0,582299 3,520258
0,013233 -0,210444 3,414086 0,327950 1,329511 3,344923 -0,471550 0,829973 3,025993 0,011472 0,561389 3,478301
0,005793 -0,215479 3,401971 0,320721 1,339739 3,344272 -0,476855 1,046353 3,159889 0,010573 0,580283 3,506912
-0,001909 -0,210302 3,407618 0,318988 1,326923 3,336028 -0,440649 1,106335 3,255335 0,007228 0,582268 3,519845
-0,008901 -0,210661 3,380647 0,314882 1,325476 3,323708 -0,437843 1,141450 3,333735 -0,004420 0,575969 3,454296
