20 12
-0,115535 -0,209688 3,443927 0,333263 1,053428 3,446651 -0,542146 1,000643 3,317604 -0,137355 0,537306 3,538533
-0,114870 -0,209845 3,443075 0,484327 0,777074 3,039651 -0,728543 0,876266 3,523182 -0,130736 0,544887 3,566706
-0,119365 -0,223423 3,450528 0,575062 0,645044 3,021240 -0,823399 0,715421 3,452370 -0,126361 0,539306 3,553082
-0,115629 -0,217987 3,476159 0,790559 0,400640 3,288262 -0,892279 0,369766 3,088440 -0,126541 0,535575 3,553257
-0,117834 -0,221129 3,486691 0,875776 0,150918 3,053627 -1,069832 0,098873 3,268593 -0,125974 0,528127 3,526355
-0,121474 -0,217787 3,490990 0,934165 0,084062 3,053080 -1,143934 0,004066 3,284016 -0,114130 0,522747 3,513716
-0,123504 -0,223253 3,510010 1,124021 0,035839 3,236355 -1,206215 -0,098251 3,020781 -0,092200 0,522850 3,542213
-0,124154 -0,219691 3,508866 1,162522 0,104039 3,201225 -1,349828 -0,030805 3,115032 -0,087323 0,517485 3,502061
-0,124043 -0,231672 3,504934 1,161780 0,148906 3,209508 -1,335275 0,019533 3,072825 -0,095351 0,506365 3,501714
-0,126577 -0,230539 3,501572 1,181641 0,173768 3,243897 -1,348560 0,000435 3,148438 -0,102531 0,506373 3,501052
-0,126700 -0,224584 3,492537 1,202441 0,122684 3,242904 -1,347714 -0,087585 3,133435 -0,103287 0,513560 3,527848
-0,127147 -0,237177 3,489851 1,206897 0,108566 3,238812 -1,352602 -0,137464 3,131343 -0,098328 0,501019 3,487886
-0,124153 -0,224953 3,505740 1,194238 0,123433 3,272460 -1,355443 -0,163616 3,161824 -0,091005 0,504710 3,488660
-0,121200 -0,220570 3,491639 1,177941 0,162940 3,244602 -1,357146 -0,054880 3,167167 -0,097950 0,501208 3,462092
-0,120001 -0,224689 3,494460 1,156651 0,205516 3,274904 -1,331308 0,010947 3,141155 -0,094841 0,517434 3,501559
-0,116429 -0,224242 3,491495 0,997452 0,325930 3,099321 -1,305611 0,195960 3,340848 -0,092028 0,519167 3,542029
-0,107355 -0,226587 3,465864 0,903914 0,564778 3,417730 -1,025764 0,453703 3,028824 -0,091683 0,519223 3,515396
-0,103953 -0,210950 3,446990 0,805580 0,674697 3,441571 -0,892483 0,594043 2,967239 -0,095727 0,535781 3,528774
-0,100662 -0,204285 3,450972 0,543904 0,830916 3,127590 -0,731387 1,034235 3,631203 -0,091846 0,537710 3,542155
-0,099962 -0,208117 3,445753 0,350980 1,069663 3,556014 -0,525861 1,054886 3,402108 -0,110056 0,568587 3,680875
