42 12
-0,035312 -0,182441 3,375682 0,281672 1,340812 3,275058 -0,444595 1,186650 3,160773 0,002841 0,623889 3,481243
-0,039165 -0,190748 3,371692 0,284300 1,329596 3,285704 -0,455804 1,110803 3,080815 0,003031 0,620228 3,481154
-0,033807 -0,184470 3,376327 0,288538 1,337776 3,288173 -0,460090 0,989820 2,977566 0,006934 0,621739 3,468084
-0,035221 -0,191968 3,377234 0,293860 1,348368 3,297887 -0,468919 0,858259 2,892761 0,003035 0,608165 3,429299
-0,031741 -0,187667 3,390696 0,302917 1,336500 3,287417 -0,477675 0,703137 2,793772 0,010399 0,615979 3,455219
-0,030578 -0,183662 3,392570 0,297760 1,340914 3,289096 -0,492685 0,557417 2,732113 0,013829 0,625376 3,468279
-0,027656 -0,188847 3,391454 0,302044 1,350936 3,310096 -0,499629 0,413738 2,688010 0,010018 0,623235 3,455286
-0,027881 -0,184003 3,406430 0,304864 1,346581 3,303114 -0,506612 0,296148 2,633243 0,009628 0,630427 3,455000
-0,025153 -0,182971 3,408559 0,303271 1,348245 3,308758 -0,511681 0,207951 2,565362 0,009774 0,642117 3,481140
-0,028304 -0,183203 3,412168 0,297269 1,334260 3,276455 -0,523668 0,131880 2,508394 -0,005363 0,654742 3,533892
-0,024694 -0,184824 3,414371 0,307116 1,344029 3,299762 -0,530294 0,083299 2,455691 -0,009570 0,656823 3,546410
-0,026430 -0,189625 3,418100 0,306269 1,330777 3,297667 -0,535288 0,046378 2,415331 -0,021043 0,659110 3,559844
-0,026163 -0,182961 3,429102 0,310133 1,330595 3,300031 -0,545143 0,019785 2,385277 -0,017199 0,656806 3,546301
-0,023509 -0,179526 3,424848 0,308699 1,341225 3,303251 -0,547041 -0,000501 2,351864 -0,016614 0,665514 3,574981
-0,021829 -0,173082 3,430760 0,309214 1,336162 3,291724 -0,556962 -0,006135 2,348951 -0,012984 0,671584 3,588602
-0,022032 -0,181913 3,427438 0,312395 1,330879 3,297758 -0,554462 -0,004537 2,318502 -0,016993 0,660659 3,546885
-0,017041 -0,179491 3,434487 0,311735 1,335433 3,303311 -0,557725 -0,004481 2,317082 -0,012965 0,662178 3,533911
-0,018510 -0,183981 3,435728 0,312617 1,335646 3,307333 -0,558920 0,000052 2,319542 -0,005568 0,658370 3,533526
-0,016760 -0,178328 3,445820 0,313984 1,358081 3,321753 -0,551689 -0,001344 2,310704 -0,005317 0,666861 3,561172
-0,015776 -0,180754 3,445337 0,313589 1,332253 3,304239 -0,551349 0,000118 2,314976 -0,012965 0,662178 3,533911
-0,014392 -0,181683 3,430350 0,314938 1,336985 3,304534 -0,554844 0,002224 2,312502 -0,013183 0,662997 3,560564
-0,016395 -0,182500 3,437047 0,303998 1,343242 3,290831 -0,553980 -0,000099 2,319564 -0,009363 0,660676 3,547001
-0,016176 -0,180423 3,443797 0,308104 1,350480 3,299561 -0,561387 -0,003128 2,318875 -0,009379 0,656067 3,520054
-0,014874 -0,181470 3,442678 0,313571 1,348075 3,309490 -0,567279 -0,005904 2,329626 -0,005119 0,655687 3,561311
-0,016982 -0,184204 3,433822 0,309300 1,342937 3,305117 -0,571126 -0,003403 2,320131 -0,005363 0,654742 3,533892
-0,017975 -0,186019 3,427321 0,304246 1,340396 3,293540 -0,573856 -0,002476 2,331213 -0,005363 0,654742 3,533892
-0,017388 -0,181760 3,429199 0,306793 1,346651 3,303706 -0,576493 0,008995 2,347784 -0,012761 0,658531 3,534174
-0,015141 -0,193097 3,432173 0,309035 1,328694 3,279627 -0,568130 0,028115 2,356829 -0,001533 0,649574 3,547329
-0,013356 -0,188939 3,416215 0,301361 1,354375 3,295708 -0,548825 0,067137 2,378204 0,005982 0,645050 3,520445
-0,010485 -0,191789 3,427954 0,301513 1,345693 3,299387 -0,533839 0,135138 2,428726 0,005755 0,636178 3,467671
-0,006205 -0,188488 3,420300 0,305780 1,353552 3,296568 -0,518194 0,231148 2,483943 0,017273 0,634775 3,481053
0,000773 -0,187996 3,408328 0,304733 1,349448 3,293119 -0,509109 0,354903 2,549122 0,017470 0,631162 3,481250
0,004774 -0,191935 3,411081 0,299477 1,349238 3,293140 -0,510097 0,513914 2,620093 0,021524 0,629700 3,494514
0,003128 -0,194330 3,409300 0,304287 1,356842 3,307165 -0,523322 0,682039 2,736831 0,036355 0,613837 3,442408
0,001194 -0,193169 3,407886 0,303841 1,346986 3,302946 -0,544104 0,836541 2,825863 0,033059 0,620196 3,481317
-0,000286 -0,197293 3,406186 0,304446 1,342577 3,287205 -0,560885 0,974903 2,938875 0,025112 0,612320 3,455258
-0,001183 -0,193381 3,407735 0,304657 1,349090 3,300885 -0,552082 1,099054 3,046209 0,017858 0,615974 3,455275
-0,006624 -0,197134 3,397524 0,310625 1,348020 3,301017 -0,538444 1,187588 3,146837 0,010210 0,619615 3,455297
-0,011534 -0,195072 3,406786 0,307187 1,343512 3,297327 -0,520782 1,250438 3,254294 0,014021 0,621743 3,468292
-0,014092 -0,196210 3,401062 0,313480 1,345676 3,298380 -0,497734 1,296155 3,331321 0,010538 0,620227 3,481240
-0,013910 -0,195666 3,396239 0,312794 1,345697 3,289726 -0,478592 1,307862 3,370371 0,006537 0,621745 3,468229
-0,019338 -0,195957 3,402048 0,305878 1,339244 3,272557 -0,457511 1,307562 3,383408 0,010538 0,620227 3,481240
