18 12
-0,176822 -0,194247 3,415713 0,775295 1,139581 3,487881 -0,527114 1,100774 3,339924 -0,132199 0,560848 3,473612
-0,173960 -0,193905 3,411529 0,776136 1,118161 3,437141 -0,477706 0,975575 3,142218 -0,128083 0,544429 3,460689
-0,165486 -0,195394 3,422249 0,786258 1,126958 3,434439 -0,433244 0,862700 2,979288 -0,123986 0,539124 3,473123
-0,159918 -0,196027 3,447263 0,807769 1,119233 3,485979 -0,362081 0,592023 2,966707 -0,118614 0,554031 3,527492
-0,163928 -0,194542 3,467784 0,804608 1,094605 3,449923 -0,163231 0,282261 2,657148 -0,126264 0,601272 3,621753
-0,167681 -0,184945 3,474274 0,812756 1,111755 3,466704 -0,076135 0,184450 2,588813 -0,122831 0,623757 3,667168
-0,176759 -0,201156 3,464675 0,810118 1,087392 3,467819 0,055911 0,070059 2,684774 -0,129284 0,626030 3,609597
-0,195848 -0,210516 3,473863 0,810256 1,078497 3,458996 0,141995 0,001109 2,534190 -0,103880 0,626114 3,474125
-0,198590 -0,220654 3,442059 0,812354 1,066414 3,445754 0,162608 -0,018917 2,551586 -0,115407 0,620803 3,486369
-0,203911 -0,222729 3,426133 0,824006 1,078725 3,453768 0,177079 -0,031622 2,559485 -0,108071 0,617030 3,486020
-0,194954 -0,203307 3,424843 0,817094 1,070573 3,451123 0,139112 0,003757 2,651351 -0,094341 0,644258 3,539624
-0,191440 -0,212148 3,424031 0,824101 1,091172 3,456280 0,099453 0,036804 2,703826 -0,122082 0,596348 3,514625
-0,179961 -0,180171 3,460765 0,812256 1,090254 3,470206 0,004908 0,138058 2,715728 -0,101180 0,602305 3,625478
-0,163149 -0,200351 3,417835 0,806096 1,116595 3,461840 -0,207373 0,394976 3,104920 -0,092018 0,578553 3,543112
-0,154940 -0,201174 3,405829 0,810874 1,123902 3,492179 -0,296886 0,565790 3,133317 -0,111145 0,561785 3,554743
-0,150494 -0,202952 3,401335 0,804082 1,120702 3,482304 -0,429111 0,882978 3,100411 -0,131634 0,549984 3,472978
-0,151454 -0,204113 3,399806 0,804008 1,111517 3,519897 -0,544626 1,048999 3,331401 -0,120831 0,555357 3,461437
-0,147334 -0,205451 3,394869 0,803662 1,092898 3,484814 -0,539938 1,077883 3,352626 -0,121535 0,566514 3,487657
