33 12
-0,050165 -0,202590 3,372614 0,287381 1,322937 3,276898 -0,414223 1,322144 3,301102 -0,057215 0,594402 3,479036
-0,047760 -0,203362 3,373711 0,284541 1,295243 3,242135 -0,403509 1,274143 3,256991 -0,060998 0,588665 3,465766
-0,048180 -0,204393 3,373706 0,278347 1,243025 3,216799 -0,387808 1,202971 3,183002 -0,057119 0,586672 3,452989
-0,052009 -0,203759 3,373288 0,257934 1,164973 3,161318 -0,361070 1,099978 3,125980 -0,064383 0,575763 3,452471
-0,047930 -0,202786 3,372863 0,233151 1,026206 3,085871 -0,333451 0,965328 3,047767 -0,052920 0,555794 3,439786
-0,046532 -0,214047 3,370269 0,196857 0,876063 3,021827 -0,302231 0,802131 2,991281 -0,049705 0,535912 3,452521
-0,048111 -0,213076 3,380629 0,160716 0,715754 2,960270 -0,268716 0,639812 2,920021 -0,049140 0,561337 3,452685
-0,047991 -0,208591 3,389219 0,116932 0,573829 2,871002 -0,249029 0,484777 2,901946 -0,049024 0,568074 3,402252
-0,047134 -0,204394 3,398802 0,095838 0,430133 2,805342 -0,224440 0,366521 2,859904 -0,019760 0,586067 3,403436
-0,045620 -0,202634 3,408379 0,084644 0,339148 2,818787 -0,208065 0,276964 2,797796 -0,041038 0,607040 3,377950
-0,045469 -0,208509 3,427816 0,066979 0,264938 2,751208 -0,190953 0,204524 2,738790 -0,048427 0,607980 3,427227
-0,047692 -0,205326 3,432619 0,049779 0,216463 2,685545 -0,180096 0,144471 2,644698 -0,039614 0,610135 3,374624
-0,048011 -0,182191 3,448244 0,065356 0,181290 2,569031 -0,185805 0,113130 2,553138 -0,067872 0,660823 3,440756
-0,048978 -0,179620 3,448614 0,098134 0,151468 2,500792 -0,235559 0,087257 2,466984 -0,055787 0,696927 3,478785
-0,043114 -0,201532 3,449016 0,156814 0,115301 2,392922 -0,317691 0,058932 2,401083 -0,070826 0,682121 3,477731
-0,039137 -0,219967 3,438091 0,256766 0,070765 2,343571 -0,421375 0,018859 2,378214 -0,051706 0,651773 3,514674
-0,046950 -0,206979 3,433775 0,380493 0,049471 2,314788 -0,546228 -0,014940 2,413247 -0,056202 0,612606 3,477990
-0,041684 -0,199426 3,442796 0,509871 0,041399 2,334196 -0,671409 -0,034649 2,459338 -0,052877 0,591977 3,440328
-0,038909 -0,212301 3,427771 0,639763 0,048920 2,392987 -0,783365 -0,046235 2,524813 -0,049212 0,564464 3,402190
-0,036775 -0,206629 3,414216 0,781353 0,066712 2,472919 -0,876781 -0,042456 2,593311 -0,048862 0,550192 3,401931
-0,031116 -0,220733 3,409360 0,896823 0,084668 2,605564 -0,941515 -0,024695 2,640424 -0,034169 0,543092 3,402395
-0,029002 -0,223831 3,395846 0,988900 0,107946 2,697137 -0,984359 0,005875 2,704455 -0,026897 0,543018 3,377811
-0,027404 -0,218953 3,369919 1,039313 0,135088 2,754332 -1,009959 0,045474 2,760381 -0,026712 0,546584 3,377805
-0,028152 -0,222100 3,361211 1,080181 0,178795 2,896219 -1,031473 0,090611 2,848564 -0,034342 0,546656 3,402503
-0,022138 -0,214942 3,348341 1,111603 0,244474 2,980391 -1,022775 0,150631 2,887970 -0,023091 0,548428 3,390332
-0,025336 -0,221542 3,337292 1,112198 0,294511 3,012919 -1,012805 0,218425 2,951751 -0,030364 0,548527 3,415011
-0,023808 -0,219327 3,335413 1,089149 0,349225 3,004070 -0,985520 0,287878 2,992337 -0,038091 0,555672 3,415066
-0,023762 -0,220526 3,337134 1,063333 0,567317 3,319753 -0,823371 0,452887 2,769432 -0,030714 0,555696 3,415311
-0,024865 -0,206591 3,328894 1,006496 0,706304 3,433433 -0,738937 0,552503 2,721729 -0,044860 0,558871 3,365012
-0,029038 -0,207069 3,335891 0,658091 0,915909 2,986846 -0,595331 0,999983 3,174625 -0,041483 0,571975 3,427594
-0,030959 -0,208147 3,347169 0,499642 1,208616 3,339820 -0,469411 1,147519 3,040930 -0,042032 0,582758 3,427958
-0,027588 -0,205066 3,353475 0,411208 1,294639 3,340056 -0,437646 1,217059 3,122410 -0,038229 0,581166 3,440828
-0,028072 -0,202246 3,365427 0,280805 1,273989 3,162917 -0,394740 1,266480 3,238251 -0,053265 0,584692 3,440292
