25 12
-0,042199 -0,191945 3,442904 0,308632 1,268457 3,209105 -0,461146 1,258518 3,232971 -0,030728 0,588839 3,466881
-0,042238 -0,193517 3,439042 0,313860 1,160435 3,113152 -0,435340 1,096365 3,128214 -0,027040 0,590878 3,480039
-0,038979 -0,194945 3,446000 0,296628 1,045695 3,048009 -0,419216 0,957267 3,035944 -0,030260 0,570323 3,440474
-0,042597 -0,201866 3,432381 0,195261 0,785804 2,862825 -0,402447 0,681259 2,965614 -0,015832 0,559723 3,466854
-0,041986 -0,198336 3,439506 0,155513 0,570549 2,860305 -0,312221 0,415801 2,824426 -0,008899 0,573937 3,441348
-0,042409 -0,193979 3,454568 0,123853 0,466355 2,804969 -0,281691 0,335416 2,788699 -0,012978 0,590301 3,453826
-0,039298 -0,197423 3,464116 0,066627 0,348005 2,713240 -0,254423 0,232657 2,749181 -0,011837 0,586482 3,428717
-0,040106 -0,196529 3,478022 0,076416 0,295201 2,564199 -0,198621 0,178237 2,589332 -0,053066 0,595587 3,440463
-0,039387 -0,197009 3,489422 0,079066 0,274348 2,503032 -0,214666 0,153081 2,582768 -0,061243 0,604301 3,518492
-0,035190 -0,194981 3,493234 0,149273 0,244695 2,519894 -0,310625 0,103328 2,378517 -0,036186 0,646996 3,532242
-0,033913 -0,196932 3,482237 0,281154 0,185704 2,297611 -0,484305 0,067151 2,526256 -0,027615 0,606524 3,533280
-0,037520 -0,188827 3,472840 0,377267 0,177081 2,265397 -0,584410 0,059697 2,547669 -0,025986 0,628537 3,531277
-0,035343 -0,192526 3,483505 0,607528 0,193243 2,504902 -0,712817 0,048615 2,391515 -0,027623 0,599098 3,533151
-0,034325 -0,198850 3,470724 0,730783 0,197366 2,398844 -0,951963 0,057777 2,648134 -0,011872 0,575961 3,454139
-0,033250 -0,205573 3,466016 0,812717 0,216825 2,472539 -1,002165 0,072484 2,674653 -0,019530 0,565062 3,453928
-0,035013 -0,206116 3,456165 0,999944 0,258627 2,687272 -1,046469 0,098549 2,681741 -0,015981 0,559517 3,441160
-0,034881 -0,209005 3,437769 1,036227 0,305046 2,771212 -1,082381 0,152313 2,746808 -0,012269 0,561435 3,454097
-0,032968 -0,216573 3,441481 1,050462 0,342600 2,848168 -1,068810 0,191971 2,797592 -0,004645 0,557824 3,454151
-0,035806 -0,208167 3,414057 1,051560 0,441912 2,901534 -1,050088 0,318401 2,986882 -0,012078 0,561238 3,428486
-0,033526 -0,207700 3,394809 1,019904 0,596117 3,193286 -0,903206 0,475767 2,831831 -0,027255 0,572578 3,479807
-0,035355 -0,207862 3,400531 0,971246 0,678728 3,224307 -0,817457 0,571949 2,825749 -0,038414 0,570577 3,466409
-0,029806 -0,202395 3,401920 0,724515 0,736177 3,031525 -0,689260 0,836357 3,260785 -0,019516 0,572322 3,454036
-0,029616 -0,196283 3,398677 0,601473 0,998989 3,330877 -0,495696 0,891034 3,029418 -0,019516 0,572322 3,454036
-0,031611 -0,197908 3,403767 0,518033 1,079236 3,314717 -0,458209 0,978273 3,064528 -0,019503 0,579587 3,454146
-0,030226 -0,201070 3,406086 0,369342 1,159773 3,134718 -0,397101 1,182442 3,245015 -0,019503 0,579587 3,454146
