24 12
-0,059897 -0,225918 3,336388 0,319025 1,294008 3,203919 -0,517558 1,145296 3,060755 -0,088102 0,505731 3,337734
-0,064308 -0,218589 3,350597 0,314870 1,305163 3,212171 -0,579348 1,016995 3,028273 -0,095832 0,509046 3,361624
-0,068776 -0,222847 3,356576 0,328827 1,291708 3,207523 -0,598892 0,855700 2,902563 -0,094982 0,498680 3,336730
-0,070453 -0,223271 3,358432 0,322218 1,291180 3,217429 -0,627194 0,550417 2,785324 -0,109756 0,505565 3,336228
-0,069517 -0,221553 3,347486 0,320386 1,287323 3,204994 -0,578382 0,379221 2,782367 -0,084441 0,507562 3,326030
-0,062491 -0,215509 3,350394 0,319009 1,291215 3,192932 -0,575028 0,377323 2,859458 -0,080056 0,499177 3,290394
-0,052439 -0,224200 3,372432 0,318553 1,285823 3,192818 -0,596078 0,424091 2,836949 -0,088272 0,509215 3,337874
-0,048081 -0,221696 3,361679 0,311649 1,284261 3,204401 -0,665500 0,469187 2,847074 -0,077465 0,507479 3,350539
-0,048716 -0,230207 3,361191 0,315016 1,275220 3,201185 -0,668822 0,458544 2,781031 -0,078039 0,507303 3,375122
-0,052461 -0,224509 3,357713 0,312393 1,281646 3,205009 -0,635127 0,404718 2,827643 -0,099368 0,503785 3,349211
-0,052633 -0,225198 3,360820 0,315085 1,261997 3,185303 -0,601799 0,393508 2,864984 -0,090995 0,500739 3,301554
-0,053473 -0,225117 3,365069 0,318808 1,265229 3,189847 -0,613324 0,407318 2,912072 -0,084103 0,500604 3,325683
-0,058754 -0,225226 3,363369 0,325143 1,256596 3,185607 -0,647995 0,392804 2,780443 -0,094821 0,502358 3,313219
-0,063672 -0,228730 3,369017 0,338725 1,259161 3,185410 -0,620563 0,364860 2,735537 -0,073454 0,498992 3,314583
-0,061175 -0,227168 3,372342 0,339674 1,273886 3,191674 -0,607136 0,362361 2,771782 -0,083579 0,500957 3,278555
-0,058412 -0,227270 3,368103 0,348222 1,246816 3,165560 -0,600600 0,357219 2,857406 -0,076847 0,504284 3,302555
-0,058781 -0,232703 3,382940 0,346791 1,242377 3,148346 -0,631920 0,384950 2,835141 -0,084276 0,497097 3,325811
-0,060154 -0,231207 3,377504 0,354584 1,249464 3,169860 -0,637843 0,424666 2,788449 -0,094824 0,495391 3,313135
-0,055624 -0,230516 3,375455 0,342475 1,258419 3,162060 -0,617430 0,602998 2,808632 -0,084445 0,493578 3,325860
-0,049988 -0,219132 3,372736 0,332035 1,286632 3,208036 -0,595294 0,839285 2,815557 -0,084443 0,500569 3,325945
-0,047596 -0,220696 3,365762 0,331350 1,295653 3,223518 -0,569347 0,952145 2,858615 -0,080879 0,505779 3,338180
-0,046137 -0,228483 3,364420 0,319666 1,295570 3,219817 -0,493858 1,212919 3,187920 -0,077069 0,504134 3,326325
-0,043629 -0,224191 3,358678 0,321552 1,300944 3,241360 -0,470352 1,269858 3,275511 -0,085157 0,510823 3,374640
-0,048188 -0,226017 3,350216 0,319036 1,308553 3,245806 -0,451147 1,286361 3,339649 -0,085157 0,510823 3,374640
