19 12
-0,015067 -0,215085 3,385989 0,320985 1,326494 3,330945 -0,454032 1,142791 3,344818 -0,004420 0,575969 3,454296
-0,021568 -0,209504 3,397331 0,315982 1,327171 3,331697 -0,463461 1,105409 3,292494 -0,012068 0,576276 3,480201
-0,020764 -0,202584 3,393646 0,311622 1,312522 3,315488 -0,523224 0,873572 2,985920 -0,008130 0,574595 3,493216
-0,029311 -0,218687 3,416531 0,304546 1,292741 3,314226 -0,502458 0,584256 2,859012 -0,000853 0,574310 3,467378
-0,026725 -0,215170 3,418262 0,306165 1,308734 3,328413 -0,512555 0,438622 2,771566 0,002839 0,572348 3,454487
-0,025330 -0,209067 3,438841 0,318315 1,308614 3,346928 -0,532616 0,196028 2,566589 0,005909 0,596070 3,467390
-0,033294 -0,193320 3,455980 0,321652 1,301209 3,347282 -0,505308 0,052986 2,436511 -0,028883 0,632723 3,558596
-0,027753 -0,190018 3,445355 0,307688 1,300213 3,347271 -0,507219 0,005110 2,391629 -0,036139 0,632941 3,559516
-0,032536 -0,191962 3,425261 0,315783 1,295975 3,351347 -0,505514 -0,046429 2,377481 -0,043178 0,627143 3,479208
-0,031363 -0,182713 3,414006 0,313566 1,292045 3,353886 -0,496437 -0,058960 2,366150 -0,043379 0,631499 3,505572
-0,032770 -0,190329 3,415298 0,316381 1,289510 3,349450 -0,497382 -0,056704 2,383794 -0,043776 0,632083 3,531756
-0,032109 -0,199418 3,428604 0,306341 1,299336 3,349158 -0,504356 -0,021437 2,372285 -0,047041 0,629294 3,492219
-0,032444 -0,174587 3,448353 0,307647 1,306151 3,341043 -0,523501 0,033458 2,412916 -0,039676 0,641997 3,546404
-0,031008 -0,206998 3,435656 0,311194 1,305304 3,338390 -0,534750 0,088126 2,428122 -0,043604 0,630034 3,587353
-0,019962 -0,207394 3,461529 0,305694 1,301772 3,338481 -0,512860 0,272197 2,604229 -0,012803 0,606461 3,533274
-0,014896 -0,213702 3,422322 0,311103 1,301609 3,346225 -0,537927 0,566067 2,723077 -0,019244 0,580230 3,505982
-0,017134 -0,220942 3,428006 0,311654 1,312103 3,335255 -0,528966 0,735065 2,835201 -0,041316 0,561145 3,427197
-0,018988 -0,211951 3,393278 0,316956 1,301603 3,340378 -0,456255 1,061441 3,280907 -0,027064 0,576245 3,479807
-0,033663 -0,204418 3,412442 0,315718 1,301196 3,338333 -0,431109 1,118742 3,378459 -0,027084 0,580578 3,532645
