20 12
-0,150289 -0,206690 3,394349 0,821517 1,107436 3,473524 -0,480058 1,014050 3,259962 -0,113204 0,551849 3,461992
-0,146542 -0,204497 3,393325 0,819629 1,096189 3,447871 -0,456208 0,936724 3,148753 -0,115392 0,542677 3,422792
-0,138740 -0,205924 3,398438 0,812144 1,100128 3,481838 -0,423505 0,709607 2,989283 -0,108988 0,539172 3,449142
-0,140176 -0,205048 3,418882 0,817070 1,115988 3,489837 -0,246092 0,375028 2,691045 -0,098121 0,555335 3,437214
-0,145534 -0,198438 3,442554 0,815608 1,106670 3,478285 -0,176692 0,261328 2,668371 -0,124043 0,578336 3,567806
-0,141391 -0,195030 3,442674 0,800402 1,087387 3,442850 -0,048955 0,106205 2,771326 -0,119672 0,614527 3,582733
-0,141989 -0,192310 3,449103 0,800628 1,115260 3,489172 0,091360 0,013507 2,483599 -0,101212 0,649517 3,484193
-0,137944 -0,209036 3,452515 0,787831 1,111809 3,460648 0,124933 -0,015079 2,465781 -0,101163 0,640595 3,454464
-0,140198 -0,238053 3,438320 0,774757 1,110450 3,441786 0,153805 -0,046956 2,452435 -0,101185 0,642165 3,484060
-0,132316 -0,246587 3,442377 0,773216 1,127910 3,447437 0,169346 -0,050009 2,417843 -0,112697 0,629515 3,496286
-0,131532 -0,244568 3,426500 0,771698 1,119008 3,440071 0,163723 -0,045358 2,438801 -0,108815 0,630803 3,482296
-0,130155 -0,225841 3,467042 0,757532 1,102194 3,382493 0,145253 -0,036640 2,414352 -0,104427 0,629169 3,471618
-0,131539 -0,221673 3,476861 0,768149 1,113263 3,407438 0,063245 0,009067 2,581248 -0,121606 0,636145 3,580365
-0,127732 -0,199907 3,451065 0,771923 1,130802 3,410335 0,004109 0,062320 2,668618 -0,131561 0,612048 3,568088
-0,124995 -0,200933 3,455255 0,772821 1,136358 3,408572 -0,101880 0,241621 2,657860 -0,082042 0,592137 3,584876
-0,119268 -0,209940 3,433734 0,757623 1,135035 3,395306 -0,308060 0,594148 2,997096 -0,099618 0,563627 3,542324
-0,119413 -0,208558 3,421125 0,773735 1,148657 3,419338 -0,405690 0,786247 3,097263 -0,097762 0,541144 3,462526
-0,122210 -0,197663 3,415743 0,745657 1,149477 3,383819 -0,468288 1,034549 3,202080 -0,116898 0,568369 3,474767
-0,130053 -0,203156 3,425074 0,741871 1,172581 3,386533 -0,498428 1,124045 3,343383 -0,120667 0,573600 3,461776
-0,136507 -0,202456 3,422091 0,737779 1,154895 3,381413 -0,488245 1,133633 3,367883 -0,117278 0,575612 3,475078
